62	650
637	1661
842	1442
1356	2137
312	872
333	1818
1220	1577
1220	1825
1220	1873
1577	1825
1577	1873
1825	1873
287	376
287	1068
287	1114
376	1068
376	1114
1068	1114
239	595
277	716
255	369
255	467
369	467
188	573
188	2030
573	2030
40	1522
1232	1533
65	917
358	1810
504	2159
894	2108
372	1419
372	1449
372	2077
1419	1449
1419	2077
1449	2077
171	195
171	1524
171	1809
195	1524
195	1809
1524	1809
1070	1285
1070	1889
1070	2162
1285	1889
1285	2162
1889	2162
454	656
454	895
656	895
1104	2029
167	1885
437	1210
1270	1770
389	850
389	1348
389	1732
850	1348
850	1732
1348	1732
702	1655
702	1766
702	1915
1655	1766
1655	1915
1766	1915
88	1868
687	908
1364	2044
1364	2138
2044	2138
170	278
170	1483
278	1483
715	1301
640	1892
293	564
770	1646
1430	1842
128	1747
407	523
767	1264
767	1692
767	2057
1264	1692
1264	2057
1692	2057
463	1559
288	1869
656	1920
1424	1442
92	99
92	231
92	1894
92	2019
99	231
99	1894
99	2019
231	1894
231	2019
1894	2019
484	811
769	1441
1011	1604
473	578
516	617
149	1109
149	1131
149	1191
149	1251
1109	1131
1109	1191
1109	1251
1131	1191
1131	1251
1191	1251
1117	2097
1117	2170
2097	2170
1653	2026
210	290
210	1468
210	1516
290	1468
290	1516
1468	1516
398	2154
65	80
643	957
643	1784
643	1866
957	1784
957	1866
1784	1866
433	1622
433	1974
1622	1974
170	318
170	665
170	1588
318	665
318	1588
665	1588
165	307
165	1708
307	1708
722	981
1682	2065
859	1469
285	1618
285	1674
285	1897
1618	1674
1618	1897
1674	1897
703	2009
933	1164
227	320
227	567
227	671
227	2033
227	2154
320	567
320	671
320	2033
320	2154
567	671
567	2033
567	2154
671	2033
671	2154
2033	2154
1590	1922
1590	2009
1922	2009
858	921
1462	1501
1946	2022
1438	1557
420	619
420	741
420	1300
619	741
619	1300
741	1300
781	792
1548	1678
237	1045
308	1083
308	1561
1083	1561
910	2174
138	1448
896	945
896	946
945	946
319	1932
1838	1928
1838	2051
1928	2051
154	547
154	816
547	816
1096	1320
638	1038
1522	1551
1522	2052
1551	2052
357	1351
446	1913
676	966
676	1231
966	1231
357	1846
956	1043
956	1140
1043	1140
1517	1894
890	980
260	1732
1180	1847
1198	1260
1198	1343
1198	2082
1260	1343
1260	2082
1343	2082
1415	1592
1415	1837
1592	1837
1500	1779
1500	1956
1779	1956
1	289
1	1239
1	1470
1	1792
289	1239
289	1470
289	1792
1239	1470
1239	1792
1470	1792
386	1408
386	1701
1408	1701
1735	1887
1735	1915
1887	1915
428	2049
296	1538
123	1820
152	176
152	1608
176	1608
119	1361
119	1904
1361	1904
596	1434
596	1790
1434	1790
1677	1999
1677	2066
1677	2171
1999	2066
1999	2171
2066	2171
450	1417
1673	1839
1673	1959
1839	1959
129	331
205	575
205	1012
205	1091
575	1012
575	1091
1012	1091
143	267
143	274
143	1595
143	1960
267	274
267	1595
267	1960
274	1595
274	1960
1595	1960
550	1694
53	93
53	127
53	1831
53	2028
93	127
93	1831
93	2028
127	1831
127	2028
1831	2028
903	2150
1260	1693
431	1392
64	631
64	714
64	972
64	1912
64	2024
631	714
631	972
631	1912
631	2024
714	972
714	1912
714	2024
972	1912
972	2024
1912	2024
1372	1897
1360	2141
30	663
128	1653
72	216
1538	1879
74	285
569	1703
91	468
1306	1627
1768	2134
723	757
425	800
425	1492
800	1492
1347	1363
709	760
709	1050
760	1050
325	573
325	613
325	735
573	613
573	735
613	735
806	922
806	1448
806	2113
806	2170
922	1448
922	2113
922	2170
1448	2113
1448	2170
2113	2170
1791	2174
1187	2119
458	595
458	666
458	707
595	666
595	707
666	707
1996	2049
1023	2013
1651	2124
442	1134
550	918
550	1292
918	1292
718	1462
1401	1620
136	182
136	1006
136	1435
182	1006
182	1435
1006	1435
519	2021
133	608
693	815
693	1012
693	1410
815	1012
815	1410
1012	1410
693	1657
693	1850
1657	1850
991	1313
106	1624
1288	2045
1386	2079
72	339
467	1508
467	2039
1508	2039
855	885
855	1598
855	1799
885	1598
885	1799
1598	1799
945	2059
1021	1843
444	1002
200	1218
200	1668
200	1791
1218	1668
1218	1791
1668	1791
316	898
241	1302
241	1938
1302	1938
284	433
284	1424
284	1547
284	2049
433	1424
433	1547
433	2049
1424	1547
1424	2049
1547	2049
1211	1749
96	1565
883	1699
113	1501
647	1396
1372	1897
336	1349
1213	1482
1213	2140
1482	2140
398	1110
325	683
325	760
325	768
325	915
325	1180
683	760
683	768
683	915
683	1180
760	768
760	915
760	1180
768	915
768	1180
915	1180
972	1380
972	1386
1380	1386
396	1567
1856	1997
693	932
83	90
83	539
83	650
83	953
83	1355
90	539
90	650
90	953
90	1355
539	650
539	953
539	1355
650	953
650	1355
953	1355
21	28
257	1104
257	1462
257	1763
1104	1462
1104	1763
1462	1763
173	2026
363	1067
363	2031
1067	2031
496	727
1617	1907
614	1853
692	724
692	1571
724	1571
204	1955
216	277
88	368
88	714
88	1118
88	2007
368	714
368	1118
368	2007
714	1118
714	2007
1118	2007
40	217
40	823
40	1321
40	1642
217	823
217	1321
217	1642
823	1321
823	1642
1321	1642
1209	1502
1138	1197
2015	2065
2015	2132
2065	2132
539	1401
257	1424
686	771
686	1364
686	1708
686	1749
686	1777
771	1364
771	1708
771	1749
771	1777
1364	1708
1364	1749
1364	1777
1708	1749
1708	1777
1749	1777
40	563
40	1861
563	1861
1106	1126
1106	1155
1126	1155
796	833
225	275
1759	2141
644	680
644	1035
644	1277
680	1035
680	1277
1035	1277
495	1476
224	287
224	1483
224	1874
287	1483
287	1874
1483	1874
352	1750
112	1400
98	595
98	1410
98	1589
595	1410
595	1589
1410	1589
292	1414
788	872
788	2085
872	2085
314	470
49	414
442	1145
1175	1612
1175	1867
1175	1931
1612	1867
1612	1931
1867	1931
598	901
598	1580
598	1837
901	1580
901	1837
1580	1837
1652	1911
301	511
29	473
29	733
473	733
615	702
615	1655
702	1655
156	1120
156	1258
1120	1258
354	1705
1372	1897
1155	1327
1348	1495
40	1349
409	1056
409	1356
1056	1356
914	1188
230	784
230	1122
230	1662
784	1122
784	1662
1122	1662
81	472
1	1933
110	1395
110	1502
1395	1502
115	238
115	487
238	487
1314	1331
2076	2175
1685	1917
439	449
439	740
439	1305
449	740
449	1305
740	1305
355	778
137	397
137	1278
397	1278
491	936
1214	1647
1329	1619
485	870
485	2159
870	2159
1602	1625
665	2160
46	54
1025	1471
1424	1437
168	2158
85	851
85	1586
851	1586
221	301
221	387
301	387
1063	1198
1063	1894
1198	1894
690	965
690	1071
690	1171
965	1071
965	1171
1071	1171
613	1150
9	1816
111	1405
1097	1946
187	1054
187	1119
187	1144
187	1405
187	1916
1054	1119
1054	1144
1054	1405
1054	1916
1119	1144
1119	1405
1119	1916
1144	1405
1144	1916
1405	1916
1100	2112
1200	1714
926	972
695	1785
695	1829
695	1949
695	2112
1785	1829
1785	1949
1785	2112
1829	1949
1829	2112
1949	2112
950	1839
412	831
1611	1675
358	1146
179	364
888	1333
673	1450
673	1551
673	1727
673	1806
1450	1551
1450	1727
1450	1806
1551	1727
1551	1806
1727	1806
1541	1979
1518	1719
865	1095
865	1647
865	1786
1095	1647
1095	1786
1647	1786
1376	1452
1376	2075
1452	2075
367	2036
23	43
23	802
43	802
31	1614
1100	1394
294	640
294	1892
640	1892
313	1123
313	1634
1123	1634
1896	2137
440	634
1870	2150
464	526
514	581
514	772
581	772
402	666
865	1795
865	1864
865	1952
1795	1864
1795	1952
1864	1952
8	31
1421	1461
1404	1826
934	1541
421	1372
421	1539
421	1637
421	1750
1372	1539
1372	1637
1372	1750
1539	1637
1539	1750
1637	1750
1128	1650
1358	1423
1918	2077
1360	1771
680	1267
261	317
585	712
501	1173
2050	2121
375	482
1346	2076
1019	1029
1062	1104
470	722
610	890
610	1757
890	1757
178	1005
170	376
522	554
522	610
554	610
329	443
329	1904
329	2133
443	1904
443	2133
1904	2133
667	681
667	1224
681	1224
5	18
5	253
5	1086
18	253
18	1086
253	1086
80	600
80	1888
600	1888
628	1443
609	1856
1074	2085
1338	1415
1338	1575
1415	1575
869	969
869	1383
869	1553
969	1383
969	1553
1383	1553
187	328
187	336
187	711
187	875
328	336
328	711
328	875
336	711
336	875
711	875
26	46
289	2152
245	364
245	410
245	771
364	410
364	771
410	771
146	1898
632	1924
249	959
249	1241
959	1241
579	597
412	1479
412	1987
412	2084
412	2099
1479	1987
1479	2084
1479	2099
1987	2084
1987	2099
2084	2099
664	960
664	1233
960	1233
1026	1818
1602	1625
232	835
232	1105
835	1105
1345	1421
52	731
52	1658
52	1695
731	1658
731	1695
1658	1695
467	745
1264	1816
1021	1124
225	1617
1950	2012
233	435
141	767
457	494
55	350
373	797
373	1129
373	1719
797	1129
797	1719
1129	1719
1007	1957
268	282
268	1332
268	1464
282	1332
282	1464
1332	1464
638	788
638	2112
788	2112
1539	1812
1539	1824
1812	1824
93	1459
157	266
157	1927
157	1936
266	1927
266	1936
1927	1936
777	1927
520	1290
520	2052
1290	2052
483	1496
603	806
307	1715
1052	1998
513	1913
1091	1750
1091	1901
1750	1901
71	87
71	1417
87	1417
1	1005
1	1771
1005	1771
1354	1369
1412	1966
1626	1702
218	2041
565	742
762	1495
762	1765
1495	1765
754	1219
72	1336
247	372
294	1173
1223	1712
189	699
189	728
189	924
189	1006
699	728
699	924
699	1006
728	924
728	1006
924	1006
1291	1516
932	2173
734	1476
25	1712
1505	2158
951	1053
407	1128
407	1527
1128	1527
1491	1525
1783	1823
186	442
454	686
187	1405
497	900
424	1762
1033	1329
739	789
133	1189
631	1225
624	1573
691	942
731	745
322	1398
598	1214
598	1335
1214	1335
740	1795
371	404
509	1501
588	741
588	940
741	940
507	1590
1430	1785
1700	2082
305	1921
435	1700
435	1924
1700	1924
407	523
624	888
624	1630
624	2001
888	1630
888	2001
1630	2001
462	1550
2051	2120
475	862
1	2
1203	1244
630	854
45	345
45	960
45	969
345	960
345	969
960	969
302	458
1364	2044
1364	2149
2044	2149
1181	1955
219	1399
219	1562
219	2046
219	2160
1399	1562
1399	2046
1399	2160
1562	2046
1562	2160
2046	2160
217	1285
1447	1659
1447	1857
1659	1857
644	884
644	1371
644	1537
884	1371
884	1537
1371	1537
388	1438
388	2074
1438	2074
321	472
321	1620
321	1980
321	2130
472	1620
472	1980
472	2130
1620	1980
1620	2130
1980	2130
787	804
787	1310
804	1310
1812	1964
1025	1201
261	1613
607	616
365	1347
365	1353
365	1613
1347	1353
1347	1613
1353	1613
28	1570
719	1017
1158	1797
248	481
248	1990
481	1990
22	56
22	411
56	411
74	571
74	1540
571	1540
144	354
144	649
144	1359
144	1968
354	649
354	1359
354	1968
649	1359
649	1968
1359	1968
127	1947
107	388
1398	1486
1398	1875
1486	1875
417	839
1470	1626
294	374
294	1892
374	1892
924	1006
454	1167
1104	1117
1104	1169
1104	1554
1104	1711
1104	1925
1117	1169
1117	1554
1117	1711
1117	1925
1169	1554
1169	1711
1169	1925
1554	1711
1554	1925
1711	1925
1658	1951
1275	1716
1275	2023
1716	2023
1386	1699
642	1187
1350	2056
383	1742
1192	2043
627	700
627	731
700	731
130	1721
1660	2063
820	1405
1962	2104
56	1377
416	878
611	988
655	1291
1004	2072
387	1941
1173	2085
682	1787
1415	1696
1415	1802
1415	1829
1696	1802
1696	1829
1802	1829
501	527
501	1225
527	1225
116	946
308	342
308	1534
342	1534
132	349
132	625
132	719
132	1504
349	625
349	719
349	1504
625	719
625	1504
719	1504
536	611
536	1926
611	1926
1801	1829
1360	2161
528	1027
528	2014
1027	2014
426	2021
1653	2026
94	367
175	246
193	1456
14	804
14	952
804	952
689	1418
689	1606
1418	1606
276	790
276	1732
276	2148
790	1732
790	2148
1732	2148
194	1156
194	1605
194	1917
1156	1605
1156	1917
1605	1917
1645	1833
2072	2129
2064	2160
1332	1540
97	308
287	1736
1556	1623
524	1445
443	557
328	628
328	1677
328	1839
628	1677
628	1839
1677	1839
251	1349
251	1861
251	2075
251	2104
1349	1861
1349	2075
1349	2104
1861	2075
1861	2104
2075	2104
1381	1490
108	1910
482	1619
482	1754
1619	1754
1564	2098
273	1763
283	1470
206	1169
206	1592
1169	1592
160	254
1864	1966
250	1055
258	2010
12	18
12	437
12	651
12	1167
18	437
18	651
18	1167
437	651
437	1167
651	1167
394	1154
1670	2154
1016	1081
1016	1296
1016	1334
1081	1296
1081	1334
1296	1334
1531	1766
47	1463
378	829
378	950
378	1337
829	950
829	1337
950	1337
741	880
1042	1309
1372	1897
34	916
509	748
509	1565
748	1565
1621	1937
790	1808
725	786
725	1964
786	1964
1350	2064
1030	1048
1531	1887
251	1706
251	2023
1706	2023
579	975
579	1173
975	1173
550	1138
227	567
227	671
227	1831
227	1862
567	671
567	1831
567	1862
671	1831
671	1862
1831	1862
51	1998
203	1195
82	1191
195	751
1280	2144
519	909
519	1493
519	1607
909	1493
909	1607
1493	1607
1044	1356
1044	1707
1044	1713
1356	1707
1356	1713
1707	1713
2027	2167
150	1879
122	420
122	754
420	754
672	1069
672	1633
672	1883
1069	1633
1069	1883
1633	1883
129	591
685	1440
215	1597
215	1873
1597	1873
1356	2137
490	1321
1438	2049
169	370
169	1310
169	1981
370	1310
370	1981
1310	1981
1237	2064
310	808
387	1504
542	634
325	967
325	1976
967	1976
74	1982
663	761
663	1266
663	1330
761	1266
761	1330
1266	1330
489	650
489	1346
650	1346
95	245
95	309
95	393
95	1011
245	309
245	393
245	1011
309	393
309	1011
393	1011
416	1376
416	1738
1376	1738
1349	1482
1349	1942
1482	1942
2089	2144
296	1893
1414	1460
305	415
72	428
72	1846
72	2155
428	1846
428	2155
1846	2155
1226	1271
640	1611
222	1745
572	1279
572	1290
1279	1290
707	1227
1137	1390
1137	1779
1137	1899
1390	1779
1390	1899
1779	1899
1648	1795
1648	1813
1648	1966
1795	1813
1795	1966
1813	1966
11	19
11	58
11	641
11	2073
19	58
19	641
19	2073
58	641
58	2073
641	2073
76	264
76	752
76	1431
76	1598
264	752
264	1431
264	1598
752	1431
752	1598
1431	1598
467	778
467	1508
778	1508
277	488
277	2018
488	2018
842	2039
936	1422
936	1944
1422	1944
51	1440
22	45
22	56
45	56
694	830
1125	1960
744	1274
1441	1702
1441	1791
1702	1791
201	298
201	361
201	1563
201	1867
298	361
298	1563
298	1867
361	1563
361	1867
1563	1867
1468	1917
13	362
549	1098
1263	1421
155	1613
155	2048
1613	2048
139	1228
219	1538
219	1545
1538	1545
606	684
606	1042
684	1042
140	415
273	1763
777	1794
777	1876
1794	1876
737	1016
1822	2091
637	2135
315	1243
455	1168
556	616
984	990
367	839
1081	1284
1353	1740
937	1744
150	711
15	32
648	665
158	274
158	1776
274	1776
881	1607
154	495
154	514
154	1323
495	514
495	1323
514	1323
70	131
70	1593
131	1593
90	427
574	889
574	1258
574	1837
574	2100
889	1258
889	1837
889	2100
1258	1837
1258	2100
1837	2100
354	1838
688	1089
858	1295
858	1682
858	1733
1295	1682
1295	1733
1682	1733
592	993
1923	2001
1145	1953
1226	1681
260	446
260	577
446	577
160	202
160	254
160	1385
160	1698
202	254
202	1385
202	1698
254	1385
254	1698
1385	1698
171	198
850	1059
850	1176
850	2058
1059	1176
1059	2058
1176	2058
1679	1740
259	290
259	481
259	729
290	481
290	729
481	729
1575	1964
416	1429
416	1598
416	1738
1429	1598
1429	1738
1598	1738
965	1039
928	1061
928	1260
928	1707
928	1713
928	1954
1061	1260
1061	1707
1061	1713
1061	1954
1260	1707
1260	1713
1260	1954
1707	1713
1707	1954
1713	1954
1485	1891
17	1890
1262	2149
369	778
32	1437
2013	2137
421	1609
421	1773
1609	1773
264	1600
293	906
1255	2147
920	1196
920	1256
1196	1256
14	27
14	1622
27	1622
1429	1641
893	1234
1184	1434
1184	1550
1434	1550
1193	1585
464	526
1404	1930
482	699
1009	1800
1009	1810
1009	1966
1009	1970
1800	1810
1800	1966
1800	1970
1810	1966
1810	1970
1966	1970
466	838
466	1691
838	1691
173	253
18	537
18	559
537	559
471	648
205	342
205	385
205	575
205	1340
342	385
342	575
342	1340
385	575
385	1340
575	1340
146	246
146	274
146	1831
146	2154
246	274
246	1831
246	2154
274	1831
274	2154
1831	2154
1101	1203
1101	1779
1203	1779
1539	1750
231	1882
520	1618
321	604
258	2010
1084	1216
1013	1524
1013	1777
1524	1777
184	328
184	1725
184	1995
184	2155
328	1725
328	1995
328	2155
1725	1995
1725	2155
1995	2155
262	280
262	1137
262	1998
280	1137
280	1998
1137	1998
1269	1546
607	716
1152	1805
451	839
451	1652
451	1785
451	1954
839	1652
839	1785
839	1954
1652	1785
1652	1954
1785	1954
843	844
587	653
904	1253
134	408
134	535
134	1523
134	2011
408	535
408	1523
408	2011
535	1523
535	2011
1523	2011
540	1477
492	1509
492	1610
1509	1610
370	689
370	755
689	755
1742	1836
433	793
433	1671
433	2083
793	1671
793	2083
1671	2083
1127	1763
826	1801
583	741
110	1502
503	1466
503	1493
1466	1493
819	940
819	1318
819	1925
940	1318
940	1925
1318	1925
966	1378
1526	1548
1526	2030
1548	2030
294	374
294	640
374	640
588	762
588	866
762	866
1814	1849
1814	1949
1814	1952
1849	1949
1849	1952
1949	1952
763	1540
204	470
204	780
470	780
603	806
486	533
486	1761
533	1761
35	597
510	645
756	2037
626	724
1732	1906
1730	2053
1346	2120
1402	1590
283	600
283	999
283	1248
283	1536
283	2164
600	999
600	1248
600	1536
600	2164
999	1248
999	1536
999	2164
1248	1536
1248	2164
1536	2164
413	432
413	623
413	1601
413	1684
432	623
432	1601
432	1684
623	1601
623	1684
1601	1684
87	1372
214	406
214	1558
214	1753
406	1558
406	1753
1558	1753
331	925
2005	2018
1478	1755
645	755
645	766
755	766
258	584
1355	1512
355	1346
445	457
445	1452
445	1784
445	1900
457	1452
457	1784
457	1900
1452	1784
1452	1900
1784	1900
1078	1110
340	493
340	1873
493	1873
311	2126
1373	1442
452	746
1966	2012
1390	1975
1390	2003
1975	2003
178	1138
178	1679
1138	1679
783	964
5	24
380	549
380	1635
549	1635
216	765
216	1090
216	1767
765	1090
765	1767
1090	1767
1102	1288
1102	1374
1288	1374
10	20
10	26
20	26
195	440
398	506
398	1777
506	1777
754	1897
251	334
207	540
1517	1894
1517	2158
1894	2158
867	1669
81	493
81	1872
493	1872
1522	1724
743	873
588	602
588	866
588	979
588	2047
602	866
602	979
602	2047
866	979
866	2047
979	2047
863	1621
60	326
273	1731
22	56
1342	2114
875	1585
1372	1897
1064	1094
459	1602
1055	2115
258	1584
51	128
834	1107
834	1605
1107	1605
362	2168
86	681
37	597
107	807
1182	1351
1182	1785
1182	1896
1182	1956
1182	1967
1351	1785
1351	1896
1351	1956
1351	1967
1785	1896
1785	1956
1785	1967
1896	1956
1896	1967
1956	1967
151	1711
502	1604
707	841
1862	1992
148	441
620	1083
337	1142
66	297
2017	2021
569	1576
125	919
125	1266
919	1266
1029	1844
608	622
608	715
622	715
575	1441
1695	1996
1695	2175
1996	2175
408	749
69	511
69	2097
511	2097
1057	1373
1057	1488
1373	1488
48	129
48	1339
48	1844
129	1339
129	1844
1339	1844
793	1040
1612	2053
112	1400
867	1374
867	1381
867	1497
867	1780
1374	1381
1374	1497
1374	1780
1381	1497
1381	1780
1497	1780
2153	2161
338	478
506	1303
623	1202
623	1258
623	1350
1202	1258
1202	1350
1258	1350
171	226
171	281
171	350
226	281
226	350
281	350
920	984
114	348
114	1197
114	1229
348	1197
348	1229
1197	1229
1465	2078
1465	2125
2078	2125
78	252
78	649
252	649
464	810
343	1384
1704	1962
1593	2006
476	978
476	1496
476	1544
978	1496
978	1544
1496	1544
1795	1813
1795	1817
1795	1891
1795	1946
1813	1817
1813	1891
1813	1946
1817	1891
1817	1946
1891	1946
1206	1233
669	1159
669	1701
669	1926
1159	1701
1159	1926
1701	1926
829	1999
916	1885
69	394
69	530
394	530
72	834
368	581
696	963
162	1379
718	2013
430	439
430	448
430	1457
439	448
439	1457
448	1457
1671	2172
986	1360
986	2077
1360	2077
618	638
618	1681
618	1757
618	2032
638	1681
638	1757
638	2032
1681	1757
1681	2032
1757	2032
100	176
973	1185
2080	2089
405	1436
163	359
1063	1716
478	1579
478	1656
1579	1656
1730	1870
89	313
89	710
89	1218
89	1589
313	710
313	1218
313	1589
710	1218
710	1589
1218	1589
107	119
228	1636
99	1666
775	1794
775	1864
775	1976
1794	1864
1794	1976
1864	1976
89	234
89	373
234	373
1037	1212
1037	2093
1212	2093
258	2010
17	470
17	1168
17	1717
17	1880
470	1168
470	1717
470	1880
1168	1717
1168	1880
1717	1880
633	1426
633	1756
1426	1756
543	635
225	1691
115	1514
427	1257
427	1452
427	1828
1257	1452
1257	1828
1452	1828
315	393
340	1520
340	1639
340	1889
1520	1639
1520	1889
1639	1889
52	354
35	2138
1147	1168
1147	1884
1168	1884
1418	1736
334	1619
1995	2158
139	1363
139	1439
1363	1439
423	1568
1732	1976
1434	1643
1434	1793
1643	1793
780	903
780	1173
780	1842
903	1173
903	1842
1173	1842
538	1586
538	1899
1586	1899
1738	1940
1372	1429
1372	1663
1429	1663
169	1573
1049	1346
1497	2050
589	1075
589	1335
1075	1335
713	724
511	1641
511	1755
511	2123
1641	1755
1641	2123
1755	2123
1667	1874
2022	2159
115	238
115	845
115	1634
115	2011
238	845
238	1634
238	2011
845	1634
845	2011
1634	2011
431	474
880	1276
795	874
1307	2004
84	189
84	334
84	924
84	1706
189	334
189	924
189	1706
334	924
334	1706
924	1706
418	736
418	1097
736	1097
42	1062
17	649
10	59
10	1022
59	1022
1178	1201
1178	2042
1201	2042
557	586
557	1226
557	1664
586	1226
586	1664
1226	1664
1179	1284
11	1740
238	1466
1377	2030
123	1010
1551	1820
720	983
720	1457
983	1457
114	1589
33	1775
115	2088
952	1086
777	871
777	1370
871	1370
1688	1950
280	558
352	1414
766	1678
600	1532
528	1217
215	340
215	1639
340	1639
268	308
268	606
308	606
1184	1751
247	273
247	752
247	1738
273	752
273	1738
752	1738
435	634
1026	1125
90	427
90	1381
427	1381
453	623
1356	2137
57	814
1128	1303
3	1674
640	1892
509	526
509	2075
509	2109
526	2075
526	2109
2075	2109
94	1140
161	1397
161	1506
1397	1506
693	827
198	1524
1115	1947
167	1052
518	1778
518	1905
1778	1905
1250	1392
1250	1650
1250	1710
1392	1650
1392	1710
1650	1710
77	113
50	608
50	715
50	958
608	715
608	958
715	958
143	1157
126	160
566	765
501	1225
1175	1417
557	1681
313	803
313	938
313	1634
803	938
803	1634
938	1634
1530	1760
1654	1746
56	804
700	1324
966	1478
987	1725
18	53
177	1444
734	1481
734	1499
734	2000
1481	1499
1481	2000
1499	2000
16	2073
427	1381
738	1181
1306	2084
212	625
212	1190
212	1552
212	2118
625	1190
625	1552
625	2118
1190	1552
1190	2118
1552	2118
852	1131
852	1833
1131	1833
778	1653
695	783
695	1513
695	1666
783	1513
783	1666
1513	1666
166	672
166	1443
166	1748
672	1443
672	1748
1443	1748
145	646
469	517
469	658
469	834
469	1569
517	658
517	834
517	1569
658	834
658	1569
834	1569
1668	1997
356	484
1493	1574
53	1732
302	1412
356	484
383	2046
1298	1765
834	1837
834	2128
1837	2128
715	1089
299	338
253	1144
46	59
1004	1523
1040	1829
592	993
592	1253
592	1618
993	1253
993	1618
1253	1618
303	671
303	2010
671	2010
654	674
654	1078
654	2035
674	1078
674	2035
1078	2035
815	880
162	353
1786	1795
1430	1842
382	753
382	1317
382	1530
753	1317
753	1530
1317	1530
818	1163
106	1060
267	1375
267	2001
267	2064
267	2142
1375	2001
1375	2064
1375	2142
2001	2064
2001	2142
2064	2142
617	1527
617	1593
617	1606
617	1735
617	1737
1527	1593
1527	1606
1527	1735
1527	1737
1593	1606
1593	1735
1593	1737
1606	1735
1606	1737
1735	1737
1704	1760
634	1226
634	1347
634	2038
1226	1347
1226	2038
1347	2038
390	1439
390	1534
390	2040
1439	1534
1439	2040
1534	2040
568	1693
536	1672
1258	2105
82	964
69	324
2067	2126
496	882
496	1882
496	2165
882	1882
882	2165
1882	2165
1435	1500
1435	1943
1500	1943
1307	1311
189	853
189	1456
853	1456
169	1473
1357	1661
1357	1921
1661	1921
343	1092
395	446
395	1278
395	1350
446	1278
446	1350
1278	1350
1184	1430
1184	1991
1184	2172
1430	1991
1430	2172
1991	2172
662	1020
382	1502
712	1041
1066	2083
677	777
677	1267
677	1370
777	1267
777	1370
1267	1370
680	1040
295	661
295	860
295	1581
295	1622
661	860
661	1581
661	1622
860	1581
860	1622
1581	1622
1599	1919
1407	1495
1214	1409
1214	2026
1409	2026
1356	2137
525	892
525	1362
525	1774
525	1859
892	1362
892	1774
892	1859
1362	1774
1362	1859
1774	1859
799	841
799	1249
799	1339
841	1249
841	1339
1249	1339
81	165
81	307
81	1282
165	307
165	1282
307	1282
1405	1936
191	1406
191	1902
191	2145
1406	1902
1406	2145
1902	2145
800	1403
800	1718
1403	1718
370	1379
126	1990
209	782
256	1503
209	782
1263	1555
999	1907
57	1653
271	1453
660	1495
660	1688
1495	1688
644	1168
346	528
21	1536
21	1809
1536	1809
1026	1123
103	199
1840	1992
1149	1186
626	1726
626	2001
1726	2001
787	1062
2114	2156
227	2033
1388	1750
785	803
785	830
803	830
361	726
1445	2011
822	1093
274	1477
666	1583
1084	1448
483	515
1451	1980
1097	1203
307	944
307	1237
307	1328
944	1237
944	1328
1237	1328
302	440
477	919
184	354
184	1969
354	1969
909	910
909	953
910	953
958	1827
355	778
919	1167
805	1453
192	1873
531	848
227	1910
183	2151
1418	1572
1418	1736
1572	1736
1124	1741
872	1212
927	1263
927	1402
1263	1402
987	1957
677	764
427	1204
798	913
798	1554
913	1554
72	216
431	1751
213	1941
508	2011
156	1688
330	709
330	1050
330	1058
709	1050
709	1058
1050	1058
1449	2010
189	791
189	1649
791	1649
397	539
397	934
397	2094
539	934
539	2094
934	2094
962	1043
422	1362
75	281
75	754
75	1426
75	2005
281	754
281	1426
281	2005
754	1426
754	2005
1426	2005
613	1047
613	1150
613	1240
613	1860
1047	1150
1047	1240
1047	1860
1150	1240
1150	1860
1240	1860
40	281
40	1377
281	1377
717	732
717	1030
732	1030
1647	1860
23	38
23	43
23	802
38	43
38	802
43	802
1653	2026
752	875
752	1033
752	1211
875	1033
875	1211
1033	1211
524	1484
78	319
214	268
556	652
556	884
556	1468
556	1720
652	884
652	1468
652	1720
884	1468
884	1720
1468	1720
1485	1552
448	1192
613	1839
363	809
363	977
363	1765
809	977
809	1765
977	1765
467	1334
677	1095
677	1283
677	1955
1095	1283
1095	1955
1283	1955
229	1395
229	1640
1395	1640
452	1430
452	1730
452	2150
1430	1730
1430	2150
1730	2150
587	653
1415	1891
516	1591
980	1286
1819	1899
109	541
109	1436
109	1594
109	1908
541	1436
541	1594
541	1908
1436	1594
1436	1908
1594	1908
271	483
1395	1615
671	2079
1428	1556
1428	2036
1556	2036
1517	1570
893	1629
1814	1836
1814	2137
1836	2137
348	624
235	1391
235	1769
1391	1769
1660	2019
1076	1640
1364	2044
202	254
202	1209
254	1209
1952	1956
1013	1489
1013	1676
1013	1918
1489	1676
1489	1918
1676	1918
559	1011
487	1721
116	503
122	203
122	1160
203	1160
400	1397
400	1582
1397	1582
542	623
542	935
542	1214
542	1804
623	935
623	1214
623	1804
935	1214
935	1804
1214	1804
41	56
41	59
41	836
41	1571
56	59
56	836
56	1571
59	836
59	1571
836	1571
730	2118
736	2029
557	1226
557	1382
1226	1382
140	1667
33	1364
1845	2056
477	696
477	1084
696	1084
292	637
292	854
292	1362
292	1934
637	854
637	1362
637	1934
854	1362
854	1934
1362	1934
3	1167
618	638
618	1038
618	2032
638	1038
638	2032
1038	2032
542	623
542	895
542	994
623	895
623	994
895	994
73	208
73	1313
73	1656
73	1779
73	1812
73	1956
73	2086
208	1313
208	1656
208	1779
208	1812
208	1956
208	2086
1313	1656
1313	1779
1313	1812
1313	1956
1313	2086
1656	1779
1656	1812
1656	1956
1656	2086
1779	1812
1779	1956
1779	2086
1812	1956
1812	2086
1956	2086
602	739
602	1446
739	1446
25	48
25	620
25	651
25	948
48	620
48	651
48	948
620	651
620	948
651	948
366	1365
366	2061
1365	2061
842	1312
124	535
77	104
77	271
104	271
411	679
91	939
122	974
1788	1822
887	1289
1630	1822
80	96
80	245
80	1196
96	245
96	1196
245	1196
600	1877
121	1853
274	1125
897	998
93	102
93	1563
102	1563
101	309
101	1656
309	1656
1072	1524
223	1165
138	1845
1398	2034
33	1381
2094	2095
484	549
499	513
499	576
499	1886
513	576
513	1886
576	1886
1352	1972
5	39
1981	2120
167	1764
612	1403
612	2006
1403	2006
316	895
572	659
572	1361
572	1648
659	1361
659	1648
1361	1648
758	1223
653	1395
199	1082
567	2006
89	234
744	1511
1356	1364
1542	1854
11	15
11	477
11	1108
15	477
15	1108
477	1108
824	1986
1660	2019
966	1196
434	1873
516	1402
601	822
601	1023
822	1023
21	35
21	1354
21	2138
35	1354
35	2138
1354	2138
327	1689
52	1480
52	2145
1480	2145
458	1075
458	1115
458	1210
458	1242
1075	1115
1075	1210
1075	1242
1115	1210
1115	1242
1210	1242
1026	1260
23	1132
284	388
284	2127
388	2127
1455	1818
1455	2127
1455	2135
1818	2127
1818	2135
2127	2135
868	1941
460	1246
1875	2002
288	1523
1638	1909
38	331
468	1295
527	1365
527	1863
1365	1863
274	1341
274	2142
1341	2142
596	1526
465	1721
58	971
1620	1706
276	716
68	1626
457	943
1807	1964
184	872
184	1489
872	1489
1072	1304
267	380
1571	1841
1449	2096
1449	2109
2096	2109
273	1354
968	1514
968	1775
1514	1775
1081	1487
341	1827
346	1957
1208	2169
304	761
304	1403
304	1527
304	1593
761	1403
761	1527
761	1593
1403	1527
1403	1593
1527	1593
635	1415
635	1801
635	1964
1415	1801
1415	1964
1801	1964
1846	1945
150	1413
128	262
1480	2064
1029	1987
74	327
74	1351
327	1351
1245	1375
1143	1814
274	1907
1194	1202
1194	1739
1202	1739
340	1697
340	1853
1697	1853
1590	2088
1958	1985
61	651
446	1913
421	1712
175	1869
234	430
234	757
430	757
965	1731
664	711
664	1858
711	1858
118	1041
118	1381
118	1489
1041	1381
1041	1489
1381	1489
955	1077
955	1495
955	1913
1077	1495
1077	1913
1495	1913
377	1651
853	881
230	1900
1156	1731
1156	1932
1731	1932
95	370
961	1355
656	1739
424	1366
424	1407
1366	1407
324	969
324	1308
324	1501
324	2023
969	1308
969	1501
969	2023
1308	1501
1308	2023
1501	2023
258	593
118	129
118	238
129	238
3	392
164	405
164	1419
164	1979
405	1419
405	1979
1419	1979
878	1281
878	2173
1281	2173
93	735
93	754
93	1732
93	2070
735	754
735	1732
735	2070
754	1732
754	2070
1732	2070
249	2001
383	1943
1472	1830
1472	2008
1830	2008
442	1617
372	534
384	776
384	1458
384	2050
776	1458
776	2050
1458	2050
416	1641
416	2046
416	2115
1641	2046
1641	2115
2046	2115
335	1049
335	2016
1049	2016
1681	1904
144	383
144	1357
383	1357
95	2161
1349	2161
465	1721
336	1349
336	1453
1349	1453
285	590
285	1116
285	1637
590	1116
590	1637
1116	1637
599	894
599	1195
599	1231
894	1195
894	1231
1195	1231
5	622
5	783
5	942
622	783
622	942
783	942
201	391
201	582
201	1563
201	1746
391	582
391	1563
391	1746
582	1563
582	1746
1563	1746
1035	2106
229	1395
497	517
1607	1638
1607	1821
1638	1821
436	553
47	300
1801	1953
792	946
507	879
742	911
742	1221
742	1730
742	2024
742	2103
911	1221
911	1730
911	2024
911	2103
1221	1730
1221	2024
1221	2103
1730	2024
1730	2103
2024	2103
40	309
40	1353
40	2017
309	1353
309	2017
1353	2017
269	882
1399	2062
285	956
954	1560
144	2135
1053	1690
78	1611
701	1376
173	979
173	1296
173	2047
979	1296
979	2047
1296	2047
685	999
857	2107
346	1957
575	1536
73	908
404	1078
76	1515
76	1890
1515	1890
127	226
127	1935
226	1935
1060	1204
270	1788
23	43
1784	1866
342	1410
265	628
265	2110
628	2110
1006	1566
1431	1633
1431	1644
1633	1644
398	2120
252	1983
219	315
219	1570
315	1570
433	1205
546	1287
334	937
343	507
343	1348
343	1648
343	1656
507	1348
507	1648
507	1656
1348	1648
1348	1656
1648	1656
318	381
318	1367
318	1677
381	1367
381	1677
1367	1677
1817	1829
39	54
220	1943
591	1410
932	1497
225	241
225	300
241	300
216	1361
216	1945
1361	1945
75	277
1788	1822
185	399
185	683
185	705
185	2026
399	683
399	705
399	2026
683	705
683	2026
705	2026
322	1398
211	273
211	403
273	403
417	2055
1412	1704
798	1433
778	1087
717	1480
1101	1273
1053	1238
1053	1436
1238	1436
159	562
159	925
562	925
993	1253
443	969
253	1413
131	1238
859	2098
1121	1372
1121	1576
1121	1609
1121	1674
1372	1576
1372	1609
1372	1674
1576	1609
1576	1674
1609	1674
107	925
107	1881
925	1881
221	1440
221	1742
1440	1742
588	935
588	955
588	1240
588	1594
935	955
935	1240
935	1594
955	1240
955	1594
1240	1594
336	665
336	1367
336	1916
665	1367
665	1916
1367	1916
419	1174
419	1216
1174	1216
684	1702
396	778
360	951
360	1100
360	1500
360	1757
951	1100
951	1500
951	1757
1100	1500
1100	1757
1500	1757
1660	2019
1662	2106
232	488
232	1645
232	2087
488	1645
488	2087
1645	2087
801	984
1772	1845
538	1351
538	1485
538	1575
1351	1485
1351	1575
1485	1575
190	323
190	1616
323	1616
1447	1619
1341	1562
818	1270
156	1688
1787	1818
4	20
1180	1811
1180	1817
1811	1817
1189	2037
2128	2135
773	1156
150	805
1500	2018
992	1244
992	1984
1244	1984
624	1692
624	1935
1692	1935
860	1976
133	299
133	459
133	1528
299	459
299	1528
459	1528
413	471
413	1684
413	2068
471	1684
471	2068
1684	2068
477	715
477	949
715	949
1596	2043
542	777
542	1370
777	1370
1205	1453
1471	2139
248	1021
248	1151
248	1270
1021	1151
1021	1270
1151	1270
904	1852
73	1111
73	2115
1111	2115
490	1672
576	2072
594	731
594	750
594	1085
731	750
731	1085
750	1085
342	401
1672	1701
1672	1938
1701	1938
370	1379
335	1340
335	2109
1340	2109
1727	1962
85	118
545	1268
545	1681
1268	1681
251	1501
657	1441
1752	1759
25	2019
1031	1273
1087	1536
1000	1729
198	226
198	350
226	350
371	1046
371	1942
1046	1942
278	1003
243	1177
210	1713
260	1141
259	290
259	481
290	481
668	700
537	1047
350	566
350	1608
566	1608
1402	1403
1402	1606
1403	1606
537	1647
112	1400
112	1931
112	2013
1400	1931
1400	2013
1931	2013
490	1264
1931	2045
444	1347
444	1623
444	1762
1347	1623
1347	1762
1623	1762
841	1012
841	1033
841	1162
1012	1033
1012	1162
1033	1162
186	256
1048	1934
181	490
181	659
181	1198
490	659
490	1198
659	1198
1474	1716
1474	1953
1716	1953
1322	1781
982	1207
1889	2161
1465	1633
1521	1645
1281	2085
1281	2166
2085	2166
638	1743
1344	1575
1344	1956
1344	1970
1344	1972
1575	1956
1575	1970
1575	1972
1956	1970
1956	1972
1970	1972
532	1079
119	216
119	1657
119	1945
216	1657
216	1945
1657	1945
13	2142
402	749
1217	1330
675	774
688	1394
1432	1979
906	932
906	1715
932	1715
773	1241
773	1680
1241	1680
468	772
468	1621
468	2053
468	2120
772	1621
772	2053
772	2120
1621	2053
1621	2120
2053	2120
16	1252
1152	1842
1152	2054
1842	2054
479	1113
2060	2149
1051	2157
765	1058
112	1383
112	1400
112	1793
1383	1400
1383	1793
1400	1793
431	1391
404	1680
600	1012
600	1647
600	2139
1012	1647
1012	2139
1647	2139
1207	1411
411	679
310	818
1351	1389
1348	1608
1700	2069
102	601
102	938
102	1319
601	938
601	1319
938	1319
386	599
386	1080
386	2004
599	1080
599	2004
1080	2004
1323	1709
626	751
248	1196
248	1443
1196	1443
132	1353
132	1529
132	1996
1353	1529
1353	1996
1529	1996
380	429
380	963
380	975
380	1218
429	963
429	975
429	1218
963	975
963	1218
975	1218
1154	1159
902	1911
184	2155
272	1675
1672	1926
1420	1824
677	1255
704	1842
489	709
573	1769
258	1632
259	290
259	481
259	878
290	481
290	878
481	878
613	1659
1823	1857
728	1230
728	2133
1230	2133
632	936
632	998
632	1628
936	998
936	1628
998	1628
178	823
46	1120
359	1361
1260	1798
808	864
808	935
808	1471
864	935
864	1471
935	1471
242	726
1172	1398
1172	1915
1398	1915
788	1076
419	684
1409	1727
1409	1806
1409	1962
1727	1806
1727	1962
1806	1962
67	360
67	1628
67	1905
360	1628
360	1905
1628	1905
559	577
559	1665
577	1665
84	224
665	1073
306	1937
325	2081
1542	1967
534	1576
534	1897
534	1989
1576	1897
1576	1989
1897	1989
648	673
648	1963
673	1963
1303	1480
73	1494
263	1376
263	2106
1376	2106
548	587
1072	2012
1072	2112
2012	2112
1429	2115
2090	2109
1042	1440
521	668
521	1576
521	1698
668	1576
668	1698
1576	1698
140	332
832	1183
832	1798
1183	1798
528	677
528	1305
528	1475
677	1305
677	1475
1305	1475
844	847
844	972
844	1431
847	972
847	1431
972	1431
58	2132
63	1034
63	1400
1034	1400
210	537
668	997
1653	2026
1348	1673
1357	1879
1316	1834
326	1135
9	1307
430	825
430	1161
825	1161
1222	2050
636	2004
2102	2109
506	810
506	905
810	905
401	406
413	1118
670	723
670	1723
723	1723
586	912
1356	2137
126	1690
51	869
239	408
239	1229
408	1229
1138	1310
60	560
561	1471
561	1697
1471	1697
1361	1365
1361	1590
1361	2124
1365	1590
1365	2124
1590	2124
120	710
120	880
710	880
45	663
595	1075
134	2030
1972	1994
1972	2135
1972	2161
1994	2135
1994	2161
2135	2161
930	1311
930	1363
1311	1363
892	929
892	1027
929	1027
420	1686
1014	1329
1014	2017
1329	2017
337	504
337	2022
504	2022
63	152
63	1242
63	1368
63	1657
152	1242
152	1368
152	1657
1242	1368
1242	1657
1368	1657
812	1151
812	1264
1151	1264
1988	2011
1988	2027
2011	2027
611	791
166	947
1359	2060
1359	2101
2060	2101
340	2140
372	441
372	687
372	1457
441	687
441	1457
687	1457
197	941
197	1289
941	1289
232	1419
232	1861
1419	1861
1374	1381
1952	1956
504	1632
504	1968
1632	1968
1147	1153
109	367
109	414
109	1860
367	414
367	1860
414	1860
103	199
69	1711
69	2124
1711	2124
1530	1760
162	1825
321	807
321	821
807	821
456	1651
456	1697
456	1780
1651	1697
1651	1780
1697	1780
529	2112
240	469
1338	1802
153	643
153	2020
643	2020
795	835
383	552
1401	1788
2046	2050
752	997
1537	1758
89	234
646	1262
143	145
143	1960
145	1960
240	969
316	846
61	2161
372	1930
796	1316
447	618
447	923
447	1226
447	1518
447	1649
618	923
618	1226
618	1518
618	1649
923	1226
923	1518
923	1649
1226	1518
1226	1649
1518	1649
304	337
304	615
304	1531
337	615
337	1531
615	1531
1691	1939
534	812
534	1028
812	1028
84	329
1068	1483
322	1833
322	2146
1833	2146
253	1782
101	2004
85	2023
282	373
282	390
373	390
393	1666
393	1939
393	2016
1666	1939
1666	2016
1939	2016
188	1918
188	2144
1918	2144
237	1367
237	2066
1367	2066
683	2046
1369	1995
1701	2017
1245	2020
170	1114
170	1603
1114	1603
349	719
287	423
1094	1598
1791	1881
513	894
2091	2101
173	920
173	1371
173	1653
920	1371
920	1653
1371	1653
1900	2014
337	1915
1472	1856
379	1355
379	1568
1355	1568
630	1104
438	1696
438	1796
1696	1796
562	1043
461	1159
156	530
112	1832
543	1086
543	1089
1086	1089
1683	1685
1683	1686
1683	2021
1685	1686
1685	2021
1686	2021
1372	1897
840	1609
840	1637
1609	1637
155	1613
265	351
171	350
121	2161
121	2170
2161	2170
154	1294
154	1856
154	2058
1294	1856
1294	2058
1856	2058
1783	1797
1783	1823
1797	1823
500	813
68	1881
7	123
414	1297
414	2056
1297	2056
544	634
89	268
1458	1687
1458	1732
1687	1732
1346	1354
1346	1716
1346	1815
1354	1716
1354	1815
1716	1815
79	206
79	317
206	317
669	1408
990	1535
779	1587
486	616
486	871
486	1537
616	871
616	1537
871	1537
60	1415
60	1423
1415	1423
368	1651
1438	1849
52	654
120	949
1083	1195
1387	1467
1387	1941
1467	1941
781	1901
1755	1920
445	512
689	966
138	538
138	1961
138	1999
538	1961
538	1999
1961	1999
570	839
526	2003
525	1460
574	889
574	1619
574	1840
889	1619
889	1840
1619	1840
350	507
350	529
350	1455
507	529
507	1455
529	1455
968	2122
1492	1934
736	1163
1382	1530
213	1380
123	1248
1752	1990
187	1916
74	1112
74	1327
1112	1327
365	1599
365	2081
1599	2081
706	899
99	1063
99	1728
1063	1728
775	1015
725	1965
774	1018
640	1892
903	1207
1025	1264
1309	1981
19	56
19	150
19	477
56	150
56	477
150	477
23	703
23	1980
703	1980
1943	2084
341	1608
223	280
223	323
280	323
470	1070
196	956
293	375
293	600
293	1477
293	1982
293	1997
375	600
375	1477
375	1982
375	1997
600	1477
600	1982
600	1997
1477	1982
1477	1997
1982	1997
955	1619
955	2127
1619	2127
621	1326
36	2040
426	698
426	1032
698	1032
1349	1485
489	1541
236	1835
218	747
218	2139
747	2139
44	627
44	802
44	1210
627	802
627	1210
802	1210
279	1421
1103	1574
105	333
105	1977
333	1977
1254	1762
570	1715
894	1235
894	1543
1235	1543
482	1612
71	1325
71	1727
1325	1727
1354	1848
467	1538
1381	1725
645	954
645	1232
645	1298
954	1232
954	1298
1232	1298
432	1407
432	1428
432	1495
1407	1428
1407	1495
1428	1495
907	1673
203	837
2116	2135
228	639
228	1463
228	1788
639	1463
639	1788
1463	1788
18	53
714	1682
714	1971
1682	1971
508	856
330	1393
83	197
83	848
83	1170
83	1402
197	848
197	1170
197	1402
848	1170
848	1402
1170	1402
1064	1592
1064	1878
1064	1973
1592	1878
1592	1973
1878	1973
1366	1472
1366	1617
1472	1617
846	1517
578	584
578	886
584	886
459	666
1142	1151
890	980
1899	2099
1133	1961
147	388
1136	1442
1366	1426
1366	1576
1366	1711
1366	1728
1366	2157
1426	1576
1426	1711
1426	1728
1426	2157
1576	1711
1576	1728
1576	2157
1711	1728
1711	2157
1728	2157
51	1146
51	2110
1146	2110
385	1166
1315	1542
1427	1450
6	182
817	1549
817	1751
817	2120
1549	1751
1549	2120
1751	2120
814	1148
561	2003
231	463
231	783
231	1685
463	783
463	1685
783	1685
200	562
200	1272
562	1272
580	1612
580	1878
1612	1878
468	1313
468	1621
468	1937
1313	1621
1313	1937
1621	1937
487	594
487	683
487	1050
487	1972
594	683
594	1050
594	1972
683	1050
683	1972
1050	1972
36	1734
169	1121
169	1814
1121	1814
1102	1299
430	930
430	1986
930	1986
773	929
773	2097
929	2097
8	36
936	1299
1236	1800
1911	1997
30	1115
1246	1485
1546	1803
1546	2086
1803	2086
653	678
653	931
678	931
84	1743
42	310
380	453
907	1986
636	957
759	775
72	213
72	339
213	339
915	1123
915	1300
1123	1300
211	700
211	985
700	985
1554	2092
711	1437
500	1261
471	991
646	1977
43	1088
43	1199
43	1209
1088	1199
1088	1209
1199	1209
286	1035
1162	1533
721	1973
1980	2031
70	706
70	1591
706	1591
464	1550
464	2047
464	2167
1550	2047
1550	2167
2047	2167
77	80
116	891
2095	2136
198	555
1203	1707
1203	1969
1707	1969
933	2025
176	256
176	390
176	1503
176	1714
256	390
256	1503
256	1714
390	1503
390	1714
1503	1714
402	701
402	708
402	876
402	979
701	708
701	876
701	979
708	876
708	979
876	979
1314	1793
191	701
632	1924
241	685
241	1298
241	1993
685	1298
685	1993
1298	1993
396	1701
1247	1584
1247	2099
1584	2099
514	576
514	708
514	1600
514	2051
576	708
576	1600
576	2051
708	1600
708	2051
1600	2051
614	1577
605	1454
516	615
107	2174
347	1891
735	1099
770	2145
122	341
122	1474
341	1474
2113	2126
1906	2130
1199	1900
1199	2099
1900	2099
476	547
517	1510
244	1011
1870	2150
1414	1855
601	1634
11	1613
583	1034
1115	1162
551	1010
995	1296
995	1535
995	1820
1296	1535
1296	1820
1535	1820
323	394
323	1154
323	1843
323	1921
394	1154
394	1843
394	1921
1154	1843
1154	1921
1843	1921
663	861
663	1293
861	1293
135	209
135	1385
209	1385
1410	1961
1410	1966
1961	1966
1	2120
1377	1768
1377	2094
1768	2094
501	1498
501	1566
501	1978
1498	1566
1498	1978
1566	1978
1389	2115
793	970
793	1008
793	1903
970	1008
970	1903
1008	1903
631	917
631	1002
631	1118
917	1002
917	1118
1002	1118
545	1319
190	2036
102	2017
1139	2127
64	184
64	428
64	1416
64	1438
184	428
184	1416
184	1438
428	1416
428	1438
1416	1438
1019	1130
193	1412
236	1742
236	1943
1742	1943
955	1698
446	1213
705	1851
829	1429
480	703
427	1381
190	1305
190	1433
190	1913
190	1929
1305	1433
1305	1913
1305	1929
1433	1913
1433	1929
1913	1929
467	1538
467	1636
1538	1636
1491	1688
337	1667
148	718
148	1519
718	1519
1788	1822
117	1333
117	1344
1333	1344
882	1200
1108	1884
53	1732
35	1605
35	1626
1605	1626
172	319
172	1871
319	1871
339	1579
103	1478
91	1865
856	1349
342	1437
342	1815
1437	1815
697	1024
1449	2067
1449	2117
2067	2117
435	897
629	828
528	804
528	1612
804	1612
180	1578
128	320
128	2088
320	2088
598	1236
598	2122
1236	2122
344	1503
1036	1906
531	1444
531	1508
531	1851
1444	1508
1444	1851
1508	1851
759	1107
773	881
773	1065
881	1065
483	1269
138	877
1224	1726
1224	1868
1726	1868
1813	1911
1409	1684
1409	1924
1684	1924
292	630
174	1360
1215	1631
1171	1259
25	1712
229	1395
229	1615
1395	1615
184	1472
690	1523
632	781
632	849
632	2088
781	849
781	2088
849	2088
486	658
341	1608
9	1816
32	1426
32	1598
32	1742
32	2128
1426	1598
1426	1742
1426	2128
1598	1742
1598	2128
1742	2128
397	861
397	2141
861	2141
295	1251
1	349
219	794
219	842
219	976
219	1859
794	842
794	976
794	1859
842	976
842	1859
976	1859
318	711
318	2028
711	2028
498	573
706	1398
706	1486
706	1527
706	1593
706	1766
1398	1486
1398	1527
1398	1593
1398	1766
1486	1527
1486	1593
1486	1766
1527	1593
1527	1766
1593	1766
606	684
811	1265
1312	1782
1312	1914
1782	1914
466	1215
1243	1440
557	1681
1565	2152
1379	2079
921	1236
921	1281
1236	1281
552	607
552	907
552	1109
607	907
607	1109
907	1109
1478	1643
1478	2071
1643	2071
142	440
142	2123
142	2163
440	2123
440	2163
2123	2163
1237	1348
1201	1543
1201	1747
1543	1747
1785	1789
235	2131
1551	1973
574	889
574	915
889	915
281	395
281	1570
395	1570
1087	1399
1087	1587
1399	1587
573	1021
341	1608
1533	1609
1533	2076
1533	2175
1609	2076
1609	2175
2076	2175
170	1001
170	1715
1001	1715
1444	1968
333	1621
47	1463
47	2162
1463	2162
2080	2144
1364	2149
1546	1797
90	427
90	1381
427	1381
341	1360
51	314
51	493
51	1722
314	493
314	1722
493	1722
663	861
291	1359
291	2014
1359	2014
684	1702
323	1616
983	1895
519	2010
100	1838
100	2147
1838	2147
66	381
66	1250
381	1250
23	38
23	802
38	802
336	362
336	628
336	987
336	1968
362	628
362	987
362	1968
628	987
628	1968
987	1968
237	295
1783	1820
1783	1823
1820	1823
498	750
316	1741
233	367
233	1507
233	1959
367	1507
367	1959
1507	1959
521	1629
521	1698
1629	1698
1468	1944
455	619
307	1715
413	443
358	1902
622	1425
285	1618
40	1482
366	785
366	1627
785	1627
892	996
1542	1948
657	914
174	1026
174	2107
1026	2107
141	210
141	989
141	1758
141	1860
210	989
210	1758
210	1860
989	1758
989	1860
1758	1860
53	683
801	1468
801	1647
1468	1647
499	662
499	894
499	2108
662	894
662	2108
894	2108
138	730
138	1857
138	2143
730	1857
730	2143
1857	2143
1456	1676
147	1997
524	944
34	1365
34	1494
1365	1494
144	1793
457	1698
105	228
1991	2111
338	811
99	366
99	1683
366	1683
505	889