658	925
658	1821
658	2330
925	1821
925	2330
1821	2330
371	2000
376	1481
376	1702
1481	1702
1775	2209
1513	2322
129	1043
1334	2341
329	910
1514	2217
1577	1650
349	1978
188	1736
14	32
135	1102
135	1993
1102	1993
1735	1984
1735	2035
1984	2035
782	1213
438	1683
302	393
302	1152
302	1209
393	1152
393	1209
1152	1209
741	818
741	883
818	883
71	563
71	1145
71	2394
563	1145
563	2394
1145	2394
252	715
252	943
715	943
397	2136
292	740
177	1730
269	386
269	479
386	479
1916	1937
1916	2072
1937	2072
39	1679
39	1950
1679	1950
333	1332
321	1820
127	517
127	1387
517	1387
375	1970
517	2344
1942	1979
1942	1982
1979	1982
1617	2149
1195	2369
935	2293
262	389
262	1605
262	2256
389	1605
389	2256
1605	2256
178	203
178	1969
178	2357
203	1969
203	2357
1969	2357
774	1332
1155	1207
1155	1388
1155	2053
1155	2347
1207	1388
1207	2053
1207	2347
1388	2053
1388	2347
2053	2347
467	936
1510	1973
543	1882
776	1201
776	2147
1201	2147
1199	2202
501	671
501	766
501	1584
671	766
671	1584
766	1584
201	418
201	1348
418	1348
294	882
625	1312
406	888
406	1504
888	1504
724	1309
724	1815
724	1925
1309	1815
1309	1925
1815	1925
90	206
90	1286
90	2030
206	1286
206	2030
1286	2030
587	780
707	951
707	2269
951	2269
1521	2217
1521	2323
2217	2323
867	1220
26	661
26	2055
661	2055
309	582
309	1671
582	1671
467	547
467	797
467	936
467	1806
547	797
547	936
547	1806
797	936
797	1806
936	1806
1803	1878
823	1047
55	1498
441	677
891	955
891	1467
955	1467
423	536
46	635
46	2299
635	2299
1368	1724
1368	1853
1368	1874
1724	1853
1724	1874
1853	1874
136	268
303	2031
1472	1872
1048	2086
1048	2087
2086	2087
499	846
166	448
166	1375
166	1705
448	1375
448	1705
1375	1705
796	1598
1980	2353
597	882
528	639
528	1571
639	1571
1203	1233
1203	1294
1203	1355
1203	1937
1233	1294
1233	1355
1233	1937
1294	1355
1294	1937
1355	1937
1052	1788
1488	2278
1488	2369
1488	2384
2278	2369
2278	2384
2369	2384
305	1672
64	81
1005	1789
448	842
519	861
1634	2285
1032	2366
177	335
177	684
177	1747
335	684
335	1747
684	1747
172	323
604	1468
799	1843
799	2243
1843	2243
1749	2252
519	896
519	1624
896	1624
664	1204
300	878
300	2062
878	2062
904	2385
980	1265
980	1846
1265	1846
260	337
260	585
260	692
260	2206
337	585
337	692
337	2206
585	692
585	2206
692	2206
1750	2089
1750	2179
2089	2179
1506	1738
1506	2107
1738	2107
2113	2195
578	2204
1537	1612
269	2212
1715	2253
223	435
223	643
223	767
223	1401
435	643
435	767
435	1401
643	767
643	1401
767	1401
1318	1863
1706	1839
250	311
250	1094
250	2244
311	1094
311	2244
1094	2244
2299	2303
1638	1732
325	1170
325	1718
1170	1718
953	1057
102	937
102	993
937	993
336	1740
66	509
2000	2224
159	562
159	707
159	852
562	707
562	852
707	852
1187	1423
805	909
1513	2183
1513	2322
2183	2322
31	1286
31	1304
1286	1304
509	1679
509	1960
509	2225
1679	1960
1679	2225
1960	2225
107	280
1145	1306
277	1452
372	888
372	1000
888	1000
1734	2074
1942	1979
1810	1898
1007	1341
459	2080
683	1013
683	1331
1013	1331
374	2008
931	1026
578	1956
1150	2262
1301	1365
1301	1499
1301	1843
1301	2261
1365	1499
1365	1843
1365	2261
1499	1843
1499	2261
1843	2261
554	620
578	1038
1752	1999
754	1654
754	1733
754	2009
754	2123
1654	1733
1654	2009
1654	2123
1733	2009
1733	2123
2009	2123
1	1341
1	1625
1	1952
1341	1625
1341	1952
1625	1952
851	1612
851	1761
1612	1761
1412	1746
234	791
443	2222
190	649
312	1696
2133	2320
155	184
155	1767
184	1767
1518	2071
480	616
480	810
480	1591
616	810
616	1591
810	1591
1838	2168
1838	2376
2168	2376
463	1574
83	303
1151	1185
1151	1834
1151	2001
1151	2126
1185	1834
1185	2001
1185	2126
1834	2001
1834	2126
2001	2126
129	348
216	594
216	832
216	1060
216	1182
594	832
594	1060
594	1182
832	1060
832	1182
1060	1182
148	282
148	289
148	1755
148	2127
148	2343
282	289
282	1755
282	2127
282	2343
289	1755
289	2127
289	2343
1755	2127
1755	2343
2127	2343
173	398
173	624
398	624
51	94
51	100
51	1992
51	2201
94	100
94	1992
94	2201
100	1992
100	2201
1992	2201
156	184
156	1675
184	1675
22	837
2254	2348
446	1550
63	1019
63	2079
63	2197
1019	2079
1019	2197
2079	2197
1529	2062
358	742
1517	2277
1517	2369
2277	2369
29	319
29	682
29	1682
319	682
319	1682
682	1682
1798	2043
405	2386
1541	1544
1696	2042
75	300
588	1290
588	1864
1290	1864
505	1407
505	1787
1407	1787
1382	1727
1382	1760
1382	2315
1727	1760
1727	2315
1760	2315
562	1718
1927	2319
748	785
440	835
440	892
440	1646
835	892
835	1646
892	1646
323	1870
854	1024
854	1373
854	1445
1024	1373
1024	1445
1373	1445
1216	1747
1306	2119
921	939
921	1988
921	2058
939	1988
939	2058
1988	2058
871	1875
732	788
732	1135
788	1135
220	340
220	764
220	1163
340	764
340	1163
764	1163
342	592
967	1604
967	2276
967	2299
967	2369
1604	2276
1604	2299
1604	2369
2276	2299
2276	2369
2299	2369
514	1692
514	1979
1692	1979
1321	2381
1289	1657
1289	2305
1657	2305
365	615
365	1484
615	1484
434	2200
2165	2222
1069	2183
1811	2310
202	456
202	1236
456	1236
565	962
565	1080
565	1172
565	1394
962	1080
962	1172
962	1394
1080	1172
1080	1394
1172	1394
9	1617
1560	1779
2028	2112
190	1054
190	1592
1054	1592
1942	1982
365	1060
365	1568
1060	1568
1608	1817
1608	2012
1817	2012
1039	1414
107	1783
259	674
1543	2258
73	356
546	892
1939	2260
470	608
470	757
608	757
1575	1763
479	1664
479	2212
1664	2212
354	2195
1367	1379
1367	1439
1367	2076
1379	1439
1379	2076
1439	2076
893	926
893	1536
893	1740
893	1807
893	1959
926	1536
926	1740
926	1807
926	1959
1536	1740
1536	1807
1536	1959
1740	1807
1740	1959
1807	1959
425	1263
1119	2236
1068	2005
521	886
521	2393
886	2393
1050	1658
208	1320
208	1829
208	1951
1320	1829
1320	1951
1829	1951
941	2191
254	1402
254	2034
254	2388
1402	2034
1402	2388
2034	2388
399	616
399	972
616	972
299	448
299	1580
299	1705
448	1580
448	1705
1580	1705
87	812
87	2360
812	2360
1313	1909
923	1860
1808	1846
114	253
114	1656
253	1656
485	1219
1287	1369
1287	1489
1369	1489
872	932
1102	1216
1529	2062
576	1664
636	1315
636	1618
636	1635
636	2325
1315	1618
1315	1635
1315	2325
1618	1635
1618	2325
1635	2325
414	1204
403	702
403	788
403	795
403	958
702	788
702	795
702	958
788	795
788	958
795	958
444	1544
412	1309
412	1725
1309	1725
559	1448
714	978
39	85
85	92
85	553
85	669
92	553
92	669
553	669
271	1199
271	1617
271	1643
271	1923
1199	1617
1199	1643
1199	1923
1617	1643
1617	1923
1643	1923
1923	2343
142	510
142	752
142	887
510	752
510	887
752	887
129	433
129	1848
433	1848
712	1729
258	1808
1650	2121
22	41
90	385
90	737
90	1216
90	2176
385	737
385	1216
385	2176
737	1216
737	2176
1216	2176
39	228
39	421
39	860
39	1424
39	1802
228	421
228	860
228	1424
228	1802
421	860
421	1424
421	1802
860	1424
860	1802
1424	1802
1311	1658
1985	2161
1240	1300
2186	2243
2186	2317
2243	2317
553	1560
271	2315
601	609
323	727
323	1909
727	1909
39	581
39	1856
39	2023
581	1856
581	2023
1856	2023
48	614
830	870
830	948
870	948
121	290
121	1668
290	1668
664	1085
664	1380
1085	1380
1144	1364
599	1593
509	1629
1512	2219
1606	1996
236	1636
236	2036
1636	2036
369	1910
1513	2322
486	776
486	2315
776	2315
475	872
475	1999
872	1999
821	910
821	2264
910	2264
331	482
331	487
482	487
47	429
1585	1852
456	1247
374	1943
374	2112
1943	2112
477	1277
477	2099
477	2278
477	2290
1277	2099
1277	2278
1277	2290
2099	2278
2099	2290
2278	2290
618	942
618	1140
618	1738
618	1999
942	1140
942	1738
942	1999
1140	1738
1140	1999
1738	1999
977	2293
1812	2078
317	523
159	1993
2217	2323
253	394
28	758
28	807
758	807
1008	1063
423	637
423	724
423	1815
423	1898
637	724
637	1815
637	1898
724	1815
724	1898
1815	1898
1565	2330
161	1218
161	1363
1218	1363
1407	2263
190	324
1529	2062
1257	1430
243	657
243	1221
243	1822
657	1221
657	1822
1221	1822
486	1253
1	2101
1732	2301
111	1254
111	1553
111	1658
1254	1553
1254	1658
1553	1658
61	1601
116	251
116	502
116	1101
251	502
251	1101
502	1101
305	496
942	1415
942	1435
1415	1435
1059	1408
1846	2084
766	1623
766	1994
1623	1994
413	1381
506	519
506	983
519	983
636	2068
1207	1790
1207	2371
1790	2371
68	410
500	908
500	1223
908	1223
1072	1626
106	1822
106	1933
1822	1933
1580	1594
1714	2145
1820	2331
1820	2382
2331	2382
1017	1056
87	889
87	1744
87	1843
889	1744
889	1843
1744	1843
233	317
442	710
442	1012
442	1075
442	1157
442	1273
710	1012
710	1075
710	1157
710	1273
1012	1075
1012	1157
1012	1273
1075	1157
1075	1273
1157	1273
1459	1465
180	635
180	1252
180	1918
635	1252
635	1918
1252	1918
196	1594
196	1975
1594	1975
884	1094
884	2047
1094	2047
195	1138
195	1217
195	1651
195	1997
195	2083
1138	1217
1138	1651
1138	1997
1138	2083
1217	1651
1217	1997
1217	2083
1651	1997
1651	2083
1997	2083
1303	1876
1303	2063
1876	2063
972	1019
972	1454
1019	1454
1944	1990
262	342
262	834
342	834
997	2001
888	1909
427	868
191	979
191	1770
191	1836
979	1770
979	1836
1770	1836
229	1075
375	1248
187	381
590	2209
464	1965
1606	1890
1606	1966
1606	2130
1890	1966
1890	2130
1966	2130
1073	1695
1073	2233
1695	2233
1674	1881
31	902
31	1186
31	1790
31	1807
31	1945
31	2133
902	1186
902	1790
902	1807
902	1945
902	2133
1186	1790
1186	1807
1186	1945
1186	2133
1790	1807
1790	1945
1790	2133
1807	1945
1807	2133
1945	2133
72	1533
72	2065
1533	2065
384	2209
1951	2395
135	1918
193	2377
904	1224
904	2396
1224	2396
30	1773
1194	1552
1194	2396
1552	2396
26	310
26	661
26	2055
310	661
310	2055
661	2055
330	849
330	1223
330	1348
330	1794
849	1223
849	1348
849	1794
1223	1348
1223	1794
1348	1794
915	1184
254	454
254	655
454	655
1983	2123
1768	2294
902	2026
1577	1616
1563	1985
2294	2317
262	1986
436	1529
436	1697
436	1796
1529	1697
1529	1796
1697	1796
337	1478
508	1222
1517	1930
1517	2085
1517	2280
1930	2085
1930	2280
2085	2280
452	1797
1269	2314
28	2369
591	2028
1371	2072
1371	2246
2072	2246
276	334
515	1275
2223	2307
392	497
1129	1502
1129	2255
1502	2255
574	608
574	648
574	1987
608	648
608	1987
648	1987
1066	1078
1126	2184
306	1659
884	1199
633	1917
1124	1327
55	773
55	775
55	1053
773	775
773	1053
775	1053
528	1688
1073	2127
177	393
668	1452
527	681
527	961
681	961
135	535
135	633
535	633
346	2318
686	1324
1596	2207
1799	1853
5	17
5	267
5	656
17	267
17	656
267	656
620	2052
632	677
632	2018
677	2018
598	1884
1591	2211
385	1160
385	2264
1160	2264
1572	1733
1572	2254
1572	2329
1733	2254
1733	2329
2254	2329
1761	2113
1761	2143
2113	2143
66	1921
907	945
907	1016
907	1540
907	1712
945	1016
945	1540
945	1712
1016	1540
1016	1712
1540	1712
345	734
345	913
345	1246
734	913
734	1246
913	1246
25	44
25	712
44	712
1689	2150
1140	2026
1140	2337
2026	2337
2205	2372
558	1104
558	1493
1104	1493
336	570
259	381
259	426
381	426
186	2063
653	2091
1341	2090
263	1007
263	1343
1007	1343
1968	2295
452	598
452	617
598	617
587	613
895	966
427	1632
427	2155
427	2263
427	2280
1632	2155
1632	2263
1632	2280
2155	2263
2155	2280
2263	2280
1638	1855
897	1033
897	1524
1033	1524
905	1008
905	1334
1008	1334
1762	1785
245	1200
1501	1577
50	912
50	1818
50	1856
50	1946
50	2074
912	1818
912	1856
912	1946
912	2074
1818	1856
1818	1946
1818	2074
1856	1946
1856	2074
1946	2074
727	764
178	1703
583	1353
237	1776
2117	2182
315	1745
246	449
246	1233
449	1233
184	205
184	390
184	832
184	1231
184	1881
205	390
205	832
205	1231
205	1881
390	832
390	1231
390	1881
832	1231
832	1881
1231	1881
1055	1449
1055	1599
1055	2124
1449	1599
1449	2124
1599	2124
178	2399
283	297
283	1436
283	1619
283	2302
297	1436
297	1619
297	2302
1436	1619
1436	2302
1619	2302
659	821
659	2298
821	2298
907	948
907	1367
948	1367
1697	1972
161	2061
161	2078
2061	2078
94	1614
163	281
163	2094
163	2104
281	2094
281	2104
2094	2104
805	2094
639	2082
533	1392
533	2225
533	2401
1392	2225
1392	2401
2225	2401
498	1650
323	1877
1136	2167
98	832
98	1182
98	1910
98	2067
832	1182
832	1910
832	2067
1182	1910
1182	2067
1910	2067
265	970
1508	1510
1508	1526
1510	1526
62	359
62	952
62	1596
62	1718
359	952
359	1596
359	1718
952	1596
952	1718
1596	1718
973	1192
1754	2133
736	1786
736	1863
1786	1863
787	1387
931	1195
931	1342
1195	1342
728	1208
288	1923
124	252
124	1136
252	1136
790	1163
790	1512
790	1924
1163	1512
1163	1924
1512	1924
1505	1786
309	2350
575	847
261	389
310	1275
564	1715
1853	2095
806	859
547	1474
547	1873
1474	1873
197	346
197	720
197	753
197	970
197	1054
346	720
346	753
346	970
346	1054
720	753
720	970
720	1054
753	970
753	1054
970	1054
569	1393
569	1672
1393	1672
978	1460
978	2380
1460	2380
780	1021
780	1103
780	1228
1021	1103
1021	1228
1103	1228
760	1629
24	1873
1661	2343
1806	2016
392	497
1344	1352
1344	1473
1352	1473
998	1137
1229	1640
1229	1685
1640	1685
1645	1682
1795	2265
115	468
153	195
153	1033
153	1823
195	1033
195	1823
1033	1823
924	2377
1082	1432
1128	1856
1128	2189
1856	2189
765	822
39	1107
646	1731
135	221
135	505
221	505
711	989
772	1307
1350	2275
339	1558
618	1316
618	1439
1316	1439
388	420
491	522
491	1656
491	2071
522	1656
522	2071
1656	2071
3	962
636	1934
869	1586
869	1944
869	1990
1586	1944
1586	1990
1944	1990
1861	2136
321	2250
449	1861
646	1126
646	1790
1126	1790
522	1023
2224	2306
1923	1975
98	1583
529	651
1084	2400
43	362
43	1008
43	1132
362	1008
362	1132
1008	1132
318	471
318	1232
471	1232
1521	2217
1521	2334
2217	2334
52	596
1283	2121
230	1559
230	1719
230	2021
230	2345
1559	1719
1559	2021
1559	2345
1719	2021
1719	2345
2021	2345
228	1388
342	1965
661	1603
661	1770
661	2019
1603	1770
1603	2019
1770	2019
664	905
664	924
664	1528
664	1761
905	924
905	1528
905	1761
924	1528
924	1761
1528	1761
132	2205
405	1595
405	2253
1595	2253
486	1779
486	2315
1779	2315
820	1113
820	1411
1113	1411
1023	1039
1023	1902
1039	1902
1185	1413
1072	1304
155	2141
143	1281
630	638
1653	1770
382	1509
382	1772
1509	1772
27	1728
743	1064
706	795
316	1473
262	496
54	119
75	590
75	1698
75	2361
590	1698
590	2361
1698	2361
73	220
73	371
73	1516
73	2135
220	371
220	1516
220	2135
371	1516
371	2135
1516	2135
426	1061
426	1221
1061	1221
315	1566
1541	1585
47	763
47	1212
763	1212
2156	2169
984	1867
951	1723
951	2281
1723	2281
2068	2302
1558	1640
1558	2037
1640	2037
432	877
1049	1763
970	1054
1269	1336
1271	1472
1271	2092
1271	2372
1271	2382
1472	2092
1472	2372
1472	2382
2092	2372
2092	2382
2372	2382
1155	1385
1644	1818
1644	2118
1644	2152
1818	2118
1818	2152
2118	2152
666	1488
666	1964
1488	1964
1878	2196
1543	1860
1543	2270
1860	2270
674	795
674	2070
795	2070
52	233
52	1237
233	1237
662	1289
1755	2206
400	1902
1295	2216
44	56
44	502
44	670
44	756
44	1885
56	502
56	670
56	756
56	1885
502	670
502	756
502	1885
670	756
670	1885
756	1885
130	1884
130	2212
1884	2212
1820	2241
776	1210
2129	2286
680	876
680	1009
876	1009
431	916
431	1045
431	1707
916	1045
916	1707
1045	1707
1105	1422
409	709
409	801
709	801
634	1036
1673	2057
1002	1156
1002	1393
1156	1393
397	1052
397	2251
1052	2251
1367	1883
752	1857
752	1990
752	2182
1857	1990
1857	2182
1990	2182
972	1462
540	1325
325	359
325	1691
359	1691
133	366
133	743
133	950
133	1660
366	743
366	950
366	1660
743	950
743	1660
950	1660
315	355
315	550
315	634
315	2093
355	550
355	634
355	2093
550	634
550	2093
634	2093
1961	1990
1121	1427
2296	2325
1805	2215
542	2069
542	2184
2069	2184
441	815
441	939
441	1995
815	939
815	1995
939	1995
1813	1913
1813	2199
1913	2199
95	1791
202	1611
13	644
13	820
13	999
644	820
644	999
820	999
291	823
291	1895
823	1895
1258	1764
1258	2084
1764	2084
736	1436
736	1698
1436	1698
537	1601
457	572
1546	2293
345	650
345	1838
345	2001
650	1838
650	2001
1838	2001
215	659
525	834
109	2077
109	2114
2077	2114
497	1778
497	1914
1778	1914
1722	2279
298	1625
779	1154
1271	1752
1818	2056
1818	2218
2056	2218
979	2365
831	966
929	2239
89	2193
167	268
264	1139
264	1166
1139	1166
11	17
11	670
17	670
1407	1473
45	1618
395	866
395	997
395	1441
866	997
866	1441
997	1441
918	1785
424	1092
424	1410
1092	1410
255	314
255	751
314	751
914	959
1780	2105
559	1480
750	819
1506	2242
1981	2078
1079	1099
1688	2051
341	1539
341	1656
341	2196
1539	1656
1539	2196
1656	2196
598	1022
598	1275
1022	1275
565	926
565	1240
926	1240
240	585
240	692
240	1992
240	2024
585	692
585	1992
585	2024
692	1992
692	2024
1992	2024
49	2167
1667	1917
16	214
16	1298
214	1298
357	1222
357	1668
1222	1668
83	924
83	1294
924	1294
203	780
885	1383
532	1766
532	1831
1766	1831
2200	2354
153	1190
122	435
122	783
122	2333
435	783
435	2333
783	2333
345	693
345	1153
345	1217
345	1773
345	1793
693	1153
693	1217
693	1773
693	1793
1153	1217
1153	1773
1153	1793
1217	1773
1217	1793
1773	1793
129	611
84	705
84	1597
84	1902
705	1597
705	1902
1597	1902
226	1757
226	2035
1757	2035
1513	2322
196	420
196	505
196	1424
196	2202
420	505
420	1424
420	2202
505	1424
505	2202
1424	2202
750	1555
750	1954
1555	1954
127	500
127	1411
127	1985
500	1411
500	1985
1411	1985
1339	2242
1339	2368
2242	2368
327	843
404	950
404	951
404	1541
404	1660
950	951
950	1541
950	1660
951	1541
951	1660
1541	1660
283	727
1014	2142
565	1975
1754	1871
405	1131
405	2386
1131	2386
75	2149
1207	1323
682	789
682	1434
789	1434
437	658
669	1127
669	1502
669	1534
1127	1502
1127	1534
1502	1534
96	259
96	326
96	901
96	1059
259	326
259	901
259	1059
326	901
326	1059
901	1059
431	1533
1505	1635
1505	2109
1635	2109
466	902
2270	2329
312	2056
321	430
443	2008
443	2340
2008	2340
1326	1374
306	1905
50	219
50	1070
219	1070
667	1327
1548	1938
1548	2064
1938	2064
1808	1973
1808	2133
1973	2133
10	18
10	57
10	666
18	57
18	666
57	666
77	279
77	781
77	1587
77	1758
279	781
279	1587
279	1758
781	1587
781	1758
1587	1758
479	809
479	1664
809	1664
18	736
18	2302
736	2302
503	986
880	2212
21	43
21	54
43	54
811	1745
303	1680
629	763
373	2041
96	2107
31	47
31	1329
47	1329
576	1146
576	1497
576	1598
576	1863
1146	1497
1146	1598
1146	1863
1497	1598
1497	1863
1598	1863
479	786
255	314
255	378
314	378
388	1617
388	1871
1617	1871
328	1623
328	2084
1623	2084
12	73
134	564
134	1190
564	1190
160	1772
1193	1662
141	1174
141	1328
141	1466
1174	1328
1174	1466
1328	1466
230	1696
230	1703
1696	1703
628	704
628	1092
628	1276
704	1092
704	1276
1092	1276
144	170
144	430
144	875
170	430
170	875
430	875
1805	2038
1805	2305
2038	2305
2138	2315
658	2320
70	2133
332	1345
468	1270
501	1937
384	877
1169	2290
1167	1387
988	1245
1548	2026
1548	2132
2026	2132
1098	1462
221	659
221	1141
221	1825
659	1141
659	1825
1141	1825
1509	1900
2322	2334
984	1904
825	1010
173	805
153	734
14	32
1690	2322
164	289
1144	1307
1144	1420
1144	1476
1307	1420
1307	1476
1420	1476
356	1617
159	385
159	509
159	526
159	681
159	1426
385	509
385	526
385	681
385	1426
509	526
509	681
509	1426
526	681
526	1426
681	1426
593	1363
593	1458
593	1999
593	2281
1363	1458
1363	1999
1363	2281
1458	1999
1458	2281
1999	2281
403	2106
732	840
32	274
32	377
274	377
371	2000
20	92
708	1180
784	901
784	1657
784	2305
901	1657
901	2305
1657	2305
749	1729
895	1397
895	1843
895	1896
1397	1843
1397	1896
1843	1896
367	570
367	2100
570	2100
410	2148
275	1926
356	1114
356	1720
356	2090
1114	1720
1114	2090
1720	2090
1247	2120
2254	2276
1301	1995
459	596
269	479
269	1795
479	1795
167	213
167	268
167	689
167	1542
167	1565
213	268
213	689
213	1542
213	1565
268	689
268	1542
268	1565
689	1542
689	1565
1542	1565
178	206
764	888
764	1143
764	2235
888	1143
888	2235
1143	2235
558	1825
455	765
36	1786
36	1840
36	1900
1786	1840
1786	1900
1840	1900
274	496
274	571
274	2385
496	571
496	2385
571	2385
1733	2131
282	2157
431	887
431	1585
431	1758
887	1585
887	1758
1585	1758
1012	1089
1012	1450
1012	2103
1089	1450
1089	2103
1450	2103
974	1145
974	1365
1145	1365
84	249
669	901
16	2054
16	2307
2054	2307
311	840
386	809
32	1594
1167	1404
1167	1526
1167	1641
1404	1526
1404	1641
1526	1641
2183	2322
1593	1676
436	1932
91	247
279	1760
309	948
1359	1551
1359	1711
1359	2225
1551	1711
1551	2225
1711	2225
647	951
965	1299
965	1361
1299	1361
1281	1411
960	1591
960	1709
1591	1709
212	378
212	1814
378	1814
1743	2255
1743	2332
2255	2332
477	539
1563	1955
1563	2098
1955	2098
1057	1960
1057	1970
1057	2133
1057	2137
1960	1970
1960	2133
1960	2137
1970	2133
1970	2137
2133	2137
410	1510
17	180
17	574
17	1408
180	574
180	1408
574	1408
216	359
216	402
216	594
216	1261
216	1496
216	2216
359	402
359	594
359	1261
359	1496
359	2216
402	594
402	1261
402	1496
402	2216
594	1261
594	1496
594	2216
1261	1496
1261	2216
1496	2216
1167	1826
289	1992
1079	2167
787	869
1522	1697
1522	1910
1697	1910
1434	2032
1172	1318
225	1174
1681	1936
192	345
192	1888
192	2164
192	2340
345	1888
345	2164
345	2340
1888	2164
1888	2340
2164	2340
69	1753
277	295
277	1621
277	2167
295	1621
295	2167
1621	2167
630	740
630	1316
740	1316
465	1017
465	2224
1017	2224
464	877
464	1812
464	1944
877	1812
877	1944
1812	1944
925	1519
1185	1918
597	881
606	672
946	1357
549	1680
549	1741
549	2155
549	2181
1680	1741
1680	2155
1680	2181
1741	2155
1741	2181
2155	2181
507	1665
507	1769
1665	1769
387	709
387	784
709	784
1902	1998
448	1832
872	1187
15	1995
78	233
863	1961
602	767
602	1171
767	1171
178	239
111	1658
855	987
855	1419
987	1419
1013	1535
1013	1908
1535	1908
1706	2203
1706	2360
2203	2360
2064	2154
1181	2252
787	1974
787	2119
1974	2119
902	1555
902	1908
902	1967
1555	1908
1555	1967
1908	1967
623	841
704	1863
633	931
1482	2210
524	648
494	817
107	1373
1893	2226
1502	2306
298	333
298	1694
298	1865
298	2313
333	1694
333	1865
333	2313
1694	1865
1694	2313
1865	2313
899	1232
899	2049
1232	2049
435	1576
435	1847
1576	1847
428	447
428	645
447	645
599	768
225	417
225	422
225	1716
225	1913
417	422
417	1716
417	1913
422	1716
422	1913
1716	1913
364	1586
348	793
348	971
348	1580
793	971
793	1580
971	1580
1148	1455
2174	2189
1622	1631
1622	1915
1631	1915
900	930
900	945
930	945
665	784
273	603
273	1092
603	1092
364	2264
4	372
4	1502
372	1502
689	1943
689	2065
1943	2065
1074	1859
90	264
90	480
264	480
824	1065
121	636
121	1735
121	2035
636	1735
636	2035
1735	2035
328	1852
328	2311
1852	2311
93	1590
93	1791
1590	1791
1460	2133
1460	2182
2133	2182
1548	2142
1548	2172
2142	2172
400	850
400	1240
400	1840
850	1240
850	1840
1240	1840
543	1748
5	23
397	564
397	1795
564	1795
420	1164
227	771
227	1181
227	1926
771	1181
771	1926
1181	1926
944	1070
944	1956
1070	1956
1197	1390
1197	1531
1390	1531
9	19
9	25
19	25
183	414
183	755
183	1936
414	755
414	1936
755	1936
350	2357
1216	1245
1673	2057
1673	2343
2057	2343
683	1855
293	1051
1539	1903
82	508
82	2034
508	2034
1679	1887
769	911
607	904
607	982
607	1025
607	2220
904	982
904	1025
904	2220
982	1025
982	2220
1025	2220
1764	2159
288	539
288	1894
539	1894
1372	2012
399	900
399	1418
900	1418
374	2232
374	2322
2232	2322
560	1069
480	1540
124	1329
124	1557
1329	1557
913	1743
1529	2062
726	770
1168	1913
1148	1293
472	1762
123	273
123	458
123	1732
123	2202
273	458
273	1732
273	2202
458	1732
458	2202
1732	2202
1072	1499
1441	1443
1441	1595
1443	1595
49	128
379	2363
36	617
36	666
617	666
108	405
108	842
405	842
1803	1878
1284	1639
1284	2060
1284	2123
1639	2060
1639	2123
2060	2123
154	1872
730	879
824	1665
397	1720
413	489
867	1647
1278	1464
283	1170
354	1244
65	313
1146	2188
1122	1179
1122	2184
1179	2184
588	1734
815	1431
495	964
495	1370
964	1370
1078	2006
644	738
1856	2058
1856	2165
2058	2165
346	1374
145	931
107	1783
38	610
120	2006
737	1214
99	419
99	2051
419	2051
68	2278
1530	1642
46	2006
48	1210
827	954
827	1090
954	1090
436	1285
106	1832
280	754
950	1538
950	1651
1538	1651
923	1953
403	493
615	818
615	920
615	1525
818	920
818	1525
920	1525
1929	2208
205	1532
1363	1458
1363	1506
1458	1506
967	2372
26	391
26	760
391	760
178	239
178	367
239	367
152	283
639	1640
965	1030
434	1318
72	365
72	838
72	1300
72	1329
365	838
365	1300
365	1329
838	1300
838	1329
1300	1329
559	1754
559	1927
1754	1927
360	973
360	1541
973	1541
1282	1865
1282	1874
1282	2129
1282	2298
1865	1874
1865	2129
1865	2298
1874	2129
1874	2298
2129	2298
392	2056
534	1789
320	724
320	1753
320	2175
724	1753
724	2175
1753	2175
488	490
488	1650
488	1702
488	1913
488	2022
488	2358
490	1650
490	1702
490	1913
490	2022
490	2358
1650	1702
1650	1913
1650	2022
1650	2358
1702	1913
1702	2022
1702	2358
1913	2022
1913	2358
2022	2358
254	994
1955	1973
1955	2113
1973	2113
747	1205
690	1260
690	1676
690	1862
1260	1676
1260	1862
1676	1862
915	1490
2007	2298
161	2254
161	2326
2254	2326
1610	2168
1610	2218
2168	2218
547	780
68	410
68	544
410	544
248	368
73	1652
174	2208
90	385
90	600
90	1993
90	2264
385	600
385	1993
385	2264
600	1993
600	2264
1993	2264
36	1292
717	1010
1560	2051
1279	1469
169	1536
1869	2020
1220	1480
686	870
1449	1806
190	2045
445	1937
445	2397
1937	2397
1547	2007
2256	2276
659	1842
659	1917
1842	1917
2259	2270
421	1593
382	2231
695	2384
128	499
286	897
493	1737
493	1790
493	1816
1737	1790
1737	1816
1790	1816
1893	2033
2313	2346
330	1320
330	1748
1320	1748
108	119
108	923
108	1138
119	923
119	1138
923	1138
392	1770
100	1827
1186	1954
1186	1973
1186	2143
1954	1973
1954	2143
1973	2143
1130	2179
279	2005
208	218
91	390
853	1087
853	1314
853	2274
1087	1314
1087	2274
1314	2274
16	251
16	1298
16	1879
16	2043
251	1298
251	1879
251	2043
1298	1879
1298	2043
1879	2043
150	579
578	1626
147	2229
237	1852
18	442
18	1179
442	1179
23	2032
332	409
332	992
409	992
1588	1798
1588	2053
1798	2053
232	2169
287	1451
9	40
9	224
40	224
34	1521
34	2323
1521	2323
1249	1270
1249	2048
1270	2048
350	1778
337	920
141	1520
141	1596
141	1718
1520	1596
1520	1718
1596	1718
438	1726
812	1017
812	1145
812	1706
812	1866
1017	1145
1017	1706
1017	1866
1145	1706
1145	1866
1706	1866
112	705
552	1744
552	1977
552	2064
552	2398
1744	1977
1744	2064
1744	2398
1977	2064
1977	2398
2064	2398
861	1625
967	1529
967	1777
967	1824
1529	1777
1529	1824
1777	1824
85	304
85	691
304	691
1134	1502
1655	1755
1655	2206
1755	2206
1651	2223
609	1439
736	962
523	1801
523	1915
523	2309
1801	1915
1801	2309
1915	2309
249	1496
249	2085
1496	2085
517	1828
517	2036
517	2195
1828	2036
1828	2195
2036	2195
1378	1996
116	733
116	918
116	1329
116	1794
733	918
733	1329
733	1794
918	1329
918	1794
1329	1794
182	1820
446	488
829	912
86	197
86	955
86	970
197	955
197	970
955	970
46	418
46	433
46	762
46	1189
418	433
418	762
418	1189
433	762
433	1189
762	1189
45	673
1541	1731
26	1580
1280	1304
1280	2215
1280	2256
1304	2215
1304	2256
2215	2256
188	457
188	572
188	1141
457	572
457	1141
572	1141
112	1118
112	1404
112	2167
1118	1404
1118	2167
1404	2167
10	1900
816	1764
816	2159
1764	2159
1148	1186
24	1873
1845	1921
1282	1710
1282	1890
1282	1979
1710	1890
1710	1979
1890	1979
744	1029
744	1612
1029	1612
33	617
33	1934
617	1934
255	1004
805	909
805	1527
909	1527
693	897
693	1055
897	1055
808	2373
526	595
526	731
526	1849
526	2117
595	731
595	1849
595	2117
731	1849
731	2117
1849	2117
295	573
295	1003
295	1192
573	1003
573	1192
1003	1192
350	476
350	753
476	753
620	1689
542	1319
620	1689
226	1798
1173	1212
283	325
766	1074
766	2382
1074	2382
261	272
261	288
261	781
261	1620
272	288
272	781
272	1620
288	781
288	1620
781	1620
259	481
109	1238
655	2091
694	2326
1073	1227
142	481
92	442
92	1538
442	1538
794	920
1259	2077
226	636
226	1678
226	1984
636	1678
636	1984
1678	1984
34	356
34	764
356	764
683	1855
431	2219
466	645
466	2342
645	2342
44	55
200	547
1229	1403
878	1477
878	1835
1477	1835
539	1579
539	2254
1579	2254
2182	2279
95	1242
8	168
8	239
8	1556
8	1662
168	239
168	1556
168	1662
239	1556
239	1662
1556	1662
1261	1491
881	2287
714	864
1110	1117
531	1528
531	1916
531	1937
531	2072
1528	1916
1528	1937
1528	2072
1916	1937
1916	2072
1937	2072
1425	1490
78	114
883	1287
1162	1591
48	631
48	1006
631	1006
148	1259
148	1578
1259	1578
126	167
939	1620
1277	1574
572	1842
330	883
330	985
883	985
1687	1920
825	1139
408	1814
408	1906
408	2221
1814	1906
1814	2221
1906	2221
800	1455
1428	1608
1035	1888
185	1600
1603	1634
1603	1653
1603	1749
1603	2169
1634	1653
1634	1749
1634	2169
1653	1749
1653	2169
1749	2169
376	739
376	963
739	963
762	898
762	1175
898	1175
10	2252
442	1538
770	1790
770	2151
1790	2151
1407	2263
223	404
223	647
223	1293
223	1711
404	647
404	1293
404	1711
647	1293
647	1711
1293	1711
890	1233
890	1295
890	1444
1233	1295
1233	1444
1295	1444
1669	1827
260	289
260	545
260	2339
289	545
289	2339
545	2339
150	1829
150	2166
1829	2166
356	1268
355	373
355	499
355	2093
373	499
373	2093
499	2093
173	392
810	929
51	1895
318	1570
373	493
373	499
373	2214
493	499
493	2214
499	2214
400	2219
1400	1924
738	1180
1052	1680
1090	1990
939	1847
2180	2339
673	1164
673	1257
673	1463
1164	1257
1164	1463
1257	1463
601	1721
1261	1461
1945	1955
1586	2004
399	782
399	1418
399	1554
782	1418
782	1554
1418	1554
1198	2230
107	1144
59	2323
555	1713
555	2148
1713	2148
282	400
282	1532
282	2170
282	2242
282	2327
400	1532
400	2170
400	2242
400	2327
1532	2170
1532	2242
1532	2327
2170	2242
2170	2327
2242	2327
639	1685
639	1765
639	1897
639	1898
1685	1765
1685	1897
1685	1898
1765	1897
1765	1898
1897	1898
1865	1920
265	655
265	1326
265	1503
265	2211
655	1326
655	1503
655	2211
1326	1503
1326	2211
1503	2211
407	1596
407	1691
407	2213
1596	1691
1596	2213
1691	2213
1295	1433
586	1854
522	550
522	1833
550	1833
1363	2287
83	1011
341	1607
1853	1875
1440	2328
2245	2311
921	2045
921	2350
2045	2350
1592	1654
1592	2110
1654	2110
881	1363
881	2134
1363	2134
198	1506
198	1805
1506	1805
1412	2352
197	891
197	1611
891	1611
1514	1537
1514	1821
1514	1837
1537	1821
1537	1837
1821	1837
360	1183
217	290
217	411
217	459
217	1381
217	1506
290	411
290	459
290	1381
290	1506
411	459
411	1381
411	1506
459	1381
459	1506
1381	1506
2106	2160
2106	2377
2160	2377
399	1658
125	1237
638	805
638	1371
638	1405
638	1527
805	1371
805	1405
805	1527
1371	1405
1371	1527
1405	1527
948	1090
948	2387
1090	2387
311	679
311	1034
311	1524
311	1739
311	1781
679	1034
679	1524
679	1739
679	1781
1034	1524
1034	1739
1034	1781
1524	1739
1524	1781
1739	1781
391	2225
76	328
1759	2086
160	378
243	2065
2099	2387
1316	1567
1316	2199
1567	2199
538	933
538	1519
538	1933
933	1519
933	1933
1519	1933
905	1224
42	879
42	1495
879	1495
82	1207
82	1385
1207	1385
1564	2104
696	1359
52	835
52	1880
52	2382
52	2391
835	1880
835	2382
835	2391
1880	2382
1880	2391
2382	2391
387	1536
460	1311
460	2046
1311	2046
1212	1692
220	814
427	2053
270	1659
270	2063
1659	2063
220	814
1367	1714
401	1047
1389	2381
286	1609
678	1849
664	1270
363	542
363	1320
363	2252
542	1320
542	2252
1320	2252
20	1694
20	1740
20	1969
1694	1740
1694	1969
1740	1969
104	207
1018	1249
1506	2301
1251	1288
1737	1889
1737	2170
1889	2170
820	1411
240	2206
714	818
162	172
1673	2057
1673	2343
2057	2343
859	1184
859	2155
1184	2155
1681	1880
557	1175
1172	1604
727	1716
404	866
1285	1807
914	959
991	1130
991	1339
991	1431
991	2194
1130	1339
1130	1431
1130	2194
1339	1431
1339	2194
1431	2194
318	454
318	1360
318	1825
454	1360
454	1825
1360	1825
492	964
492	1045
964	1045
192	2136
275	2211
952	953
1006	1482
1006	1986
1482	1986
372	809
880	1375
223	1419
240	2077
403	1120
555	619
191	2336
129	1226
129	1901
129	2065
129	2349
1226	1901
1226	2065
1226	2349
1901	2065
1901	2349
2065	2349
571	1884
92	1538
2249	2337
973	1367
973	1561
1367	1561
211	1819
696	748
442	1307
140	302
63	833
63	956
63	1713
63	1742
833	956
833	1713
833	1742
956	1713
956	1742
1713	1742
73	227
446	1911
224	2108
595	1321
370	1488
1186	1423
521	2181
4	1573
161	1849
1135	1142
1605	2180
383	2069
197	824
197	1809
824	1809
413	981
413	2275
981	2275
857	1534
437	1188
437	1519
1188	1519
76	290
76	1582
290	1582
301	1055
536	1097
39	296
39	1534
296	1534
933	1074
933	1079
1074	1079
1807	2022
28	57
28	688
28	1206
57	688
57	1206
688	1206
22	37
22	41
22	837
37	41
37	837
41	837
221	497
1813	2199
913	1313
537	1637
225	283
1141	1353
571	794
571	924
571	1512
571	1916
571	1924
794	924
794	1512
794	1916
794	1924
924	1512
924	1916
924	1924
1512	1916
1512	1924
1916	1924
1639	1711
1639	1983
1711	1983
1154	2279
461	1295
635	2001
380	844
380	858
380	1023
380	1924
844	858
844	1023
844	1924
858	1023
858	1924
1023	1924
376	1230
506	822
506	2268
822	2268
479	1438
1701	2151
1186	1386
1186	1469
1186	1769
1186	2121
1386	1469
1386	1769
1386	2121
1469	1769
1469	2121
1769	2121
1586	1893
1586	2205
1586	2306
1586	2335
1893	2205
1893	2306
1893	2335
2205	2306
2205	2335
2306	2335
606	672
2091	2291
528	1751
110	555
110	1593
555	1593
498	1140
1553	1774
490	1584
490	2209
490	2358
1584	2209
1584	2358
2209	2358
949	975
835	1789
835	1901
835	2392
1789	1901
1789	2392
1901	2392
2324	2382
1974	1998
362	2241
365	646
365	741
646	741
248	1254
248	1549
248	1928
1254	1549
1254	1928
1549	1928
1820	2190
1162	1800
1521	2217
268	658
268	1311
268	2015
658	1311
658	2015
1311	2015
2119	2123
663	1179
1643	2085
574	1059
574	1483
1059	1483
117	516
353	2271
820	1243
122	1261
318	680
1556	1740
274	982
274	1964
274	2397
982	1964
982	2397
1964	2397
40	54
40	58
40	874
40	1729
54	58
54	874
54	1729
58	874
58	1729
874	1729
88	700
572	1326
503	2198
144	1828
33	34
33	1521
34	1521
2007	2232
1570	2245
462	506
462	822
462	2097
506	822
506	2097
822	2097
96	406
96	887
96	2066
406	887
406	2066
887	2066
492	1172
307	658
640	659
640	1088
659	1088
556	645
556	936
556	1042
645	936
645	1042
936	1042
1938	1972
1938	2123
1938	2267
1938	2398
1972	2123
1972	2267
1972	2398
2123	2267
2123	2398
2267	2398
765	1602
765	2370
1602	2370
209	333
24	43
24	46
24	995
43	46
43	995
46	995
383	2239
880	1413
880	2313
1413	2313
1521	2217
1810	1993
78	105
122	1021
122	1103
122	1126
122	2306
1021	1103
1021	1126
1021	2306
1103	1126
1103	2306
1126	2306
1947	1981
928	1391
1764	2327
1790	1981
1790	2371
1981	2371
81	97
81	259
81	1299
97	259
97	1299
259	1299
620	2039
942	2362
289	1227
1176	2384
938	1046
103	1264
103	1819
1264	1819
604	1081
1562	1595
102	326
102	1816
102	1975
102	2399
326	1816
326	1975
326	2399
1816	1975
1816	2399
1975	2399
1742	2306
465	898
235	1267
235	1611
1267	1611
1547	2007
1558	2207
1558	2294
2207	2294
231	371
499	564
259	481
513	525
513	595
513	2050
525	595
525	2050
595	2050
1322	1386
582	794
582	1740
794	1740
686	1158
686	1999
1158	1999
38	1127
491	1504
491	2259
1504	2259
1046	1092
1396	1401
660	1123
786	1323
363	642
207	1168
328	2175
91	247
1521	2322
1416	1700
1416	2017
1416	2132
1700	2017
1700	2132
2017	2132
861	2154
1820	2190
1013	1299
544	1006
495	2375
1561	1925
602	621
602	859
602	1069
621	859
621	1069
859	1069
20	34
20	1325
20	2323
34	1325
34	2323
1325	2323
297	927
473	691
473	2257
691	2257
261	579
261	1899
579	1899
344	1453
303	1784
50	107
50	1633
107	1633
22	1234
299	405
1978	2056
1978	2312
2056	2312
433	714
749	797
473	1350
385	687
385	840
385	1907
385	2110
687	840
687	1907
687	2110
840	1907
840	2110
1907	2110
354	1828
2037	2171
1763	1775
37	348
37	923
348	923
480	1397
1282	2025
1282	2390
2025	2390
100	130
100	479
100	1949
130	479
130	1949
479	1949
1779	1867
869	2342
740	856
67	1786
470	990
192	910
192	1643
910	1643
625	1125
248	841
1498	2300
282	397
1166	1337
1337	1382
1337	2110
1382	2110
598	1250
598	1729
598	2003
1250	1729
1250	2003
1729	2003
1605	2139
1605	2277
1605	2295
2139	2277
2139	2295
2277	2295
357	1670
357	2342
357	2369
1670	2342
1670	2369
2342	2369
1015	1315
1015	1670
1315	1670
1167	1206
363	2124
1725	1806
320	777
320	1562
320	1753
320	1898
777	1562
777	1753
777	1898
1562	1753
1562	1898
1753	1898
1572	1961
1572	1983
1572	2131
1961	1983
1961	2131
1983	2131
153	1571
128	277
92	442
33	839
22	37
1078	2155
75	344
3	1349
1217	1653
515	540
1177	1532
289	2074
73	224
73	356
224	356
142	1196
142	1297
142	1305
1196	1297
1196	1305
1297	1305
1	2382
700	1266
700	1671
1266	1671
2125	2153
60	670
1470	2367
459	2080
436	1471
436	1472
436	1873
1471	1472
1471	1873
1472	1873
382	753
325	445
325	785
445	785
737	972
1337	1382
1091	1643
1091	2378
1643	2378
664	1002
664	1649
664	2080
1002	1649
1002	2080
1649	2080
27	394
1166	1479
1359	1852
209	333
209	1594
333	1594
984	1530
891	920
243	2065
1258	1894
96	387
96	1009
96	1511
387	1009
387	1511
1009	1511
439	1523
1409	1656
1409	2196
1656	2196
273	1523
1132	2374
638	1887
129	251
138	761
138	1372
761	1372
623	841
171	251
171	421
171	855
171	1576
171	1641
251	421
251	855
251	1576
251	1641
421	855
421	1576
421	1641
855	1576
855	1641
1576	1641
916	1384
916	2380
1384	2380
2096	2256
94	353
94	761
94	783
94	2248
353	761
353	783
353	2248
761	783
761	2248
783	2248
263	2170
400	2110
363	2124
1627	1991
1627	2178
1991	2178
456	1776
776	1505
776	2341
1505	2341
401	1172
401	1613
401	2223
1172	1613
1172	2223
1613	2223
1633	1801
1633	2219
1801	2219
174	351
174	1134
174	2187
351	1134
351	2187
1134	2187
874	1335
217	1514
1624	2154
1935	2202
747	1335
420	1164
353	1505
300	610
300	1212
300	1796
610	1212
610	1796
1212	1796
644	934
644	989
644	2269
934	989
934	2269
989	2269
212	408
212	601
212	1721
212	1906
408	601
408	1721
408	1906
601	1721
601	1906
1721	1906
1085	2289
174	511
174	530
511	530
481	676
481	1766
481	1980
481	2305
676	1766
676	1980
676	2305
1766	1980
1766	2305
1980	2305
450	568
45	316
1961	2120
1119	1148
1119	1338
1119	1460
1148	1338
1148	1460
1338	1460
520	826
520	901
520	914
520	993
826	901
826	914
826	993
901	914
901	993
914	993
1487	2110
1487	2370
2110	2370
73	520
73	917
520	917
307	2102
768	1321
768	1591
768	2004
768	2197
768	2284
1321	1591
1321	2004
1321	2197
1321	2284
1591	2004
1591	2197
1591	2284
2004	2197
2004	2284
2197	2284
1514	2177
1716	1984
39	326
160	276
160	408
276	408
2072	2126
284	921
235	885
300	1003
1001	1120
1001	1717
1001	2216
1120	1717
1120	2216
1717	2216
1137	1619
1137	1851
1619	1851
651	2008
651	2280
2008	2280
594	1104
1041	1983
79	1770
722	1533
180	1025
180	1398
180	2220
1025	1398
1025	2220
1398	2220
894	1459
894	2292
1459	2292
363	2124
392	2242
74	951
716	1105
716	2316
1105	2316
420	1164
77	1671
77	2054
1671	2054
127	239
127	811
127	926
239	811
239	926
811	926
1294	1410
1087	1947
2013	2219
260	289
260	1236
260	2229
260	2339
289	1236
289	2229
289	2339
1236	2229
1236	2339
2229	2339
178	296
106	938
798	1936
359	1568
626	838
626	1348
838	1348
1061	1108
1054	1724
1587	1804
414	2295
414	2306
2295	2306
266	1818
266	2150
1818	2150
230	332
230	1612
230	1728
332	1612
332	1728
1612	1728
153	430
448	1308
350	984
350	1867
984	1867
484	863
360	520
360	1059
360	1258
360	1504
360	1808
360	1816
520	1059
520	1258
520	1504
520	1808
520	1816
1059	1258
1059	1504
1059	1808
1059	1816
1258	1504
1258	1808
1258	1816
1504	1808
1504	1816
1808	1816
335	398
335	1524
335	1838
335	1997
398	1524
398	1838
398	1997
1524	1838
1524	1997
1838	1997
988	1114
2121	2122
1977	1990
232	2110
611	1568
292	396
545	592
349	2132
237	251
237	254
237	316
251	254
251	316
254	316
599	903
599	2231
903	2231
1136	1154
76	292
76	1496
292	1496
1947	1981
425	1205
415	702
415	728
702	728
382	1772
906	2185
288	298
288	929
298	929
1725	2028
1083	1395
1083	1982
1395	1982
339	1558
222	279
222	288
222	419
279	288
279	419
288	419
432	2228
756	847
48	1250
2271	2283
303	1784
833	1545
650	1177
1117	1137
1117	1340
1117	1593
1137	1340
1137	1593
1340	1593
166	579
166	923
166	971
166	2253
579	923
579	971
579	2253
923	971
923	2253
971	2253
1041	1357
564	952
564	1443
952	1443
716	812
457	1016
84	1244
131	1117
131	1340
1117	1340
480	1540
792	896
792	1111
792	2356
896	1111
896	2356
1111	2356
834	1220
834	1529
834	1734
834	1768
1220	1529
1220	1734
1220	1768
1529	1734
1529	1768
1734	1768
41	747
108	971
108	2044
971	2044
1076	1329
233	1597
233	1850
233	1902
1597	1850
1597	1902
1850	1902
982	1002
982	1695
1002	1695
890	905
22	25
22	598
25	598
434	1276
434	1318
1276	1318
2040	2314
52	1570
52	1576
1570	1576
1756	1863
126	307
412	809
377	998
377	1194
377	1654
377	1917
377	2111
998	1194
998	1654
998	1917
998	2111
1194	1654
1194	1917
1194	2111
1654	1917
1654	2111
1917	2111
243	1822
243	2289
1822	2289
245	503
245	1805
245	2268
503	1805
503	2268
1805	2268
1030	1845
1030	2383
1845	2383
72	1931
72	2007
1931	2007
1446	1507
1446	2163
1446	2322
1507	2163
1507	2322
2163	2322
198	340
1603	2008
1603	2312
2008	2312
806	1171
854	1373
161	1849
161	1114
1971	1977
59	955
59	1133
955	1133
120	1291
2313	2320
2204	2387
800	1258
800	1983
1258	1983
1615	2008
780	1135
1654	2189
803	1040
803	1346
803	1462
803	2151
1040	1346
1040	1462
1040	2151
1346	1462
1346	2151
1462	2151
168	416
310	2055
1246	2143
315	472
315	1686
472	1686
612	1346
428	483
1523	2074
1691	1756
1691	2216
1756	2216
556	805
556	1442
556	1527
805	1442
805	1527
1442	1527
328	396
766	1042
262	504
262	1068
262	1253
504	1068
504	1253
1068	1253
946	2014
74	258
74	1205
258	1205
1437	2355
1789	1933
614	779
614	1174
779	1174
359	417
47	1127
47	1826
1127	1826
351	1496
351	1504
1496	1504
668	1841
1890	2129
559	668
559	1842
559	2271
668	1842
668	2271
1842	2271
98	675
98	1598
675	1598
139	856
1912	1919
1468	2288
24	2190
757	1859
102	986
102	2133
986	2133
1007	1341
1177	1334
1177	1537
1177	1694
1334	1537
1334	1694
1537	1694
326	1048
326	1892
1048	1892
164	388
164	1095
164	2109
388	1095
388	2109
1095	2109
257	1279
130	269
2096	2252
80	169
80	1093
169	1093
151	361
151	1243
361	1243
274	305
274	496
305	496
463	2020
524	695
551	1096
367	584
471	730
471	1136
471	1794
471	2006
730	1136
730	1794
730	2006
1136	1794
1136	2006
1794	2006
1337	1448
72	2374
217	353
69	1561
69	1562
69	1688
69	2237
1561	1562
1561	1688
1561	2237
1562	1688
1562	2237
1688	2237
551	1807
1048	2231
451	874
505	1368
2218	2232
1190	1503
1190	1782
1503	1782
1060	1263
194	270
950	1154
1099	2102
2149	2265
362	2393
189	677
189	1301
677	1301
349	1486
1285	1628
1285	1878
1285	2120
1628	1878
1628	2120
1878	2120
659	907
1425	1940
1425	2045
1940	2045
896	1096
1028	1310
1678	1805
1384	2264
1384	2351
2264	2351
659	1903
746	1733
746	1744
746	2123
746	2137
1733	1744
1733	2123
1733	2137
1744	2123
1744	2137
2123	2137
18	1072
546	654
119	227
119	1817
119	2027
119	2112
227	1817
227	2027
227	2112
1817	2027
1817	2112
2027	2112
12	2327
1513	1521
1513	2322
1521	2322
1054	1098
2232	2323
201	777
201	1110
777	1110
1319	1434
1319	1485
1434	1485
695	732
695	802
732	802
1588	2147
948	978
948	1877
978	1877
800	1343
800	1841
1343	1841
799	2226
11	15
11	1117
15	1117
1084	2227
494	1207
2238	2334
1050	1928
504	1142
1445	1599
1127	2275
583	1693
113	1540
113	2224
1540	2224
420	1841
522	1060
620	728
620	1807
728	1807
963	1310
963	1569
963	2027
1310	1569
1310	2027
1569	2027
50	371
50	613
371	613
327	854
1507	1547
1504	1767
927	1347
810	1907
880	1710
1268	1861
1268	2247
1861	2247
103	621
103	985
103	1422
621	985
621	1422
985	1422
619	1166
619	2173
1166	2173
203	648
203	780
648	780
1299	1599
1299	2149
1599	2149
133	1509
133	2165
1509	2165
397	444
397	1010
397	1022
397	1320
444	1010
444	1022
444	1320
1010	1022
1010	1320
1022	1320
1256	1260
362	824
192	2340
287	1836
703	735
756	1292
756	1725
1292	1725
924	1460
696	1359
726	2203
884	2344
214	314
592	1928
592	1993
1928	1993
273	1792
274	496
274	916
274	1127
496	916
496	1127
916	1127
1982	2019
1330	1467
1330	1941
1330	2318
1467	1941
1467	2318
1941	2318
376	1518
843	901
843	982
843	1626
843	1799
901	982
901	1626
901	1799
982	1626
982	1799
1626	1799
1274	1558
1274	2082
1558	2082
821	1162
51	427
476	1101
476	1189
476	1864
476	2269
1101	1189
1101	1864
1101	2269
1189	1864
1189	2269
1864	2269
1038	1052
434	704
551	703
399	972
399	2158
972	2158
1567	1890
1567	1966
1567	2129
1890	1966
1890	2129
1966	2129
1232	1324
66	377
66	1788
66	2072
377	1788
377	2072
1788	2072
574	596
1	2275
322	2105
322	2146
2105	2146
2156	2285
342	2260
1700	2134
2130	2139
1818	2177
1650	1763
1650	1841
1763	1841
74	1648
243	278
243	1533
243	2289
278	1533
278	2289
1533	2289
51	372
563	606
2182	2298
1521	2217
1521	2283
2217	2283
1988	2264
534	1734
1699	2147
869	1268
869	1285
869	1868
869	1958
1268	1285
1268	1868
1268	1958
1285	1868
1285	1958
1868	1958
555	696
555	1405
696	1405
1019	1587
1019	1986
1587	1986
57	2233
57	2317
2233	2317
62	1083
1813	2199
127	1504
127	1834
127	2111
1504	1834
1504	2111
1834	2111
298	1625
1514	2042
55	343
55	1237
343	1237
941	2358
445	862
445	1262
445	2389
862	1262
862	2389
1262	2389
1322	2223
657	2173
1108	1518
1108	1811
1518	1811
310	391
310	661
391	661
1961	2130
378	2029
1107	1886
224	233
346	605
346	955
605	955
135	1017
126	529
126	1851
529	1851
49	907
252	1136
252	1329
1136	1329
926	1241
59	575
648	2236
578	1626
621	1076
1053	1166
1750	2310
120	918
120	1266
918	1266
53	1543
41	1359
614	730
614	818
614	1069
614	1161
730	818
730	1069
730	1161
818	1069
818	1161
1069	1161
2139	2163
2139	2320
2163	2320
297	976
297	1412
976	1412
435	1847
581	843
581	1062
581	1432
581	2188
843	1062
843	1432
843	2188
1062	1432
1062	2188
1432	2188
98	325
98	1376
325	1376
62	122
62	155
62	1344
62	1516
62	1525
122	155
122	1344
122	1516
122	1525
155	1344
155	1516
155	1525
1344	1516
1344	1525
1516	1525
848	1368
848	1486
848	2357
1368	1486
1368	2357
1486	2357
322	745
301	1449
301	2262
1449	2262
62	715
1034	1239
173	298
173	397
173	994
173	1109
298	397
298	994
298	1109
397	994
397	1109
994	1109
586	2359
2238	2282
578	1941
636	1618
636	2325
1618	2325
143	881
143	2352
881	2352
389	453
389	949
389	1882
453	949
453	1882
949	1882
337	1683
205	988
205	1115
205	1391
988	1115
988	1391
1115	1391
38	232
38	245
38	1576
38	2023
232	245
232	1576
232	2023
245	1576
245	2023
1576	2023
143	1202
2119	2123
123	820
152	814
600	827
600	829
827	829
517	1497
517	1792
517	2135
1497	1792
1497	2135
1792	2135
1249	1255
1833	2339
110	384
110	429
110	2022
384	429
384	2022
429	2022
336	1976
156	388
156	741
156	1633
388	741
388	1633
741	1633
68	245
68	1463
68	1872
68	2310
245	1463
245	1872
245	2310
1463	1872
1463	2310
1872	2310
22	837
338	842
338	858
842	858
469	731
469	1858
731	1858
543	2298
158	1727
158	1914
1727	1914
829	873
829	2371
873	2371
177	1049
1535	2379
364	823
331	877
272	1045
1882	1918
674	1015
1366	1787
1973	1974
148	238
148	1259
148	2127
238	1259
238	2127
1259	2127
253	1016
1372	1459
2259	2304
389	2098
175	376
226	1798
561	1417
561	1443
1417	1443
1293	1383
1293	2331
1383	2331
640	969
640	1088
640	1674
640	1809
969	1088
969	1674
969	1809
1088	1674
1088	1809
1674	1809
337	1236
354	528
354	637
528	637
548	848
548	1077
848	1077
346	640
1152	1636
1152	1730
1636	1730
339	2331
750	1583
1815	2011
1171	1855
87	257
87	812
257	812
184	297
184	390
184	407
184	1691
297	390
297	407
297	1691
390	407
390	1691
407	1691
1827	2107
1827	2187
2107	2187
196	2085
196	2329
2085	2329
250	1225
250	1524
1225	1524
778	786
778	1354
786	1354
435	1847
1061	1082
1061	2202
1082	2202
246	1713
1526	2164
921	1857
1862	2188
263	801
263	1341
263	1349
263	2192
801	1341
801	1349
801	2192
1341	1349
1341	2192
1349	2192
177	1209
177	1763
1209	1763
1203	2364
366	743
366	1293
743	1293
302	438
335	509
1185	1758
1951	2044
935	1040
92	937
2259	2272
2259	2282
2272	2282
261	305
261	579
305	579
180	965
180	1528
180	1813
180	2199
965	1528
965	1813
965	2199
1528	1813
1528	2199
1813	2199
2065	2184
71	2353
256	396
256	1511
256	1726
396	1511
396	1726
1511	1726
1024	1362
1838	2201
1165	1199
452	1606
452	1710
452	1857
452	1956
1606	1710
1606	1857
1606	1956
1710	1857
1710	1956
1857	1956
1086	2058
620	1499
1522	2358
69	536
69	637
536	637
474	1260
161	544
161	2384
544	2384
113	1520
113	1994
1520	1994
1769	1835
1844	1846
1844	1847
1846	1847
1529	2062
160	1772
280	368
121	2346
121	2369
2346	2369
159	1396
159	2018
159	2235
1396	2018
1396	2235
2018	2235
1221	2392
519	845
514	849
67	2044
1768	2330
1925	2051
16	451
16	574
451	574
110	429
110	1399
110	1626
110	2232
429	1399
429	1626
429	2232
1399	1626
1399	2232
1626	2232
335	509
335	558
335	905
509	558
509	905
558	905
1613	1848
1613	1895
1613	2074
1848	1895
1848	2074
1895	2074
776	2332
1502	1510
1502	1878
1502	1975
1510	1878
1510	1975
1878	1975
80	334
977	2394
1038	1692
1038	2091
1692	2091
1115	1419
754	1692
385	963
385	1811
963	1811
1048	2163
699	904
699	2389
904	2389
50	673
120	996
1170	1298
1170	1378
1298	1378
1544	1622
1544	2108
1622	2108
614	1174
392	1501
392	2087
1501	2087
123	458
123	524
458	524
709	1013
1421	1467
1298	1408
103	120
103	968
120	968
139	552
139	2128
552	2128
589	877
539	2172
538	1822
877	1210
593	930
593	1778
593	2002
930	1778
930	2002
1778	2002
202	367
202	543
367	543
1669	2209
1015	2308
470	1608
213	944
213	1646
213	2102
944	1646
944	2102
1646	2102
185	186
185	1378
185	2063
186	1378
186	2063
1378	2063
1134	2266
2204	2247
123	908
123	1178
123	1211
123	1352
908	1178
908	1211
908	1352
1178	1211
1178	1352
1211	1352
195	2083
75	857
75	1206
75	1430
857	1206
857	1430
1206	1430
382	1759
382	2260
1759	2260
940	2379
1146	1891
112	1137
112	2394
1137	2394
811	1638
811	2248
1638	2248
945	1310
575	1020
1072	1368
1903	2067
1026	1112
494	1106
42	725
42	2148
725	2148
1850	2110
1850	2263
2110	2263
358	1767
855	1695
855	1760
855	1991
1695	1760
1695	1991
1760	1991
6	295
6	340
295	340
345	2244
482	1155
204	878
204	1003
878	1003
759	926
107	309
107	392
107	1630
107	2149
309	392
309	1630
309	2149
392	1630
392	2149
1630	2149
2238	2282
1002	1100
1002	1778
1100	1778
72	365
643	673
643	826
643	1429
673	826
673	1429
826	1429
649	874
1764	2052
137	441
137	719
137	1081
441	719
441	1081
719	1081
1505	1639
1114	1699
568	623
1815	2037
329	828
229	318
229	706
229	774
318	706
318	774
706	774
42	451
42	649
42	837
42	874
42	1312
451	649
451	837
451	874
451	1312
649	837
649	874
649	1312
837	874
837	1312
874	1312
1086	1577
728	1198
106	349
106	1595
106	2119
106	2144
349	1595
349	2119
349	2144
1595	2119
1595	2144
2119	2144
60	271
60	1358
60	1922
271	1358
271	1922
1358	1922
2008	2112
1458	1916
185	650
185	1104
650	1104
1022	1521
1336	1701
497	1771
104	1133
1939	2347
71	1890
71	2287
1890	2287
413	2314
669	1108
1510	2010
1510	2182
2010	2182
26	2055
479	1696
1130	1292
665	706
665	1001
665	1332
665	1400
706	1001
706	1332
706	1400
1001	1332
1001	1400
1332	1400
1065	2074
447	2356
1584	1649
953	2157
1037	1042
947	1046
947	1067
947	1471
1046	1067
1046	1471
1067	1471
939	1847
2303	2338
241	285
241	660
241	1618
241	1947
285	660
285	1618
285	1947
660	1618
660	1947
1618	1947
17	51
67	1978
67	1990
67	2116
1978	1990
1978	2116
1990	2116
305	496
819	1477
521	1577
1551	1837
85	205
85	886
85	1272
85	1561
205	886
205	1272
205	1561
886	1272
886	1561
1272	1561
659	1088
659	1141
1088	1141
593	1148
593	1285
593	1752
593	2040
593	2140
593	2161
1148	1285
1148	1752
1148	2040
1148	2140
1148	2161
1285	1752
1285	2040
1285	2140
1285	2161
1752	2040
1752	2140
1752	2161
2040	2140
2040	2161
2140	2161
110	1896
110	2247
110	2290
1896	2247
1896	2290
2247	2290
1523	1776
1259	1475
486	2235
1185	1515
597	603
597	927
597	1014
597	1513
603	927
603	1014
603	1513
927	1014
927	1513
1014	1513
472	685
472	838
685	838
129	849
1179	1428
931	1026
489	1570
489	1932
1570	1932
1112	1380
1112	2291
1380	2291
1235	1442
1235	1742
1235	2128
1442	1742
1442	2128
1742	2128
1523	1582
1523	1734
1523	1872
1523	2342
1582	1734
1582	1872
1582	2342
1734	1872
1734	2342
1872	2342
314	812
314	1494
812	1494
49	1248
49	1333
49	1999
49	2296
1248	1333
1248	1999
1248	2296
1333	1999
1333	2296
1999	2296
1583	1606
698	751
6	30
6	324
30	324
480	1363
480	1708
480	1911
480	2224
480	2379
1363	1708
1363	1911
1363	2224
1363	2379
1708	1911
1708	2224
1708	2379
1911	2224
1911	2379
2224	2379
826	1010
826	1058
826	1250
1010	1058
1010	1250
1058	1250
622	1046
578	2172
244	700
244	815
244	1846
244	2239
700	815
700	1846
700	2239
815	1846
815	2239
1846	2239
208	1375
599	2040
599	2290
2040	2290
600	799
600	922
600	1414
600	1780
600	2105
799	922
799	1414
799	1780
799	2105
922	1414
922	1780
922	2105
1414	1780
1414	2105
1780	2105
944	1188
445	976
445	1949
445	2154
976	1949
976	2154
1949	2154
800	975
800	2278
975	2278
7	35
902	1338
902	1963
1338	1963
1348	2078
29	1211
509	551
1350	1639
1350	1818
1639	1818
974	1704
974	2267
1704	2267
697	977
1116	1266
2299	2311
86	422
86	1903
422	1903
397	466
722	1428
949	2154
548	744
787	2394
958	1401
222	721
222	1031
721	1031
63	1713
63	2273
1713	2273
734	1159
734	1571
1159	1571
41	470
41	1302
41	1311
41	2195
470	1302
470	1311
470	2195
1302	1311
1302	2195
1311	2195
298	347
298	1165
347	1165
301	1085
301	1311
301	1710
1085	1311
1085	1710
1311	1710
289	1227
289	1830
1227	1830
630	638
630	2396
638	2396
1263	1690
652	2059
746	845
746	2140
845	2140
69	423
69	729
69	1640
69	1751
423	729
423	1640
423	1751
729	1640
729	1751
1640	1751
822	1709
822	2220
822	2354
1709	2220
1709	2354
2220	2354
1535	1545
637	1356
600	932
600	2360
932	2360
2276	2321
1011	2353
1156	2000
580	834
580	1319
834	1319
1752	1989
206	227
206	570
206	2393
227	570
227	2393
570	2393
813	2027
507	1043
453	535
980	2198
722	1533
368	2160
149	184
149	270
149	407
149	1876
184	270
184	407
184	1876
270	407
270	1876
407	1876
418	1025
199	529
635	2365
653	2091
215	2162
215	2307
2162	2307
708	1351
708	2280
1351	2280
790	1695
526	1063
526	1760
526	2004
1063	1760
1063	2004
1760	2004
357	508
357	636
508	636
627	1993
108	2395
1191	1451
1504	1628
1504	1644
1628	1644
2299	2311
1302	2065
1302	2280
2065	2280
454	490
454	562
490	562
530	1666
258	1059
621	1794
566	723
566	1058
723	1058
1043	1117
1043	1398
1043	1692
1043	1979
1117	1398
1117	1692
1117	1979
1398	1692
1398	1979
1692	1979
340	410
340	1256
340	2088
410	1256
410	2088
1256	2088
898	1492
136	220
136	821
220	821
615	2015
2128	2133
1	1962
1534	1927
515	1652
515	1724
515	2146
515	2234
1652	1724
1652	2146
1652	2234
1724	2146
1724	2234
2146	2234
1684	1706
804	2266
1174	1188
86	341
86	753
341	753
1150	1159
1150	1739
1159	1739
1300	1601
364	827
364	1056
364	2070
827	1056
827	2070
1056	2070
1037	1118
1037	2356
1118	2356
243	2028
266	347
652	961
652	1050
652	1216
961	1050
961	1216
1050	1216
198	340
63	192
63	443
63	1142
63	1595
192	443
192	1142
192	1595
443	1142
443	1595
1142	1595
202	489
249	1902
249	2110
1902	2110
14	1512
485	918
459	1315
459	1465
459	2080
1315	1465
1315	2080
1465	2080
728	2013
1514	2096
495	725
2	442
2	1538
442	1538
135	198
135	1405
135	1589
135	2080
198	1405
198	1589
198	2080
1405	1589
1405	2080
1589	2080
479	1696
188	1539
150	405
1544	1729
1806	2361
238	1722
151	742
151	2341
742	2341
1947	1981
118	1437
118	1500
1437	1500
1202	2048
1215	2114
52	86
52	422
86	422
401	1447
1457	1970
490	836
490	1101
836	1101
1820	2190
1309	1786
701	1971
567	744
21	1058
2196	2207
179	336
179	426
179	811
336	426
336	811
426	811
104	1631
1	1198
1039	2246
359	1594
359	1975
1594	1975
718	1071
1605	2304
191	1027
455	1921
865	1222
66	274
66	445
66	483
66	1512
274	445
274	483
274	1512
445	483
445	1512
483	1512
257	1708
128	337
630	1105
618	1338
618	2308
618	2353
1338	2308
1338	2353
2308	2353
334	2006
27	794
361	1659
352	1086
352	2073
1086	2073
576	1664
576	2013
1664	2013
527	681
800	920
800	1149
920	1149
139	915
1138	1324
1138	1889
1138	2030
1324	1889
1324	2030
1889	2030
1677	2152
209	333
1186	1966
1186	1973
1186	2078
1966	1973
1966	2078
1973	2078
307	651
1242	1847
1317	1791
1273	1364
24	1873
242	1553
242	1774
1553	1774
1406	2231
91	1390
91	1596
1390	1596
89	786
710	1086
710	1680
1086	1680
206	639
435	919
887	2218
161	1849
1582	1902
308	742
308	1638
308	1732
742	1638
742	1732
1638	1732
413	898
2271	2294
311	1296
311	1355
1296	1355
63	1065
63	1322
1065	1322
1	366
1	1196
1	1728
366	1196
366	1728
1196	1728
1449	2376
828	880
734	2201
724	729
724	1640
729	1640
793	1147
793	1413
793	1941
793	2081
1147	1413
1147	1941
1147	2081
1413	1941
1413	2081
1941	2081
478	1317
572	1842
219	1617
219	1723
219	2337
1617	1723
1617	2337
1723	2337
1498	1515
1498	1579
1515	1579
2268	2383
1536	2258
1338	1384
567	630
567	666
567	1203
567	2154
630	666
630	1203
630	2154
666	1203
666	2154
1203	2154
1803	2249
146	454
2257	2309
2257	2348
2309	2348
909	1948
248	2316
593	930
593	958
930	958
296	411
296	1728
411	1728
1177	1745
738	1798
1690	1768
1690	2255
1768	2255
667	985
1600	2135
349	1780
45	1618
45	2347
1618	2347
157	1456
2259	2282
2259	2329
2282	2329
577	2210
50	673
541	1125
1470	2187
746	1704
746	1950
746	1957
1704	1950
1704	1957
1950	1957
2	92
2	442
2	1538
92	442
92	1538
442	1538
1976	2075
49	331
49	508
49	1885
331	508
331	1885
508	1885
206	239
206	1556
239	1556
682	898
306	1516
306	2184
1516	2184
704	1863
84	85
84	249
84	783
85	249
85	783
249	783
340	1775
265	970
265	1212
970	1212
532	1523
532	2180
1523	2180
340	1515
501	1921
42	57
42	451
57	451
1264	1388
101	2000
101	2332
2000	2332
657	2159
1764	2392
65	398
65	1354
65	2094
398	1354
398	2094
1354	2094
22	37
22	41
22	837
37	41
37	837
41	837
858	1217
250	311
1942	1979
1942	1982
1979	1982
210	2165
246	384
246	836
246	1663
384	836
384	1663
836	1663
534	689
534	1789
689	1789
1316	1623
1316	2111
1623	2111
307	2142
713	2352
468	641
1519	1646
2174	2240
428	1530
644	1581
512	829
512	1883
829	1883
39	1635
786	1150
383	818
383	1787
818	1787
424	2155
821	1596
455	707
933	1044
933	1074
1044	1074
1700	2115
921	1868
1285	1952
927	957
244	1832
1704	1938
181	1073
181	2292
1073	2292
2160	2256
145	1037
145	1918
145	2022
1037	1918
1037	2022
1918	2022
1295	1663
1457	1623
1457	1807
1623	1807
2228	2230
513	935
513	977
513	2293
935	977
935	2293
977	2293
755	844
755	2019
844	2019
1562	1595
1812	2115
1611	1837
72	1422
842	2166
709	1257
165	1377
2160	2297
2149	2292
296	1114
355	846
355	1120
846	1120
458	625
383	1844
175	1082
176	2194
518	930