636	893
636	1700
636	2176
893	1700
893	2176
1700	2176
1399	2168
313	880
334	1853
180	1806
132	1061
132	1866
1061	1866
1246	1616
1246	1858
1246	1907
1616	1858
1616	1907
1858	1907
286	378
286	1094
286	1144
378	1094
378	1144
1094	1144
721	794
241	695
241	909
695	909
256	371
256	465
371	465
187	572
187	2058
572	2058
40	1563
317	1256
317	1572
1256	1572
305	1699
360	1844
502	2190
1820	1854
1820	1856
1854	1856
1503	2011
1130	2201
902	2139
249	374
249	1462
249	1490
249	2106
374	1462
374	1490
374	2106
1462	1490
1462	2106
1490	2106
171	194
171	1565
171	1843
194	1565
194	1843
1565	1843
753	1256
1097	1142
1097	1312
1097	1922
1097	2193
1142	1312
1142	1922
1142	2193
1312	1922
1312	2193
1922	2193
454	654
454	903
454	1973
654	903
654	1973
903	1973
754	2009
1134	2057
485	650
191	403
278	854
437	602
437	1237
602	1237
1297	1807
391	860
391	1390
860	1390
704	1234
704	1695
704	1802
1234	1695
1234	1802
1695	1802
89	1212
89	1902
1212	1902
687	916
687	2118
916	2118
1407	2072
1407	2169
2072	2169
718	1325
27	639
27	1925
639	1925
293	562
777	1686
799	1008
863	920
125	1418
125	1782
1418	1782
408	520
774	1291
774	1731
774	1751
774	2085
1291	1731
1291	1751
1291	2085
1731	1751
1731	2085
1751	2085
133	255
462	1599
287	1903
654	1955
99	1927
483	820
161	1299
161	1587
1299	1587
776	1483
472	577
472	854
577	854
512	616
150	1138
150	1163
1138	1163
1219	1276
1013	1668
1147	2127
1147	2201
2127	2201
1693	2054
210	289
210	1557
289	1557
399	2185
64	80
642	967
642	1821
642	1900
967	1821
967	1900
1821	1900
434	816
504	834
1521	2134
170	319
170	663
170	1627
319	663
319	1627
663	1627
167	307
727	989
779	1721
779	2093
1721	2093
1629	2102
868	1510
643	1139
284	850
284	1657
284	1713
284	1931
850	1657
850	1713
850	1931
1657	1713
1657	1931
1713	1931
705	2038
944	1195
247	321
247	565
247	670
247	2061
247	2185
321	565
321	670
321	2061
321	2185
565	670
565	2061
565	2185
670	2061
670	2185
2061	2185
1630	1957
1630	2038
1957	2038
867	931
1392	1619
1503	1542
1980	2051
1423	1498
1480	1597
421	747
421	1324
747	1324
790	801
261	850
1588	1717
239	1056
239	2094
1056	2094
1525	1613
309	1109
309	1601
1109	1601
918	1018
918	2208
1018	2208
101	904
101	955
101	956
904	955
904	956
955	956
320	1967
1873	2079
156	543
156	687
156	826
543	687
543	826
687	826
1124	1345
1212	1229
637	1049
1563	1592
1563	2080
1592	2080
106	825
1086	1231
263	1372
860	963
1615	1942
1820	1854
1690	1774
359	1393
446	1948
662	675
662	976
662	1255
675	976
675	1255
976	1255
359	1881
1054	1172
899	988
261	1771
1208	1882
1226	1287
1226	1385
1226	2111
1287	1385
1287	2111
1385	2111
536	598
1632	1872
734	1540
734	1816
734	1882
734	1989
1540	1816
1540	1882
1540	1989
1816	1882
1816	1989
1882	1989
1	1264
1	1511
1	1828
1264	1511
1264	1828
1511	1828
388	1452
825	1498
825	1641
1498	1641
1799	2189
223	770
429	2077
296	1578
121	1854
153	176
153	1647
176	1647
117	1404
117	1939
1404	1939
466	594
466	1476
466	1826
594	1476
594	1826
1476	1826
1716	2028
1716	2094
1716	2203
2028	2094
2028	2203
2094	2203
450	1461
1093	1122
1093	1712
1093	1874
1093	1992
1122	1712
1122	1874
1122	1992
1712	1874
1712	1992
1874	1992
126	332
205	574
205	1021
205	1119
574	1021
574	1119
1021	1119
144	267
144	274
144	1635
144	1993
267	274
267	1635
267	1993
274	1635
274	1993
1635	1993
168	383
168	601
383	601
546	1733
53	93
53	99
53	124
53	1865
53	2056
93	99
93	124
93	1865
93	2056
99	124
99	1865
99	2056
124	1865
124	2056
1865	2056
911	2181
154	1560
432	1435
63	717
63	981
63	1947
63	2053
717	981
717	1947
717	2053
981	1947
981	2053
1947	2053
1415	1931
343	722
1403	2172
30	303
30	661
30	1566
303	661
303	1566
661	1566
72	216
1427	1430
1578	1913
77	113
74	284
568	1216
92	466
489	1330
489	1667
1330	1667
1804	2165
728	764
426	810
426	864
426	1533
810	864
810	1533
864	1533
307	1746
828	986
828	1297
828	1365
986	1297
986	1365
1297	1365
906	1862
906	1928
1862	1928
712	767
712	1075
767	1075
209	744
209	1104
744	1104
326	572
326	612
326	741
572	612
572	741
612	741
815	932
815	1489
815	2145
815	2201
932	1489
932	2145
932	2201
1489	2145
1489	2201
2145	2201
1215	1543
1215	2151
1543	2151
458	593
458	710
593	710
2025	2077
1032	2041
1691	2156
722	1503
1445	1659
134	182
134	1015
134	1477
182	1015
182	1477
1015	1477
516	2050
1820	1854
131	608
694	825
694	1021
825	1021
1493	1697
1000	1337
106	1663
1313	2073
706	852
1429	2108
72	341
529	864
1817	2110
457	588
457	737
588	737
465	1550
465	2067
1550	2067
1303	1360
1303	1944
1360	1944
865	894
955	2087
1030	1878
1245	1708
1245	1827
1708	1827
907	2048
317	906
243	1326
243	1973
1326	1973
283	434
283	1467
434	1467
1238	1785
96	1605
891	1738
113	1542
1213	1292
1415	1931
338	1391
1240	1522
1240	2171
1522	2171
399	1139
388	682
388	767
388	775
388	923
388	1208
682	767
682	775
682	923
682	1208
767	775
767	923
767	1208
775	923
775	1208
923	1208
1423	1429
397	1234
397	1607
1234	1607
541	1367
694	942
84	91
84	535
84	648
84	963
91	535
91	648
91	963
535	648
535	963
648	963
258	1134
258	1503
258	1530
258	1799
1134	1503
1134	1530
1134	1799
1503	1530
1503	1799
1530	1799
173	2054
1799	2189
365	1093
365	2059
1093	2059
495	732
613	1887
692	729
692	1611
729	1611
204	1988
89	370
89	717
89	1148
89	2035
370	717
370	1148
370	2035
717	1148
717	2035
1148	2035
40	217
40	833
40	1346
40	1682
217	833
217	1346
217	1682
833	1346
833	1682
1346	1682
1236	1544
1169	1225
2043	2093
2043	2163
2093	2163
535	1445
307	686
307	707
307	778
307	1746
307	1785
686	707
686	778
686	1746
686	1785
707	778
707	1746
707	1785
778	1746
778	1785
1746	1785
40	561
40	1895
561	1895
50	592
805	843
1795	2172
643	679
643	1046
643	1305
679	1046
679	1305
1046	1305
1085	1286
494	1516
1398	2074
225	1523
225	1908
1523	1908
355	1786
80	188
593	1628
471	754
471	2161
754	2161
797	880
797	2114
880	2114
315	468
315	472
468	472
49	415
1183	2066
442	1177
49	738
359	1821
359	1979
1821	1979
463	1206
463	1901
463	1966
1206	1901
1206	1966
1901	1966
596	908
596	1619
596	1872
908	1619
908	1872
1619	1872
1692	1946
301	507
242	379
29	472
29	738
29	785
472	738
472	785
738	785
408	614
408	704
408	1695
614	704
614	1695
704	1695
1450	2176
158	1150
158	1285
1150	1285
1415	1931
1187	1352
40	1391
410	1081
410	1399
1081	1399
922	1216
232	635
232	793
232	1152
232	1701
635	793
635	1152
635	1701
793	1152
793	1701
1152	1701
81	471
1	1968
110	1184
110	1438
110	1544
1184	1438
1184	1544
1438	1544
114	240
114	486
114	1060
240	486
240	1060
486	1060
1338	1356
335	2060
1724	1952
439	449
439	746
439	1329
449	746
449	1329
746	1329
135	398
135	1306
398	1306
490	947
1241	1687
1354	1658
1142	1670
484	878
484	1154
878	1154
663	2191
46	54
1035	1512
1467	1479
1699	2206
86	861
86	1625
861	1625
222	301
222	389
301	389
1088	1927
690	975
690	1038
690	1098
690	1202
975	1038
975	1098
975	1202
1038	1098
1038	1202
1098	1202
612	1182
187	1849
111	856
111	1449
111	1917
856	1449
856	1917
1449	1917
186	1079
186	1149
186	1176
186	1951
1079	1149
1079	1176
1079	1951
1149	1176
1149	1951
1176	1951
2102	2124
1228	1753
936	981
936	1374
981	1374
696	1822
696	1863
696	2144
1822	1863
1822	2144
1863	2144
960	1874
413	841
943	1650
943	1714
1650	1714
218	302
360	1178
179	366
897	1358
897	1840
1358	1840
672	1491
672	1592
672	1766
672	1841
1491	1592
1491	1766
1491	1841
1592	1766
1592	1841
1766	1841
1581	2009
1559	1757
874	1123
874	1687
874	1823
1123	1687
1123	1823
1687	1823
71	1419
71	1493
1419	1493
369	2064
1827	2208
875	1155
1129	1437
27	294
27	639
27	1925
294	639
294	1925
639	1925
1154	1674
440	633
1857	1989
463	523
510	580
510	779
580	779
403	664
1648	2140
1898	1985
166	443
8	31
1464	1502
1448	1859
249	1860
1405	2094
422	1415
422	1579
422	1677
422	1786
1415	1579
1415	1677
1415	1786
1579	1677
1579	1786
1677	1786
492	1153
1403	1808
679	1294
262	318
585	715
1125	1501
500	1204
2078	2153
167	1048
377	481
1388	2105
588	625
588	1861
625	1861
1028	1040
856	1087
856	1134
1087	1134
468	727
57	178
57	752
57	1014
178	752
178	1014
752	1014
512	1570
170	378
647	1372
511	926
519	550
519	610
550	610
330	443
330	2164
443	2164
665	680
665	1249
680	1249
5	18
5	254
5	634
5	1113
18	254
18	634
18	1113
254	634
254	1113
634	1113
627	1485
609	1890
578	1760
1101	2114
1380	1459
1380	1614
1459	1614
1641	1980
2104	2175
877	911
877	978
877	1426
911	978
911	1426
978	1426
329	338
329	714
329	883
329	1176
338	714
338	883
338	1176
714	883
714	1176
883	1176
26	46
26	692
46	692
1571	2012
288	1081
288	2183
1081	2183
540	1063
246	366
246	411
246	778
366	411
366	778
411	778
147	178
147	1932
178	1932
631	1959
250	969
250	1266
969	1266
1842	2141
438	578
438	595
578	595
567	591
867	931
413	1519
413	2016
413	2113
413	2129
1519	2016
1519	2113
1519	2129
2016	2113
2016	2129
2113	2129
869	994
869	1410
994	1410
662	876
662	970
662	1258
876	970
876	1258
970	1258
1642	1665
234	1135
1387	1464
1698	1734
1698	1824
1698	1942
1734	1824
1734	1942
1824	1942
1291	1851
563	1274
1030	1156
226	1656
1983	2040
235	435
457	493
375	807
375	1161
375	1757
807	1161
807	1757
1161	1757
1016	1368
1016	1990
1368	1990
268	281
268	1357
268	1505
268	2147
281	1357
281	1505
281	2147
1357	1505
1357	2147
1505	2147
637	797
1579	1846
1579	1857
1846	1857
158	1930
158	1946
1930	1946
93	1500
159	266
159	1962
159	1971
266	1962
266	1971
1962	1971
784	1962
517	1315
517	2080
1315	2080
482	1536
307	1754
1077	2027
509	1948
97	1119
97	1786
97	1936
1119	1786
1119	1936
1786	1936
70	88
70	1461
88	1461
1	1014
1394	1396
1394	1412
1396	1412
62	917
62	1481
62	1601
917	1481
917	1601
1481	1601
1634	1998
1666	1741
218	2069
1130	1265
563	748
708	1143
273	1799
122	241
769	1104
769	1398
769	1801
1104	1398
1104	1801
1398	1801
556	821
248	374
294	1204
188	700
733	934
733	1015
934	1015
550	1317
550	1557
1317	1557
942	1378
942	2205
1378	2205
740	1516
25	1750
1102	1271
1547	2189
1267	1273
961	1078
408	1159
408	1567
1159	1567
1532	1566
1675	2115
185	442
454	686
186	1702
1044	1354
1734	2046
745	798
131	1217
666	825
630	1250
623	1612
132	210
132	489
210	489
691	953
1271	2124
323	1442
596	1241
596	1360
1241	1360
1432	1490
1831	1964
373	405
476	506
476	1542
506	1542
3	927
613	1812
178	1753
1472	1739
1472	1822
1472	2000
1739	1822
1739	2000
1822	2000
305	2100
435	1739
435	1959
1739	1959
408	520
408	1802
520	1802
623	897
623	1670
897	1670
2079	2152
1799	1849
1	2
97	1469
1380	1924
629	864
45	347
45	970
347	970
302	458
1407	2072
1407	2180
2072	2180
859	1050
219	1443
219	1602
219	1893
219	2191
1443	1602
1443	1893
1443	2191
1602	1893
1602	2191
1893	2191
217	1312
1488	1891
643	876
643	892
643	1414
643	1577
876	892
876	1414
876	1577
892	1414
892	1577
1414	1577
129	2060
390	1480
390	2103
1480	2103
322	471
322	1659
322	2161
471	1659
471	2161
1659	2161
796	814
796	1070
796	1334
814	1070
814	1334
1070	1334
1035	1229
607	615
1395	1652
28	1610
723	1026
686	775
249	480
249	2019
480	2019
56	117
74	570
74	1580
570	1580
145	356
145	647
145	1402
145	1999
356	647
356	1402
356	1999
647	1402
647	1999
1402	1999
1022	1152
124	1981
743	1146
1605	2130
1937	2147
1442	1527
1442	1909
1527	1909
418	849
1511	1666
294	376
294	1925
376	1925
1010	1643
934	1015
1147	1200
1147	1960
1147	2206
1200	1960
1200	2206
1960	2206
1531	1698
1531	1984
1698	1984
1303	1755
1303	2052
1755	2052
641	1215
385	1779
1220	2071
46	486
46	626
46	649
46	736
46	1761
486	626
486	649
486	736
486	1761
626	649
626	736
626	1761
649	736
649	1761
736	1761
127	1760
1699	2091
830	1449
1995	2135
848	971
417	886
1006	1589
611	997
653	1317
1013	2101
389	1975
1204	2114
681	1824
732	1735
732	1837
732	1863
1735	1837
1735	1863
1837	1863
524	1250
309	344
309	1573
344	1573
130	352
130	723
130	1546
352	723
352	1546
723	1546
532	611
532	1961
611	1961
1836	1863
2142	2171
1403	2192
1685	2070
525	1037
525	1938
525	2042
1037	1938
1037	2042
1938	2042
427	792
427	906
427	1868
427	2050
792	906
792	1868
792	2050
906	1868
906	2050
1868	2050
1693	1789
1693	2054
1789	2054
192	1497
2167	2170
14	796
14	814
14	962
796	814
796	962
814	962
275	799
275	1771
275	2179
799	1771
799	2179
1771	2179
193	1188
193	1644
193	1952
1188	1644
1188	1952
1644	1952
1685	1868
1357	1580
97	309
1596	1662
443	553
329	627
329	1716
329	1874
627	1716
627	1874
1716	1874
509	809
252	1391
252	1895
1391	1895
1424	1531
108	1945
108	1981
1945	1981
481	1658
481	1790
1658	1790
1604	2128
1604	2185
2128	2185
282	1511
206	1200
206	1632
1200	1632
806	931
897	2089
162	255
1898	1998
251	1080
12	18
12	437
12	649
18	437
18	649
437	649
395	1186
1709	2185
1025	1107
1025	1321
1025	1359
1107	1321
1107	1359
1321	1359
1570	1802
47	1504
380	839
380	960
380	1361
839	960
839	1361
960	1361
409	1053
409	1333
1053	1333
244	298
244	731
298	731
884	924
506	754
1660	1972
799	1842
730	795
1392	2092
1041	1059
8	31
252	325
252	1425
252	1744
252	2052
325	1425
325	1744
325	2052
1425	1744
1425	2052
1744	2052
578	984
578	1204
984	1204
546	894
546	1169
894	1169
229	565
229	670
229	1865
229	1896
565	670
565	1865
565	1896
670	1865
670	1896
1865	1896
51	2027
203	1223
342	1553
82	1219
194	758
1308	2175
516	917
1745	1751
2055	2199
151	1913
120	421
120	761
120	2179
421	761
421	2179
761	2179
671	1095
671	1653
671	1673
671	1917
1095	1653
1095	1673
1095	1917
1653	1673
1653	1917
1673	1917
83	685
83	1482
685	1482
215	1637
215	1907
1637	1907
1399	2168
187	489
187	1346
489	1346
730	1439
1480	2077
484	1334
1262	2092
311	817
148	1597
389	1546
74	2011
661	768
661	1355
768	1355
423	636
488	648
488	1388
648	1388
95	246
95	310
95	394
95	1020
246	310
246	394
246	1020
310	394
310	1020
394	1020
417	1419
1391	1522
1391	1976
1522	1976
2119	2175
296	1926
1458	1501
305	416
429	1881
429	2186
1881	2186
1251	1298
639	1650
208	1033
1307	1315
1168	1433
1168	1816
1168	1933
1433	1816
1433	1933
1816	1933
1688	1847
1688	1998
1847	1998
11	19
11	58
19	58
640	645
640	705
645	705
1578	1638
22	45
22	56
45	56
788	1626
606	743
557	1088
557	1383
557	1483
557	1741
1088	1383
1088	1483
1088	1741
1383	1483
1383	1741
1483	1741
201	298
201	363
201	1901
298	363
298	1901
363	1901
373	1503
1509	1952
13	131
13	545
13	1127
131	545
131	1127
545	1127
157	1652
157	2076
1652	2076
138	1252
219	1578
219	1585
1578	1585
605	684
605	1053
605	1205
684	1053
684	1205
1053	1205
141	416
141	847
416	847
784	1830
784	1910
1830	1910
743	1025
636	2166
455	1199
552	615
992	999
369	849
1433	1898
210	1704
1395	1660
1395	1777
1660	1777
2094	2134
2168	2180
15	32
160	274
160	1813
274	1813
1232	1343
156	494
156	510
156	660
156	1348
494	510
494	660
494	1348
510	660
510	1348
660	1348
345	1120
573	1285
573	1376
573	1872
573	2130
1285	1376
1285	1872
1285	2130
1376	1872
1376	2130
1872	2130
167	1991
356	1873
688	1117
1320	1721
1320	1772
1721	1772
551	1967
261	1803
1071	1958
1177	1986
2104	2125
1088	1226
1251	1720
261	446
261	576
446	576
162	202
162	255
162	667
162	1428
162	1737
202	255
202	667
202	1428
202	1737
255	667
255	1428
255	1737
667	1428
667	1737
1428	1737
171	197
744	860
744	1084
860	1084
441	745
1718	1777
260	480
260	734
480	734
1614	1997
417	1471
975	1050
938	1086
938	1287
938	1751
938	1987
1086	1287
1086	1751
1086	1987
1287	1751
1287	1987
1751	1987
1526	1924
83	238
17	1923
371	786
32	1479
1412	1528
2041	2168
422	1810
293	914
1281	2178
930	1224
930	1283
1224	1283
1471	1681
901	1259
925	1212
925	1476
925	1591
1212	1476
1212	1591
1476	1591
1221	1624
463	523
1448	1965
1018	1835
1018	1844
1018	1998
1018	2001
1835	1844
1835	1998
1835	2001
1844	1998
1844	2001
1998	2001
464	848
18	173
18	254
173	254
533	555
533	1331
555	1331
1248	1311
469	646
205	344
205	387
205	574
205	1382
344	387
344	574
344	1382
387	574
387	1382
574	1382
1107	1705
147	247
147	274
147	1865
147	2185
247	274
247	1865
247	2185
274	1865
274	2185
1865	2185
1130	1231
1130	1816
1231	1816
1408	1579
1408	1786
1579	1786
322	601
259	2039
1111	1243
1022	1565
1022	1814
1565	1814
184	329
184	1764
184	2024
184	2186
329	1764
329	2024
329	2186
1764	2024
1764	2186
2024	2186
263	279
263	1168
263	1507
263	2027
279	1168
279	1507
279	2027
1168	1507
1168	2027
1507	2027
1296	1586
607	720
1184	1840
452	979
452	2079
979	2079
451	849
1692	1822
1692	1987
1822	1987
853	854
587	651
912	1279
409	531
409	1564
531	1564
491	1551
491	1649
1551	1649
372	689
372	762
689	762
1779	1871
434	802
434	1710
434	2112
802	1710
802	2112
1710	2112
16	1868
1158	1799
836	1836
582	747
171	228
110	1544
501	1507
829	951
829	1342
951	1342
976	1421
976	1784
1421	1784
1588	2058
294	376
294	639
376	639
632	1140
1118	2102
1848	1884
1848	1985
1884	1985
1439	1784
204	789
35	595
763	2065
508	625
508	635
625	635
1769	2081
1388	2152
282	317
282	1576
282	2195
317	1576
317	2195
1576	2195
871	1162
871	1919
1162	1919
414	433
414	622
414	1641
414	1723
433	622
433	1641
433	1723
622	1641
622	1723
1641	1723
88	1415
214	402
214	407
214	1598
214	1789
402	407
402	1598
402	1789
407	1598
407	1789
1598	1789
349	1472
332	935
332	1467
935	1467
2033	2046
1518	1791
872	911
644	762
644	773
644	848
644	1323
762	773
762	848
762	1323
773	848
773	1323
848	1323
259	584
259	1053
584	1053
4	357
4	1388
357	1388
445	457
445	667
445	1493
457	667
457	1493
667	1493
1821	1934
893	1037
893	1737
1037	1737
251	466
1105	1139
492	1616
492	1907
1616	1907
312	2158
1062	1416
1062	1484
1416	1484
452	752
1378	1998
1378	2040
1998	2040
1433	2005
1433	2031
2005	2031
824	1169
824	1718
1169	1718
792	974
5	24
382	545
382	1675
545	1675
405	1105
216	751
216	772
216	1118
216	1803
751	772
751	1118
751	1803
772	1118
772	1803
1118	1803
1132	1313
1132	1417
1313	1417
10	20
10	26
20	26
175	399
175	504
175	735
175	1814
399	504
399	735
399	1814
504	735
504	1814
735	1814
252	335
207	536
1558	1927
1558	2189
1927	2189
81	492
81	1906
492	1906
1563	1763
749	881
987	2075
872	1660
273	523
273	1770
523	1770
359	2168
542	1302
512	1030
122	1441
883	1624
1415	1931
520	1664
750	1944
706	750
1108	1789
459	1642
259	445
259	1613
259	1623
445	1613
445	1623
1613	1623
1361	1363
1361	1480
1363	1480
51	125
354	742
844	1136
364	2200
37	595
37	645
595	645
107	816
1683	1755
1210	1526
1210	1929
1210	1989
1526	1929
1526	1989
1929	1989
152	1749
710	851
619	1109
339	1174
751	2100
1004	1441
65	297
1088	2045
1088	2050
2045	2050
1116	2042
568	1615
929	1293
1040	1879
608	621
608	718
621	718
1734	1928
1734	2025
1928	2025
330	1298
409	755
106	1663
98	404
68	2127
1082	1416
1082	1529
1416	1529
48	126
1381	1879
802	919
802	1051
919	1051
1651	2081
265	734
876	1424
876	1537
876	1817
1424	1537
1424	1817
1537	1817
340	388
340	478
388	478
593	794
1807	2063
196	1418
1285	1376
1285	1392
1376	1392
27	376
27	740
376	740
171	228
171	280
171	353
228	280
228	353
280	353
150	268
1207	1379
930	992
71	351
71	813
71	1225
71	1253
351	813
351	1225
351	1253
813	1225
813	1253
1225	1253
1506	2107
1506	2157
2107	2157
541	647
541	1634
541	1804
647	1634
647	1804
1634	1804
463	819
345	1427
1208	1743
1208	1751
1208	1995
1743	1751
1743	1995
1751	1995
518	1669
1633	2034
18	1947
473	475
473	986
473	1536
473	1584
473	1789
475	986
475	1536
475	1584
475	1789
986	1536
986	1584
986	1789
1536	1584
1536	1789
1584	1789
243	957
1831	1847
1831	1924
1847	1924
727	1140
668	1190
668	1561
668	1740
668	1961
1190	1561
1190	1740
1190	1961
1561	1740
1561	1961
1740	1961
68	395
68	527
395	527
237	354
72	844
72	1538
844	1538
697	973
164	1422
665	843
1368	1598
182	1915
431	439
431	1498
439	1498
1720	1793
1720	2060
1793	2060
100	176
982	1213
2109	2119
406	1478
165	361
125	483
271	869
478	1618
478	1696
1618	1696
1769	1904
314	713
314	1245
314	1628
713	1245
713	1628
1245	1628
107	117
377	1650
230	1676
99	1706
782	1830
782	1898
1830	1898
199	207
90	236
90	375
236	375
827	1048
827	1239
827	2123
1048	1239
1048	2123
1239	2123
148	559
632	1468
632	1792
1468	1792
539	634
226	1730
428	1116
428	1284
428	1493
428	1861
1116	1284
1116	1493
1116	1861
1284	1493
1284	1861
1493	1861
316	394
316	955
394	955
342	1561
342	1679
342	1922
1561	1679
1561	1922
1679	1922
10	41
52	356
35	2169
1179	1199
1179	1918
1199	1918
335	1658
1406	1481
1406	1601
1481	1601
424	1608
1683	1829
789	911
789	979
789	1877
911	979
911	1877
979	1877
111	685
1415	1471
1415	1657
1415	1703
1471	1657
1471	1703
1657	1703
288	669
1074	1388
1541	1635
1537	2078
1102	1360
716	729
1791	2155
502	1707
502	1908
502	2051
1707	1908
1707	2051
1908	2051
1302	1869
114	713
114	855
114	888
114	1674
713	855
713	888
713	1674
855	888
855	1674
888	1674
432	473
888	1304
804	882
85	188
85	335
85	920
85	934
85	1744
188	335
188	920
188	934
188	1744
335	920
335	934
335	1744
920	934
920	1744
934	1744
403	419
403	742
403	1126
419	742
419	1126
742	1126
42	1087
27	1467
10	1031
2070	2106
180	443
180	553
180	1082
180	1704
443	553
443	1082
443	1704
553	1082
553	1704
1082	1704
111	1073
111	1328
1073	1328
11	1777
240	1507
25	1750
28	2058
1723	1797
1208	1592
1208	1854
1592	1854
724	991
724	1498
991	1498
33	1812
114	2118
962	1113
784	879
784	1413
879	1413
510	575
510	711
510	1727
510	1983
575	711
575	1727
575	1983
711	1727
711	1983
1727	1983
279	554
279	966
554	966
698	1331
598	1571
525	1244
215	1679
268	309
1212	1787
1037	2206
248	273
248	759
248	1506
248	1775
273	759
273	1506
273	1775
759	1506
759	1775
1506	1775
108	1166
673	2172
1036	1157
139	467
303	1065
91	428
91	1424
428	1424
35	341
35	744
341	744
662	1733
453	622
1399	2168
46	57
46	824
57	824
1159	1327
3	850
3	1713
850	1713
506	523
506	1466
506	2104
506	2128
506	2141
523	1466
523	2104
523	2128
523	2141
1466	2104
1466	2128
1466	2141
2104	2128
2104	2141
2128	2141
94	1172
9	163
1440	1548
694	837
197	1565
515	1792
515	1815
515	1940
1792	1815
1792	1940
1815	1940
1690	1748
77	113
855	1213
50	608
50	718
50	968
608	718
608	968
718	968
144	1189
144	1465
1189	1465
123	162
906	1506
1206	1461
314	813
314	855
314	949
813	855
813	949
855	949
1569	1796
1694	1781
1349	1493
996	1764
177	1486
740	1488
740	1521
740	1539
740	2029
1488	1521
1488	1539
1488	2029
1521	1539
1521	2029
1539	2029
719	928
742	1113
428	1424
744	1209
750	1670
750	2013
1670	2013
1330	2113
212	624
212	1218
212	1593
212	2150
624	1218
624	1593
624	2150
1218	1593
1218	2150
1593	2150
862	1163
862	1364
862	1868
1163	1364
1163	1868
1364	1868
39	88
696	1554
696	1706
1554	1706
168	671
168	1365
671	1365
1485	1783
247	2185
146	645
467	656
467	844
467	1609
656	844
656	1609
844	1609
1708	2026
340	358
340	483
340	1961
358	483
358	1961
483	1961
168	377
787	897
302	1456
358	483
358	2067
483	2067
385	2074
1323	1801
1872	2160
718	1117
299	340
1013	1564
1051	1863
303	2039
303	2185
2039	2185
652	673
652	1105
652	2063
673	1105
673	2063
1105	2063
581	1603
825	888
1823	1831
1472	1877
384	760
384	1341
384	1569
760	1341
760	1569
1341	1569
828	1194
267	1418
267	2030
267	2092
267	2173
1418	2030
1418	2092
1418	2173
2030	2092
2030	2173
2092	2173
1567	1645
1567	1773
1645	1773
1743	1796
252	633
252	1251
252	1389
252	2066
633	1251
633	1389
633	2066
1251	1389
1251	2066
1389	2066
392	1481
392	1573
392	2068
1481	1573
1481	2068
1573	2068
358	1119
566	1732
532	1711
1285	2136
82	974
325	1492
1731	1752
2095	2158
495	890
495	1915
495	2196
890	1915
890	2196
1915	2196
1477	1540
1477	1977
1540	1977
739	1984
1331	1335
1331	2198
1335	2198
188	863
188	1497
863	1497
1400	1423
1400	1700
1400	1956
1423	1700
1423	1956
1700	1956
345	1120
206	396
206	446
206	1306
206	1392
396	446
396	1306
396	1392
446	1306
446	1392
1306	1392
1472	1973
1472	2020
1472	2204
1973	2020
1973	2204
2020	2204
660	1029
384	1544
1092	2112
615	784
615	1294
615	1329
615	1413
784	1294
784	1329
784	1413
1294	1329
1294	1413
1329	1413
679	1051
295	659
295	869
295	1620
295	1661
659	869
659	1620
659	1661
869	1620
869	1661
1620	1661
376	2080
1639	1954
1241	1453
1241	2054
1453	2054
522	900
522	1405
522	1811
900	1405
900	1811
1405	1811
876	1155
809	851
809	1274
809	1381
851	1274
851	1381
1274	1381
81	167
307	1142
307	1310
1142	1310
1449	1971
1450	1938
1450	2176
1938	2176
810	1447
810	1756
1447	1756
372	1422
447	1916
123	2019
209	791
257	1545
209	791
1290	1595
1008	1942
57	816
57	1693
816	1693
271	1494
1889	1938
658	1727
643	1199
348	525
348	2102
525	2102
21	1576
21	1843
1576	1843
1036	1154
103	198
1875	2021
1181	1214
1618	1765
1618	2030
1765	2030
796	1087
796	1334
1087	1334
229	2061
2146	2187
1431	1786
694	794
694	813
694	840
794	813
794	840
813	840
1115	1263
832	1121
832	2016
1121	2016
539	1113
664	1622
1111	1489
707	1598
482	511
1211	1687
884	924
1126	1231
307	954
307	1262
307	1353
954	1262
954	1353
1262	1353
302	440
1282	1704
477	929
184	356
184	2000
356	2000
261	2066
917	918
917	963
918	963
968	1860
357	786
528	858
229	1945
537	597
513	864
183	2182
1156	1778
1156	2195
1778	2195
91	1424
2099	2183
880	1239
937	1290
937	1446
1290	1446
676	728
676	771
728	771
428	1232
137	286
808	921
808	1594
808	1623
921	1594
921	1623
1594	1623
72	216
432	1787
213	1975
575	1247
4	1460
158	1727
331	712
331	1075
331	1083
712	1075
712	1083
1075	1083
1490	2039
368	1938
188	800
188	1689
800	1689
398	945
398	2124
945	2124
680	1495
972	1054
423	1125
423	1405
1125	1405
75	280
75	1468
75	2033
280	1468
280	2033
1468	2033
40	280
40	1420
280	1420
721	737
721	1041
737	1041
1687	1894
23	38
23	43
23	812
38	43
38	812
43	812
173	1693
173	2054
1693	2054
883	1044
883	1238
1044	1238
521	1524
78	320
214	268
1082	1274
552	774
552	892
552	1398
552	1758
552	1792
774	892
774	1398
774	1758
774	1792
892	1398
892	1758
892	1792
1398	1758
1398	1792
1758	1792
1526	1593
1096	2128
448	1220
612	1874
365	818
365	831
365	985
365	1801
818	831
818	985
818	1801
831	985
831	1801
985	1801
465	1359
1583	2013
1123	1311
1123	1988
1311	1988
452	1472
452	1769
452	2152
452	2181
1472	1769
1472	2152
1472	2181
1769	2152
1769	2181
2152	2181
587	651
1459	1924
512	1631
109	537
109	1478
109	1634
109	1943
537	1478
537	1634
537	1943
1478	1634
1478	1943
1634	1943
1438	1654
402	1300
1470	1596
1470	2064
1596	2064
915	939
449	656
901	1669
2170	2206
1848	1871
351	623
351	721
623	721
237	1184
237	1434
237	1805
1184	1434
1184	1805
1434	1805
1699	2047
1103	1680
1407	2072
202	255
202	1236
255	1236
1985	1989
1827	2208
1022	1530
1022	1715
1022	1953
1530	1715
1530	1953
1715	1953
555	1020
115	501
338	2120
796	1173
120	1191
401	1440
401	1621
1440	1621
946	1241
946	1839
1241	1839
41	56
41	59
41	846
41	1611
56	59
56	846
56	1611
59	846
59	1611
846	1611
87	680
735	2150
742	777
553	1251
553	1425
1251	1425
141	1707
33	35
33	1407
35	1407
1880	2084
1456	2095
449	490
449	1964
490	1964
95	859
477	697
477	1111
697	1111
291	636
291	864
291	1405
291	1969
636	864
636	1405
636	1969
864	1405
864	1969
1405	1969
3	1198
617	637
617	1049
617	2060
637	1049
637	2060
1049	2060
538	622
538	903
538	1003
622	903
622	1003
903	1003
208	1816
208	1846
208	1989
208	2116
1816	1846
1816	1989
1816	2116
1846	1989
1846	2116
1989	2116
745	1487
200	317
25	45
25	48
25	619
25	649
25	958
45	48
45	619
45	649
45	958
48	619
48	649
48	958
619	649
619	958
649	958
368	1408
368	2089
1408	2089
852	1336
122	531
77	104
412	678
92	950
120	983
120	1062
120	2152
983	1062
983	2152
1062	2152
1825	1855
896	1314
1670	1855
80	96
80	246
80	1224
96	246
96	1224
246	1224
598	1911
119	1887
274	1157
293	855
93	102
905	1007
1447	1480
101	310
101	1696
310	1696
1099	1565
224	1197
220	356
483	545
635	793
498	509
498	575
498	1920
509	575
509	1920
575	1920
562	774
1248	1311
2184	2187
476	2152
1319	1324
169	1800
571	1404
348	619
198	1108
565	2034
90	236
751	1552
1399	1407
1339	1582
1339	1888
1582	1888
834	2015
1699	2047
976	1224
1446	1802
582	599
582	832
582	1032
599	832
599	1032
832	1032
21	35
1250	2169
328	1373
328	1728
1373	1728
287	1664
52	106
1520	2176
458	1145
458	1267
1145	1267
1036	1287
283	390
283	2159
390	2159
1853	2159
1853	2166
2159	2166
419	694
729	777
460	1271
666	1782
296	632
38	332
1208	1408
1208	1897
1408	1897
274	1383
274	2173
1383	2173
99	127
58	980
1659	1744
720	830
67	1666
184	880
184	1530
880	1530
123	2019
1099	1328
237	815
1384	2146
267	382
578	1180
578	1611
578	1876
1180	1611
1180	1876
1611	1876
1490	2003
1490	2126
1490	2141
2003	2126
2003	2141
2126	2141
342	1555
977	1555
1607	1990
304	755
768	1447
768	1633
1447	1633
634	1459
634	1836
634	1857
634	1997
1459	1836
1459	1857
1459	1997
1836	1857
1836	1997
1857	1997
151	1457
125	263
1520	2092
23	38
3	1270
3	1418
1270	1418
500	524
1114	1418
1175	1848
274	1942
213	341
1131	1222
1131	1230
1131	1776
1222	1230
1222	1776
1230	1776
342	1736
342	1887
1736	1887
1991	2014
422	1750
431	764
717	936
662	1892
1052	1530
643	965
643	1104
643	1535
643	1948
965	1104
965	1535
965	1948
1104	1535
1104	1948
1535	1948
317	1479
863	889
232	1934
1188	1770
1188	1967
1770	1967
372	971
372	1397
971	1397
425	1409
425	1451
1409	1451
325	1332
325	1542
325	2052
1332	1542
1332	2052
1542	2052
259	591
259	1409
591	1409
615	1763
126	240
741	1295
600	815
166	406
166	1462
166	1528
406	1462
406	1528
1462	1528
886	1309
886	2205
1309	2205
1963	2106
93	338
93	741
93	761
93	2098
338	741
338	761
338	2098
741	761
741	2098
761	2098
385	1977
348	1990
1513	1864
1513	2037
1864	2037
442	1656
754	1391
386	783
386	1499
386	2078
783	1499
783	2078
1499	2078
1681	2074
1681	2147
2074	2147
169	336
169	1074
169	2044
336	1074
336	2044
1074	2044
1720	1939
145	206
145	1400
206	1400
405	1105
338	1391
755	768
284	589
284	1146
284	1677
589	1146
589	1677
1146	1677
597	902
597	1255
902	1255
621	901
621	953
621	2118
901	953
901	2118
953	2118
201	393
201	581
201	1603
201	1781
393	581
393	1603
393	1781
581	1603
581	1781
1603	1781
496	514
467	656
467	1646
467	1678
656	1646
656	1678
1646	1678
436	549
47	300
1836	1986
1378	1862
801	884
801	956
884	956
193	1140
505	887
291	1969
748	919
748	1247
748	1877
748	2053
748	2133
919	1247
919	1877
919	2053
919	2133
1247	1877
1247	2053
1247	2133
1877	2053
1877	2133
2053	2133
1400	2036
262	393
269	890
224	857
284	966
964	1600
1078	1505
1078	1729
1505	1729
574	1063
702	1419
987	1321
987	2075
1321	2075
866	2138
348	1990
574	1576
2187	2192
73	916
696	1064
696	2162
1064	2162
405	1105
76	1556
76	1923
1556	1923
124	228
124	788
124	894
124	1970
228	788
228	894
228	1970
788	894
788	1970
894	1970
1085	1232
270	1048
270	1825
1048	1825
247	1165
247	2185
1165	2185
1784	1970
171	280
778	1814
1821	1900
344	1454
603	813
265	2142
147	290
1022	1067
1015	1606
1473	1684
399	2141
399	2152
2141	2152
253	2012
219	316
219	1498
219	1610
316	1498
316	1610
1498	1610
434	1233
335	948
335	1744
948	1744
345	505
345	1390
345	1688
345	1696
505	1390
505	1688
505	1696
1390	1688
1390	1696
1688	1696
319	383
319	1410
319	1716
383	1410
383	1716
1410	1716
952	1071
1852	1863
39	54
221	1977
590	1454
942	1537
226	243
226	300
243	300
277	1010
75	276
1825	1855
400	682
400	708
400	2054
682	708
682	2054
708	2054
273	282
273	897
282	897
986	1425
323	1442
211	273
211	404
273	404
418	2083
736	821
1456	1743
287	1664
808	1475
627	1114
721	1520
1130	1301
1078	1263
1078	1478
1263	1478
161	559
161	935
559	935
1002	1279
917	1363
325	696
443	978
83	1174
128	1263
466	1426
771	868
809	1151
809	1415
809	1615
809	1648
1151	1415
1151	1615
1151	1648
1415	1615
1415	1648
1615	1648
43	727
107	935
107	1914
935	1914
222	1482
222	1728
222	1779
1482	1728
1482	1779
1728	1779
946	965
946	1265
946	1577
946	1634
965	1265
965	1577
965	1634
1265	1577
1265	1634
1577	1634
338	663
862	876
23	57
23	578
57	578
420	1205
420	1243
1205	1243
54	1456
54	1462
1456	1462
684	1636
684	1741
1636	1741
397	786
362	961
362	1129
362	1540
362	1793
961	1129
961	1540
961	1793
1129	1540
1129	1793
1540	1793
1701	2137
234	487
234	1685
234	2117
487	1685
487	2117
1685	2117
811	992
811	1723
992	1723
71	1809
71	1880
1809	1880
1366	1393
1366	1526
1366	2168
1393	1526
1393	2168
1526	2168
189	324
189	1655
324	1655
1383	1602
583	1514
828	1297
158	1727
1824	1853
4	20
1208	1845
1208	1852
1845	1852
2160	2166
780	1188
780	1857
1188	1857
782	1001
782	1269
782	1379
782	2013
1001	1269
1001	1379
1001	2013
1269	1379
1269	2013
1379	2013
1731	1970
869	1176
869	2006
1176	2006
299	459
299	1568
459	1568
414	469
414	1723
414	2096
469	1723
469	2096
1723	2096
1636	2071
538	784
538	1362
538	1413
784	1362
784	1413
1362	1413
1233	1494
238	312
238	381
312	381
1512	2170
249	1030
249	1183
249	1297
1030	1183
1030	1297
1183	1297
912	1886
73	1140
592	757
592	1112
757	1112
344	402
49	1705
1711	1973
336	1382
336	2141
1382	2141
647	1719
1766	1995
541	647
541	1295
541	1720
647	1295
647	1720
1295	1720
97	655
97	1483
655	1483
136	830
1788	1795
25	2047
737	1737
1042	1301
101	950
101	1998
950	1998
1114	1576
1009	1768
197	228
197	353
228	353
373	1057
373	1976
1057	1976
277	1012
210	1751
1963	2102
79	1055
149	261
149	1173
261	1173
260	289
260	480
289	480
667	701
533	1058
353	564
458	710
458	1674
710	1674
71	2202
206	338
1446	1447
1446	1570
1447	1570
533	1687
1444	1966
489	1291
2073	2084
444	1389
444	1662
444	1798
1389	1662
1389	1798
1662	1798
1021	1044
1021	1193
1044	1193
185	257
1059	1969
2011	2115
181	489
181	657
181	1226
489	657
489	1226
657	1226
150	1211
150	1515
150	1755
150	1924
150	1986
1211	1515
1211	1755
1211	1924
1211	1986
1515	1755
1515	1924
1515	1986
1755	1924
1755	1986
1924	1986
1347	1818
868	1058
990	1235
1562	1685
1309	2114
1309	2197
2114	2197
637	1780
726	1386
726	1614
726	1989
726	2001
726	2003
1386	1614
1386	1989
1386	2001
1386	2003
1614	1989
1614	2001
1614	2003
1989	2001
1989	2003
2001	2003
529	632
117	216
117	1697
117	1899
117	1979
216	1697
216	1899
216	1979
1697	1899
1697	1979
1899	1979
13	2173
1399	2168
2084	2169
191	403
191	755
403	755
1244	1355
674	712
674	781
712	781
688	1437
1474	2009
914	942
914	1754
942	1754
1266	1719
466	779
466	2081
466	2152
779	2081
779	2152
2081	2152
12	16
12	1278
16	1278
1184	1877
1184	2082
1877	2082
2088	2180
1076	2188
563	1575
112	1426
112	1444
112	1829
1426	1444
1426	1829
1444	1829
405	1719
506	598
506	708
506	1021
598	708
598	1021
708	1021
1687	2170
1235	1455
52	356
52	591
356	591
412	678
311	828
1393	1432
1390	1647
787	1782
1739	2097
102	599
102	949
102	1344
599	949
599	1344
949	1344
388	597
388	1106
388	2032
597	1106
597	2032
1106	2032
1348	1747
194	625
194	758
625	758
249	1224
249	1485
249	2011
1224	1485
1224	2011
1485	2011
130	1395
130	2025
1395	2025
382	430
382	973
382	984
382	1245
430	973
430	984
430	1245
973	984
973	1245
984	1245
1186	1190
910	1946
184	2186
272	1714
1471	2147
1463	1857
676	1281
706	1877
488	712
856	2190
203	298
572	1805
572	1866
1805	1866
259	1672
260	480
260	886
480	886
1134	2057
1856	1891
733	1254
733	2164
1254	2164
46	1150
361	1404
1287	1834
817	873
817	946
817	1512
873	946
873	1512
946	1512
1203	1442
1203	1950
1442	1950
797	1103
462	1126
462	1742
462	2118
1126	1742
1126	2118
1742	2118
420	684
533	683
582	695
936	2018
1453	1766
1453	1841
1453	1995
1766	1841
1766	1995
1841	1995
66	362
1668	1940
555	576
555	1705
576	1705
85	225
306	1972
306	2008
1972	2008
2017	2134
326	2110
530	1931
530	2018
1931	2018
672	1996
672	2003
1996	2003
1327	1520
668	1779
123	1938
73	1534
264	1419
264	2137
1419	2137
544	587
2040	2144
1407	2072
1407	2132
2072	2132
1471	2147
1935	2063
2120	2141
518	667
518	1615
518	1737
667	1615
667	1737
1615	1737
141	333
842	1211
842	1745
842	1834
1211	1745
1211	1834
1745	1834
525	676
525	1329
676	1329
854	981
854	1473
981	1473
58	2163
62	1045
210	533
667	1006
1444	2058
1693	2054
124	1390
124	1712
1390	1712
1400	1913
1340	1869
57	327
9	1331
431	835
431	1192
835	1192
1248	2078
635	2032
1407	2132
1407	2141
2132	2141
504	819
504	913
819	913
1067	1404
1067	1691
1404	1691
294	376
294	639
376	639
402	407
669	728
669	1066
669	1762
728	1066
728	1762
1066	1762
586	920
1399	2168
123	513
51	877
241	409
894	1170
60	556
558	1512
558	1736
1512	1736
1014	1106
1404	1408
1404	1630
1404	2156
1408	1630
1408	2156
1630	2156
118	888
118	1196
888	1196
55	1429
43	1281
45	661
593	710
593	794
593	1102
710	794
710	1102
794	1102
2003	2023
2003	2166
2023	2166
940	1335
940	1406
1335	1406
900	939
900	1037
939	1037
421	1725
1023	1354
1023	2045
1354	2045
97	1300
62	153
62	1267
62	1402
62	1411
153	1267
153	1402
153	1411
1267	1402
1267	1411
1402	1411
822	1291
306	725
62	695
995	1167
168	957
168	1068
957	1068
1402	2088
1402	2131
2088	2131
342	613
342	2171
613	2171
140	853
140	2198
853	2198
374	439
374	441
374	687
374	915
374	1498
439	441
439	687
439	915
439	1498
441	687
441	915
441	1498
687	915
687	1498
915	1498
196	952
196	1314
952	1314
39	221
39	234
39	1462
39	1895
221	234
221	1462
221	1895
234	1462
234	1895
1462	1895
140	1137
1985	1989
150	791
580	802
580	804
802	804
502	1383
502	1672
502	1999
1383	1672
1383	1999
1672	1999
1179	1185
1711	2185
109	369
109	415
109	1894
369	415
369	1894
415	1894
320	1850
103	198
373	721
68	1749
68	2156
1749	2156
23	812
251	1947
1569	1796
164	1858
322	816
322	831
816	831
456	711
456	1736
456	1817
711	1736
711	1817
1736	1817
696	1555
242	467
1380	1837
155	642
804	845
1445	1825
2074	2078
1577	1758
1577	1794
1758	1794
131	568
654	977
645	1289
144	146
144	227
144	1993
146	227
146	1993
227	1993
242	978
317	856
1295	1377
2109	2149
1340	1363
447	617
447	933
447	1559
447	1689
617	933
617	1559
617	1689
933	1559
933	1689
1559	1689
512	614
512	1570
614	1570
1730	1974
530	822
530	1039
822	1039
1094	1523
323	1868
323	2177
1868	2177
730	1469
1110	1733
281	375
281	392
375	392
394	1706
394	1974
1706	1974
187	1953
187	2175
1953	2175
239	1410
239	2094
1410	2094
756	765
756	1275
765	1275
1022	1044
1412	2024
1740	2045
1270	2049
170	1144
170	1643
1144	1643
352	723
286	424
1122	1638
1827	1914
509	902
2121	2131
248	289
173	930
173	1414
173	1693
173	2054
930	1414
930	1693
930	2054
1414	1693
1414	2054
1693	2054
1934	2042
381	1397
381	1608
1397	1608
527	986
527	1284
986	1284
438	1592
438	1735
438	1832
1592	1735
1592	1832
1735	1832
520	614
1066	1321
461	1190
158	527
112	1406
112	1867
1406	1867
539	1113
539	1117
1113	1117
1722	1724
1722	1725
1722	2050
1724	1725
1724	2050
1725	2050
1415	1931
850	1648
157	1652
265	354
119	2192
119	2201
2192	2201
156	1319
156	1890
156	2086
1319	1890
1319	2086
1890	2086
504	819
499	823
67	1914
1802	1921
415	1322
415	2084
1322	2084
540	876
864	1316
1499	1726
1499	1771
1726	1771
754	2178
1388	1396
1388	1755
1388	1849
1396	1755
1396	1849
1755	1849
79	206
79	318
206	318
668	1452
941	2207
999	1574
1072	1342
485	615
485	734
485	879
485	1577
615	734
615	879
615	1577
734	879
734	1577
879	1577
370	1691
679	875
52	652
118	959
1109	1223
1109	1302
1223	1302
1430	1508
1430	1975
1508	1975
790	1936
770	1369
445	508
689	976
615	1992
136	534
136	1994
136	2028
534	1994
534	2028
1994	2028
569	849
523	2031
522	1501
573	898
573	1658
573	1875
898	1658
898	1875
1658	1875
353	526
353	1496
526	1496
977	2154
457	1493
202	910
202	1533
202	1969
910	1533
910	1969
1533	1969
742	1194
177	178
177	1302
178	1302
121	878
121	1115
121	1145
121	1273
878	1115
878	1145
878	1273
1115	1145
1115	1273
1145	1273
1788	2019
186	1951
74	1141
74	1352
1141	1352
367	1639
367	2110
1639	2110
99	1088
99	1767
1088	1767
782	1024
111	2207
788	1525
788	2098
1525	2098
781	1027
911	1235
1035	1291
1780	1936
988	1069
19	477
705	2010
1728	1977
1728	2113
1977	2113
343	1647
6	279
6	324
279	324
329	2094
468	1097
195	850
195	966
850	966
106	293
106	377
106	1517
106	2011
293	377
293	1517
293	2011
377	1517
377	2011
1517	2011
965	1658
965	2159
1658	2159
71	351
620	652
620	1351
652	1351
134	427
134	699
134	1043
427	699
427	1043
699	1043
1391	1526
488	1071
488	1581
1071	1581
549	600
238	1870
313	803
218	686
218	753
686	753
44	437
44	626
44	812
44	1237
437	626
437	812
437	1237
626	812
626	1237
812	1237
278	1464
708	1133
708	1613
1133	1613
105	334
105	1480
105	2007
334	1480
334	2007
1480	2007
61	1280
61	1798
1280	1798
177	1063
600	1905
902	1260
902	1583
1260	1583
481	1651
70	1350
70	1766
1350	1766
1396	1883
1396	2040
1883	2040
465	1578
644	686
644	964
644	1256
644	1323
686	964
686	1256
686	1323
964	1256
964	1323
1256	1323
433	1451
433	1470
433	1535
1451	1470
1451	1535
1470	1535
477	608
998	1003
913	1007
913	1029
1007	1029
2148	2184
230	638
230	1504
230	1825
638	1504
638	1825
1504	1825
18	53
67	1982
779	1721
779	2002
779	2018
1721	2002
1721	2018
2002	2018
331	1436
84	196
84	858
84	1201
84	1446
196	858
196	1201
196	1446
858	1201
858	1446
1201	1446
637	1049
1090	1211
1090	1632
1090	1912
1090	2004
1211	1632
1211	1912
1211	2004
1632	1912
1632	2004
1912	2004
1409	1656
471	2086
1122	1401
577	584
577	895
584	895
459	664
459	813
664	813
1116	1349
899	988
474	1456
474	1810
1456	1810
1069	1305
1164	1362
1164	1623
1164	1994
1362	1623
1362	1994
1623	1994
148	390
1167	1484
1409	1468
1409	1615
1409	1749
1409	2188
1468	1615
1468	1749
1468	2188
1615	1749
1615	2188
1749	2188
298	789
51	1178
51	1257
51	2142
1178	1257
1178	2142
1257	2142
1469	1491
6	182
6	308
182	308
466	827
466	1590
466	1787
466	2152
827	1590
827	1787
827	2152
1590	1787
1590	2152
1787	2152
824	1180
558	2031
233	462
233	792
233	1724
233	2089
462	792
462	1724
462	2089
792	1724
792	2089
1724	2089
199	1299
579	1912
466	580
466	779
466	1337
466	1660
466	1972
580	779
580	1337
580	1660
580	1972
779	1337
779	1660
779	1972
1337	1660
1337	1972
1660	1972
486	592
1066	1414
431	940
431	2015
940	2015
780	939
8	36
1261	1835
1261	1838
1835	1838
30	1145
1271	1526
1586	1838
1586	2116
1838	2116
651	677
651	941
677	941
85	1780
42	311
382	453
915	2015
635	967
530	724
766	782
766	2207
782	2207
72	213
923	1324
211	701
211	993
701	993
1594	2122
714	1100
499	1288
469	1000
645	2007
43	457
43	1116
43	1227
43	1236
457	1116
457	1227
457	1236
1116	1227
1116	1236
1227	1236
285	1046
285	1592
1046	1592
7	1289
726	2004
2010	2059
69	408
69	709
408	709
463	1591
2075	2199
614	1277
2125	2167
560	1244
197	551
439	519
354	2020
147	176
147	257
147	392
147	1753
176	257
176	392
176	1753
257	392
257	1753
392	1753
403	702
884	987
354	949
1338	1829
190	702
631	1959
243	685
243	1323
243	2022
685	1323
685	2022
1323	2022
688	1272
688	1623
688	2129
1272	1623
1272	2129
1623	2129
510	575
510	711
510	1640
510	1877
510	2079
575	711
575	1640
575	1877
575	2079
711	1640
711	1877
711	2079
1640	1877
1640	2079
1877	2079
342	492
342	613
492	613
604	1866
512	614
107	2208
350	1924
741	1128
741	1371
1128	1371
777	2176
343	1515
343	1531
1515	1531
2145	2158
1227	1934
1227	2129
1934	2129
475	543
245	1020
599	1674
11	1652
1145	1193
547	703
547	1019
703	1019
1004	1321
1004	1574
1004	1854
1321	1574
1321	1854
1574	1854
324	395
324	1186
324	1956
395	1186
395	1956
1186	1956
661	870
661	1318
870	1318
133	209
133	1428
209	1428
1994	1998
1	1837
1	2152
1837	2152
1420	1804
1420	2124
1804	2124
500	1538
500	1606
1538	1606
2008	2085
607	778
1112	1125
325	733
2068	2071
208	2147
802	979
802	1017
979	1017
253	331
630	926
630	1011
630	1148
926	1011
926	1148
1011	1148
541	1344
189	324
189	2064
324	2064
1171	2159
63	184
63	429
184	429
1028	1162
192	474
1779	1977
965	1737
15	1398
470	888
446	1240
446	1948
1240	1948
708	1885
1400	1963
479	705
2	428
2	1424
428	1424
189	1329
189	1475
189	1948
1329	1475
1329	1948
1475	1948
465	1578
465	1676
1578	1676
1532	1727
339	1707
227	1604
149	722
149	1560
722	1560
1825	1855
116	1358
116	1386
1358	1386
890	1228
1137	1918
1147	1981
659	1100
54	85
1375	1844
811	1060
790	1763
53	1771
35	1234
35	1666
1234	1666
548	724
2052	2062
172	320
172	788
172	1905
320	788
320	1905
788	1905
341	1618
103	1518
92	1899
83	685
344	1479
344	1849
1479	1849
698	1034
697	703
1490	2095
1490	2149
2095	2149
441	1797
628	838
525	814
180	1617
125	321
125	2118
321	2118
607	1064
596	1261
596	2154
1261	2154
28	774
346	1545
337	1047
337	1941
1047	1941
528	557
528	1550
528	1885
557	1550
557	1885
1550	1885
511	660
780	889
780	1091
889	1091
136	885
1249	1765
1249	1902
1765	1902
200	317
1847	1946
1453	1723
1453	1959
1723	1959
291	629
1242	1671
1202	1286
25	1750
231	1438
231	1654
1438	1654
90	1313
88	765
184	1513
690	1564
790	859
790	2118
859	2118
485	656
9	1851
32	1468
32	1779
1468	1779
292	1525
292	1613
1525	1613
398	870
398	2172
870	2172
1160	1370
2120	2140
295	1221
295	1276
1221	1276
1	352
219	803
219	852
803	852
714	2056
497	572
1407	2180
709	1527
709	1802
1527	1802
1089	1336
1089	1819
1089	1949
1336	1819
1336	1949
1819	1949
464	1242
1268	1482
553	1720
1605	2183
1422	2108
931	1261
931	1309
1261	1309
548	607
548	645
548	915
548	1138
607	645
607	915
607	1138
645	915
645	1138
915	1138
1518	1683
1518	2099
1683	2099
143	440
2107	2155
2107	2194
2155	2194
1583	1782
237	2162
573	898
573	923
898	923
280	396
280	1610
396	1610
1114	1626
1572	1648
1572	2105
1648	2105
646	949
170	1010
1486	1999
334	1660
47	1504
47	2193
1504	2193
2109	2175
1407	2180
726	1586
726	1826
726	1833
1586	1826
1586	1833
1826	1833
2	91
2	428
2	1424
91	428
91	1424
428	1424
343	1403
51	315
51	492
315	492
197	228
661	870
290	1402
290	2042
1402	2042
684	1741
324	1655
252	934
516	2039
324	1401
44	437
1194	1312
100	1873
100	2178
1873	2178
65	383
65	1275
65	1962
383	1275
383	1962
1275	1962
23	38
23	43
23	812
38	43
38	812
43	812
831	1149
338	996
338	1999
996	1999
239	295
1399	2168
1820	1854
1820	1856
1854	1856
497	757
317	1778
235	369
235	811
235	1549
235	1992
369	811
369	1549
369	1992
811	1549
811	1992
1549	1992
518	667
518	1669
518	1737
667	1669
667	1737
1669	1737
1241	1509
1241	1978
1509	1978
693	2198
455	618
1405	1533
2033	2090
414	443
360	1938
497	804
497	1759
804	1759
40	1522
368	794
368	1667
794	1667
830	2207
409	2016
441	687
900	1005
900	1037
1005	1037
1211	1828
233	1710
174	1036
174	2138
1036	2138
57	338
142	998
142	1794
142	1894
998	1794
998	1894
1794	1894
811	1375
811	1509
811	1687
1375	1509
1375	1687
1509	1687
1458	1501
498	660
498	902
498	2139
660	902
660	2139
902	2139
735	1891
735	2174
1891	2174
1497	1715
34	1408
145	1829
457	1737
105	230
2020	2143
746	1964
2011	2138
280	1071
340	820
99	368
99	1722
368	1722
503	898