1	1	1	1135040947
1	1	1	1135662689
1	1	1	1136529960
1	1	1	1137572517
2	1	1	1141564407
3	1	1	1154407861
4	1	1	1212804217
5	1	1	1222195935
6	1	1	1230914551
6	1	1	1230919347
6	1	1	1230920906
6	1	1	1230921625
7	1	1	1300469767
8	1	1	1309569045
9	1	1	1333909882
10	2	1	1133666036
10	3	1	1133666046
2	4	1	1141564372
2	5	1	1141583293
2	6	1	1141583339
2	7	1	1141583380
2	7	1	1141593291
3	8	1	1154407862
3	9	1	1154407862
11	10	1	1172369599
11	11	1	1172369617
12	12	1	1175091602
13	13	1	1183048245
14	13	1	1277173064
14	13	1	1277174754
15	14	1	1188584479
15	15	1	1188584587
16	16	1	1190959794
17	17	1	1193330055
18	17	1	1206677421
19	18	1	1193806240
19	19	1	1193806387
19	20	1	1193806408
19	20	1	1193806423
20	21	1	1195171186
20	21	1	1217596566
16	22	1	1196974947
21	23	1	1198509182
22	24	1	1200964368
22	25	1	1200964375
23	26	1	1201044113
18	27	1	1206036838
18	28	1	1206036846
24	29	1	1206546293
25	29	1	1314728511
26	29	1	1338933891
24	30	1	1206547161
26	30	1	1206615555
25	30	1	1314728511
26	30	1	1338933885
26	30	1	1338934473
26	31	1	1206572934
27	31	1	1218870149
26	31	1	1323210046
26	31	1	1338913824
26	32	1	1206572940
26	32	1	1206616211
27	32	1	1218870149
26	32	1	1338913820
26	32	1	1338914707
26	33	1	1206574105
27	33	1	1218870149
28	34	1	1206633146
18	35	1	1208719771
29	36	1	1211747722
29	36	1	1231041184
30	37	1	1212215979
4	38	1	1212804036
4	39	1	1212804151
31	40	1	1213745396
31	40	1	1213797806
31	40	1	1293352107
31	40	1	1372516498
31	41	1	1214158449
27	42	1	1218870149
27	43	1	1218870149
27	44	1	1218870149
26	44	1	1323210060
32	45	1	1219272190
14	46	1	1225170556
14	47	1	1225249333
14	48	1	1225329231
14	49	1	1225352845
33	50	1	1225382914
33	51	1	1225385707
33	52	1	1225393282
33	53	1	1225393349
33	53	1	1226324129
14	54	1	1225430921
33	55	1	1225446095
33	56	1	1225446396
33	57	1	1225467143
33	57	1	1225578437
33	57	1	1225593618
33	57	1	1225604176
33	57	1	1225663958
33	57	1	1225686595
33	57	1	1225737588
33	57	1	1225780607
33	57	1	1225845876
33	57	1	1225867794
33	57	1	1226019758
33	57	1	1226385160
33	57	1	1226505892
33	57	1	1226948801
33	57	1	1226969465
33	57	1	1227110468
33	57	1	1227884025
33	57	1	1228204704
33	57	1	1229420415
33	57	1	1230239494
33	57	1	1230245730
33	57	1	1230774285
33	57	1	1231765599
33	57	1	1232075013
33	57	1	1232479886
33	57	1	1232487188
33	57	1	1233062649
33	57	1	1233105080
33	57	1	1233130268
33	57	1	1233216873
33	57	1	1233560817
33	57	1	1234457635
33	57	1	1234764425
33	57	1	1234767016
33	57	1	1234957008
33	57	1	1235332329
33	57	1	1235501271
33	57	1	1236132021
33	57	1	1237343736
33	57	1	1238051598
33	57	1	1238724008
33	57	1	1240467513
14	58	1	1225530436
14	59	1	1225584399
14	60	1	1225679176
14	61	1	1225771318
14	62	1	1225860776
33	63	1	1225937245
33	64	1	1225948183
33	65	1	1225967422
33	65	1	1226315065
33	66	1	1226244752
14	67	1	1226471680
34	68	1	1226497949
14	69	1	1227250007
14	70	1	1227884265
35	71	1	1229797793
6	72	1	1230915363
6	72	1	1230922144
6	72	1	1230922172
6	72	1	1230922326
6	73	1	1230919774
6	73	1	1230919807
6	73	1	1230921733
6	74	1	1230921200
6	75	1	1230921479
6	76	1	1230922210
14	77	1	1234149827
14	78	1	1234564264
14	79	1	1235275819
14	80	1	1235280044
36	81	1	1328373846
33	82	1	1237307756
14	83	1	1237616746
37	84	1	1238748537
37	85	1	1238748547
14	86	1	1239506283
14	87	1	1239579478
14	88	1	1239582868
14	89	1	1240008025
14	90	1	1240015952
14	91	1	1240079326
14	92	1	1240088475
38	93	1	1242923629
39	94	1	1246043930
39	95	1	1246043937
39	96	1	1246043941
40	97	1	1248116210
14	98	1	1251835418
14	99	1	1252735475
14	100	1	1252744356
14	101	1	1252815985
41	102	1	1257182447
42	103	1	1260075049
43	104	1	1260441084
14	105	1	1264237331
14	106	1	1264292173
14	107	1	1264389384
28	108	1	1264417812
14	109	1	1264467458
14	110	1	1264473408
14	111	1	1264552111
14	112	1	1264721368
14	113	1	1264732222
14	114	1	1264919172
14	115	1	1264921629
14	116	1	1264923313
44	117	1	1265180872
45	118	1	1265451610
14	119	1	1266706594
14	119	1	1379473411
14	120	1	1266717481
46	121	1	1268602112
47	122	1	1270201541
47	123	1	1270469777
47	124	1	1270657726
48	125	1	1270934105
14	126	1	1271127014
49	127	1	1273683069
49	127	1	1370962750
50	128	1	1274813262
51	129	1	1276238148
14	130	1	1276992438
14	131	1	1277066162
14	132	1	1277158944
14	133	1	1277167902
14	134	1	1277178836
14	135	1	1277180344
14	136	1	1277247267
14	137	1	1277578974
14	137	1	1289164639
52	137	1	1308764152
52	137	1	1309107389
52	137	1	1322679045
52	137	1	1356646786
52	137	1	1356697654
14	138	1	1280795670
14	139	1	1280799722
53	140	1	1280959979
53	140	1	1281005715
53	141	1	1281096742
14	142	1	1281149106
14	143	1	1281153102
14	144	1	1281154804
14	145	1	1281158216
53	146	1	1281177923
14	146	1	1289163391
52	146	1	1308800630
52	146	1	1309111141
52	146	1	1356646785
14	147	1	1281232606
14	148	1	1281234400
53	149	1	1281258259
54	150	1	1281993625
54	151	1	1281993637
55	152	1	1282093401
56	152	1	1422986802
55	153	1	1282093412
56	153	1	1422986802
14	154	1	1283020726
57	155	1	1283391512
57	155	1	1284614618
58	155	1	1408317675
14	156	1	1283393130
57	157	1	1283413911
3	158	1	1285024190
57	159	1	1285792273
57	160	1	1286349235
14	161	1	1287261315
57	162	1	1287862673
14	163	1	1289160168
14	164	1	1289172793
57	165	1	1289953977
57	165	1	1291477402
57	165	1	1295306249
59	165	1	1327670987
60	165	1	1337663265
60	165	1	1342549244
60	165	1	1349131794
60	165	1	1360201113
54	166	1	1293738878
61	167	1	1294092313
62	168	1	1294758651
14	169	1	1296442432
14	169	1	1333237372
14	170	1	1296616969
14	171	1	1296783751
14	172	1	1298435550
14	173	1	1301869716
57	174	1	1302755165
14	175	1	1302977882
54	175	1	1331481034
14	176	1	1302982408
14	177	1	1302994268
14	178	1	1303350829
14	179	1	1305156899
14	179	1	1333911042
57	180	1	1306446721
57	181	1	1306518895
63	182	1	1306560245
63	182	1	1314549432
64	183	1	1307398166
65	183	1	1332359072
52	184	1	1308810506
52	184	1	1308814804
52	185	1	1308814762
66	186	1	1309305779
66	186	1	1331458885
67	187	1	1309514041
67	188	1	1309526885
52	189	1	1309540592
52	190	1	1309542680
14	191	1	1309570067
14	192	1	1309578804
14	193	1	1309582900
14	194	1	1309622947
14	195	1	1309631862
68	196	1	1312419940
68	196	1	1312420695
68	196	1	1312420991
68	196	1	1312421828
68	196	1	1312421889
68	196	1	1312423611
69	197	1	1313792496
14	198	1	1314241149
14	198	1	1422211815
25	199	1	1314728511
25	200	1	1314728511
25	201	1	1314730162
25	201	1	1316862950
14	202	1	1315767623
14	203	1	1315772081
70	204	1	1316294517
14	205	1	1318378045
65	206	1	1318460452
14	207	1	1318974943
14	208	1	1319253503
14	208	1	1329450896
57	209	1	1319841081
57	209	1	1429212170
71	210	1	1319998417
56	210	1	1497570733
72	211	1	1320841220
72	212	1	1320841357
73	213	1	1321041932
74	214	1	1321068234
73	215	1	1321205144
73	216	1	1321205145
73	216	1	1321205275
75	217	1	1321634704
75	217	1	1349215693
75	217	1	1357703800
14	218	1	1321762720
14	219	1	1321848126
14	220	1	1321919215
14	221	1	1321922837
14	221	1	1322092731
14	222	1	1321927081
14	222	1	1322094445
52	223	1	1322001326
14	224	1	1322096619
14	225	1	1322097855
14	226	1	1322099064
14	227	1	1323015325
14	228	1	1323046194
14	229	1	1323049910
65	230	1	1325969278
14	231	1	1326049089
57	232	1	1326327732
65	233	1	1328132484
76	234	1	1328449391
76	234	1	1328453556
76	234	1	1328466487
76	235	1	1328449401
76	235	1	1328452584
76	235	1	1328465661
14	236	1	1329069853
14	237	1	1329082593
54	238	1	1329729349
65	239	1	1329747677
65	240	1	1329761675
52	241	1	1329834526
52	242	1	1329838901
52	242	1	1356638763
77	243	1	1330234404
14	243	1	1346639072
54	244	1	1330671680
54	245	1	1330705579
14	246	1	1332039365
14	247	1	1333243872
14	248	1	1333419161
14	249	1	1333499855
14	249	1	1333582097
14	250	1	1333587108
9	251	1	1333622646
9	252	1	1333623055
14	253	1	1333904862
14	254	1	1333906893
9	255	1	1333911526
65	256	1	1334115233
14	257	1	1334509653
46	258	1	1335652560
14	259	1	1336323259
78	260	1	1338000158
78	261	1	1338012244
65	262	1	1338323102
79	263	1	1338437936
79	263	1	1338440912
79	263	1	1342490512
14	264	1	1338649435
14	265	1	1338655760
14	266	1	1338659836
14	267	1	1339378706
14	269	1	1339992879
65	270	1	1340669102
14	271	1	1341259185
14	271	1	1344110027
14	272	1	1344111664
14	273	1	1344219022
80	274	1	1344245310
14	275	1	1344379815
81	276	1	1345557690
82	277	1	1346357086
82	278	1	1346431497
83	278	1	1347097955
83	279	1	1346442913
14	280	1	1346627599
14	281	1	1346632992
14	282	1	1346637018
84	283	1	1348941869
54	284	1	1351193257
54	285	1	1351241433
54	286	1	1351251241
54	287	1	1351251251
14	288	1	1355091608
14	289	1	1355112800
85	290	1	1355256998
86	291	1	1355728096
75	292	1	1357703840
65	293	1	1359583959
65	294	1	1359584029
65	295	1	1359911862
85	296	1	1359912745
65	297	1	1359915374
14	298	1	1360030717
87	298	1	1417132189
87	298	1	1487253670
14	299	1	1360035034
14	300	1	1361149729
14	301	1	1361155369
65	302	1	1361236526
88	303	1	1362171963
36	303	1	1374692946
81	303	1	1410433221
88	304	1	1362171981
89	305	1	1362266903
65	306	1	1364095556
14	307	1	1364142451
14	308	1	1364146513
14	309	1	1364172956
14	310	1	1364174805
90	310	1	1451502353
91	311	1	1366114521
65	312	1	1367177471
92	313	1	1367357270
90	313	1	1451502328
93	314	1	1369326996
94	315	1	1369584979
14	315	1	1381706594
95	316	1	1369956248
14	317	1	1370217501
14	326	1	1372733675
14	327	1	1372820768
96	328	1	1374242595
14	329	1	1379281105
14	330	1	1379302520
90	330	1	1451502353
14	331	1	1379463819
14	332	1	1379467529
14	333	1	1379560811
14	334	1	1379562498
14	335	1	1379563838
14	336	1	1379897272
14	337	1	1379899044
14	338	1	1380159679
14	339	1	1380163905
14	340	1	1380400991
14	340	1	1408626534
97	340	1	1411917948
98	340	1	1411919438
14	340	1	1413772648
14	340	1	1438465617
14	341	1	1380407556
97	341	1	1411917949
98	341	1	1411919439
14	341	1	1414898194
14	342	1	1381682399
14	343	1	1381683891
14	344	1	1381700189
14	345	1	1390254194
14	346	1	1393571055
58	347	1	1408317675
14	348	1	1408757676
97	349	1	1411917948
97	350	1	1411917949
98	351	1	1411919438
98	352	1	1411919439
87	353	1	1417132189
87	354	1	1417132189
14	355	1	1421017784
56	356	1	1422986802
56	357	1	1422986802
14	358	1	1423708360
14	359	1	1424392788
56	359	1	1438202123
14	360	1	1424582949
56	360	1	1438202118
14	361	1	1424585062
14	362	1	1426642034
99	363	1	1426840871
100	363	1	1429233935
99	363	1	1429245776
99	364	1	1426840872
100	364	1	1429233935
99	364	1	1429245776
99	365	1	1426840872
100	365	1	1429233935
99	365	1	1429245776
99	366	1	1426840873
100	366	1	1429233935
99	366	1	1429245777
99	367	1	1426840873
99	368	1	1426840880
99	369	1	1426840880
100	369	1	1429233935
99	369	1	1429245783
99	370	1	1426840880
100	370	1	1429233936
99	370	1	1429245786
99	371	1	1426840882
100	371	1	1429233936
99	371	1	1429245786
57	372	1	1429212170
56	373	1	1438202119
56	374	1	1438202123
101	375	1	1438645186
102	376	1	1442472988
102	377	1	1442472988
102	378	1	1442472988
102	379	1	1442472988
102	380	1	1442472988
102	381	1	1442472988
102	382	1	1442472988
102	383	1	1442472988
102	384	1	1442472989
102	385	1	1442472989
101	386	1	1443816912
101	387	1	1443816912
101	388	1	1443816913
101	389	1	1443816913
101	390	1	1443816913
101	391	1	1443816913
101	392	1	1443816913
90	393	1	1451502329
90	394	1	1451502353
90	395	1	1451502353
90	396	1	1462383591
87	397	1	1487253671
56	398	1	1497570733
