1	1	1	1133619262
1	1	1	1134264418
2	1	1	1134672931
3	1	1	1135867603
3	1	1	1136379561
2	1	1	1136423769
3	1	1	1138270057
4	1	1	1269500936
5	1	1	1309680917
5	1	1	1319674873
5	1	1	1324471643
5	1	1	1326585433
5	1	1	1329053224
5	1	1	1338597806
5	1	1	1338919415
5	1	1	1340945131
5	1	1	1342727546
5	1	1	1346896032
5	1	1	1347282432
5	1	1	1350355339
5	1	1	1350492437
5	1	1	1357677451
5	1	1	1358607760
5	1	1	1359576506
5	1	1	1363200021
5	1	1	1366777160
5	1	1	1367291929
5	1	1	1367345330
5	1	1	1369080864
5	1	1	1370308438
5	1	1	1371960544
5	1	1	1372939958
6	1	1	1372946129
5	1	1	1374584038
7	1	1	1374596240
5	1	1	1377024286
5	1	1	1379988024
5	1	1	1380910204
5	1	1	1381261240
5	1	1	1383679790
5	1	1	1384815788
8	1	1	1389854829
8	1	1	1392813041
8	1	1	1393020023
8	1	1	1393616675
8	1	1	1394747773
8	1	1	1396307086
8	1	1	1400880564
8	1	1	1403214894
8	1	1	1408642514
8	1	1	1408659333
8	1	1	1409676735
8	1	1	1414346648
8	1	1	1415986490
8	1	1	1416593535
8	1	1	1416594936
8	1	1	1419620437
8	1	1	1423161022
8	1	1	1423251670
8	1	1	1424851099
8	1	1	1425249169
8	1	1	1425499298
8	1	1	1426275933
8	1	1	1428682325
8	1	1	1428695308
8	1	1	1429592829
8	1	1	1430711308
8	1	1	1431883694
8	1	1	1431887512
8	1	1	1433533550
8	1	1	1433546568
8	1	1	1434192257
8	1	1	1434751236
8	1	1	1434755333
8	1	1	1437714472
8	1	1	1437723404
8	1	1	1438386172
8	1	1	1438391745
8	1	1	1439591307
8	1	1	1439606410
8	1	1	1439939389
9	1	1	1439940211
9	1	1	1439943302
8	1	1	1441217559
8	1	1	1441815126
8	1	1	1442936893
8	1	1	1443459379
8	1	1	1443468770
8	1	1	1446229144
8	1	1	1447106259
8	1	1	1447152502
8	1	1	1447796543
8	1	1	1448488041
8	1	1	1448980692
8	1	1	1448985387
8	1	1	1450472288
8	1	1	1450475889
8	1	1	1451001971
8	1	1	1451005573
8	1	1	1451958547
8	1	1	1451962148
8	1	1	1453143966
10	1	1	1453468599
11	1	1	1459421460
8	1	1	1460927262
8	1	1	1466751876
10	1	1	1467026758
8	1	1	1467566414
8	1	1	1470765786
8	1	1	1473692200
8	1	1	1475717710
8	1	1	1476553827
8	1	1	1479081566
8	1	1	1479082287
8	1	1	1481743919
8	1	1	1487190660
10	1	1	1487750405
8	1	1	1489088595
8	1	1	1489813745
8	1	1	1491536228
8	1	1	1491932059
12	1	1	1492840933
12	1	1	1493288111
12	1	1	1493288198
12	1	1	1493288362
12	1	1	1493288905
12	1	1	1493288966
12	1	1	1493289089
12	1	1	1493289158
12	1	1	1493289241
12	1	1	1493289327
12	1	1	1493289596
12	1	1	1493290186
12	1	1	1493290845
12	1	1	1493291149
12	1	1	1493291384
12	1	1	1493291499
12	1	1	1493291602
12	1	1	1493291735
12	1	1	1493291845
12	1	1	1493291966
12	1	1	1493292178
12	1	1	1493292790
12	1	1	1493293027
12	1	1	1493293211
12	1	1	1493293424
12	1	1	1493293895
12	1	1	1493294068
12	1	1	1493310254
12	1	1	1493310589
12	1	1	1493310610
12	1	1	1493310688
12	1	1	1493310709
8	1	1	1493838895
8	1	1	1494253736
8	1	1	1494612344
8	1	1	1494945557
8	1	1	1494968984
8	1	1	1495573525
1	2	1	1133618404
1	2	1	1134264402
2	2	1	1134672919
3	2	1	1135866759
3	2	1	1135866988
3	2	1	1135867131
2	2	1	1136770354
3	2	1	1138269966
10	2	1	1485238116
10	2	1	1487684188
10	2	1	1489990728
13	2	1	1490080675
14	2	1	1492533728
14	2	1	1492621938
12	2	1	1492794153
12	2	1	1493548030
1	3	1	1133619767
1	4	1	1133619808
15	5	1	1135912882
15	5	1	1212796236
15	6	1	1135912996
15	6	1	1212796520
3	7	1	1136281420
3	8	1	1136796160
3	8	1	1136796479
3	8	1	1136809186
16	8	1	1177339254
16	8	1	1189201891
16	8	1	1189202522
16	8	1	1189202690
16	8	1	1189203820
16	8	1	1189204223
16	8	1	1189204586
17	8	1	1196185739
18	8	1	1234650762
19	8	1	1303390765
19	8	1	1309700369
20	8	1	1347195621
10	8	1	1457617691
10	8	1	1468402636
21	8	1	1483973074
13	8	1	1488639274
13	8	1	1488639312
13	8	1	1488639335
12	8	1	1493287174
12	8	1	1493307557
12	8	1	1493307914
12	8	1	1493308259
12	8	1	1493309355
12	8	1	1494238701
12	8	1	1494244162
12	8	1	1494244279
12	8	1	1494244479
13	8	1	1495193997
13	8	1	1495194075
21	8	1	1495297927
14	8	1	1500045793
3	9	1	1136796611
10	9	1	1483798248
21	9	1	1483973022
13	9	1	1488134940
12	9	1	1490895642
12	9	1	1494422064
3	10	1	1136798559
3	10	1	1136798917
13	10	1	1488135192
12	10	1	1492792762
12	10	1	1492793240
3	11	1	1136798602
3	11	1	1136810168
3	11	1	1136827345
3	11	1	1136881463
3	11	1	1137603512
16	11	1	1189203753
22	11	1	1245556988
23	11	1	1383203750
10	11	1	1487684477
13	11	1	1488638955
10	11	1	1488887980
3	12	1	1136798994
16	12	1	1189202884
12	12	1	1493046623
3	13	1	1136799155
16	13	1	1189202936
12	13	1	1493046936
3	14	1	1136799170
3	15	1	1136799611
10	15	1	1487749440
13	15	1	1488135162
12	15	1	1493119009
12	15	1	1493119213
12	15	1	1493119282
3	16	1	1136809087
16	16	1	1189202382
13	16	1	1488135265
13	16	1	1488135372
12	16	1	1493115745
12	16	1	1493115928
3	17	1	1136824122
3	17	1	1136826456
3	17	1	1136827101
3	17	1	1136883822
3	17	1	1137604082
10	17	1	1488547844
10	17	1	1488889126
3	18	1	1136826686
3	18	1	1136827211
3	19	1	1136827194
10	19	1	1488888310
3	20	1	1136895499
3	21	1	1136910430
10	21	1	1488889234
3	22	1	1137507290
3	22	1	1137507557
3	22	1	1137673377
10	22	1	1488888675
3	23	1	1137510477
3	23	1	1137677505
3	23	1	1137680576
10	23	1	1488547482
10	23	1	1488888978
3	24	1	1137513328
10	24	1	1488888469
3	25	1	1137514902
10	25	1	1488547643
10	25	1	1488889528
3	26	1	1137604465
24	26	1	1446485483
3	28	1	1138968133
10	28	1	1488889375
3	29	1	1138971813
10	29	1	1488889669
3	30	1	1138972363
25	30	1	1189169303
16	30	1	1189203056
21	30	1	1415105509
12	30	1	1493220808
12	30	1	1493220988
12	30	1	1493222982
12	30	1	1493223082
21	30	1	1495298265
13	30	1	1496670240
13	30	1	1496670277
3	31	1	1141139540
3	31	1	1141139678
26	32	1	1142013889
26	32	1	1442643876
27	33	1	1154624049
12	33	1	1492990902
27	34	1	1154624099
28	34	1	1159761937
16	34	1	1177339254
29	34	1	1424805303
29	34	1	1429430262
29	34	1	1457898798
30	34	1	1458661378
10	34	1	1467976748
21	34	1	1483973372
30	34	1	1489679380
29	34	1	1490117313
13	34	1	1490968181
28	35	1	1159761274
28	35	1	1163310240
28	36	1	1159761955
12	36	1	1493119282
16	37	1	1189203287
10	37	1	1488887008
13	37	1	1490965551
13	37	1	1490967311
13	37	1	1490967337
31	38	1	1177242471
16	39	1	1177339254
16	40	1	1177339254
32	41	1	1183046466
33	41	1	1277172925
33	41	1	1277174621
12	41	1	1492867291
34	43	1	1206677972
35	43	1	1439837019
12	43	1	1493103444
12	43	1	1493103681
12	43	1	1493103933
12	43	1	1493103989
12	43	1	1493104064
12	43	1	1493104483
12	43	1	1493104529
12	43	1	1493104615
12	43	1	1493443844
16	44	1	1189201172
36	44	1	1218373623
37	44	1	1415290552
38	44	1	1467547290
39	44	1	1468395546
12	44	1	1492857647
16	45	1	1189203476
16	45	1	1189203554
40	45	1	1280578159
10	45	1	1487684015
12	45	1	1493302648
16	46	1	1189203618
10	46	1	1488542837
10	46	1	1488883301
16	47	1	1189203649
10	47	1	1488544665
10	47	1	1488883742
41	50	1	1317506816
16	51	1	1189203680
16	51	1	1189203700
10	51	1	1488545129
10	51	1	1488883947
42	52	1	1187983235
42	53	1	1187983345
43	54	1	1188508188
44	55	1	1189101168
44	55	1	1189101752
44	55	1	1189102688
44	55	1	1189103053
44	55	1	1189103113
25	55	1	1189165012
25	55	1	1189168819
25	55	1	1189169391
16	55	1	1189204910
44	55	1	1189336068
16	55	1	1189339703
44	55	1	1189340061
44	55	1	1189340089
44	55	1	1189340186
44	55	1	1189340417
44	55	1	1189340473
16	55	1	1189363740
44	55	1	1190078835
44	55	1	1190109088
45	55	1	1391769620
45	55	1	1391769723
45	55	1	1391769775
10	55	1	1487837099
10	55	1	1488885833
14	55	1	1492702731
14	55	1	1493302717
16	56	1	1189202473
16	56	1	1189203975
16	57	1	1189202486
16	57	1	1189202499
12	57	1	1493046866
16	58	1	1189202598
16	58	1	1189202738
16	59	1	1189202783
16	59	1	1189203953
16	60	1	1189203327
16	61	1	1189203567
16	62	1	1189203915
16	63	1	1189204946
16	64	1	1189204978
44	65	1	1189336136
14	65	1	1495468934
44	66	1	1189336168
14	66	1	1494410539
14	66	1	1494419022
14	66	1	1494500614
14	66	1	1495266174
14	66	1	1495365831
17	67	1	1191382639
17	67	1	1191382653
17	68	1	1191382679
46	68	1	1279804260
43	69	1	1191396348
47	70	1	1378969369
10	70	1	1488545512
10	70	1	1488884110
47	71	1	1378969383
10	71	1	1488545726
10	71	1	1488884216
47	72	1	1378969384
10	72	1	1488545962
10	72	1	1488884380
33	73	1	1191951549
33	73	1	1319172731
33	73	1	1329450308
33	73	1	1329450741
48	74	1	1192819058
48	74	1	1192819193
48	74	1	1199454668
47	75	1	1378969385
10	75	1	1488546162
10	75	1	1488884528
47	76	1	1378969385
10	76	1	1488546761
10	76	1	1488884672
40	77	1	1280578018
40	77	1	1281237050
47	77	1	1378969385
10	77	1	1488547199
10	77	1	1488884794
49	78	1	1195828295
50	79	1	1196574422
51	80	1	1198412183
52	81	1	1200338618
52	81	1	1200338738
52	81	1	1200338767
12	81	1	1492990573
53	82	1	1200433563
53	83	1	1200433570
54	84	1	1200942640
54	85	1	1200942646
34	86	1	1206078550
34	87	1	1206078556
55	88	1	1206447870
56	89	1	1206616182
57	90	1	1207235767
57	90	1	1207235813
54	91	1	1208482580
54	91	1	1210096987
33	91	1	1225430228
58	92	1	1212303760
58	92	1	1250282978
12	92	1	1493216241
59	93	1	1212797349
59	93	1	1217283048
59	93	1	1349134019
59	93	1	1349163944
59	93	1	1349680094
60	94	1	1212851389
60	94	1	1212925988
60	94	1	1213107502
18	94	1	1218887246
18	94	1	1234649960
18	94	1	1234649990
18	94	1	1290012415
18	94	1	1290012438
60	95	1	1212853278
60	95	1	1212853374
60	95	1	1212877185
60	95	1	1212877320
60	95	1	1212931893
60	95	1	1212931940
60	95	1	1212931957
60	95	1	1213795069
18	95	1	1232995510
18	95	1	1234650400
18	95	1	1234650521
18	95	1	1234650541
61	95	1	1280892722
18	95	1	1290012114
41	95	1	1317506563
12	95	1	1493120137
14	95	1	1495573721
60	96	1	1212854781
60	96	1	1212855232
60	96	1	1212855449
60	96	1	1212855467
60	96	1	1212855484
60	96	1	1212867856
60	96	1	1212867941
60	96	1	1212868000
60	96	1	1212868236
60	96	1	1212869165
60	96	1	1212869432
60	96	1	1212869742
60	96	1	1212869946
60	96	1	1212873960
60	96	1	1212874013
60	96	1	1212874041
60	96	1	1212874084
60	96	1	1212874179
60	96	1	1212912428
60	96	1	1212925966
60	96	1	1212928150
60	96	1	1212928188
60	96	1	1212928845
60	96	1	1212929025
60	96	1	1212996889
60	96	1	1213111123
60	96	1	1213112428
60	96	1	1213130102
60	96	1	1213130270
60	96	1	1213176100
60	96	1	1213183029
60	96	1	1213183157
60	96	1	1213183537
60	96	1	1213183642
60	96	1	1213184380
60	96	1	1213184412
60	96	1	1213184960
60	96	1	1213184973
60	96	1	1213187836
60	96	1	1213203224
60	96	1	1213203261
60	96	1	1213203742
60	96	1	1213205207
60	96	1	1213221056
60	96	1	1213254196
60	96	1	1213254222
60	96	1	1213254258
60	96	1	1213300271
60	96	1	1213304450
60	96	1	1213304494
60	96	1	1213304589
60	96	1	1213304620
60	96	1	1213304795
62	96	1	1220606396
63	96	1	1220614848
18	96	1	1227633277
18	96	1	1227633722
18	96	1	1243009548
18	96	1	1243010172
18	96	1	1243010191
18	96	1	1243010305
62	96	1	1297555516
10	96	1	1488887624
14	96	1	1495553565
14	96	1	1497436334
60	97	1	1212854846
41	97	1	1317506480
60	98	1	1212926046
60	98	1	1213110030
14	98	1	1493899370
60	99	1	1212928448
60	99	1	1212928597
10	99	1	1488887800
60	100	1	1213108053
60	101	1	1213108112
14	101	1	1494056892
60	102	1	1213300511
60	102	1	1213300536
60	102	1	1213301438
60	102	1	1213301466
60	102	1	1214398244
60	102	1	1214398509
18	102	1	1218887459
18	102	1	1218887664
62	102	1	1220606402
63	102	1	1220614720
18	102	1	1227633686
18	102	1	1227633746
18	102	1	1234646274
18	102	1	1234649009
18	102	1	1234649031
18	102	1	1234649050
18	102	1	1234649072
18	102	1	1234649372
18	102	1	1243009864
18	102	1	1243009879
18	102	1	1243009938
18	102	1	1243009965
18	102	1	1243010521
18	102	1	1243010536
62	102	1	1297555524
64	102	1	1302270465
60	103	1	1213302378
12	103	1	1493473298
60	104	1	1213302406
12	104	1	1492791244
60	105	1	1213302474
60	106	1	1213302497
12	106	1	1494328612
60	107	1	1213302546
12	107	1	1493473045
12	107	1	1494328834
60	108	1	1213302578
60	109	1	1213302606
12	109	1	1493458953
60	110	1	1213303945
12	110	1	1493459666
12	110	1	1494405414
12	110	1	1494405604
12	110	1	1494405704
12	110	1	1494420706
12	110	1	1494421034
12	110	1	1494421118
12	110	1	1494421226
12	110	1	1494421426
12	110	1	1494421484
12	110	1	1494421634
12	110	1	1494421814
12	110	1	1494421906
12	110	1	1494667499
60	111	1	1213304015
14	111	1	1492599798
12	111	1	1493093011
60	112	1	1213304045
12	112	1	1492798303
12	112	1	1492798384
60	113	1	1213304091
12	113	1	1494329069
12	113	1	1494329966
12	113	1	1494330497
12	113	1	1494333851
12	113	1	1494668634
14	113	1	1496511084
14	113	1	1496511597
60	114	1	1213304173
12	114	1	1492792582
12	114	1	1492861313
60	115	1	1213304206
12	115	1	1493107920
60	116	1	1213304254
12	116	1	1492858727
60	117	1	1213304280
12	117	1	1492798784
12	117	1	1494329640
12	117	1	1494329753
12	117	1	1494333600
12	117	1	1494333907
13	117	1	1495194670
60	118	1	1213304378
18	118	1	1290011870
14	118	1	1495722536
65	119	1	1213743647
65	119	1	1213791003
65	119	1	1293351977
65	119	1	1372516377
65	120	1	1214146208
66	121	1	1218480341
18	122	1	1218887246
67	123	1	1219244210
68	124	1	1223550676
62	124	1	1384394655
33	125	1	1225169470
33	126	1	1225245393
69	127	1	1225305658
69	128	1	1225310484
69	129	1	1225314462
33	130	1	1225327391
33	131	1	1225352003
69	132	1	1225362299
69	132	1	1226319050
69	133	1	1225371521
69	134	1	1225375858
69	135	1	1225452840
69	135	1	1225475658
69	135	1	1225583879
69	135	1	1225598461
69	135	1	1225650621
69	135	1	1225681169
69	135	1	1225724213
69	135	1	1225773331
69	135	1	1225832275
69	135	1	1225859460
69	135	1	1225876690
69	135	1	1226007911
69	135	1	1226377441
69	135	1	1226403721
69	135	1	1226484943
69	135	1	1226497398
69	135	1	1226939527
69	135	1	1226946818
69	135	1	1226968293
69	135	1	1227101899
69	135	1	1227875944
69	135	1	1228203155
69	135	1	1229409737
69	135	1	1230223748
69	135	1	1230237768
69	135	1	1230766800
69	135	1	1231583586
69	135	1	1232066534
69	135	1	1232469858
69	135	1	1232478202
69	135	1	1233055215
69	135	1	1233096156
69	135	1	1233121399
69	135	1	1233207751
69	135	1	1233555246
69	135	1	1234446845
69	135	1	1234762634
69	135	1	1234765903
69	135	1	1234946924
69	135	1	1235324927
69	135	1	1235493803
69	135	1	1236127060
69	135	1	1237333726
69	135	1	1237338320
69	135	1	1238042663
69	135	1	1238715809
69	135	1	1240461600
33	136	1	1225529675
14	136	1	1500047960
33	137	1	1225583775
33	138	1	1225678540
33	139	1	1225770559
33	140	1	1225860103
69	141	1	1225927462
69	142	1	1225939804
69	142	1	1225942115
69	143	1	1225956864
69	143	1	1226308901
69	144	1	1226226232
33	145	1	1226471184
70	146	1	1226491176
70	147	1	1226502665
33	148	1	1227249544
12	148	1	1492872735
33	149	1	1227883763
71	150	1	1229785799
33	151	1	1234149402
33	152	1	1234563846
18	153	1	1234650241
18	153	1	1234650290
18	153	1	1234650345
18	153	1	1234650480
62	153	1	1289084191
72	153	1	1405639487
12	153	1	1492793068
33	154	1	1235275468
33	155	1	1235279734
69	156	1	1237294767
33	157	1	1237616405
73	158	1	1237741944
74	159	1	1238746239
74	160	1	1238746249
33	161	1	1239502205
33	162	1	1239579143
33	163	1	1239582548
33	164	1	1240007613
33	165	1	1240015597
33	166	1	1240078966
33	167	1	1240088150
75	168	1	1242926167
76	169	1	1243474363
76	169	1	1268123923
76	170	1	1243474367
76	170	1	1268123932
76	170	1	1268123941
77	171	1	1244733416
22	172	1	1245556916
78	173	1	1246041494
47	173	1	1378969537
79	173	1	1444954146
26	173	1	1445549431
14	173	1	1494080959
78	174	1	1246041502
78	175	1	1246041506
80	177	1	1247212480
81	178	1	1248103421
82	179	1	1251730767
33	180	1	1251832489
33	181	1	1252735058
33	182	1	1252742014
33	183	1	1252815609
83	184	1	1252817907
33	184	1	1264237159
84	185	1	1257083129
85	186	1	1257189215
86	187	1	1259862524
33	188	1	1264291999
56	189	1	1264310163
33	190	1	1264467256
33	191	1	1264473248
33	192	1	1264551858
33	193	1	1264720762
33	194	1	1264732004
33	195	1	1264919029
33	196	1	1264921482
33	197	1	1264923172
33	198	1	1266706454
33	198	1	1379473279
33	199	1	1266717331
87	200	1	1268600848
88	201	1	1269293473
89	202	1	1270003696
90	203	1	1270200024
90	203	1	1379156176
90	204	1	1270468166
90	204	1	1379156179
90	205	1	1270656601
90	205	1	1379156183
33	206	1	1271126874
91	207	1	1274813075
92	208	1	1276238283
33	209	1	1276992322
33	210	1	1277066026
33	211	1	1277158813
33	212	1	1277167766
33	213	1	1277178720
33	214	1	1277180231
33	215	1	1277247124
33	216	1	1277578833
33	216	1	1289164484
93	216	1	1308757945
93	216	1	1309105881
93	216	1	1322673713
93	216	1	1356641508
93	216	1	1356692300
46	217	1	1279804260
33	218	1	1280795504
33	219	1	1280799588
94	220	1	1280959838
94	220	1	1281005525
94	221	1	1281096580
33	222	1	1281148946
33	223	1	1281152963
33	224	1	1281154670
33	225	1	1281158071
94	226	1	1281177705
33	226	1	1289163203
93	226	1	1308798339
93	226	1	1309109646
93	226	1	1356641489
33	227	1	1281232469
33	228	1	1281234271
40	229	1	1281239333
40	229	1	1281273506
47	229	1	1378969385
10	229	1	1488543271
94	230	1	1281258137
95	231	1	1281994880
95	232	1	1281994891
96	233	1	1282093856
97	233	1	1422983207
96	234	1	1282093867
97	234	1	1422983207
98	235	1	1282432926
33	236	1	1283020607
99	237	1	1283391349
99	237	1	1284613815
99	237	1	1284614089
49	237	1	1408317682
33	238	1	1283392964
99	239	1	1283408510
100	240	1	1284221047
101	241	1	1285019782
99	242	1	1285791212
99	242	1	1285791757
99	243	1	1286348778
33	244	1	1287261200
102	245	1	1287686185
33	246	1	1289159968
33	247	1	1289172582
99	248	1	1289953743
99	248	1	1291476936
99	248	1	1295305787
103	248	1	1327099845
104	248	1	1337663145
104	248	1	1342549139
104	248	1	1349131691
104	248	1	1360201027
41	249	1	1293208976
41	249	1	1330304551
95	250	1	1293739119
105	251	1	1294088141
106	252	1	1295906248
33	253	1	1296442318
33	253	1	1333237102
107	253	1	1390288743
33	254	1	1296448455
33	255	1	1296528505
33	256	1	1296616817
33	257	1	1296783595
108	258	1	1297756568
33	259	1	1298435431
109	260	1	1299509152
109	260	1	1388859229
33	261	1	1301869584
99	262	1	1302754703
33	263	1	1302977746
95	263	1	1331470179
33	264	1	1302982287
33	265	1	1302994152
33	266	1	1303350672
110	268	1	1304317521
111	268	1	1483213174
110	269	1	1304317555
111	269	1	1483213174
33	270	1	1305156771
33	270	1	1333910853
112	271	1	1306225527
112	271	1	1314528097
99	272	1	1306446295
99	273	1	1306518470
113	274	1	1307396232
114	274	1	1332350247
115	275	1	1308096617
93	276	1	1308808551
93	276	1	1308812417
93	277	1	1308811849
93	277	1	1308812165
116	278	1	1309304015
116	278	1	1331452552
116	278	1	1401148780
116	278	1	1423193875
117	279	1	1309513023
117	280	1	1309526325
117	281	1	1309536626
93	282	1	1309541532
33	283	1	1309569905
33	284	1	1309578674
33	285	1	1309582750
33	286	1	1309622820
118	288	1	1311111220
119	289	1	1313252384
119	290	1	1313254045
120	291	1	1313792613
33	292	1	1314240993
33	292	1	1422211597
33	293	1	1315762908
33	294	1	1315766364
33	295	1	1315771929
121	296	1	1316034077
33	297	1	1318377947
114	298	1	1318459274
33	299	1	1318972680
99	300	1	1319840837
99	300	1	1429212167
122	301	1	1319976251
123	301	1	1497567531
124	302	1	1320398666
33	302	1	1346638921
125	303	1	1320839786
125	304	1	1320839864
126	305	1	1321040311
127	306	1	1321067854
126	307	1	1321204945
126	308	1	1321204946
126	308	1	1321205166
33	309	1	1321762544
33	310	1	1321847989
33	311	1	1321919089
33	312	1	1321922720
33	312	1	1322092567
33	313	1	1321926948
33	313	1	1322094307
93	314	1	1321985790
93	315	1	1321991687
12	315	1	1493223605
12	315	1	1493224628
12	315	1	1493225585
12	315	1	1493225878
12	315	1	1493226236
93	316	1	1322029329
33	317	1	1322096329
33	317	1	1322096487
33	318	1	1322097744
33	319	1	1322098943
128	320	1	1322261996
33	321	1	1323015148
33	322	1	1323046069
33	323	1	1323049782
114	324	1	1325892986
114	324	1	1325964190
99	325	1	1326327272
114	326	1	1328126776
129	327	1	1328447001
129	327	1	1328453496
129	327	1	1328466356
129	328	1	1328447011
129	328	1	1328452524
129	328	1	1328465530
33	329	1	1329069700
114	330	1	1329742672
114	331	1	1329748680
103	331	1	1329752274
93	332	1	1329829595
93	333	1	1329833916
93	333	1	1356633140
87	334	1	1330559055
95	335	1	1330620029
95	336	1	1330702290
33	337	1	1332039215
33	338	1	1333243739
33	339	1	1333419021
33	340	1	1333499718
33	340	1	1333581936
33	341	1	1333586978
33	342	1	1333904656
33	343	1	1333906689
114	344	1	1334110130
33	345	1	1334509505
130	346	1	1336230531
33	347	1	1336323126
131	348	1	1338000066
131	349	1	1338012232
132	350	1	1338263675
114	351	1	1338316957
133	352	1	1338437369
133	352	1	1338440377
133	352	1	1342489850
33	353	1	1338649285
33	354	1	1338655623
33	355	1	1338659592
134	356	1	1338912711
134	356	1	1338914683
134	357	1	1338912712
134	358	1	1338933329
134	358	1	1338934455
134	359	1	1338933329
114	360	1	1339329382
33	361	1	1339378332
33	362	1	1339992745
135	363	1	1340570501
114	364	1	1340663804
33	365	1	1341259053
33	365	1	1344109869
33	366	1	1341261816
136	367	1	1342274602
33	367	1	1344218866
33	367	1	1344225105
33	368	1	1344111540
137	369	1	1344245202
33	370	1	1344379678
138	371	1	1345585526
139	372	1	1346356213
139	373	1	1346430701
140	373	1	1347097835
140	374	1	1346442164
33	375	1	1346627122
33	376	1	1346632872
33	377	1	1346636890
141	378	1	1348936903
59	379	1	1349680225
95	380	1	1351190759
95	381	1	1351239616
95	382	1	1351243262
95	383	1	1351243271
5	384	1	1354612596
5	385	1	1354743355
33	386	1	1355087659
33	387	1	1355091469
33	388	1	1355112678
142	389	1	1355251933
143	390	1	1355724915
62	390	1	1491282220
114	391	1	1359578402
114	392	1	1359578558
114	393	1	1359903257
114	394	1	1359906234
142	395	1	1359909434
33	396	1	1360030547
144	396	1	1417131907
144	396	1	1487246549
33	397	1	1360034894
145	398	1	1360265642
145	398	1	1360437036
145	398	1	1360498104
145	398	1	1360504314
145	398	1	1360836778
145	399	1	1360763796
33	400	1	1361149577
33	401	1	1361155230
114	402	1	1361230956
33	403	1	1364142290
33	404	1	1364146380
33	405	1	1364161388
33	406	1	1364172821
33	407	1	1364174671
146	407	1	1451502405
147	408	1	1365246254
148	409	1	1366077037
114	410	1	1367171829
149	411	1	1367265341
150	412	1	1367352264
146	412	1	1451505901
151	413	1	1369321160
151	413	1	1376141400
33	413	1	1381706475
151	413	1	1384697262
151	413	1	1408418980
33	414	1	1370215679
151	415	1	1370605725
151	415	1	1376139752
151	415	1	1382846386
151	415	1	1382860269
33	416	1	1372733520
33	417	1	1372820631
152	418	1	1373856370
33	418	1	1381682291
153	419	1	1374243555
62	419	1	1404649505
41	420	1	1375661972
151	421	1	1376142189
151	421	1	1382877480
151	421	1	1382931414
154	422	1	1376327465
155	423	1	1376680286
155	424	1	1377989688
47	425	1	1378969475
90	426	1	1379156813
90	427	1	1379156815
33	428	1	1379280968
33	429	1	1379302404
146	429	1	1451502365
33	430	1	1379463682
33	431	1	1379467403
33	432	1	1379560696
33	433	1	1379562398
33	434	1	1379563744
33	435	1	1379897145
33	436	1	1379898943
33	437	1	1380159565
33	438	1	1380163797
33	439	1	1380395869
33	440	1	1380397248
33	441	1	1380400890
156	441	1	1385795193
156	441	1	1388051131
156	441	1	1391246253
33	441	1	1408626404
63	441	1	1411918001
157	441	1	1411919404
33	441	1	1413772316
33	441	1	1438465472
33	442	1	1380407457
156	442	1	1385473010
156	442	1	1386741734
156	442	1	1391654069
156	442	1	1393934170
156	442	1	1396082002
63	442	1	1411918001
157	442	1	1411919405
33	442	1	1414897841
33	443	1	1381683765
33	444	1	1381723236
97	444	1	1450286789
158	445	1	1382940370
159	446	1	1383339874
160	447	1	1384698270
161	448	1	1384747746
162	448	1	1384785148
163	449	1	1385383343
164	450	1	1387293085
165	451	1	1387554319
33	452	1	1390174802
111	452	1	1487197567
33	453	1	1390254088
33	454	1	1390265221
166	455	1	1390299455
167	456	1	1392260325
168	457	1	1392384246
168	458	1	1392391401
33	459	1	1393563073
33	459	1	1393563671
33	460	1	1393570957
162	461	1	1394756486
169	462	1	1395183547
169	462	1	1395425273
169	462	1	1395425856
169	462	1	1396576175
170	463	1	1396562410
171	464	1	1396596433
172	465	1	1396955979
8	466	1	1400531912
49	467	1	1408317682
33	468	1	1409106211
33	469	1	1409437484
173	470	1	1409882506
33	471	1	1410622426
174	471	1	1447384113
33	472	1	1410709504
175	473	1	1410797250
33	474	1	1411003451
174	474	1	1447384114
63	475	1	1411918001
134	475	1	1415695132
33	475	1	1420952061
63	476	1	1411918001
134	476	1	1415695146
33	476	1	1420958789
157	477	1	1411919405
157	478	1	1411919405
176	479	1	1413412274
176	479	1	1447340677
176	479	1	1447741431
21	480	1	1415105324
21	480	1	1415105651
21	480	1	1415105703
21	480	1	1415105818
21	480	1	1415105851
21	480	1	1415106114
13	480	1	1488134806
10	480	1	1488886589
13	480	1	1490267172
13	480	1	1490267377
13	480	1	1490267519
13	480	1	1490267623
13	480	1	1490267905
13	480	1	1490268234
21	481	1	1415105737
12	481	1	1493046024
21	482	1	1415105979
21	482	1	1415106060
33	483	1	1416713958
97	483	1	1472035398
97	483	1	1472119714
33	484	1	1416721087
97	484	1	1472035398
97	484	1	1472119714
33	485	1	1417321013
177	486	1	1418643630
72	487	1	1419447666
33	487	1	1423940256
33	488	1	1421017319
33	489	1	1421111479
33	490	1	1421115474
33	491	1	1421119530
33	491	1	1423374818
132	491	1	1424432006
178	492	1	1422144444
178	492	1	1422146924
178	492	1	1422146968
10	492	1	1473428001
10	492	1	1473428068
10	492	1	1473428106
10	492	1	1479883925
10	492	1	1480075301
12	492	1	1492841225
12	492	1	1492950189
12	492	1	1492950277
12	492	1	1492958144
12	492	1	1492958174
12	492	1	1492959433
12	492	1	1492964304
12	492	1	1492969182
12	492	1	1492969247
12	492	1	1493012515
12	492	1	1493012556
12	492	1	1493019991
12	492	1	1493021788
12	492	1	1493037148
12	492	1	1493042441
12	492	1	1493050364
12	492	1	1493054143
12	492	1	1493057185
12	492	1	1493114424
12	492	1	1493202653
12	492	1	1493229503
12	492	1	1493281734
12	492	1	1493282003
12	492	1	1493286087
12	492	1	1493286110
12	492	1	1493286174
12	492	1	1493318170
12	492	1	1493318578
12	492	1	1493318962
12	492	1	1493371640
12	492	1	1493371755
12	492	1	1493534426
12	492	1	1493534490
12	492	1	1493542484
12	492	1	1493629572
12	492	1	1493629681
12	492	1	1493637377
12	492	1	1493638596
12	492	1	1493829623
12	492	1	1493894785
12	492	1	1493896401
12	492	1	1493896918
12	492	1	1493896964
12	492	1	1494238905
12	492	1	1494266740
178	493	1	1422146767
10	493	1	1474741351
10	493	1	1478367450
12	493	1	1492847446
12	493	1	1492953962
12	493	1	1493094877
12	493	1	1493095087
12	493	1	1493114747
12	493	1	1493114858
178	494	1	1422147190
178	494	1	1422147222
10	494	1	1474741540
10	494	1	1478367483
12	494	1	1492847239
12	494	1	1492877385
12	494	1	1493012786
178	495	1	1422164553
12	495	1	1492836924
12	495	1	1492837086
12	495	1	1492837144
12	495	1	1493013374
12	495	1	1493013453
12	495	1	1493046773
97	496	1	1422983207
97	497	1	1422983207
33	498	1	1423370486
33	499	1	1423377189
132	499	1	1424432006
33	500	1	1423708161
33	501	1	1424392550
97	501	1	1438202209
132	502	1	1424432006
132	503	1	1424432006
33	504	1	1424582710
97	504	1	1438202208
33	505	1	1424584833
134	505	1	1438321415
8	506	1	1426619219
179	506	1	1429223086
8	506	1	1429245506
8	507	1	1426619219
179	507	1	1429223086
8	507	1	1429245506
8	508	1	1426619219
179	508	1	1429223086
8	508	1	1429245506
8	509	1	1426619219
179	509	1	1429223086
8	509	1	1429245506
8	510	1	1426619219
179	510	1	1429223086
8	510	1	1429245506
8	511	1	1426619219
8	512	1	1426619219
179	512	1	1429223086
8	512	1	1429245506
8	513	1	1426619219
8	514	1	1426619220
179	514	1	1429223087
8	514	1	1429245506
8	515	1	1426619228
179	515	1	1429223086
8	515	1	1429245506
8	516	1	1426619228
179	516	1	1429223086
8	516	1	1429245506
8	517	1	1426619229
179	517	1	1429223090
8	517	1	1429245506
8	518	1	1426619229
179	518	1	1429223090
8	518	1	1429245506
33	519	1	1426641727
99	520	1	1429212167
180	521	1	1433720452
97	522	1	1438202209
97	523	1	1438202209
181	524	1	1438644594
10	525	1	1442061695
10	525	1	1453290801
10	525	1	1461447986
10	525	1	1465545019
10	525	1	1466508886
10	525	1	1469009807
10	525	1	1470299684
10	525	1	1473428217
10	525	1	1473589015
10	525	1	1473711858
10	525	1	1473832727
10	525	1	1474387735
10	525	1	1474754652
10	525	1	1476701645
10	525	1	1476951095
10	525	1	1479734171
10	525	1	1482933632
182	526	1	1442642492
183	527	1	1442642921
79	528	1	1442644747
181	529	1	1443815631
181	530	1	1443815632
181	531	1	1443815632
181	532	1	1443815632
181	533	1	1443815632
181	534	1	1443815632
181	535	1	1443815632
79	536	1	1444593390
97	537	1	1450286799
146	538	1	1451502365
146	539	1	1451502405
146	540	1	1451505902
10	541	1	1453212133
10	541	1	1469009874
10	541	1	1475228234
12	541	1	1492847023
12	541	1	1492975636
12	541	1	1493013110
12	541	1	1493637630
10	542	1	1453383847
10	542	1	1469009779
10	542	1	1475228339
12	542	1	1492847328
12	542	1	1493014460
10	543	1	1455871842
10	543	1	1487749524
12	543	1	1490895071
12	543	1	1492190161
12	543	1	1492986892
12	543	1	1492987069
12	543	1	1492987116
12	543	1	1492987775
12	543	1	1492988570
12	543	1	1493091166
12	543	1	1493091367
12	543	1	1493120794
12	543	1	1493287860
184	544	1	1458675510
184	544	1	1458675543
10	544	1	1474740964
10	544	1	1474742209
10	544	1	1478367365
10	544	1	1491730016
10	544	1	1491807491
12	544	1	1492796602
12	544	1	1492841435
12	544	1	1492950642
12	544	1	1492950723
12	544	1	1492953031
12	544	1	1493013012
184	545	1	1458675566
12	545	1	1493044554
184	546	1	1458675692
10	546	1	1474740848
10	546	1	1474742034
10	546	1	1478367330
13	546	1	1490967475
10	546	1	1491730089
12	546	1	1492947617
12	546	1	1492950843
12	546	1	1493021060
12	546	1	1493052225
12	546	1	1493052428
184	547	1	1458747757
184	547	1	1458747814
10	547	1	1474741034
10	547	1	1474742178
10	547	1	1478367408
12	547	1	1492841517
12	547	1	1492951553
12	547	1	1493020838
184	548	1	1458747846
184	549	1	1458747909
10	550	1	1459861489
10	550	1	1469009747
10	550	1	1475228493
13	550	1	1490967519
12	550	1	1492846894
12	550	1	1492974217
12	550	1	1493612490
10	551	1	1460635552
10	551	1	1469009703
10	551	1	1475228658
12	551	1	1492885134
12	551	1	1492953681
12	551	1	1492956860
12	551	1	1492957073
12	551	1	1492957369
12	551	1	1492957672
12	551	1	1492957799
12	551	1	1492972994
12	551	1	1493102062
10	552	1	1460635889
12	552	1	1492797941
12	552	1	1492946013
185	553	1	1463819003
10	554	1	1466508268
10	554	1	1487749580
12	554	1	1492985256
12	554	1	1492985323
12	554	1	1493030905
12	554	1	1493045866
12	554	1	1494328072
12	554	1	1494328165
97	555	1	1472119714
97	556	1	1472119714
10	557	1	1473428135
10	558	1	1473588933
10	559	1	1473711587
186	559	1	1474385038
10	560	1	1473832637
12	560	1	1492972128
186	561	1	1474385038
10	562	1	1474754618
12	562	1	1492797818
10	563	1	1476699679
12	563	1	1493613411
10	564	1	1476699816
12	564	1	1493649580
10	565	1	1476699860
12	565	1	1494388219
10	566	1	1476699903
12	566	1	1492972751
12	566	1	1492972845
12	566	1	1493053116
12	566	1	1494387682
10	567	1	1476699946
10	568	1	1476700007
12	568	1	1493649736
10	569	1	1476700065
12	569	1	1493650344
10	570	1	1476950534
12	570	1	1493650132
10	570	1	1493650769
10	571	1	1476950599
12	571	1	1493650484
12	571	1	1494387948
10	572	1	1476950632
12	572	1	1493650602
10	573	1	1476950665
12	573	1	1493650736
10	574	1	1476950693
12	574	1	1493649952
10	575	1	1476950715
12	575	1	1493650047
10	576	1	1476950754
10	577	1	1476950776
12	577	1	1494397804
10	578	1	1476950900
10	579	1	1476950945
10	580	1	1480312248
12	580	1	1493114747
187	581	1	1480624397
10	582	1	1482137263
12	582	1	1493045680
12	582	1	1493045715
10	583	1	1482137440
10	584	1	1482137687
12	584	1	1492938915
12	584	1	1492939339
12	584	1	1493119581
10	585	1	1482137756
12	585	1	1493459088
10	586	1	1482137759
10	587	1	1482137801
10	588	1	1482137833
10	589	1	1482932670
10	589	1	1482933023
10	590	1	1482932911
10	590	1	1482932999
12	590	1	1492938550
12	590	1	1492939427
10	591	1	1482933486
12	591	1	1490898177
10	591	1	1490899749
111	592	1	1483213174
111	593	1	1483213174
21	594	1	1483972219
21	595	1	1483972439
111	596	1	1487197567
144	597	1	1487246549
10	599	1	1488784805
10	600	1	1488784826
12	600	1	1492939839
10	601	1	1488784852
12	601	1	1492939656
12	601	1	1492939713
10	602	1	1488784871
14	602	1	1492584290
12	602	1	1492940399
10	603	1	1488784902
14	603	1	1492583923
12	603	1	1492940176
10	604	1	1488784904
14	604	1	1492584188
12	604	1	1492939995
10	605	1	1488784917
14	605	1	1492583690
12	605	1	1492940280
10	606	1	1489990695
10	606	1	1489994956
13	606	1	1490080463
12	606	1	1492797567
12	606	1	1493124658
12	606	1	1493125187
12	606	1	1493125356
12	606	1	1493125423
12	606	1	1493125548
12	606	1	1493125679
10	607	1	1489994749
10	607	1	1489994780
14	607	1	1496411236
10	608	1	1489995341
10	608	1	1489995364
12	608	1	1493547667
14	608	1	1497278789
14	608	1	1497861603
12	609	1	1490897652
10	610	1	1491902935
12	610	1	1492985860
12	610	1	1493547856
12	610	1	1493547894
12	611	1	1492185455
12	611	1	1492186973
12	611	1	1492189482
12	611	1	1492862263
12	611	1	1493046278
12	611	1	1493301495
12	611	1	1493302207
12	611	1	1493304015
12	611	1	1493304146
12	611	1	1493304792
12	611	1	1494248957
12	611	1	1494249258
12	611	1	1494671725
12	611	1	1494676281
14	611	1	1497451522
12	611	1	1499430999
12	611	1	1499431036
12	612	1	1492185584
12	612	1	1492790874
14	612	1	1493211584
12	613	1	1492185700
12	613	1	1492790649
12	613	1	1492791383
12	614	1	1492187037
12	614	1	1492793432
14	615	1	1492599932
12	616	1	1492791308
12	616	1	1493448416
12	616	1	1493448491
12	617	1	1492793129
12	617	1	1493458467
12	617	1	1493458512
12	618	1	1492794440
10	618	1	1492847248
12	619	1	1492796507
12	619	1	1492945639
12	619	1	1492951825
12	619	1	1492971744
12	619	1	1493612136
14	619	1	1497519696
12	620	1	1492796723
12	620	1	1493029857
12	621	1	1492841588
12	622	1	1492846951
12	623	1	1492857871
12	623	1	1494668558
12	624	1	1492858014
12	625	1	1492858029
12	626	1	1492858081
12	627	1	1492858609
12	628	1	1492858660
12	628	1	1493458786
12	628	1	1493458809
12	629	1	1492862331
12	629	1	1492866263
12	629	1	1492871314
14	629	1	1498127738
12	630	1	1492862381
12	630	1	1493458646
12	631	1	1492862511
12	631	1	1494668423
12	632	1	1492862644
12	632	1	1493093132
12	633	1	1492862890
12	634	1	1492862988
12	635	1	1492863042
14	635	1	1497180953
12	636	1	1492863140
12	636	1	1492863209
12	637	1	1492863350
12	638	1	1492863438
12	639	1	1492863494
12	640	1	1492863740
12	640	1	1492863755
12	641	1	1492863846
12	642	1	1492863915
12	642	1	1492870449
12	643	1	1492863993
12	644	1	1492864068
12	644	1	1492864085
12	645	1	1492864149
12	646	1	1492864189
12	646	1	1493459177
12	647	1	1492864230
12	647	1	1493448099
12	648	1	1492864428
12	649	1	1492864464
12	650	1	1492864529
12	651	1	1492864616
12	652	1	1492864716
14	652	1	1497603847
14	652	1	1499262945
12	653	1	1492864823
12	653	1	1492864864
12	653	1	1492864911
12	654	1	1492865042
12	655	1	1492865135
12	656	1	1492865191
12	657	1	1492865748
12	658	1	1492865780
12	659	1	1492865824
12	660	1	1492865907
12	661	1	1492865948
14	661	1	1497274611
12	662	1	1492865992
12	663	1	1492866293
12	663	1	1492866330
188	663	1	1498389840
12	664	1	1492866655
14	664	1	1498569741
12	665	1	1492866705
12	666	1	1492866742
12	667	1	1492866789
12	668	1	1492866995
12	669	1	1492867035
12	670	1	1492867078
12	671	1	1492867139
12	672	1	1492867171
12	673	1	1492867231
12	674	1	1492867355
12	675	1	1492867404
12	676	1	1492867453
12	677	1	1492867493
12	678	1	1492867535
12	679	1	1492867697
12	680	1	1492867751
12	681	1	1492867816
12	682	1	1492867873
12	682	1	1493045507
12	682	1	1493045578
12	682	1	1493215998
12	683	1	1492867978
12	683	1	1492868028
12	684	1	1492868144
12	685	1	1492868204
12	686	1	1492868276
12	687	1	1492868353
12	687	1	1492868376
12	688	1	1492868757
12	689	1	1492868797
12	690	1	1492868842
12	691	1	1492868930
12	691	1	1492868948
12	692	1	1492869004
12	693	1	1492869089
12	694	1	1492869149
12	695	1	1492869184
12	696	1	1492869238
12	697	1	1492869287
12	698	1	1492869340
12	699	1	1492869402
12	700	1	1492869499
12	701	1	1492869563
12	702	1	1492869627
12	702	1	1492936600
12	703	1	1492869691
12	703	1	1492936752
12	704	1	1492869779
12	704	1	1492869998
12	704	1	1492870049
12	705	1	1492869836
12	706	1	1492869894
12	707	1	1492870144
12	708	1	1492870175
12	709	1	1492870245
12	710	1	1492870313
12	711	1	1492870353
12	712	1	1492870589
12	713	1	1492870629
12	714	1	1492870685
12	715	1	1492870745
12	716	1	1492870800
12	717	1	1492870868
12	718	1	1492870908
12	719	1	1492870981
12	720	1	1492871013
12	721	1	1492871057
12	722	1	1492871149
12	723	1	1492871211
12	724	1	1492871409
12	725	1	1492871434
12	726	1	1492871475
12	727	1	1492871542
12	728	1	1492871597
12	729	1	1492871659
12	730	1	1492871692
12	731	1	1492871760
12	732	1	1492871796
12	733	1	1492871919
12	734	1	1492871951
12	735	1	1492872017
12	736	1	1492872119
12	736	1	1492937246
12	737	1	1492872246
12	738	1	1492872269
12	739	1	1492872308
12	740	1	1492872378
12	741	1	1492872404
12	742	1	1492872583
12	743	1	1492873115
12	743	1	1492887086
12	743	1	1493092329
12	743	1	1493313128
12	743	1	1493313332
12	743	1	1493313352
12	743	1	1493320649
12	743	1	1493320875
12	743	1	1493388127
11	743	1	1498231831
188	743	1	1498389840
12	744	1	1492873370
12	745	1	1492873424
12	746	1	1492873448
12	747	1	1492873529
12	747	1	1492873614
12	748	1	1492873554
12	749	1	1492873665
14	749	1	1497363820
12	750	1	1492873722
12	751	1	1492873776
12	752	1	1492875227
12	752	1	1492875268
12	752	1	1492945853
12	752	1	1492951981
12	752	1	1492973145
12	752	1	1493297524
12	753	1	1492877865
12	753	1	1492877922
12	754	1	1492877975
12	755	1	1492878031
12	756	1	1492885318
12	757	1	1492885454
12	758	1	1492885529
12	759	1	1492885617
12	760	1	1492885681
12	761	1	1492886057
12	762	1	1492886568
12	762	1	1492886749
12	762	1	1492886846
12	763	1	1492886906
12	764	1	1492887233
12	765	1	1492887734
12	765	1	1492922045
12	765	1	1492922230
12	765	1	1492922366
12	766	1	1492887790
12	767	1	1492922672
12	768	1	1492923836
12	769	1	1492923900
12	770	1	1492924149
12	771	1	1492924700
12	771	1	1492924795
12	771	1	1492924836
12	772	1	1492924898
12	773	1	1492936076
12	774	1	1492936178
12	775	1	1492936277
12	776	1	1492936377
12	777	1	1492936505
12	778	1	1492939114
12	778	1	1492939213
12	779	1	1492945443
12	779	1	1492945496
12	779	1	1492951714
12	779	1	1492952839
12	779	1	1492953261
12	779	1	1492970747
12	779	1	1494242408
12	779	1	1494242876
12	780	1	1492945942
12	781	1	1492947362
12	781	1	1492951404
12	781	1	1492971945
12	781	1	1493535225
12	781	1	1493535354
12	781	1	1493535595
12	781	1	1493535814
12	781	1	1494238935
12	781	1	1494239017
12	781	1	1494239106
12	781	1	1494240741
12	781	1	1494241413
12	781	1	1494244011
12	782	1	1492947676
12	783	1	1492951224
12	783	1	1492951303
12	783	1	1492952292
12	784	1	1492954913
12	784	1	1492955053
12	784	1	1492955184
12	784	1	1492955254
12	784	1	1492955564
12	784	1	1493124922
12	785	1	1492955675
12	786	1	1492959191
12	786	1	1492971163
12	786	1	1492971533
12	786	1	1493114242
12	786	1	1493114353
12	786	1	1494241684
12	787	1	1492960425
12	787	1	1493214364
12	787	1	1493633292
12	787	1	1493652156
12	787	1	1493652291
12	788	1	1492960502
12	789	1	1492966245
12	789	1	1492966636
12	789	1	1492967117
12	789	1	1492968156
12	789	1	1492968385
12	789	1	1492968522
12	789	1	1492968623
12	789	1	1492968837
12	789	1	1493221617
12	789	1	1493221739
12	789	1	1493404635
12	789	1	1493471499
12	789	1	1494247365
12	790	1	1492970274
12	790	1	1492970314
12	790	1	1493536519
12	791	1	1492970434
12	791	1	1493025585
12	791	1	1493028665
12	792	1	1492971435
12	793	1	1492972028
12	793	1	1493052639
12	794	1	1492977802
12	794	1	1492977960
12	794	1	1492978207
12	794	1	1492978394
12	794	1	1492978621
12	794	1	1492978815
12	794	1	1492983377
12	794	1	1492983559
12	794	1	1492984102
12	795	1	1492984230
12	795	1	1492984273
12	796	1	1492984766
12	796	1	1493220988
12	796	1	1493222982
12	796	1	1493223082
21	796	1	1495298265
13	796	1	1496670240
12	797	1	1492989085
12	798	1	1493012218
12	798	1	1493012292
12	798	1	1493637507
12	799	1	1493019572
12	799	1	1493637872
12	799	1	1493637917
12	800	1	1493019657
12	801	1	1493023127
12	801	1	1493472129
12	801	1	1493536626
12	802	1	1493025070
12	802	1	1493025138
12	802	1	1493031708
12	802	1	1493032501
12	802	1	1493032550
12	802	1	1493032942
12	802	1	1493034170
12	802	1	1493049214
12	802	1	1493049737
12	802	1	1493100502
12	802	1	1493100542
12	802	1	1493100677
13	802	1	1495194964
12	803	1	1493025238
13	803	1	1495195085
12	804	1	1493025351
12	804	1	1493046495
12	805	1	1493026182
12	805	1	1493028159
12	805	1	1493028317
12	805	1	1493028618
12	805	1	1493028901
12	805	1	1493028935
12	805	1	1493029242
12	805	1	1493029620
12	805	1	1493029746
12	805	1	1493030596
12	806	1	1493030726
12	807	1	1493032881
12	808	1	1493036806
188	808	1	1498389841
12	809	1	1493039125
12	809	1	1493472488
12	809	1	1493536774
12	809	1	1494231506
12	810	1	1493044006
12	810	1	1493537053
12	810	1	1493537532
12	811	1	1493044250
12	812	1	1493046111
12	813	1	1493052101
12	813	1	1493052543
12	813	1	1493053491
12	813	1	1493053616
12	813	1	1493537672
12	814	1	1493052315
12	815	1	1493055825
12	815	1	1493056006
12	815	1	1493221395
12	815	1	1493537865
12	815	1	1493651908
12	816	1	1493059058
12	816	1	1493472257
12	816	1	1494231368
12	817	1	1493059157
12	818	1	1493092191
12	818	1	1493115475
12	818	1	1493115544
14	818	1	1500450029
12	819	1	1493096020
12	819	1	1493096178
12	819	1	1493100105
12	820	1	1493102195
12	821	1	1493109905
12	821	1	1493651592
12	821	1	1494231705
12	822	1	1493114747
12	823	1	1493114747
12	824	1	1493115544
12	825	1	1493115745
12	825	1	1493443517
12	826	1	1493115928
12	827	1	1493116755
12	827	1	1493116848
12	827	1	1493116931
12	827	1	1493117182
12	827	1	1493117252
12	827	1	1493117860
12	827	1	1493118203
12	827	1	1493118291
12	827	1	1493118383
12	827	1	1493294691
12	827	1	1493294730
12	828	1	1493117252
10	829	1	1493121087
10	830	1	1493121184
10	831	1	1493121254
10	832	1	1493121330
12	832	1	1493651992
10	833	1	1493121335
10	834	1	1493121648
10	835	1	1493121726
10	836	1	1493121871
10	837	1	1493122140
10	838	1	1493122244
12	838	1	1493447954
12	838	1	1493447998
12	839	1	1493122339
12	839	1	1493534745
12	839	1	1493534795
12	839	1	1493651725
12	840	1	1493125679
10	841	1	1493151713
12	842	1	1493204911
12	842	1	1493205023
12	842	1	1493205061
12	842	1	1493205159
12	842	1	1493471710
12	842	1	1494247117
12	843	1	1493207893
12	843	1	1493208606
12	843	1	1493208781
12	843	1	1493208940
12	843	1	1493209197
12	843	1	1493221894
12	843	1	1493404920
12	843	1	1493471799
12	843	1	1494246504
12	844	1	1493220988
12	844	1	1493221186
12	845	1	1493221470
12	846	1	1493223783
12	846	1	1493224116
12	846	1	1493224485
12	846	1	1493224715
12	846	1	1493225060
12	846	1	1493225248
12	846	1	1493225321
12	846	1	1493448247
12	846	1	1494668612
12	847	1	1493283214
12	847	1	1493611827
10	848	1	1493286178
10	849	1	1493286259
12	849	1	1494388031
12	850	1	1493288101
12	850	1	1493288190
12	850	1	1493288316
12	850	1	1493288341
12	850	1	1493288535
12	850	1	1493288729
12	850	1	1493288895
12	850	1	1493288963
12	850	1	1493289017
12	850	1	1493289084
12	850	1	1493289153
12	850	1	1493289219
12	850	1	1493289323
12	850	1	1493289421
12	850	1	1493290896
12	851	1	1493289017
12	851	1	1493289548
12	851	1	1493289712
12	851	1	1493289793
12	851	1	1493289838
12	851	1	1493290091
12	851	1	1493290175
12	851	1	1493290633
12	851	1	1493291003
12	851	1	1493291470
12	852	1	1493289838
12	852	1	1493290827
12	852	1	1493291136
12	852	1	1493291264
12	852	1	1493291286
12	852	1	1493291361
12	852	1	1493291586
12	853	1	1493290279
12	854	1	1493291286
12	854	1	1493291727
12	854	1	1493291831
12	854	1	1493291952
12	854	1	1493291990
12	854	1	1493292164
12	854	1	1493292706
12	854	1	1493292779
12	854	1	1493293012
12	854	1	1493293131
12	854	1	1493293204
12	854	1	1493293414
62	854	1	1496337158
12	855	1	1493291991
12	855	1	1493293810
12	855	1	1493293925
12	855	1	1493294023
12	856	1	1493293925
12	856	1	1493297703
14	856	1	1497530189
12	856	1	1498214407
12	856	1	1498214443
12	858	1	1493309550
12	859	1	1493310313
12	860	1	1493310386
12	860	1	1493310409
12	861	1	1493310466
14	862	1	1493311160
14	862	1	1493626614
12	863	1	1493313217
12	864	1	1493317260
12	864	1	1494238541
12	865	1	1493320153
12	865	1	1493320411
12	865	1	1493320506
12	865	1	1493360904
12	865	1	1493369213
12	866	1	1493373722
12	866	1	1493394862
10	867	1	1493389507
12	867	1	1493401953
12	868	1	1493389920
12	868	1	1493395013
12	868	1	1493395067
12	868	1	1493396554
12	868	1	1493396602
12	868	1	1493396660
12	868	1	1493397756
12	868	1	1493397950
12	868	1	1494246832
12	868	1	1494246912
12	869	1	1493392562
12	869	1	1493393531
12	870	1	1493394506
12	870	1	1493394709
12	870	1	1493398548
12	870	1	1493398605
12	870	1	1493398674
12	871	1	1493400475
12	871	1	1493401742
12	871	1	1493401855
12	872	1	1493404329
12	872	1	1493731846
12	872	1	1493732110
12	872	1	1494332173
13	872	1	1495194622
12	873	1	1493445203
12	873	1	1493446634
12	873	1	1493447186
12	873	1	1493447262
12	873	1	1493447390
12	874	1	1493459666
12	875	1	1493460468
12	875	1	1493460528
12	875	1	1493460942
12	875	1	1493470617
12	875	1	1493471414
12	875	1	1493533891
12	875	1	1493612008
14	875	1	1497083381
12	876	1	1493533159
12	876	1	1493533732
12	876	1	1493533927
12	876	1	1493631597
14	876	1	1497010457
12	877	1	1493534022
14	877	1	1497127549
12	878	1	1493539565
12	878	1	1493539772
12	878	1	1493540241
12	878	1	1493540601
12	879	1	1493541404
12	879	1	1493541900
12	880	1	1493543177
12	880	1	1493546048
12	880	1	1493546230
12	880	1	1493546679
12	880	1	1493546971
12	881	1	1493625825
12	881	1	1493626147
12	881	1	1493626645
12	881	1	1493626772
12	882	1	1493627144
10	882	1	1493629484
12	883	1	1493630615
12	883	1	1493630706
12	883	1	1493631139
12	883	1	1493631498
12	883	1	1493978338
12	883	1	1494243810
12	884	1	1493631681
12	884	1	1493631769
12	885	1	1493632818
12	885	1	1493632943
12	885	1	1493633189
12	885	1	1493633545
12	885	1	1493634434
12	885	1	1493634583
12	885	1	1494242147
14	885	1	1496922750
12	886	1	1493637631
12	887	1	1493639537
12	887	1	1493647311
12	887	1	1493648404
14	887	1	1497113142
12	888	1	1493653512
12	888	1	1493653891
12	888	1	1493653993
10	889	1	1493732303
10	889	1	1493732500
10	890	1	1493732381
10	891	1	1493732534
10	892	1	1493732602
12	893	1	1493732814
12	893	1	1493733389
12	893	1	1493733477
12	894	1	1493736463
12	894	1	1493736716
12	894	1	1493736888
12	894	1	1493737445
12	894	1	1493827720
12	894	1	1493827749
12	895	1	1493827575
12	895	1	1494397673
12	896	1	1493828694
12	897	1	1493830982
12	898	1	1493893117
12	898	1	1493893200
12	898	1	1493893613
12	898	1	1493893655
12	899	1	1493894438
12	900	1	1493898082
12	900	1	1493898181
12	900	1	1493904455
12	900	1	1494856916
10	901	1	1493972594
12	901	1	1494856745
12	902	1	1493979182
14	903	1	1494069473
12	904	1	1494231259
12	904	1	1494231888
12	904	1	1494397935
12	905	1	1494238541
12	906	1	1494238935
12	907	1	1494240491
12	907	1	1494240814
12	907	1	1494241038
12	907	1	1494241098
12	908	1	1494241506
12	909	1	1494241762
12	910	1	1494241796
12	911	1	1494241861
12	912	1	1494242408
12	913	1	1494259989
12	913	1	1494260058
12	913	1	1494330893
12	913	1	1494331869
12	913	1	1494331945
12	913	1	1494332025
12	913	1	1494332066
12	914	1	1494261246
12	914	1	1494261373
12	914	1	1494261454
12	914	1	1494266936
12	914	1	1494387482
12	915	1	1494267821
12	916	1	1494267890
12	917	1	1494327511
12	918	1	1494328326
12	919	1	1494329753
12	920	1	1494329966
14	920	1	1497603954
12	921	1	1494331945
12	922	1	1494332575
12	922	1	1494332784
12	923	1	1494332651
12	924	1	1494333404
12	925	1	1494398677
12	926	1	1494403382
12	927	1	1494422453
10	928	1	1494591679
13	928	1	1495194290
10	929	1	1494591775
10	930	1	1494591859
14	930	1	1497529374
10	931	1	1494592001
14	931	1	1494626254
14	932	1	1494626254
13	932	1	1495195129
12	933	1	1494667534
14	933	1	1497972525
12	934	1	1494667568
12	934	1	1494668349
12	935	1	1494667595
12	936	1	1494668133
14	936	1	1498044166
12	937	1	1494668206
12	937	1	1494668765
12	937	1	1494669777
12	938	1	1494668273
12	939	1	1494668558
12	940	1	1494668612
12	941	1	1494668634
12	942	1	1494669095
14	942	1	1497616937
12	943	1	1494669417
12	943	1	1494669533
12	943	1	1494669604
12	944	1	1494856555
12	944	1	1494856672
13	944	1	1495195061
10	945	1	1494870811
10	946	1	1494870958
10	947	1	1494870975
21	948	1	1495298583
14	949	1	1495459937
14	949	1	1495463324
14	950	1	1495463324
10	951	1	1495489154
14	952	1	1496086717
14	953	1	1496098312
14	954	1	1496220970
14	955	1	1496322148
14	956	1	1496405703
14	957	1	1496411236
14	958	1	1496509264
14	959	1	1496568440
14	960	1	1496758671
14	961	1	1496841956
10	962	1	1496862092
10	963	1	1496862137
10	964	1	1496862198
14	965	1	1497278789
123	966	1	1497567531
188	967	1	1498389840
188	968	1	1498389840
188	969	1	1498389841
14	970	1	1499538842
14	971	1	1500041815
14	972	1	1500265571
