1	1	1	1106690267
1	1	1	1106690286
1	1	1	1106690337
1	1	1	1106690556
1	1	1	1106690656
1	1	1	1106690760
1	1	1	1106690789
1	1	1	1106690850
1	1	1	1106690866
1	1	1	1106690878
1	1	1	1106690887
1	1	1	1106690949
1	1	1	1106690964
1	1	1	1106690986
1	1	1	1106691167
1	1	1	1106692321
1	1	1	1106693471
1	1	1	1106693494
1	1	1	1106696216
1	1	1	1106696922
1	1	1	1106697028
1	1	1	1106698032
1	1	1	1106763983
1	1	1	1106769757
1	1	1	1106865749
1	1	1	1106866432
1	1	1	1106866485
1	1	1	1106866597
1	1	1	1106866618
1	1	1	1106866661
1	1	1	1106866727
1	1	1	1106866762
1	1	1	1106994142
1	1	1	1107795879
1	1	1	1107797072
1	1	1	1107797590
1	1	1	1107799087
1	1	1	1107799139
1	1	1	1107799391
1	1	1	1107799433
1	1	1	1108282303
1	1	1	1108282332
1	1	1	1108282626
1	1	1	1108282715
1	1	1	1108282872
1	1	1	1108385843
2	1	1	1115993402
3	1	1	1116201357
3	1	1	1116202054
3	1	1	1116202177
4	1	1	1134871756
5	1	1	1139366831
6	1	1	1148737253
6	1	1	1148753071
6	1	1	1148990850
6	1	1	1148992849
6	1	1	1149065063
7	1	1	1153508102
8	1	1	1160349921
8	1	1	1160353140
9	1	1	1160504918
8	1	1	1160522412
9	1	1	1160592070
8	1	1	1160605515
10	1	1	1160660783
9	1	1	1160663518
11	1	1	1161032037
11	1	1	1161032059
11	1	1	1161032090
9	1	1	1161200363
8	1	1	1162771675
8	1	1	1165781511
12	1	1	1185097136
12	1	1	1185138396
12	1	1	1185199966
8	1	1	1185209756
12	1	1	1208122793
13	1	1	1208519539
8	1	1	1266441115
8	1	1	1266441177
14	1	1	1270641101
15	1	1	1492587670
16	2	1	1103616149
16	2	1	1119697963
6	2	1	1154451082
9	2	1	1165764026
8	2	1	1196206497
1	3	1	1106690171
6	3	1	1149065265
1	4	1	1106695072
1	4	1	1106696416
6	4	1	1148993055
8	4	1	1160351201
8	4	1	1160353928
17	4	1	1324709307
8	4	1	1324766541
1	5	1	1106865836
6	5	1	1148990827
8	5	1	1160354491
18	5	1	1179693817
8	5	1	1341001302
8	5	1	1378154212
1	6	1	1108409258
6	6	1	1148734270
6	6	1	1148734437
6	6	1	1148735324
19	6	1	1152570812
9	6	1	1160310441
8	6	1	1196207542
8	6	1	1196289251
8	6	1	1204115689
8	6	1	1205687274
8	6	1	1425828096
3	7	1	1116202523
20	7	1	1125345465
6	7	1	1148753071
12	7	1	1156018836
8	7	1	1160349921
8	7	1	1181588956
21	7	1	1298212724
21	7	1	1299777309
8	7	1	1424897177
15	7	1	1492587920
8	7	1	1492636177
16	8	1	1120395775
16	8	1	1122634267
16	8	1	1124493797
16	8	1	1125912970
16	8	1	1131576208
16	8	1	1133298992
16	8	1	1133490531
16	8	1	1133496249
16	8	1	1149931515
6	8	1	1149949225
8	8	1	1196206541
10	9	1	1123161079
10	9	1	1123403044
10	9	1	1123403119
10	9	1	1123403205
10	9	1	1123411308
22	9	1	1211218849
23	10	1	1134304862
23	11	1	1134304876
24	12	1	1134678285
23	12	1	1136117920
25	12	1	1136547173
19	13	1	1135758076
19	13	1	1441876185
19	14	1	1135758085
25	15	1	1136546941
26	15	1	1429228458
25	16	1	1136546962
26	16	1	1429228458
25	17	1	1136547570
26	17	1	1429228458
25	18	1	1136547580
6	18	1	1148990146
27	18	1	1426648370
26	18	1	1429228458
27	18	1	1429245636
16	20	1	1140918890
6	20	1	1149947970
6	20	1	1154451022
9	20	1	1166029412
6	21	1	1148733430
6	21	1	1148733447
6	21	1	1148733610
6	21	1	1148754201
6	21	1	1148980854
6	21	1	1148990419
6	21	1	1150829580
6	22	1	1148735259
6	23	1	1148753071
8	23	1	1160349979
28	23	1	1262373905
6	24	1	1148753071
8	24	1	1160350017
28	24	1	1262373927
6	25	1	1148990426
6	25	1	1148990733
6	25	1	1148990882
6	25	1	1148990901
6	25	1	1148991458
6	25	1	1148992771
6	25	1	1149102221
6	25	1	1149948658
6	26	1	1148992955
6	26	1	1149008169
6	26	1	1149008568
6	26	1	1149166259
6	26	1	1149166275
6	26	1	1149534458
9	26	1	1149535513
6	26	1	1149609729
6	26	1	1149949264
29	26	1	1165008150
29	26	1	1165008346
8	26	1	1165014836
8	26	1	1181589025
8	26	1	1196206304
30	26	1	1269501779
31	26	1	1286926348
31	26	1	1286926370
31	26	1	1287006250
32	26	1	1287680399
33	26	1	1309683322
33	26	1	1319677356
33	26	1	1324522413
33	26	1	1326644457
33	26	1	1329059330
33	26	1	1338599417
33	26	1	1338920864
33	26	1	1340945450
33	26	1	1342728829
33	26	1	1346896988
33	26	1	1347283663
33	26	1	1350356583
33	26	1	1350493728
33	26	1	1357679064
33	26	1	1358609305
33	26	1	1359578231
33	26	1	1363205152
33	26	1	1366779440
33	26	1	1367293909
33	26	1	1367347305
33	26	1	1369083121
33	26	1	1370310421
33	26	1	1371962581
33	26	1	1372941672
34	26	1	1372949606
33	26	1	1374586123
35	26	1	1374597850
33	26	1	1377026527
33	26	1	1379990878
33	26	1	1380912799
33	26	1	1381264106
33	26	1	1383682518
33	26	1	1384817696
27	26	1	1389854842
27	26	1	1392813028
27	26	1	1393020036
27	26	1	1393616671
27	26	1	1394747757
27	26	1	1396307095
27	26	1	1400531909
27	26	1	1400880593
36	26	1	1401476244
27	26	1	1403214870
37	26	1	1406595279
27	26	1	1408642521
27	26	1	1408659315
27	26	1	1409676734
27	26	1	1414346698
27	26	1	1415986580
27	26	1	1416593532
27	26	1	1416594940
27	26	1	1419620384
27	26	1	1423161076
27	26	1	1423251671
27	26	1	1424851100
27	26	1	1425249163
27	26	1	1425499301
27	26	1	1426275936
27	26	1	1428682394
27	26	1	1428695308
27	26	1	1429592830
27	26	1	1430711365
27	26	1	1431883696
27	26	1	1431887413
38	26	1	1431981688
27	26	1	1433533551
27	26	1	1433546567
27	26	1	1434192255
27	26	1	1434197440
27	26	1	1434751237
27	26	1	1434762091
27	26	1	1437714477
27	26	1	1437720513
27	26	1	1438386175
27	26	1	1438391295
27	26	1	1439591305
27	26	1	1439597131
27	26	1	1439939333
27	26	1	1439944712
39	26	1	1439945912
39	26	1	1439945919
27	26	1	1441217603
27	26	1	1441399975
27	26	1	1441403764
27	26	1	1441815126
27	26	1	1442936893
27	26	1	1442955672
27	26	1	1443459379
27	26	1	1443472278
27	26	1	1446229091
27	26	1	1447106302
27	26	1	1447152482
27	26	1	1447796577
27	26	1	1448488152
27	26	1	1448980728
27	26	1	1450472289
27	26	1	1450475889
27	26	1	1451001969
27	26	1	1451005569
27	26	1	1451958547
27	26	1	1453143980
27	26	1	1459446453
27	26	1	1460927266
40	26	1	1463335982
41	26	1	1464784484
27	26	1	1466751878
27	26	1	1467566412
27	26	1	1470765753
27	26	1	1473692885
8	26	1	1474048613
27	26	1	1475266257
27	26	1	1475717687
27	26	1	1476553783
27	26	1	1479081564
27	26	1	1479082288
27	26	1	1481743952
27	26	1	1487190640
27	26	1	1489088599
27	26	1	1489813746
8	26	1	1490048290
8	26	1	1490048367
27	26	1	1491536230
8	26	1	1491859813
27	26	1	1491932062
27	26	1	1493838895
8	26	1	1493843262
27	26	1	1494254529
27	26	1	1494612378
27	26	1	1494945848
27	26	1	1494968917
8	26	1	1495144050
27	26	1	1495573594
8	26	1	1495576169
18	26	1	1496336167
10	27	1	1148995652
19	27	1	1148999183
6	27	1	1149000300
6	27	1	1149004664
10	27	1	1149084960
10	27	1	1149085138
10	27	1	1149085236
10	27	1	1149085346
10	27	1	1149085441
10	27	1	1149085505
10	27	1	1149085668
10	27	1	1149085877
6	27	1	1149101466
42	27	1	1149122762
43	27	1	1149129533
6	27	1	1149157705
19	27	1	1149246658
6	27	1	1149532196
6	27	1	1149948198
44	27	1	1154586825
6	28	1	1149008486
8	28	1	1160353677
8	28	1	1160353972
8	28	1	1196207137
8	28	1	1196207176
6	29	1	1149008535
8	29	1	1160353876
8	29	1	1424899929
42	30	1	1149122881
43	31	1	1149130060
27	31	1	1426648373
26	31	1	1429228458
27	31	1	1429245636
43	32	1	1149130168
43	32	1	1149130208
26	32	1	1429228458
45	33	1	1149258460
9	34	1	1149267700
9	35	1	1149329461
9	35	1	1160312321
46	35	1	1206680932
47	35	1	1260814133
47	35	1	1260815122
8	35	1	1425828015
8	35	1	1495364827
9	36	1	1149329525
9	37	1	1149330191
9	38	1	1149330276
9	39	1	1149330550
6	40	1	1149947950
6	40	1	1149949134
8	40	1	1160353394
9	41	1	1150634370
9	41	1	1150634577
16	43	1	1151780235
9	43	1	1160935921
8	43	1	1196205853
19	44	1	1152571862
48	44	1	1323209593
9	45	1	1153037281
7	46	1	1153423835
26	46	1	1429228458
9	47	1	1153504022
9	47	1	1153586241
27	47	1	1426648371
26	47	1	1429228458
27	47	1	1429245636
44	48	1	1154586497
49	48	1	1277172994
49	48	1	1277174687
50	49	1	1156159890
50	49	1	1156159929
51	49	1	1419901718
50	50	1	1156159903
51	50	1	1419901717
52	51	1	1156763871
9	51	1	1160310599
8	51	1	1196207564
8	51	1	1204934484
12	51	1	1204970286
8	51	1	1204973868
8	51	1	1205586553
8	51	1	1205687548
8	52	1	1158788768
19	52	1	1445407475
8	53	1	1158788830
53	53	1	1221637234
53	53	1	1221637249
8	53	1	1221690437
9	54	1	1160309180
8	54	1	1160351369
9	55	1	1160312445
9	55	1	1160312460
54	55	1	1300186467
54	55	1	1363390277
54	55	1	1363431401
55	55	1	1424895824
8	56	1	1160349921
8	57	1	1160349921
12	58	1	1160569945
12	58	1	1160590336
12	58	1	1160590399
8	58	1	1160606065
12	58	1	1160607323
12	58	1	1161463382
12	58	1	1161464676
12	58	1	1162408355
12	58	1	1162408432
12	58	1	1162408515
12	58	1	1162408619
12	58	1	1162409630
12	58	1	1162634104
12	58	1	1162673258
12	58	1	1163450461
12	58	1	1163506154
12	58	1	1167686763
12	58	1	1189891135
56	58	1	1190417975
12	58	1	1190834562
12	58	1	1190835418
12	58	1	1190835501
12	58	1	1190835564
12	58	1	1190835598
12	58	1	1190835645
12	58	1	1194960860
12	58	1	1194960889
12	58	1	1194960926
12	58	1	1194960999
12	58	1	1194961086
12	58	1	1235952012
12	58	1	1294944460
12	59	1	1160576273
12	59	1	1160580843
12	59	1	1160581569
8	59	1	1160606446
12	59	1	1162634152
12	59	1	1163791025
12	59	1	1169992584
12	59	1	1172442851
12	59	1	1172442948
12	59	1	1172442991
12	59	1	1175545940
12	59	1	1175546038
12	59	1	1175546127
12	59	1	1175546461
12	59	1	1186852133
12	59	1	1186852284
12	59	1	1187206440
12	59	1	1189593847
12	59	1	1189594264
12	59	1	1189595163
12	59	1	1189595289
12	59	1	1189595306
12	59	1	1189595411
12	59	1	1189595564
12	59	1	1189595648
12	59	1	1189595677
12	59	1	1189595864
12	59	1	1189595961
12	59	1	1189596093
12	59	1	1189597002
12	59	1	1189597016
12	59	1	1189597450
12	59	1	1189597580
12	59	1	1189598391
12	59	1	1189598419
12	59	1	1189618136
12	59	1	1189618998
12	59	1	1189619023
12	59	1	1190144393
12	59	1	1190144987
12	59	1	1190145045
12	59	1	1190145129
12	59	1	1191324652
12	59	1	1191324794
12	59	1	1191367945
12	59	1	1191368216
12	59	1	1191368366
12	59	1	1191369553
12	59	1	1191371103
12	59	1	1191406145
12	59	1	1191406211
12	59	1	1191451516
12	59	1	1191451707
12	59	1	1191500846
12	59	1	1191500956
12	59	1	1191501001
12	59	1	1191501183
12	59	1	1191501679
12	59	1	1191696316
12	59	1	1191696376
12	59	1	1191696659
12	59	1	1191696721
12	59	1	1191696837
12	59	1	1191756693
12	59	1	1191840924
12	59	1	1191840977
12	59	1	1192093738
12	59	1	1192349299
12	59	1	1192349947
12	59	1	1192350024
12	59	1	1192350264
12	59	1	1192350402
12	59	1	1192350869
12	59	1	1192448945
12	59	1	1192449704
12	59	1	1192450095
12	59	1	1192471704
12	59	1	1192471760
12	59	1	1193343889
12	59	1	1194801014
12	59	1	1194801207
12	59	1	1194868031
12	59	1	1196433596
8	60	1	1160606563
9	60	1	1160663120
12	60	1	1161717712
8	60	1	1168555526
55	60	1	1424895830
8	61	1	1160606798
8	61	1	1160607884
8	61	1	1160607927
12	61	1	1161019033
9	61	1	1161025694
8	61	1	1161031618
12	61	1	1161463120
12	61	1	1161463309
12	61	1	1161636277
12	61	1	1161636400
12	61	1	1161638102
12	61	1	1161638838
12	61	1	1161639095
12	61	1	1161639450
8	61	1	1161645797
12	61	1	1162586969
12	61	1	1162633575
12	61	1	1162633662
12	61	1	1162633838
12	61	1	1162634593
12	61	1	1162634667
12	61	1	1162674027
12	61	1	1162674252
12	61	1	1163340833
12	61	1	1163506476
12	61	1	1163708408
12	61	1	1163708791
12	61	1	1163796359
12	61	1	1167250363
12	61	1	1167306660
12	61	1	1167331584
12	61	1	1171459510
12	61	1	1172437883
12	61	1	1172437946
12	61	1	1172438024
12	61	1	1172438082
12	61	1	1172439625
12	61	1	1172439717
12	61	1	1172440844
12	61	1	1172441046
8	61	1	1172611373
12	61	1	1174642981
12	61	1	1175545102
12	61	1	1175632237
12	61	1	1175632264
12	61	1	1189890419
12	61	1	1191324996
12	61	1	1191754946
12	61	1	1191833437
12	61	1	1192092755
12	61	1	1192134479
12	61	1	1192138531
12	61	1	1192200709
12	61	1	1192201335
12	61	1	1192202003
8	61	1	1192232734
12	61	1	1192348708
12	61	1	1192391530
12	61	1	1193769549
12	61	1	1193769581
12	61	1	1195552827
12	61	1	1195553022
12	61	1	1199878504
12	61	1	1200162920
8	61	1	1200170333
12	61	1	1203192200
8	61	1	1222291602
12	61	1	1258665106
12	61	1	1270365575
57	61	1	1304144516
8	61	1	1425827906
12	61	1	1451508887
9	62	1	1160663157
8	63	1	1160698479
8	63	1	1160934012
8	63	1	1160952207
8	63	1	1161903846
8	63	1	1162771118
8	63	1	1165781670
8	63	1	1166048889
37	63	1	1406749178
11	64	1	1161029275
11	64	1	1161030094
11	65	1	1161030718
11	65	1	1161031222
11	65	1	1161031262
11	65	1	1161031296
11	65	1	1161031741
11	65	1	1161032204
8	65	1	1161474861
8	65	1	1161475131
8	65	1	1425827834
8	65	1	1498584534
11	66	1	1161031750
54	66	1	1238750774
54	66	1	1238797380
54	66	1	1238833330
58	66	1	1424837288
11	67	1	1161031857
8	67	1	1161474753
12	68	1	1161463481
12	68	1	1161463595
12	68	1	1161464465
12	68	1	1161464990
8	68	1	1161474506
12	68	1	1161636700
12	68	1	1161636821
8	68	1	1161645881
12	68	1	1162633933
12	68	1	1162673860
12	68	1	1162673969
12	68	1	1163497831
12	68	1	1325860306
12	68	1	1325860431
12	69	1	1161636183
12	69	1	1161637415
12	69	1	1162634069
12	69	1	1162672906
12	69	1	1163342623
12	69	1	1163342715
12	69	1	1163888187
12	69	1	1169111986
12	69	1	1175611228
12	69	1	1175611408
12	69	1	1175611683
12	69	1	1186853500
12	69	1	1191834339
12	69	1	1192093581
12	69	1	1193254862
12	69	1	1193255109
12	69	1	1193255167
12	69	1	1193256945
12	69	1	1193257331
12	69	1	1193257393
12	69	1	1194380808
12	69	1	1194508888
12	69	1	1194528856
12	69	1	1194529019
12	69	1	1194529179
12	69	1	1194529303
12	69	1	1204283622
12	69	1	1204283828
8	69	1	1204305757
12	69	1	1472635115
12	70	1	1161638017
12	70	1	1161638044
12	70	1	1161638330
12	70	1	1161638543
12	70	1	1161638718
12	70	1	1161639125
12	70	1	1162633982
12	70	1	1192193725
12	70	1	1208122954
12	70	1	1208344753
12	70	1	1270365452
12	70	1	1270369656
12	71	1	1161639195
12	71	1	1161639284
12	71	1	1161718748
12	71	1	1162634015
12	71	1	1182276553
12	71	1	1182276612
12	71	1	1186852014
12	71	1	1186852820
12	71	1	1186852859
12	71	1	1191450709
12	71	1	1191834241
12	71	1	1192134650
12	71	1	1192359863
8	71	1	1200170278
12	71	1	1212497798
12	72	1	1161717748
8	72	1	1168555482
54	72	1	1238795743
54	72	1	1363429581
54	72	1	1363436160
58	72	1	1424845207
12	73	1	1161718687
12	73	1	1161718813
12	73	1	1162634204
12	73	1	1163340470
12	73	1	1165783202
12	73	1	1167249840
12	73	1	1167250103
12	73	1	1169239904
12	73	1	1172348376
12	73	1	1172349739
12	73	1	1172349783
12	73	1	1172785884
12	73	1	1173554608
12	73	1	1175546632
12	73	1	1175691653
12	73	1	1175692330
12	73	1	1175692350
12	73	1	1175692422
12	73	1	1175692520
12	73	1	1175692532
12	73	1	1175692642
12	73	1	1175757721
12	73	1	1186852357
12	73	1	1189675968
12	73	1	1189676018
12	73	1	1189676067
12	73	1	1189676219
12	73	1	1189676293
12	73	1	1189690528
12	73	1	1189691317
12	73	1	1189692523
12	73	1	1189714358
12	73	1	1189768211
12	73	1	1189768744
12	73	1	1189768805
12	73	1	1192317670
12	73	1	1192317791
12	73	1	1192318036
12	73	1	1194959332
12	73	1	1194959466
12	73	1	1195042082
12	73	1	1195042163
12	73	1	1195042500
12	73	1	1195042830
12	73	1	1195042933
12	73	1	1195043129
12	73	1	1195043405
12	73	1	1195043463
12	73	1	1196433618
12	73	1	1474193642
8	74	1	1161733238
12	74	1	1161781463
9	74	1	1162297538
59	75	1	1050376260
60	75	1	1136573861
60	75	1	1145652284
61	75	1	1146780868
8	75	1	1151362377
62	75	1	1157300618
60	75	1	1162075122
9	75	1	1162461543
8	75	1	1162757768
8	75	1	1162760135
59	76	1	1050376303
60	76	1	1144962667
8	76	1	1151362440
9	76	1	1162461570
8	76	1	1162757815
8	76	1	1162759848
59	77	1	1050376347
59	77	1	1050376360
63	77	1	1072889927
60	77	1	1162116878
9	77	1	1162461612
8	77	1	1162757823
8	77	1	1162760092
59	78	1	1050376389
60	78	1	1145300451
8	78	1	1151362461
9	78	1	1162461632
8	78	1	1162757830
8	78	1	1162759798
59	79	1	1050376427
64	79	1	1104534897
60	79	1	1162074879
9	79	1	1162461658
8	79	1	1162757835
8	79	1	1162759892
59	80	1	1050376488
60	80	1	1145781495
8	80	1	1151362416
62	80	1	1156467650
60	80	1	1162075083
9	80	1	1162461701
8	80	1	1162757844
8	80	1	1162759994
59	81	1	1050365668
59	81	1	1050365784
60	81	1	1136573763
62	81	1	1137961948
60	81	1	1145381119
43	81	1	1145384684
61	81	1	1146783974
65	81	1	1147206608
9	81	1	1162461738
8	81	1	1162757905
8	81	1	1162765332
56	81	1	1191151114
56	81	1	1191151358
56	81	1	1191151563
59	82	1	1050366129
59	82	1	1051997957
59	82	1	1052003287
66	82	1	1076035824
8	82	1	1160697628
67	82	1	1161882372
60	82	1	1161932929
9	82	1	1162461768
8	82	1	1162757911
8	82	1	1162765279
59	83	1	1050374442
67	83	1	1161882413
60	83	1	1161932230
9	83	1	1162461793
8	83	1	1162757916
8	83	1	1162765167
56	83	1	1191151829
13	83	1	1208518050
13	83	1	1208519648
59	84	1	1050370178
68	84	1	1053550655
60	84	1	1137266153
60	84	1	1145723320
12	84	1	1153150470
12	84	1	1153504867
43	84	1	1153523053
60	84	1	1162074777
9	84	1	1162461812
8	84	1	1162757922
8	84	1	1162765163
56	84	1	1191152225
21	84	1	1298210791
59	85	1	1050370214
62	85	1	1133033782
60	85	1	1162074903
9	85	1	1162461836
8	85	1	1162757942
8	85	1	1162765250
59	86	1	1050370258
60	86	1	1137267632
60	86	1	1145739474
9	86	1	1162461872
8	86	1	1162757934
8	86	1	1162765274
59	87	1	1050370297
60	87	1	1136574175
60	87	1	1145781525
9	87	1	1162461911
8	87	1	1162757941
8	87	1	1162765295
69	88	1	1054021735
70	88	1	1054045438
70	88	1	1054045461
70	88	1	1054045497
71	88	1	1072166203
71	88	1	1072166254
71	88	1	1072166283
71	88	1	1072166368
71	88	1	1072166488
72	88	1	1072180516
60	88	1	1136658973
60	88	1	1145652341
61	88	1	1146781246
62	88	1	1157316653
60	88	1	1162075171
9	88	1	1162461930
8	88	1	1162757980
8	88	1	1162764782
73	89	1	1071728675
60	89	1	1137191209
60	89	1	1144962693
9	89	1	1162461951
8	89	1	1162757986
8	89	1	1162764726
59	90	1	1050374139
64	90	1	1104535462
74	90	1	1129495784
74	90	1	1129496170
75	90	1	1135972703
9	90	1	1162461973
8	90	1	1162758030
8	90	1	1162764930
76	90	1	1176114920
59	91	1	1050374187
64	91	1	1104535471
75	91	1	1135857923
60	91	1	1162074961
9	91	1	1162462095
8	91	1	1162758035
8	91	1	1162764976
59	92	1	1050374219
64	92	1	1104535481
60	92	1	1162074926
9	92	1	1162462129
8	92	1	1162758041
8	92	1	1162764912
59	93	1	1050374249
59	93	1	1050374271
64	93	1	1104535435
60	93	1	1162074806
9	93	1	1162462166
8	93	1	1162758045
8	93	1	1162764902
59	94	1	1050374325
64	94	1	1104535484
60	94	1	1162074857
9	94	1	1162462344
8	94	1	1162758060
8	94	1	1162764999
59	95	1	1050374357
64	95	1	1104535487
60	95	1	1162074832
9	95	1	1162462392
8	95	1	1162758065
8	95	1	1162764963
59	96	1	1050374395
64	96	1	1104535492
60	96	1	1162075061
9	96	1	1162462420
8	96	1	1162758071
8	96	1	1162765025
60	97	1	1136573804
60	97	1	1145652261
9	97	1	1162462446
8	97	1	1162758109
8	97	1	1162764669
60	98	1	1137191260
60	98	1	1144962748
77	98	1	1146334497
60	98	1	1147112942
43	98	1	1147127942
60	98	1	1162075034
9	98	1	1162462475
8	98	1	1162758116
8	98	1	1162764619
60	99	1	1136573895
60	99	1	1145652308
61	99	1	1146779748
61	99	1	1146779850
62	99	1	1157300642
60	99	1	1162075148
9	99	1	1162462518
8	99	1	1162758146
8	99	1	1162764340
78	100	1	1116872176
78	100	1	1116876821
78	100	1	1116877324
60	100	1	1161937128
9	100	1	1162462539
8	100	1	1162758170
8	100	1	1162764425
79	100	1	1465990598
12	101	1	1162633427
12	101	1	1162633603
12	101	1	1162633741
12	101	1	1162633892
12	101	1	1163357668
12	101	1	1163357688
12	101	1	1163357813
12	101	1	1163450975
12	101	1	1175635711
12	101	1	1192137383
12	101	1	1202764540
12	101	1	1202764890
12	101	1	1202765024
12	101	1	1202765068
12	102	1	1162634508
12	102	1	1162673362
12	102	1	1162673509
12	102	1	1162674079
12	102	1	1163450384
12	102	1	1163451534
12	102	1	1163497585
12	102	1	1175635581
12	102	1	1175636703
12	102	1	1175636755
12	102	1	1442767063
8	103	1	1162759045
8	104	1	1162759175
8	105	1	1162759202
8	106	1	1162759217
8	107	1	1162759241
8	108	1	1162759244
8	109	1	1162759256
8	110	1	1162759436
8	111	1	1162759441
8	112	1	1162759447
8	113	1	1162759453
8	114	1	1162759458
8	115	1	1162759464
8	116	1	1162759471
12	117	1	1163342314
12	117	1	1163342478
12	117	1	1163342500
12	117	1	1163357157
12	117	1	1163357392
12	117	1	1163357438
12	117	1	1163797857
12	117	1	1163798408
12	117	1	1163798614
12	117	1	1163798737
12	117	1	1163799692
12	117	1	1163800386
12	117	1	1163800418
12	117	1	1163870995
12	117	1	1163884721
12	117	1	1163885148
12	117	1	1163887657
12	117	1	1172442654
12	117	1	1192093806
12	118	1	1163449678
12	118	1	1163449719
12	118	1	1163451609
12	118	1	1163498357
12	118	1	1163708673
12	118	1	1163886292
12	118	1	1169805303
12	118	1	1169985282
12	118	1	1175632834
12	118	1	1175634686
12	119	1	1163497659
12	120	1	1163497680
12	120	1	1192137132
12	121	1	1163497730
12	121	1	1192137771
12	121	1	1192138249
12	122	1	1163497850
12	123	1	1163498141
12	123	1	1192137088
12	124	1	1163498424
12	125	1	1163506203
12	126	1	1163708298
12	126	1	1163790728
12	126	1	1175632924
12	126	1	1186853208
12	126	1	1191834161
12	127	1	1163790663
12	128	1	1163792213
12	128	1	1163792859
12	128	1	1163797164
12	128	1	1163797355
12	128	1	1163797446
12	128	1	1163797592
12	128	1	1163797617
12	128	1	1163797728
12	128	1	1172440637
12	128	1	1172440746
12	128	1	1175545502
12	128	1	1186853172
8	128	1	1191784975
12	128	1	1191834262
12	128	1	1191841813
12	128	1	1191841856
12	128	1	1191842123
12	128	1	1191842928
12	128	1	1191843008
12	128	1	1191843040
12	128	1	1191843291
12	128	1	1191843323
12	128	1	1191843427
12	128	1	1191843451
12	128	1	1191843681
12	128	1	1191843836
12	128	1	1191844886
12	128	1	1191844981
12	128	1	1191849291
12	128	1	1191849378
12	128	1	1191969978
12	128	1	1192007410
12	128	1	1192007704
12	128	1	1192018724
12	128	1	1192018781
12	128	1	1192019036
12	128	1	1192019236
12	128	1	1192020512
12	128	1	1192020729
12	128	1	1192055424
12	128	1	1192093619
12	128	1	1192188437
12	128	1	1192196380
12	128	1	1192196392
12	128	1	1192476201
12	128	1	1194391197
12	128	1	1194391810
12	128	1	1194391856
12	128	1	1194392219
12	128	1	1194392938
12	128	1	1194467039
12	128	1	1194469232
12	128	1	1194469326
12	128	1	1194469443
12	128	1	1194469504
12	128	1	1194470226
12	128	1	1194473859
12	128	1	1194507613
12	128	1	1205101826
12	128	1	1205101848
80	128	1	1368414194
12	129	1	1163885056
12	129	1	1172440172
12	129	1	1175611548
12	129	1	1186853568
12	129	1	1191834380
12	129	1	1192093828
12	129	1	1194431130
12	129	1	1289231236
12	130	1	1163885785
12	130	1	1163886500
12	130	1	1163887786
12	130	1	1163887930
12	130	1	1163888066
12	130	1	1172440131
12	130	1	1172440343
12	130	1	1172785338
12	130	1	1172785592
12	130	1	1172785737
12	130	1	1175537105
12	130	1	1175537237
12	130	1	1175537733
12	130	1	1175537814
12	130	1	1175537895
12	130	1	1175637740
12	130	1	1179522426
12	130	1	1179522651
12	130	1	1186853537
12	130	1	1189597812
12	130	1	1189597850
8	130	1	1191785065
12	130	1	1191834358
12	130	1	1192093859
12	130	1	1192359374
12	130	1	1192468540
12	130	1	1192468683
12	130	1	1192469206
12	130	1	1192471379
12	130	1	1192476052
12	130	1	1193748110
12	130	1	1193769319
12	130	1	1193769455
12	130	1	1193769659
12	130	1	1193770423
12	130	1	1193770480
12	130	1	1194439429
12	130	1	1194439937
12	130	1	1194440059
12	130	1	1194950036
12	130	1	1195492017
12	130	1	1195492314
12	130	1	1195569002
12	130	1	1195569055
12	130	1	1195570955
12	130	1	1195661329
12	130	1	1195661412
12	130	1	1196375606
12	130	1	1196375728
12	130	1	1197564729
12	130	1	1197674024
12	130	1	1205100158
12	130	1	1270370094
12	131	1	1163885835
12	132	1	1165253316
53	132	1	1221637210
59	133	1	1050376459
81	133	1	1145739448
8	133	1	1151362477
9	133	1	1165763898
9	133	1	1165764652
9	133	1	1165764699
8	133	1	1165780662
82	134	1	1092519039
62	134	1	1127248795
81	134	1	1135732645
81	134	1	1147121067
83	134	1	1160389995
84	134	1	1160391261
8	134	1	1160435833
9	134	1	1165763932
8	134	1	1165781305
12	134	1	1182343052
8	134	1	1424899627
8	135	1	1165781346
8	136	1	1424899760
8	138	1	1165881337
85	142	1	1165932039
85	142	1	1165932808
85	142	1	1165932940
85	142	1	1165933738
85	142	1	1165933804
85	142	1	1165934133
85	142	1	1170597883
85	142	1	1175969854
85	143	1	1165933929
85	144	1	1165933942
12	145	1	1167306594
12	145	1	1167306798
12	145	1	1167331306
12	145	1	1172349982
12	145	1	1175544842
12	145	1	1175545627
12	145	1	1186853469
12	145	1	1187207077
12	145	1	1187207155
12	145	1	1187274441
12	145	1	1187274554
12	145	1	1191834293
12	145	1	1191849866
12	145	1	1191850600
12	145	1	1191850679
12	146	1	1167306890
12	146	1	1172439502
12	146	1	1175544879
12	146	1	1192137569
12	146	1	1192350322
12	147	1	1167331715
12	147	1	1172402101
12	147	1	1172402190
12	147	1	1175544790
12	147	1	1175545598
9	147	1	1177847219
12	147	1	1186853445
12	147	1	1187206934
12	147	1	1187207029
12	147	1	1187274794
12	147	1	1187274871
12	147	1	1187275235
12	147	1	1191834144
12	147	1	1191851090
12	147	1	1191851192
8	148	1	1170455651
8	149	1	1170455836
86	150	1	1171364790
8	150	1	1171403533
86	150	1	1171405688
86	150	1	1223664502
12	151	1	1172438989
12	151	1	1172439087
12	151	1	1172439202
12	151	1	1172439348
12	151	1	1172439432
12	151	1	1172440884
12	151	1	1172441010
12	151	1	1179523055
12	151	1	1186853135
12	151	1	1189713091
12	151	1	1189713226
12	151	1	1189713288
12	151	1	1189713386
12	151	1	1189713418
12	151	1	1189713450
12	151	1	1189713494
12	151	1	1189714446
12	151	1	1189768898
12	151	1	1189768917
12	151	1	1189768961
12	151	1	1189769014
12	151	1	1189769053
12	151	1	1189769127
12	151	1	1191834095
12	151	1	1191847513
12	151	1	1191847575
12	151	1	1191847637
12	151	1	1191848095
12	151	1	1192137608
12	151	1	1192137697
12	152	1	1172439398
12	153	1	1172439432
12	153	1	1172440012
12	153	1	1172440081
12	153	1	1172441395
12	153	1	1172442285
12	153	1	1172506146
12	153	1	1172506168
12	153	1	1172506188
12	153	1	1174641921
12	153	1	1174642015
12	153	1	1174642056
12	153	1	1174642071
12	153	1	1174642316
12	153	1	1174642491
12	153	1	1174642999
12	153	1	1175601339
12	153	1	1186853273
12	153	1	1187806364
12	153	1	1187806445
12	153	1	1191154490
12	153	1	1191154539
12	153	1	1191154564
12	153	1	1191184632
12	153	1	1191834071
12	153	1	1192102141
12	153	1	1192102217
12	153	1	1192102248
12	153	1	1192102425
12	153	1	1192102553
12	153	1	1192136857
12	153	1	1192136880
12	153	1	1192136915
12	153	1	1192136938
79	153	1	1457443719
12	154	1	1174643158
12	154	1	1174643267
8	154	1	1174681283
12	154	1	1186853241
12	154	1	1187006030
12	154	1	1187006052
12	154	1	1187006099
12	154	1	1187033599
12	154	1	1187034951
12	154	1	1191094933
12	154	1	1191095038
12	154	1	1191095141
12	154	1	1191095179
12	154	1	1191095281
12	154	1	1191834221
12	156	1	1175545298
12	156	1	1175545385
12	156	1	1175545540
12	156	1	1186853407
12	156	1	1191834206
12	156	1	1473107939
12	156	1	1473108088
12	157	1	1175545441
12	157	1	1175545566
12	157	1	1186853341
12	157	1	1191834190
12	158	1	1175546546
12	158	1	1192137840
12	158	1	1192138288
12	159	1	1175633334
12	159	1	1175633665
12	159	1	1175634136
12	159	1	1175634459
12	159	1	1187185945
12	159	1	1187186003
85	160	1	1176230916
12	161	1	1182276845
12	161	1	1182342998
12	161	1	1186852409
12	161	1	1192134727
12	161	1	1194432457
12	161	1	1194432536
12	161	1	1194432573
12	161	1	1194477523
12	161	1	1194477632
12	162	1	1185018579
12	162	1	1185018946
12	162	1	1185019260
12	162	1	1185024403
12	162	1	1185024673
12	162	1	1185024842
12	162	1	1185095182
12	162	1	1185098270
12	162	1	1185138232
8	162	1	1185209299
8	162	1	1185209411
87	162	1	1185233231
87	162	1	1185233262
12	162	1	1185354246
12	162	1	1185392395
12	162	1	1187551364
12	162	1	1187646624
8	162	1	1187730863
12	162	1	1189552452
12	162	1	1189712349
12	162	1	1189857745
12	162	1	1194462922
12	162	1	1195152809
12	162	1	1195313164
12	163	1	1185051256
12	163	1	1185095694
12	163	1	1185096659
12	163	1	1185096965
12	163	1	1185140113
8	163	1	1185209335
8	163	1	1185209430
12	163	1	1185393294
12	163	1	1187551620
12	163	1	1187645907
12	163	1	1189617784
8	163	1	1189639435
12	163	1	1189712968
12	163	1	1189858104
12	163	1	1194462260
12	163	1	1195153130
12	164	1	1185096256
8	164	1	1185209411
12	164	1	1187646703
8	165	1	1185209202
8	166	1	1185209600
8	166	1	1199485463
12	167	1	1186852600
12	167	1	1186852683
12	167	1	1191968991
12	167	1	1192010145
12	167	1	1192016177
12	167	1	1192019102
12	167	1	1194476387
12	167	1	1194477047
12	167	1	1194477108
12	167	1	1194478289
12	167	1	1194507258
12	167	1	1194507444
12	167	1	1194507531
12	167	1	1208377352
56	168	1	1187379665
26	168	1	1429228458
88	169	1	1188319887
88	170	1	1188319961
12	171	1	1189890557
12	171	1	1189890652
12	171	1	1189890771
12	171	1	1189890820
12	171	1	1189891550
12	171	1	1189891673
12	171	1	1190992481
12	171	1	1190992495
12	171	1	1190992509
12	171	1	1190992766
12	171	1	1235905350
12	172	1	1191368090
12	172	1	1191368286
12	172	1	1191502208
12	172	1	1191502248
12	172	1	1191503093
12	172	1	1191694187
12	172	1	1191694275
12	172	1	1191694411
12	172	1	1191694488
12	172	1	1191694749
12	172	1	1191695620
12	172	1	1191695637
12	172	1	1191695816
12	172	1	1191696056
12	172	1	1191696217
8	172	1	1191784615
12	172	1	1191850074
12	172	1	1191877355
12	172	1	1191878414
12	172	1	1191878593
12	172	1	1191878646
12	172	1	1191922365
12	172	1	1191929317
12	172	1	1191929387
12	172	1	1191929821
12	172	1	1191929842
12	172	1	1191930258
12	172	1	1191935279
12	172	1	1191935506
12	172	1	1191936102
12	172	1	1191936158
12	172	1	1191936477
12	172	1	1191936587
12	172	1	1191936838
12	172	1	1191937529
12	172	1	1191937797
12	172	1	1191937816
12	172	1	1191952388
12	172	1	1191955308
12	172	1	1191955327
12	172	1	1191956211
12	172	1	1191956236
12	172	1	1191956318
12	172	1	1192016308
12	172	1	1192016682
12	172	1	1192016870
12	172	1	1192017067
12	172	1	1196116623
12	173	1	1191756625
12	173	1	1191834318
12	174	1	1191833367
12	174	1	1191833401
12	174	1	1191833941
12	174	1	1191840358
12	174	1	1191849001
12	174	1	1293040486
12	175	1	1191840641
12	175	1	1191840652
12	175	1	1191841167
12	175	1	1191844389
12	176	1	1191840842
12	176	1	1191841209
12	176	1	1191844254
12	177	1	1191844608
12	177	1	1191844710
12	178	1	1191849201
12	178	1	1191849471
12	178	1	1191850488
12	178	1	1191850782
12	178	1	1192036597
12	178	1	1194427399
12	179	1	1192093308
12	179	1	1192093537
12	179	1	1192101773
12	179	1	1192101795
12	179	1	1192101962
12	179	1	1192101977
12	179	1	1192104221
12	179	1	1192104336
12	179	1	1192104407
12	179	1	1196424721
12	180	1	1192093408
12	180	1	1192137540
12	181	1	1192137183
12	181	1	1192138174
12	182	1	1192137906
12	183	1	1192138206
12	184	1	1192138334
89	185	1	1192169718
89	186	1	1192169730
12	187	1	1192184004
12	187	1	1192184030
12	187	1	1192184472
12	187	1	1192184656
12	187	1	1192184933
12	187	1	1192185045
12	187	1	1192185291
12	187	1	1192185373
12	188	1	1192200836
12	188	1	1192200895
12	188	1	1192200956
12	188	1	1192201418
12	188	1	1192201655
12	188	1	1192202070
12	188	1	1192225489
12	188	1	1192267666
12	189	1	1192200866
12	190	1	1192201368
12	190	1	1192201391
12	190	1	1192201541
12	190	1	1192201695
12	190	1	1192201735
12	190	1	1192202029
12	190	1	1192202044
12	190	1	1192202125
12	190	1	1192202168
12	190	1	1192202334
12	190	1	1192224718
12	190	1	1192225430
12	190	1	1192267405
12	190	1	1192267636
12	190	1	1202764433
12	190	1	1202764974
12	191	1	1192201695
12	191	1	1192201874
8	191	1	1192233493
12	191	1	1192654660
12	191	1	1196424653
12	192	1	1192391772
12	192	1	1192391927
12	192	1	1192395146
12	192	1	1192397424
12	192	1	1192397943
12	192	1	1192446175
12	192	1	1192446228
12	192	1	1192446361
12	192	1	1192446434
12	192	1	1202765204
12	193	1	1192644726
12	193	1	1192645417
12	193	1	1192645890
12	193	1	1194643864
12	193	1	1194644048
12	193	1	1194644100
12	193	1	1194644351
12	193	1	1194644715
12	193	1	1194644995
12	193	1	1196433652
12	193	1	1196434543
12	194	1	1192644886
12	195	1	1192644907
12	196	1	1192645538
12	196	1	1192645609
12	196	1	1192645642
12	196	1	1192645776
12	197	1	1192645564
12	197	1	1194427695
12	198	1	1192646016
12	199	1	1192646039
49	200	1	1192924072
49	200	1	1319173650
49	200	1	1329450812
51	201	1	1194045949
51	201	1	1200087053
12	202	1	1194391438
12	202	1	1194391518
12	202	1	1194427756
12	202	1	1194438740
12	203	1	1194391474
12	204	1	1194391627
12	204	1	1194439776
12	205	1	1194427255
8	205	1	1194465519
12	206	1	1194427615
12	206	1	1194427732
12	206	1	1194427806
12	206	1	1194427834
12	207	1	1194507203
12	207	1	1194508115
12	208	1	1194642955
12	208	1	1194643019
12	209	1	1194643185
12	209	1	1194643229
12	209	1	1194643283
12	209	1	1194643559
12	210	1	1194868300
12	210	1	1194868585
12	210	1	1194868751
12	210	1	1194877131
12	210	1	1194948993
12	210	1	1194949207
12	210	1	1194949291
12	210	1	1194955480
12	211	1	1194948776
12	212	1	1194960818
12	212	1	1196116816
12	213	1	1195251343
12	213	1	1195251609
12	213	1	1195491760
12	213	1	1195567450
12	213	1	1195567971
12	213	1	1195568842
12	213	1	1195569125
12	213	1	1195569265
12	213	1	1195569290
12	213	1	1195569374
12	213	1	1195569461
12	213	1	1195587161
12	213	1	1195587204
12	213	1	1195587255
12	213	1	1195752549
12	213	1	1195752949
12	213	1	1195830907
12	213	1	1195830974
12	213	1	1196117375
12	213	1	1196264367
12	213	1	1196264395
12	213	1	1196264446
12	213	1	1196264856
12	213	1	1196289670
12	213	1	1196289719
12	213	1	1196289745
12	213	1	1196346433
12	213	1	1196347094
12	213	1	1196347185
12	214	1	1195552717
12	215	1	1195552984
90	216	1	1196043729
12	217	1	1196117611
8	218	1	1196206304
8	219	1	1196206883
8	220	1	1196207542
8	221	1	1196207564
12	222	1	1196424594
12	222	1	1196432718
12	222	1	1196434132
12	222	1	1196434914
12	222	1	1198244728
12	222	1	1198245342
12	222	1	1198245852
91	223	1	1196732310
12	224	1	1198244870
12	224	1	1198244894
12	225	1	1198245025
92	226	1	1198360823
92	227	1	1198360828
93	228	1	1199115464
12	229	1	1199878685
12	229	1	1199878743
12	229	1	1200242851
12	230	1	1200163158
94	231	1	1200953102
94	232	1	1200953106
12	233	1	1201983702
12	234	1	1201984033
18	234	1	1230311784
12	235	1	1203192676
12	236	1	1203192748
12	236	1	1203192789
12	236	1	1203192826
12	236	1	1203192850
12	236	1	1203192875
12	236	1	1203192899
12	236	1	1203192927
12	236	1	1203192980
12	236	1	1203193017
12	236	1	1203193060
79	236	1	1482514693
95	237	1	1203811872
95	237	1	1203812185
96	238	1	1203875157
27	238	1	1426648373
26	238	1	1429228461
27	238	1	1429245636
96	239	1	1203876638
26	239	1	1429228461
12	240	1	1204283973
8	240	1	1204305684
12	241	1	1204970412
8	242	1	1205687530
46	243	1	1206036062
46	244	1	1206036069
97	245	1	1206626065
98	246	1	1207128164
98	246	1	1207134522
98	246	1	1208437296
98	246	1	1208702739
98	246	1	1210107555
98	246	1	1211318326
98	246	1	1214771360
8	246	1	1214862325
8	246	1	1214862401
98	246	1	1214918200
98	246	1	1214920558
98	246	1	1214996114
98	246	1	1215176089
98	246	1	1218021035
98	246	1	1251935359
98	247	1	1207128525
98	247	1	1207130547
98	247	1	1207133134
98	247	1	1207206327
98	247	1	1207209914
98	247	1	1208300327
98	247	1	1210238034
98	247	1	1211215549
8	247	1	1214862350
98	247	1	1230893576
98	247	1	1240227614
98	247	1	1340474867
98	248	1	1207134358
98	248	1	1207139711
98	248	1	1207230428
98	248	1	1207577739
98	248	1	1208172689
98	248	1	1208300387
98	248	1	1213262755
8	248	1	1214862369
98	249	1	1207139146
98	249	1	1207177322
98	249	1	1207231266
98	249	1	1208300499
98	249	1	1212532416
8	249	1	1214862378
12	250	1	1207140898
12	250	1	1207141029
98	250	1	1207310277
98	251	1	1207317831
98	251	1	1207741504
98	251	1	1208272103
98	251	1	1208301354
98	251	1	1208435593
98	251	1	1209765714
98	251	1	1212532548
98	251	1	1214054279
8	251	1	1214862445
98	251	1	1214864392
98	251	1	1216145574
98	252	1	1207743609
98	252	1	1207744665
98	252	1	1208301379
98	252	1	1208301391
98	252	1	1211533677
8	252	1	1214862452
98	253	1	1208382867
98	253	1	1208427187
98	253	1	1208433617
98	253	1	1208515167
98	253	1	1208691865
98	253	1	1211567882
98	253	1	1212346693
98	253	1	1212532677
8	253	1	1214862461
13	254	1	1208516889
13	255	1	1208517362
13	255	1	1208517394
13	256	1	1208517475
13	256	1	1208517485
13	257	1	1208518566
13	258	1	1208518779
13	259	1	1208518988
13	260	1	1208519079
13	261	1	1208519398
13	262	1	1208519701
98	263	1	1208520410
98	263	1	1208524908
98	263	1	1208537461
98	263	1	1208692208
98	263	1	1209473401
98	263	1	1214054316
8	263	1	1214862469
98	264	1	1208556090
98	265	1	1208609578
98	265	1	1208649913
98	265	1	1208692700
98	265	1	1209746847
98	265	1	1212524950
98	265	1	1213178692
98	265	1	1214844604
8	265	1	1214862478
98	265	1	1215810833
98	266	1	1208706288
98	266	1	1208727626
98	266	1	1208728479
98	266	1	1209669208
8	266	1	1214862487
98	266	1	1371299532
98	267	1	1208730785
98	267	1	1208812698
98	267	1	1208987471
98	267	1	1209232370
98	267	1	1209249927
98	267	1	1209472910
98	267	1	1209669314
98	267	1	1212532746
98	267	1	1214560321
8	267	1	1214862495
98	268	1	1209475357
98	268	1	1209477495
98	268	1	1209669403
8	268	1	1214862532
98	269	1	1209490774
98	269	1	1209510038
98	269	1	1209570469
98	269	1	1209669508
8	269	1	1214862541
98	270	1	1209592448
98	270	1	1209725993
98	270	1	1209744370
98	270	1	1209856480
98	270	1	1211491786
98	270	1	1213285035
98	270	1	1214054359
8	270	1	1214862550
99	271	1	1209745938
98	272	1	1209765200
98	272	1	1209856543
98	272	1	1212525049
98	272	1	1213197767
8	272	1	1214862558
98	273	1	1209767600
98	273	1	1209856687
98	273	1	1209904576
8	273	1	1214862570
98	273	1	1215091552
98	273	1	1220095219
98	274	1	1209896242
98	274	1	1210253618
98	274	1	1210266381
98	274	1	1210947311
98	274	1	1211467979
98	274	1	1213199292
8	274	1	1214862573
98	275	1	1210024761
98	275	1	1210059155
98	275	1	1210422976
98	275	1	1210850335
98	275	1	1210947329
98	275	1	1211570009
98	275	1	1211582373
98	275	1	1211583483
8	275	1	1214862582
98	276	1	1210106480
98	276	1	1210852038
98	276	1	1210947350
98	276	1	1212525162
98	276	1	1213201917
8	276	1	1214862592
98	277	1	1210890444
98	277	1	1210894487
98	277	1	1210947375
98	277	1	1211320522
98	277	1	1211487953
98	277	1	1211550709
98	277	1	1212525276
98	277	1	1214054413
8	277	1	1214862608
98	278	1	1210935223
98	278	1	1210937739
98	278	1	1210947394
8	278	1	1214862616
98	279	1	1211021861
98	279	1	1211115475
98	279	1	1211466273
98	279	1	1212306916
98	279	1	1212525343
98	279	1	1213218400
8	279	1	1214862666
98	280	1	1211038618
98	280	1	1211324379
98	280	1	1211466568
8	280	1	1214862673
98	281	1	1211125890
98	281	1	1211385023
98	281	1	1211466813
98	281	1	1211490496
98	281	1	1212525406
8	281	1	1214862681
98	282	1	1211215291
98	282	1	1211407409
98	282	1	1211466975
8	282	1	1214862689
98	283	1	1211293185
98	283	1	1211641932
98	283	1	1211652564
98	283	1	1212353138
8	283	1	1214862696
98	284	1	1211493212
98	284	1	1211658625
98	284	1	1212068533
98	284	1	1212353152
8	284	1	1214862704
98	284	1	1214995462
98	285	1	1211497497
98	285	1	1211669620
98	285	1	1212353167
98	285	1	1212849374
98	285	1	1212849495
8	285	1	1214862711
98	286	1	1211535777
98	286	1	1212095561
98	286	1	1212353187
98	286	1	1214054457
8	286	1	1214862718
98	287	1	1211624679
98	287	1	1212098999
98	287	1	1212353202
98	287	1	1212356356
98	287	1	1212525494
98	287	1	1214725976
8	287	1	1214862725
98	288	1	1211630877
98	288	1	1212099781
98	288	1	1212353221
98	288	1	1212525585
98	288	1	1213893289
8	288	1	1214862734
100	289	1	1212286747
12	290	1	1212497409
12	290	1	1212497725
12	290	1	1212498667
98	291	1	1212499587
98	291	1	1212525615
98	291	1	1213910844
8	291	1	1214862784
98	291	1	1215261483
98	291	1	1215864680
98	291	1	1215978528
98	291	1	1217026463
98	292	1	1212532223
98	292	1	1214054491
8	292	1	1214862792
98	292	1	1215868939
98	292	1	1215869377
98	292	1	1215986205
98	292	1	1216145094
98	292	1	1217026493
98	293	1	1212760650
8	293	1	1214862799
98	293	1	1217026516
98	294	1	1212784226
98	294	1	1214054529
8	294	1	1214862808
98	294	1	1217026564
98	295	1	1212791131
8	295	1	1214862815
98	295	1	1217026596
101	296	1	1212799757
101	297	1	1212800099
98	298	1	1212837908
8	298	1	1214862824
98	298	1	1217026665
98	299	1	1212872885
8	299	1	1214862833
98	299	1	1217026694
98	300	1	1213006462
8	300	1	1214862841
98	300	1	1216767965
98	300	1	1217026745
98	301	1	1213041185
8	301	1	1214862852
98	301	1	1217026810
98	302	1	1213084799
8	302	1	1214862863
98	302	1	1217026840
98	303	1	1213091233
8	303	1	1214862914
98	303	1	1217026977
98	304	1	1213113739
98	304	1	1213204555
8	304	1	1214862923
98	304	1	1214867958
98	304	1	1217027020
98	305	1	1213134678
98	305	1	1213204577
8	305	1	1214862933
8	305	1	1214862952
98	305	1	1217027076
98	306	1	1213377559
98	306	1	1214726053
8	306	1	1214862963
98	306	1	1214910337
98	306	1	1217027151
98	307	1	1213382770
8	307	1	1214862971
98	307	1	1217027183
98	308	1	1213388195
8	308	1	1214862980
98	308	1	1217027227
98	309	1	1213429573
8	309	1	1214862986
98	309	1	1217027283
98	310	1	1213432610
8	310	1	1214862994
98	310	1	1217027336
98	311	1	1213437373
8	311	1	1214863002
98	311	1	1217027377
98	312	1	1213478289
8	312	1	1214863009
98	312	1	1218015106
98	313	1	1213515416
8	313	1	1214863043
98	313	1	1217267341
98	313	1	1218015127
98	314	1	1213519294
8	314	1	1214863050
98	314	1	1218015166
98	315	1	1213569918
8	315	1	1214863057
98	315	1	1217433854
98	315	1	1218015186
98	316	1	1213597186
8	316	1	1214863066
98	316	1	1214868468
98	316	1	1218015202
98	317	1	1213649754
8	317	1	1214863073
98	317	1	1214868606
98	317	1	1218015224
102	318	1	1213744682
102	318	1	1213796961
102	318	1	1293351997
102	318	1	1372516397
98	319	1	1214128367
8	319	1	1214863080
98	319	1	1218015240
102	320	1	1214151279
98	321	1	1214211916
8	321	1	1214863089
98	321	1	1218015263
98	322	1	1214424206
8	322	1	1214863097
98	322	1	1218015279
98	323	1	1214513648
8	323	1	1214863104
98	323	1	1218015294
98	324	1	1214560830
8	324	1	1214863114
98	324	1	1218015314
98	325	1	1214678293
98	325	1	1214726116
8	325	1	1214863155
98	325	1	1218015336
98	326	1	1214684771
8	326	1	1214863163
98	326	1	1218015352
98	327	1	1214691656
8	327	1	1214863170
98	327	1	1218015367
98	328	1	1214696031
8	328	1	1214863180
98	328	1	1218015406
98	329	1	1214730468
8	329	1	1214863187
98	329	1	1218015423
98	330	1	1214732583
8	330	1	1214863196
98	330	1	1218015477
98	331	1	1214736113
8	331	1	1214863205
98	331	1	1218015495
98	332	1	1214743179
8	332	1	1214863213
98	332	1	1218015515
98	333	1	1214748700
8	333	1	1214863223
98	333	1	1218015546
98	334	1	1214766163
8	334	1	1214863230
98	334	1	1218015565
98	335	1	1214769195
8	335	1	1214863270
98	335	1	1218015590
98	336	1	1214824886
8	336	1	1214863277
98	336	1	1218015608
98	337	1	1214832687
8	337	1	1214863284
98	337	1	1218015624
98	338	1	1214835729
8	338	1	1214863293
98	338	1	1218015639
98	339	1	1214844821
8	339	1	1214863301
98	339	1	1218015654
98	340	1	1214847486
8	340	1	1214863307
98	340	1	1217941334
98	340	1	1218015674
98	341	1	1214851943
8	341	1	1214863316
98	341	1	1214869511
98	341	1	1218015690
98	342	1	1214852928
8	342	1	1214863324
98	342	1	1218015708
98	343	1	1214856868
8	343	1	1214863332
98	343	1	1218015723
98	344	1	1214858282
8	344	1	1214863338
98	344	1	1218015736
98	345	1	1214859396
8	345	1	1214863345
98	345	1	1218015750
8	346	1	1214862291
98	347	1	1214872223
98	347	1	1214872907
98	347	1	1214906196
98	347	1	1214906559
98	347	1	1214907775
103	348	1	1216306770
104	349	1	1219864761
49	349	1	1225530251
94	350	1	1221620557
49	350	1	1225430645
105	351	1	1222853925
49	352	1	1225169954
49	353	1	1225248596
106	354	1	1225318850
106	355	1	1225323352
49	356	1	1225328441
49	357	1	1225352541
106	358	1	1225374271
106	359	1	1225378006
106	359	1	1226321650
106	360	1	1225393061
106	361	1	1225393127
106	362	1	1225459553
106	362	1	1225570945
106	362	1	1225589246
106	362	1	1225601202
106	362	1	1225657551
106	362	1	1225683970
106	362	1	1225731056
106	362	1	1225776505
106	362	1	1225839713
106	362	1	1225863522
106	362	1	1225882340
106	362	1	1226014559
106	362	1	1226381095
106	362	1	1226501730
106	362	1	1226947612
106	362	1	1226968834
106	362	1	1227105332
106	362	1	1227879456
106	362	1	1228203889
106	362	1	1229414959
106	362	1	1230231801
106	362	1	1230241853
106	362	1	1230770088
106	362	1	1231589681
106	362	1	1232070777
106	362	1	1232474929
106	362	1	1232484069
106	362	1	1233059476
106	362	1	1233100624
106	362	1	1233125546
106	362	1	1233211827
106	362	1	1233557890
106	362	1	1234453170
106	362	1	1234763286
106	362	1	1234766455
106	362	1	1234952219
106	362	1	1235329612
106	362	1	1235498044
106	362	1	1236129609
106	362	1	1237341175
106	362	1	1238046973
106	362	1	1238719852
106	362	1	1240464534
8	362	1	1491860020
49	363	1	1225584107
49	364	1	1225678877
49	365	1	1225770925
49	366	1	1225860445
106	367	1	1225933913
106	368	1	1225945754
106	369	1	1225962219
106	369	1	1226312633
106	370	1	1226239465
49	371	1	1226471419
107	372	1	1226495581
49	373	1	1227249759
49	374	1	1227884009
108	375	1	1228259650
109	376	1	1229789176
49	377	1	1234149603
110	378	1	1234213573
8	378	1	1234310195
110	378	1	1234467896
110	379	1	1234214439
8	379	1	1234309669
8	379	1	1234309803
8	380	1	1234310052
8	380	1	1234310096
55	380	1	1424897891
49	381	1	1234564061
49	382	1	1235275642
49	383	1	1235279889
111	384	1	1235870791
8	384	1	1235906888
8	384	1	1425827763
8	385	1	1235906936
54	385	1	1363435935
58	385	1	1424833535
106	386	1	1237303388
49	387	1	1237616570
54	388	1	1238747323
54	389	1	1238747333
49	390	1	1239502402
49	391	1	1239579304
49	392	1	1239582701
49	393	1	1240007813
49	394	1	1240015765
49	395	1	1240079140
49	396	1	1240088307
112	397	1	1241284162
113	398	1	1242924614
114	399	1	1246042581
115	399	1	1444961675
19	399	1	1445406490
114	400	1	1246042591
114	401	1	1246042597
116	402	1	1246817923
26	402	1	1429228465
117	403	1	1248108501
49	404	1	1251833510
49	405	1	1252735253
49	406	1	1252743412
49	407	1	1252815795
118	408	1	1257186350
12	409	1	1258665307
12	409	1	1258665415
8	409	1	1258753025
119	410	1	1260046345
47	411	1	1260816040
120	412	1	1260974916
49	412	1	1379889480
120	413	1	1260974931
49	413	1	1379890562
49	414	1	1264237243
49	415	1	1264292090
97	416	1	1264355201
49	417	1	1264389274
49	418	1	1264467343
49	419	1	1264473341
49	420	1	1264551961
49	421	1	1264720841
49	422	1	1264732082
49	423	1	1264919098
49	424	1	1264921555
49	425	1	1264923243
49	426	1	1266706526
49	426	1	1379473351
49	427	1	1266717406
121	428	1	1268601476
14	429	1	1268855890
122	430	1	1270036517
58	431	1	1270200538
58	431	1	1379189405
12	432	1	1270364600
12	432	1	1270365377
12	432	1	1270369520
12	432	1	1270371026
8	432	1	1270501790
12	433	1	1270365211
12	433	1	1270365267
58	434	1	1270469048
58	434	1	1379189408
58	435	1	1270656947
58	435	1	1379189413
49	436	1	1271126941
12	437	1	1271882890
12	437	1	1271883099
123	438	1	1274793878
124	439	1	1276238096
49	440	1	1276992380
49	441	1	1277066096
49	442	1	1277158879
49	443	1	1277167833
49	444	1	1277178777
49	445	1	1277180287
49	446	1	1277247197
49	447	1	1277578903
49	447	1	1289164561
125	447	1	1308761153
125	447	1	1309106624
125	447	1	1322676462
125	447	1	1356644205
125	447	1	1356695034
49	448	1	1280795588
49	449	1	1280799656
126	450	1	1280959909
126	450	1	1281005627
126	451	1	1281096662
49	452	1	1281149025
49	453	1	1281153031
49	454	1	1281154738
49	455	1	1281158142
126	456	1	1281177826
49	456	1	1289163299
125	456	1	1308799537
125	456	1	1309110396
125	456	1	1356644212
49	457	1	1281232539
49	458	1	1281234336
126	459	1	1281258199
127	460	1	1281993462
127	461	1	1281993473
49	462	1	1283020667
49	463	1	1283393046
128	464	1	1283394629
128	464	1	1284614381
129	464	1	1408317671
128	465	1	1283408671
130	466	1	1285021065
128	467	1	1285792045
128	468	1	1286349007
49	469	1	1287259573
49	470	1	1289160078
49	471	1	1289172696
131	472	1	1289691141
128	473	1	1289953839
128	473	1	1291477170
128	473	1	1295306021
132	473	1	1327433507
133	473	1	1337663287
133	473	1	1342549263
133	473	1	1349131813
133	473	1	1360201132
134	474	1	1290366917
134	474	1	1290367339
134	474	1	1290368346
134	474	1	1290368356
134	474	1	1290441180
134	474	1	1290441228
134	474	1	1290441338
134	474	1	1290441402
134	474	1	1291574356
134	474	1	1292746359
134	475	1	1291574356
127	476	1	1293738793
135	477	1	1294090413
49	478	1	1296442377
49	478	1	1333237238
136	478	1	1390292370
49	479	1	1296534755
49	480	1	1296616895
49	481	1	1296783676
137	482	1	1297756936
21	483	1	1298209768
21	484	1	1298209817
21	485	1	1298210757
21	485	1	1298210779
21	485	1	1298211244
21	485	1	1298211262
21	486	1	1298211173
21	486	1	1298211355
21	487	1	1298211849
21	488	1	1298212019
21	489	1	1298212208
21	490	1	1298212309
21	491	1	1298212553
138	492	1	1298414900
138	492	1	1330306372
49	493	1	1298435492
49	494	1	1301869653
139	495	1	1301924939
128	496	1	1302754937
49	497	1	1302977816
127	497	1	1331475689
49	498	1	1302982347
49	499	1	1302994211
49	500	1	1303350751
140	501	1	1303753126
8	502	1	1304183623
49	503	1	1305156837
49	503	1	1333910951
141	504	1	1306311131
141	504	1	1314537310
128	505	1	1306446523
128	506	1	1306518698
142	507	1	1307397208
143	507	1	1332355002
134	508	1	1307951183
134	508	1	1307954300
134	508	1	1307954388
134	508	1	1307956747
125	509	1	1308809546
125	509	1	1308813653
125	510	1	1308813487
144	511	1	1309248168
144	511	1	1331457580
144	511	1	1401149557
144	511	1	1423194997
145	512	1	1309513083
145	513	1	1309526629
125	514	1	1309539988
125	515	1	1309542106
49	516	1	1309569987
49	517	1	1309578744
49	518	1	1309582828
49	519	1	1309622880
49	520	1	1309631796
146	521	1	1311111847
147	522	1	1312819760
147	522	1	1312819776
147	522	1	1312819809
147	522	1	1312819844
147	522	1	1312819900
148	523	1	1313792279
49	524	1	1314241071
49	524	1	1422211708
149	525	1	1314250806
49	526	1	1315762985
49	527	1	1315767544
49	528	1	1315772003
49	529	1	1318377996
143	530	1	1318458852
49	531	1	1318974387
128	532	1	1319840957
128	532	1	1429212136
150	533	1	1319993279
151	533	1	1497569107
152	534	1	1320841201
152	535	1	1320841332
153	536	1	1321040384
154	537	1	1321068603
153	538	1	1321205044
153	539	1	1321205045
153	539	1	1321205222
155	540	1	1321529150
155	540	1	1349172806
155	540	1	1352072204
49	541	1	1321762630
49	542	1	1321848059
49	543	1	1321919155
49	544	1	1321922780
49	544	1	1322092651
49	545	1	1321927018
49	545	1	1322094379
125	546	1	1321999029
49	547	1	1322096553
49	548	1	1322097802
49	549	1	1322099006
156	550	1	1322264485
157	551	1	1322394489
49	551	1	1346639004
49	552	1	1323015240
49	553	1	1323046135
49	554	1	1323049848
143	555	1	1325909936
143	555	1	1325966791
49	556	1	1326049007
128	557	1	1326327509
143	558	1	1328129843
158	559	1	1328446945
158	559	1	1328453315
158	559	1	1328466377
158	560	1	1328446955
158	560	1	1328452344
158	560	1	1328465550
49	561	1	1329069773
49	562	1	1329082521
127	563	1	1329728420
143	564	1	1329745241
143	565	1	1329759213
125	566	1	1329832109
125	567	1	1329836466
125	567	1	1356636019
121	568	1	1330560436
159	569	1	1330566069
127	570	1	1330630508
127	571	1	1330703623
160	572	1	1330786641
49	573	1	1332039292
49	574	1	1333243808
49	575	1	1333419094
49	576	1	1333499788
49	576	1	1333582019
49	577	1	1333587045
49	578	1	1333904760
49	579	1	1333906793
143	580	1	1334112722
49	581	1	1334509582
49	582	1	1336323193
161	583	1	1338008281
161	583	1	1437045878
161	584	1	1338014024
143	585	1	1338320395
162	586	1	1338445010
162	586	1	1342495565
49	587	1	1338649359
49	588	1	1338655694
49	589	1	1338659720
48	590	1	1338913433
48	590	1	1338914687
48	591	1	1338913434
48	592	1	1338933564
48	592	1	1338934459
48	593	1	1338933564
49	594	1	1339378419
49	595	1	1339992818
143	596	1	1340666502
49	597	1	1341259123
49	597	1	1344109953
163	598	1	1344005871
163	598	1	1344005884
49	599	1	1344111605
49	600	1	1344218950
164	601	1	1344244510
49	602	1	1344379750
165	603	1	1346356619
165	604	1	1346431114
166	604	1	1347097855
166	605	1	1346442552
49	606	1	1346627205
49	607	1	1346632936
49	608	1	1346636959
167	609	1	1346750895
168	610	1	1348937443
127	611	1	1351191926
127	612	1	1351240535
127	613	1	1351247344
127	614	1	1351247353
155	615	1	1352072268
33	616	1	1354613389
49	617	1	1355087758
49	618	1	1355091533
49	619	1	1355112743
169	620	1	1355255656
170	621	1	1355726442
18	621	1	1491310968
143	622	1	1359581247
143	623	1	1359581359
169	624	1	1359911103
49	625	1	1360030637
171	625	1	1417132047
171	625	1	1487250204
49	626	1	1360034968
49	627	1	1361149658
49	628	1	1361155304
143	629	1	1361233746
172	630	1	1364035751
172	631	1	1364035759
143	632	1	1364092947
49	633	1	1364142377
49	634	1	1364146452
49	635	1	1364172893
49	636	1	1364174744
173	636	1	1451502323
174	637	1	1366084595
143	638	1	1367174696
175	639	1	1367354290
173	639	1	1451502300
176	640	1	1369576850
176	640	1	1380346552
49	640	1	1381706537
176	640	1	1384698435
176	640	1	1408420264
49	641	1	1370217422
49	642	1	1372733603
49	643	1	1372820704
177	644	1	1376263576
49	644	1	1381682362
178	645	1	1376683025
178	646	1	1377991826
58	647	1	1379186017
58	648	1	1379186018
49	649	1	1379281041
49	650	1	1379302466
173	650	1	1451502323
49	651	1	1379463756
49	652	1	1379467471
49	653	1	1379560757
49	654	1	1379562451
49	655	1	1379563794
49	656	1	1379897215
49	657	1	1379898998
49	658	1	1380159627
49	659	1	1380163856
49	660	1	1380395929
49	661	1	1380397306
49	662	1	1380400943
179	662	1	1385795988
179	662	1	1388052001
179	662	1	1391247595
49	662	1	1408626463
180	662	1	1411917929
181	662	1	1411919409
49	662	1	1413772497
49	662	1	1438465547
49	663	1	1380407510
179	663	1	1385473924
179	663	1	1386742620
179	663	1	1391655093
179	663	1	1393935020
180	663	1	1411917929
181	663	1	1411919410
49	663	1	1414898024
176	664	1	1380548352
176	664	1	1382847333
176	664	1	1382861164
49	665	1	1381683830
49	666	1	1381700139
176	666	1	1382878355
176	666	1	1382932225
49	667	1	1381723295
182	667	1	1450286735
183	668	1	1383037352
184	669	1	1383338346
184	670	1	1383340495
185	671	1	1383497419
186	672	1	1384698736
187	673	1	1384786199
188	674	1	1385383738
189	675	1	1387293379
49	676	1	1390174883
190	676	1	1487201060
49	677	1	1390254144
49	678	1	1390265282
191	679	1	1390299938
192	680	1	1392385009
192	681	1	1392393749
49	682	1	1393563736
49	683	1	1393571009
193	684	1	1393718623
187	685	1	1394756944
194	686	1	1395184813
194	686	1	1395426800
194	686	1	1396578019
195	687	1	1396562796
196	688	1	1396596868
197	689	1	1399228694
197	689	1	1399229527
27	690	1	1400531910
198	691	1	1402788215
198	691	1	1402798074
198	691	1	1402798172
198	691	1	1402798222
198	691	1	1402798460
198	691	1	1402798521
198	691	1	1402798600
198	691	1	1402798635
198	691	1	1402798695
198	691	1	1402798730
198	691	1	1402798951
198	691	1	1402798996
198	691	1	1402799077
198	691	1	1402799110
198	691	1	1402799154
198	691	1	1402799587
198	691	1	1402799634
198	691	1	1402799783
198	691	1	1402799881
198	691	1	1402800132
198	691	1	1402800162
198	691	1	1402800203
198	691	1	1402800400
198	691	1	1402800472
198	691	1	1402800505
198	691	1	1402800595
198	691	1	1402800633
198	691	1	1402800749
198	691	1	1402800796
198	691	1	1402800822
198	691	1	1402800840
198	691	1	1402801223
198	691	1	1402801248
198	691	1	1402801636
198	691	1	1402801727
198	691	1	1402801784
198	691	1	1402801900
198	691	1	1402801949
198	691	1	1402802009
198	691	1	1402802089
198	691	1	1402802146
198	691	1	1402802186
198	691	1	1402802497
198	691	1	1402802652
198	691	1	1402802861
198	691	1	1402803277
198	691	1	1402803310
198	691	1	1402803324
198	691	1	1402803380
198	691	1	1402803465
198	691	1	1402803731
198	691	1	1402804042
198	691	1	1402804389
198	691	1	1402804418
198	691	1	1402804491
198	691	1	1402804542
198	691	1	1402804784
198	691	1	1402804899
198	691	1	1402804997
198	691	1	1402805024
198	691	1	1402805045
198	691	1	1402805490
198	691	1	1402805551
198	691	1	1402805578
8	691	1	1499369385
129	692	1	1408317671
49	693	1	1408757633
49	694	1	1409106432
49	695	1	1410622577
199	695	1	1447384081
49	696	1	1410709657
49	697	1	1411003612
199	697	1	1447384083
180	698	1	1411917929
48	698	1	1415696372
49	698	1	1420952218
180	699	1	1411917930
48	699	1	1415696386
49	699	1	1420958956
181	700	1	1411919410
181	701	1	1411919410
200	702	1	1413410736
200	702	1	1447354802
200	702	1	1447791053
49	703	1	1416714141
182	703	1	1472038486
182	703	1	1472130068
49	704	1	1416721247
182	704	1	1472038486
182	704	1	1472130068
171	705	1	1417132047
171	706	1	1417132048
49	707	1	1417321342
201	708	1	1418656678
202	709	1	1418815165
49	710	1	1421017542
49	711	1	1421111632
49	712	1	1421115617
49	713	1	1421119672
49	713	1	1423374909
163	713	1	1424432176
182	715	1	1422983133
182	715	1	1422986698
182	716	1	1422983133
182	716	1	1422986699
182	717	1	1422986699
182	718	1	1422986699
49	719	1	1423370569
49	720	1	1423377278
163	720	1	1424432176
49	721	1	1423708263
49	722	1	1423940356
49	723	1	1424392661
182	723	1	1438202207
163	724	1	1424432176
163	725	1	1424432176
49	726	1	1424582824
182	726	1	1438202021
49	727	1	1424584940
48	727	1	1438446954
49	728	1	1426641871
27	729	1	1426648369
26	729	1	1429228458
27	729	1	1429245635
27	730	1	1426648370
26	730	1	1429228458
27	730	1	1429245635
27	731	1	1426648370
26	731	1	1429228458
27	731	1	1429245636
27	732	1	1426648370
26	732	1	1429228458
27	732	1	1429245636
27	733	1	1426648370
26	733	1	1429228458
27	733	1	1429245636
27	734	1	1426648370
27	735	1	1426648371
26	735	1	1429228458
27	735	1	1429245636
27	736	1	1426648371
26	736	1	1429228458
27	736	1	1429245636
27	737	1	1426648373
26	737	1	1429228461
27	737	1	1429245636
27	738	1	1426648373
26	738	1	1429228461
27	738	1	1429245636
27	739	1	1426648373
27	740	1	1426648373
26	740	1	1429228461
27	740	1	1429245636
27	741	1	1426648373
26	741	1	1429228461
27	741	1	1429245636
27	742	1	1426648374
26	742	1	1429228461
27	742	1	1429245636
27	743	1	1426648374
27	744	1	1426648374
27	745	1	1426648375
26	745	1	1429228461
27	745	1	1429245636
27	746	1	1426648375
26	746	1	1429228461
27	746	1	1429245636
27	747	1	1426648375
26	747	1	1429228461
27	747	1	1429245636
27	748	1	1426648375
26	748	1	1429228465
27	748	1	1429245636
27	749	1	1426648376
26	749	1	1429228465
27	749	1	1429245636
27	750	1	1426648376
26	750	1	1429228465
27	750	1	1429245636
27	751	1	1426648376
26	751	1	1429228465
27	751	1	1429245636
27	752	1	1426648376
26	752	1	1429228465
27	752	1	1429245636
27	753	1	1426648376
26	753	1	1429228465
27	753	1	1429245636
27	754	1	1426648376
26	754	1	1429228465
27	754	1	1429245636
27	755	1	1426648376
27	756	1	1427211825
128	757	1	1429212136
182	758	1	1438202023
182	759	1	1438202207
203	760	1	1438644882
204	761	1	1441447179
204	761	1	1441457300
204	761	1	1441466849
204	761	1	1442871199
115	762	1	1441467918
115	762	1	1441565601
115	762	1	1441878006
205	763	1	1441468102
205	763	1	1443320551
206	764	1	1442444747
206	765	1	1442444747
206	766	1	1442444747
206	767	1	1442444747
206	768	1	1442467260
206	769	1	1442467260
206	770	1	1442467260
206	771	1	1442467911
206	772	1	1442467911
206	773	1	1442467911
206	774	1	1442467911
206	775	1	1442467912
206	776	1	1442467912
206	777	1	1442467912
206	778	1	1442467912
206	779	1	1442476026
206	780	1	1442476026
206	781	1	1442479502
206	782	1	1442479502
206	783	1	1442479502
206	784	1	1442479502
203	785	1	1443816255
203	786	1	1443816255
203	787	1	1443816256
203	788	1	1443816256
203	789	1	1443816256
203	790	1	1443816256
203	791	1	1443816256
182	792	1	1450286735
182	793	1	1450290246
173	794	1	1451502300
173	795	1	1451502323
173	796	1	1451502323
173	797	1	1462390804
207	798	1	1463821810
182	799	1	1472130068
182	800	1	1472130068
208	801	1	1485604825
190	802	1	1487201060
171	803	1	1487250204
209	804	1	1488908437
151	805	1	1497569107
