1	1	1	1098028855
1	1	1	1098029248
1	1	1	1098031536
1	1	1	1098032191
1	1	1	1098033891
1	1	1	1098034732
2	1	1	1127748886
3	1	1	1128391181
3	1	1	1128391697
4	1	1	1132864010
4	1	1	1132865326
4	1	1	1133121414
4	1	1	1133362178
5	1	1	1142197352
5	1	1	1144093022
5	1	1	1144093307
6	1	1	1151555420
6	1	1	1151555517
4	1	1	1159888224
4	1	1	1160708186
7	1	1	1302155231
7	1	1	1303556020
7	1	1	1339089311
7	1	1	1339089440
8	1	1	1340003097
7	1	1	1360044060
7	1	1	1360044979
7	1	1	1360326094
7	1	1	1364964079
7	1	1	1364964145
7	1	1	1364964170
7	1	1	1364964193
9	1	1	1439479239
7	1	1	1458388873
7	1	1	1458390065
7	1	1	1458390164
2	4	1	1127807275
2	5	1	1127821013
2	6	1	1127989207
2	7	1	1127994138
10	9	1	1130480694
10	10	1	1130482024
4	11	1	1132864051
11	11	1	1266074722
4	12	1	1132864222
4	13	1	1132864308
4	14	1	1132864414
4	14	1	1159888314
7	14	1	1326688470
7	14	1	1326693445
4	15	1	1132864472
4	16	1	1133121414
4	17	1	1133360176
4	17	1	1142580053
4	17	1	1142580164
4	17	1	1151093772
4	17	1	1202753793
12	17	1	1364135326
4	18	1	1133361793
4	18	1	1133361831
4	19	1	1133362112
13	20	1	1133662994
13	21	1	1133663016
14	22	1	1136899392
14	23	1	1136899867
14	24	1	1136900271
15	24	1	1444531863
16	25	1	1140851401
17	25	1	1177660455
16	26	1	1140851456
17	26	1	1177659581
17	26	1	1177659619
17	26	1	1177660764
16	27	1	1140851568
17	27	1	1177659830
17	27	1	1177660695
16	28	1	1140851638
17	28	1	1177659979
17	28	1	1177660039
17	28	1	1177660592
4	29	1	1142580345
18	29	1	1143069702
4	29	1	1188543605
17	29	1	1188556167
4	29	1	1189622329
19	29	1	1309853945
19	29	1	1309854173
18	30	1	1143069231
18	31	1	1143069737
4	31	1	1143140353
4	31	1	1185513310
17	31	1	1188466878
4	31	1	1188486168
17	31	1	1188534774
4	31	1	1188543350
12	31	1	1364135327
20	31	1	1409198574
4	33	1	1151094682
4	34	1	1151124946
4	35	1	1151124987
4	36	1	1151125049
4	37	1	1151125115
17	37	1	1187946152
10	38	1	1152678720
10	38	1	1152678748
21	40	1	1247599769
7	40	1	1341643121
22	41	1	1167291764
23	42	1	1175176002
17	42	1	1177656713
17	43	1	1177656204
17	43	1	1177656393
17	43	1	1177656432
17	44	1	1177657146
17	45	1	1177657669
17	45	1	1177657762
17	46	1	1177657957
17	47	1	1177658131
17	47	1	1177658178
24	48	1	1183043589
25	48	1	1277173047
25	48	1	1277174738
4	49	1	1184172402
4	49	1	1184172490
4	49	1	1185573674
4	49	1	1185574266
4	49	1	1185574948
4	49	1	1185575066
4	49	1	1185575089
4	49	1	1192724087
4	49	1	1202754380
4	49	1	1202754833
4	49	1	1202755031
4	49	1	1202755570
4	49	1	1202756000
4	49	1	1202756595
4	49	1	1202764331
4	49	1	1202933984
4	49	1	1202935077
4	49	1	1202937025
4	49	1	1277175200
4	49	1	1277175266
4	49	1	1277175927
4	49	1	1277176217
4	49	1	1277176312
4	49	1	1277176592
4	49	1	1277176678
4	49	1	1277177534
26	49	1	1327669306
27	49	1	1345057254
27	49	1	1345057606
27	49	1	1345057850
28	50	1	1205327733
28	50	1	1205327880
28	50	1	1205328062
28	50	1	1205328135
28	50	1	1205328259
28	50	1	1205328560
28	50	1	1205328623
21	50	1	1247598155
29	50	1	1287667158
4	51	1	1185481191
4	51	1	1185483614
4	51	1	1185483960
4	51	1	1185497049
4	51	1	1185512922
30	52	1	1186483837
31	52	1	1195301890
31	52	1	1195302807
32	52	1	1202484035
32	52	1	1202484351
32	52	1	1202484376
32	52	1	1202484439
33	52	1	1312609216
7	52	1	1386067892
20	52	1	1409022285
34	52	1	1415986566
35	52	1	1466752418
17	53	1	1187951907
17	54	1	1188471053
17	54	1	1188471252
17	54	1	1191235009
36	54	1	1429232608
37	55	1	1188584051
37	56	1	1188584163
38	57	1	1189670482
39	58	1	1190963739
40	59	1	1195029026
40	59	1	1217593341
41	61	1	1198287499
42	62	1	1198372359
42	63	1	1198372366
43	64	1	1200957574
44	65	1	1200963994
44	66	1	1200964002
45	67	1	1202037798
46	68	1	1202507490
46	68	1	1202507613
46	68	1	1202507855
46	68	1	1202508012
4	69	1	1203144906
47	69	1	1495526932
4	70	1	1203144950
4	70	1	1203147181
48	70	1	1483841096
48	70	1	1491452849
49	71	1	1203481914
49	71	1	1203482136
49	71	1	1203483484
49	71	1	1203485251
49	71	1	1203486497
49	71	1	1205293561
49	71	1	1205294158
28	71	1	1205330083
28	71	1	1205330355
28	72	1	1205328399
28	73	1	1205329566
40	74	1	1205440981
40	74	1	1205443245
50	75	1	1206546573
51	75	1	1314728278
52	75	1	1338933806
50	76	1	1206547533
52	76	1	1206615430
51	76	1	1314728278
52	76	1	1338933803
52	76	1	1338934430
52	77	1	1206573116
53	77	1	1218869287
52	77	1	1323209910
52	77	1	1338913696
52	78	1	1206573123
52	78	1	1206616091
53	78	1	1218869286
52	78	1	1338913692
52	78	1	1338914642
52	79	1	1206573125
53	79	1	1218869287
54	80	1	1206632052
55	81	1	1208419647
56	82	1	1212220616
57	83	1	1212803385
57	84	1	1212803503
58	85	1	1213745307
58	85	1	1213795480
58	85	1	1293351753
58	85	1	1372516187
58	90	1	1214157793
49	91	1	1214971280
49	92	1	1214971241
49	92	1	1215063096
49	93	1	1214971456
49	93	1	1214971481
49	93	1	1215855196
49	93	1	1215855854
49	93	1	1215856158
49	93	1	1215856240
49	93	1	1215856280
49	94	1	1214972102
49	94	1	1214972148
49	94	1	1214972445
49	94	1	1214972510
49	94	1	1215852223
49	94	1	1215852877
49	94	1	1215853544
49	94	1	1215853891
9	94	1	1361205970
49	96	1	1215063016
49	97	1	1215063016
59	100	1	1215701278
59	100	1	1215701538
59	100	1	1215702365
59	100	1	1215702461
59	100	1	1228536535
8	100	1	1340003154
8	100	1	1340003991
8	100	1	1340114763
60	101	1	1215700524
60	102	1	1215700750
61	102	1	1270618817
49	103	1	1215854358
49	103	1	1215854386
49	104	1	1215855419
49	104	1	1215855443
49	105	1	1215856047
49	106	1	1215926936
49	107	1	1215927444
49	107	1	1215927528
62	107	1	1347036887
53	108	1	1218869286
53	109	1	1218869287
53	110	1	1218869287
52	110	1	1323209924
25	111	1	1225170357
25	112	1	1225249238
25	113	1	1225329026
63	113	1	1237334701
25	114	1	1225352777
64	115	1	1225380186
64	116	1	1225383037
64	117	1	1225390383
64	118	1	1225390806
64	118	1	1226323664
25	119	1	1225430856
64	120	1	1225443920
64	121	1	1225444066
64	122	1	1225465692
64	122	1	1225577338
64	122	1	1225592857
64	122	1	1225603568
64	122	1	1225662704
64	122	1	1225685913
64	122	1	1225736418
64	122	1	1225779797
64	122	1	1225844730
64	122	1	1225866572
64	122	1	1226018878
64	122	1	1226384549
64	122	1	1226505078
64	122	1	1226948619
64	122	1	1226969333
64	122	1	1227109369
64	122	1	1227883127
64	122	1	1228204530
64	122	1	1229419388
64	122	1	1230238126
64	122	1	1230244935
64	122	1	1230773518
64	122	1	1231594656
64	122	1	1232074207
64	122	1	1232478926
64	122	1	1232486595
64	122	1	1233062126
64	122	1	1233104313
64	122	1	1233129289
64	122	1	1233215801
64	122	1	1233560199
64	122	1	1234456789
64	122	1	1234764268
64	122	1	1234766897
64	122	1	1234956120
64	122	1	1235331775
64	122	1	1235500771
64	122	1	1236131550
64	122	1	1237343252
64	122	1	1238050572
64	122	1	1238723300
64	122	1	1240466934
25	123	1	1225530397
25	124	1	1225584330
25	125	1	1225679115
25	126	1	1225771213
25	127	1	1225860712
64	128	1	1225936678
64	128	1	1226295051
64	129	1	1225947753
64	130	1	1225966534
64	130	1	1226314582
64	131	1	1226243827
25	132	1	1226471624
65	133	1	1226497461
25	134	1	1227249958
25	135	1	1227884198
59	136	1	1228535984
59	136	1	1228735846
59	136	1	1229670940
59	137	1	1228536304
59	137	1	1258112882
59	137	1	1258112914
59	138	1	1228536837
59	138	1	1228536900
59	138	1	1228540125
8	138	1	1340003246
59	139	1	1228540898
8	139	1	1340002783
66	140	1	1229797282
25	146	1	1234149769
25	147	1	1234564219
25	148	1	1235275781
25	149	1	1235280009
44	150	1	1236283238
64	151	1	1237306876
63	152	1	1237334661
25	153	1	1237616710
67	154	1	1238748302
67	155	1	1238748313
25	156	1	1239506237
25	157	1	1239579443
25	158	1	1239582833
25	159	1	1240007984
25	160	1	1240015916
25	161	1	1240079288
25	162	1	1240088440
68	163	1	1242923773
69	164	1	1246043618
14	164	1	1445478167
69	165	1	1246043625
69	166	1	1246043630
21	167	1	1247596921
21	168	1	1247597688
21	168	1	1247597975
21	168	1	1247598602
21	169	1	1247598589
21	169	1	1247598670
70	170	1	1248115331
25	172	1	1251835344
71	173	1	1252431886
25	174	1	1252735426
25	175	1	1252744311
25	176	1	1252815943
72	177	1	1257183128
73	178	1	1257582523
71	179	1	1258111689
71	179	1	1258111905
71	179	1	1258111934
71	179	1	1258112045
71	179	1	1258112108
71	179	1	1258112331
74	179	1	1299162748
55	179	1	1322731204
51	179	1	1333646710
75	179	1	1368689777
76	179	1	1428857770
76	179	1	1432523819
77	179	1	1439990825
55	179	1	1474028707
78	179	1	1478437959
29	181	1	1427909458
29	181	1	1427909481
79	182	1	1259332411
79	182	1	1259332449
80	188	1	1260072514
25	189	1	1264237314
25	190	1	1264292147
25	191	1	1264389357
54	192	1	1264402808
25	193	1	1264467439
25	194	1	1264473394
25	195	1	1264552092
25	197	1	1264720913
25	198	1	1264732207
25	199	1	1264919157
25	200	1	1264921612
25	201	1	1264923297
81	202	1	1283435663
81	202	1	1283436789
25	203	1	1266706578
25	203	1	1379473397
25	204	1	1266717463
82	206	1	1268601985
83	208	1	1269514149
84	209	1	1270201493
84	209	1	1379266730
84	210	1	1270469567
84	210	1	1379266733
85	211	1	1270541778
84	212	1	1270657510
84	212	1	1379266737
86	213	1	1270914978
25	214	1	1271126996
87	217	1	1273740276
87	217	1	1370962849
88	218	1	1274813050
89	220	1	1276238441
25	221	1	1276992424
25	222	1	1277066146
25	223	1	1277158929
25	224	1	1277167886
25	225	1	1277178820
25	226	1	1277180331
25	227	1	1277247250
25	228	1	1277578957
25	228	1	1289164620
90	228	1	1308763573
90	228	1	1309107243
90	228	1	1322678560
90	228	1	1356646323
90	228	1	1356697180
25	229	1	1280795650
25	230	1	1280799707
91	231	1	1280959963
91	231	1	1281005693
91	232	1	1281096721
25	233	1	1281149087
25	234	1	1281153083
25	235	1	1281154788
25	236	1	1281158199
91	237	1	1281177904
25	237	1	1289163368
90	237	1	1308800453
90	237	1	1309110998
90	237	1	1356646319
25	238	1	1281232590
25	239	1	1281234384
91	240	1	1281258245
78	241	1	1478438435
92	242	1	1281995412
92	243	1	1281995423
93	244	1	1282094412
94	244	1	1422983243
93	245	1	1282094423
94	245	1	1422983244
25	246	1	1283020712
25	247	1	1283393105
95	248	1	1283394701
95	248	1	1284614563
96	248	1	1408317627
95	249	1	1283408786
81	250	1	1283434650
81	251	1	1283434882
81	252	1	1283434961
97	253	1	1285022136
95	254	1	1285792219
95	255	1	1286349181
25	258	1	1289160147
25	259	1	1289172771
95	260	1	1289953941
95	260	1	1291477348
95	260	1	1295306195
26	260	1	1327669307
98	260	1	1337663259
98	260	1	1342549239
98	260	1	1349131789
98	260	1	1360201109
92	264	1	1293739410
99	265	1	1294092626
25	267	1	1296442418
25	267	1	1333237339
100	267	1	1390293875
25	268	1	1296448545
25	269	1	1296528624
101	270	1	1296561092
101	270	1	1388776984
25	271	1	1296616951
25	272	1	1296783733
25	273	1	1298435535
74	274	1	1299162803
74	275	1	1299162815
25	277	1	1301869700
7	278	1	1302155162
7	278	1	1302155770
7	278	1	1302155794
7	278	1	1302155907
7	278	1	1302155938
7	278	1	1302155978
7	278	1	1302156064
7	278	1	1302156429
7	278	1	1302156795
7	278	1	1302157129
7	278	1	1302158635
7	278	1	1302158699
7	278	1	1302167412
7	278	1	1302167508
7	278	1	1302167732
7	278	1	1302168466
7	278	1	1302168593
7	278	1	1302168652
7	278	1	1302440979
7	278	1	1302441036
7	278	1	1302441071
7	278	1	1302580770
7	278	1	1302580806
7	278	1	1302581451
7	278	1	1302581597
7	278	1	1302581794
7	278	1	1302581809
7	278	1	1302581918
7	278	1	1302582080
7	278	1	1302585209
7	278	1	1302585640
7	278	1	1302585717
7	278	1	1302585791
7	278	1	1302585863
7	278	1	1302585881
7	278	1	1302597417
7	278	1	1302597604
7	278	1	1302602536
7	278	1	1302602899
102	278	1	1303293358
102	278	1	1303293443
7	278	1	1303389545
7	278	1	1303448129
7	278	1	1303448643
7	278	1	1303486793
7	278	1	1304229702
7	278	1	1304401521
7	278	1	1339126184
7	278	1	1360044240
7	278	1	1364964261
7	279	1	1302156576
7	279	1	1302156686
7	279	1	1302157095
7	279	1	1302158112
7	279	1	1302158960
7	279	1	1302159063
7	279	1	1302159145
7	279	1	1302168813
7	279	1	1303542382
7	279	1	1303895787
7	279	1	1304041187
7	279	1	1304041263
7	279	1	1341643465
7	279	1	1341643616
103	279	1	1446123655
7	280	1	1302157017
7	280	1	1302157043
7	280	1	1303900084
7	280	1	1303900112
7	280	1	1303900203
104	280	1	1342164573
104	280	1	1342164669
104	280	1	1342164699
7	281	1	1302157095
7	282	1	1302169291
7	282	1	1302439974
7	282	1	1302440030
7	282	1	1302440127
7	282	1	1302440260
7	282	1	1302440300
7	282	1	1302440328
7	282	1	1302440599
7	282	1	1302440618
7	282	1	1303370626
7	282	1	1303371341
7	282	1	1303371455
7	282	1	1303372242
7	282	1	1303372415
7	282	1	1303372929
7	282	1	1303380101
7	282	1	1303380519
7	282	1	1303380933
7	282	1	1303381031
7	282	1	1303381365
7	282	1	1303390944
7	282	1	1303391065
7	282	1	1303543813
7	282	1	1303543944
7	282	1	1303549742
7	282	1	1303804681
7	282	1	1303896981
7	282	1	1304052665
7	282	1	1341643486
7	282	1	1341643644
7	283	1	1302169559
7	283	1	1302170176
7	283	1	1302170660
7	283	1	1302170801
7	283	1	1302170936
7	283	1	1302170956
7	283	1	1302588615
7	283	1	1302588638
7	283	1	1302588654
7	283	1	1303369436
7	283	1	1303369566
7	283	1	1303481035
7	283	1	1303481254
7	283	1	1303481374
7	283	1	1303481427
7	283	1	1303481714
7	283	1	1303550145
7	283	1	1303897419
7	283	1	1303904091
7	283	1	1303987908
7	283	1	1341643511
7	283	1	1341643553
7	284	1	1302171159
105	285	1	1302234031
7	285	1	1302438259
7	285	1	1302438338
7	285	1	1302584457
7	285	1	1302585062
7	285	1	1303467126
7	285	1	1303467317
7	285	1	1303467333
7	285	1	1303467588
7	285	1	1303467623
7	285	1	1303467711
7	285	1	1303468638
7	285	1	1303479212
7	285	1	1303551366
7	285	1	1303731895
7	285	1	1303733030
7	285	1	1303733074
7	285	1	1303733185
7	285	1	1303898271
7	285	1	1303898330
7	285	1	1339128321
7	285	1	1341643759
106	285	1	1364111527
7	286	1	1302438721
7	286	1	1302587917
7	286	1	1302588092
7	286	1	1302588141
7	286	1	1302588181
102	286	1	1303293740
7	286	1	1303551485
7	286	1	1303898598
7	286	1	1303898704
7	286	1	1341643819
7	287	1	1302580770
7	288	1	1302585595
7	288	1	1303479498
7	288	1	1303805308
7	288	1	1303900448
7	289	1	1302603490
7	289	1	1302604664
7	289	1	1302604839
7	289	1	1302607221
7	289	1	1302607438
7	289	1	1302607765
7	289	1	1302607808
7	289	1	1303552215
7	289	1	1303898823
7	289	1	1303900559
7	289	1	1303900645
7	289	1	1303900676
7	289	1	1303903912
7	289	1	1303904001
7	289	1	1341643866
7	290	1	1302711478
7	290	1	1302712863
7	290	1	1302712888
7	290	1	1302712983
7	290	1	1302713182
7	290	1	1303552701
7	290	1	1303552837
7	290	1	1303552941
7	290	1	1303805088
9	290	1	1361206224
95	291	1	1302755111
25	292	1	1302977866
92	292	1	1331480033
25	293	1	1302982394
25	294	1	1302994254
102	297	1	1303293571
25	298	1	1303350810
7	299	1	1303366811
7	300	1	1303382074
7	300	1	1303382094
7	300	1	1303382813
7	300	1	1303450015
7	300	1	1303466845
7	300	1	1303466885
7	300	1	1303466954
7	300	1	1303466967
7	300	1	1303467053
7	300	1	1303552441
7	300	1	1303804929
7	301	1	1303388869
7	301	1	1303448537
7	301	1	1303448602
7	301	1	1303448671
7	301	1	1303449029
7	301	1	1303449046
7	301	1	1303449062
7	301	1	1303449308
7	301	1	1303449881
7	301	1	1303450295
7	301	1	1303450343
7	301	1	1303552328
7	301	1	1303804865
7	302	1	1303447941
7	302	1	1303541960
7	302	1	1303895346
7	302	1	1303905829
7	302	1	1303906822
7	302	1	1303906908
7	302	1	1303906920
7	302	1	1341643433
7	302	1	1341643588
7	303	1	1303448602
7	304	1	1303451697
7	304	1	1303452035
7	304	1	1303453671
7	304	1	1303453908
7	304	1	1303804966
7	305	1	1303455051
7	305	1	1303552606
7	305	1	1303805040
7	306	1	1303456231
7	306	1	1303456448
7	306	1	1303553074
7	306	1	1303805204
7	307	1	1303457891
7	307	1	1303458033
7	307	1	1303471978
7	307	1	1303480809
7	307	1	1303805172
7	307	1	1303899136
7	308	1	1303469316
7	308	1	1303471822
7	308	1	1303805135
7	309	1	1303988531
7	310	1	1341643950
7	310	1	1341643983
7	310	1	1341643993
25	313	1	1305156884
25	313	1	1333911020
95	314	1	1306446673
107	315	1	1306501911
107	315	1	1306502125
34	315	1	1426840219
36	315	1	1429232613
34	315	1	1429245774
107	316	1	1306505331
95	317	1	1306518848
108	318	1	1306557934
108	318	1	1314548681
109	319	1	1307397990
110	319	1	1332358414
90	320	1	1308810317
90	320	1	1308814552
90	321	1	1308814534
111	322	1	1309303434
111	322	1	1331458531
111	322	1	1401150389
111	322	1	1423195481
112	323	1	1309513961
112	324	1	1309526821
90	325	1	1309540475
90	326	1	1309542573
25	327	1	1309570048
25	328	1	1309578789
25	329	1	1309582883
25	330	1	1309622930
25	331	1	1309631846
113	332	1	1313792871
25	333	1	1314241130
25	333	1	1422211792
51	334	1	1314728278
51	335	1	1314728278
51	336	1	1314730160
51	336	1	1316862872
25	337	1	1315764565
25	338	1	1315767603
25	339	1	1315772063
114	341	1	1316292984
110	342	1	1318454216
110	342	1	1318456027
115	343	1	1318481677
25	344	1	1318974853
25	345	1	1319253189
25	345	1	1329450873
95	346	1	1319841050
95	346	1	1429212176
116	347	1	1319997470
117	347	1	1497570427
118	348	1	1320841217
118	349	1	1320841352
119	350	1	1321041915
120	351	1	1321069098
119	352	1	1321205123
119	353	1	1321205124
119	353	1	1321205263
121	354	1	1321641740
121	354	1	1349213834
121	354	1	1360567490
25	355	1	1321762691
25	356	1	1321848109
25	357	1	1321919201
25	358	1	1321922823
25	358	1	1322092712
25	359	1	1321927066
25	359	1	1322094430
90	360	1	1321982647
90	361	1	1322000896
25	362	1	1322096602
25	363	1	1322097841
25	364	1	1322099050
122	365	1	1322577017
122	365	1	1322579211
122	366	1	1322579507
122	367	1	1322581637
25	368	1	1323015304
25	369	1	1323046180
25	370	1	1323049895
110	371	1	1325968819
25	372	1	1326049068
95	373	1	1326327679
123	375	1	1327487581
123	375	1	1327487716
123	375	1	1327488001
110	376	1	1328132001
124	377	1	1328450541
124	377	1	1328453446
124	377	1	1328466196
124	378	1	1328450551
124	378	1	1328452474
124	378	1	1328465370
25	379	1	1329069832
25	380	1	1329082575
92	381	1	1329729165
110	382	1	1329747230
110	383	1	1329761217
90	384	1	1329834086
90	385	1	1329838457
90	385	1	1356638274
125	386	1	1330233540
125	386	1	1330233584
25	386	1	1346639057
92	388	1	1330670738
92	389	1	1330705309
71	391	1	1331316792
25	392	1	1332039348
25	393	1	1333243856
25	395	1	1333419145
25	396	1	1333499839
25	396	1	1333582078
25	397	1	1333587093
25	399	1	1333904836
25	400	1	1333906868
110	401	1	1334114776
25	407	1	1334509636
126	408	1	1335520065
126	409	1	1335520114
82	410	1	1335652164
25	411	1	1336323242
127	412	1	1338009038
127	413	1	1338014379
110	414	1	1338322627
128	415	1	1338445382
128	415	1	1342496047
25	416	1	1338649417
25	417	1	1338655744
25	418	1	1338659809
7	419	1	1339126047
7	419	1	1339126294
7	419	1	1339126388
7	420	1	1339126120
25	421	1	1339378588
8	422	1	1339935471
8	422	1	1339935699
8	422	1	1339935730
8	422	1	1339935771
126	422	1	1339989293
126	422	1	1339996579
126	422	1	1339996917
126	422	1	1339997487
126	422	1	1339997983
126	422	1	1343828978
126	422	1	1345101715
126	422	1	1345102284
126	422	1	1345107439
126	422	1	1345108624
126	422	1	1345109125
126	422	1	1345215562
126	422	1	1345215781
126	422	1	1345219057
126	422	1	1345219313
126	422	1	1345219881
126	422	1	1345220366
126	422	1	1345222252
126	422	1	1345222587
126	422	1	1345267725
126	422	1	1345269319
126	422	1	1345271201
126	422	1	1345271760
126	422	1	1345271987
126	422	1	1345277831
126	422	1	1345279182
126	422	1	1345461375
126	422	1	1345463307
126	422	1	1345463825
126	422	1	1352009680
126	422	1	1358600749
126	422	1	1359301310
126	422	1	1359302145
126	422	1	1359303264
126	422	1	1366427348
126	422	1	1366434976
126	422	1	1366435443
126	422	1	1366436405
126	422	1	1366437048
126	422	1	1366438627
126	422	1	1366442986
126	422	1	1377250782
126	422	1	1379408449
126	422	1	1379408663
126	422	1	1379408818
126	422	1	1379408934
126	422	1	1381647090
126	422	1	1381647146
126	422	1	1381647212
126	422	1	1381647349
126	422	1	1381647385
126	422	1	1381647439
126	422	1	1381647516
126	422	1	1459414193
126	422	1	1459414442
126	422	1	1459416043
126	422	1	1459416069
126	422	1	1459416166
126	422	1	1459416219
126	422	1	1459416272
126	422	1	1459416433
126	422	1	1459416795
129	422	1	1473518733
8	423	1	1339936281
25	424	1	1339992865
8	425	1	1340002809
110	426	1	1340668633
25	427	1	1341259170
25	427	1	1344110010
7	428	1	1341644041
25	429	1	1344111649
25	430	1	1344219004
130	431	1	1344244976
25	432	1	1344379800
131	433	1	1345556365
132	435	1	1346356995
132	436	1	1346431398
133	436	1	1347097665
133	437	1	1346442823
25	438	1	1346627582
25	439	1	1346632978
25	440	1	1346637004
134	441	1	1348940791
92	442	1	1351193028
92	443	1	1351241255
92	444	1	1351250521
92	445	1	1351250530
25	447	1	1355091586
25	448	1	1355112786
135	449	1	1355256716
136	450	1	1355727793
62	450	1	1491310693
137	451	1	1359103484
137	452	1	1359103491
110	453	1	1359583462
110	454	1	1359583539
135	455	1	1359912437
25	456	1	1360030698
138	456	1	1417131907
138	456	1	1487253179
25	457	1	1360035018
7	458	1	1360044566
7	458	1	1360044614
7	458	1	1360045048
7	458	1	1360045548
121	459	1	1360567549
25	460	1	1361149711
25	461	1	1361155353
110	462	1	1361236029
139	463	1	1362248813
139	464	1	1362248837
140	465	1	1362823003
110	466	1	1364095092
12	467	1	1364135326
12	468	1	1364135327
25	469	1	1364142433
25	470	1	1364146498
25	471	1	1364172940
25	472	1	1364174791
141	472	1	1451502423
7	474	1	1364963961
142	475	1	1366090489
126	476	1	1366457042
143	477	1	1366864038
110	478	1	1367176975
144	479	1	1367357068
141	479	1	1451505992
126	480	1	1369565598
126	480	1	1369565618
126	480	1	1369565702
145	481	1	1369584433
145	481	1	1380430753
25	481	1	1381706580
145	481	1	1384699281
145	481	1	1408421292
25	482	1	1370217482
25	483	1	1372733659
25	484	1	1372820753
146	486	1	1376685135
126	487	1	1377152697
126	487	1	1377250137
146	488	1	1377992249
84	490	1	1379265409
84	491	1	1379265409
25	492	1	1379281089
25	493	1	1379302506
141	493	1	1451502408
25	494	1	1379463804
25	495	1	1379467515
25	496	1	1379560798
25	497	1	1379562486
25	498	1	1379563828
25	499	1	1379897258
25	500	1	1379899033
25	501	1	1380159666
25	502	1	1380163893
25	504	1	1380395968
25	505	1	1380397344
25	506	1	1380400979
147	506	1	1385796615
147	506	1	1388052738
147	506	1	1391248785
25	506	1	1408626520
148	506	1	1411917880
149	506	1	1411919451
25	506	1	1413772614
25	506	1	1438465598
25	507	1	1380407545
147	507	1	1385474651
147	507	1	1386743256
147	507	1	1391655950
147	507	1	1393935712
148	507	1	1411917880
149	507	1	1411919451
25	507	1	1414898154
25	508	1	1381683878
25	509	1	1381700176
145	509	1	1382879126
145	509	1	1382932900
145	510	1	1382861996
150	511	1	1382905845
151	512	1	1383039234
152	514	1	1384699177
153	515	1	1384784666
154	516	1	1384786525
155	517	1	1385384044
156	518	1	1387293613
126	520	1	1388906192
126	521	1	1388906459
126	522	1	1388927793
126	522	1	1388927863
126	522	1	1388927883
157	523	1	1389766658
157	523	1	1389766797
157	523	1	1389766852
157	524	1	1389767467
157	524	1	1405396232
157	524	1	1405396284
157	524	1	1405396362
157	524	1	1405396397
157	524	1	1405396973
157	524	1	1405572500
25	525	1	1390174937
158	525	1	1487203605
25	526	1	1390254182
25	527	1	1390265319
159	528	1	1390300294
160	529	1	1392385573
160	530	1	1392392625
25	531	1	1393563779
25	532	1	1393571043
154	534	1	1394757282
161	535	1	1395185724
161	535	1	1395427952
161	535	1	1396579016
162	536	1	1396563115
163	537	1	1396597221
164	538	1	1482473549
165	539	1	1400289126
165	539	1	1400404895
165	539	1	1400404948
165	539	1	1400405222
165	539	1	1432030149
34	540	1	1400531926
96	541	1	1408317627
25	542	1	1409106487
25	543	1	1410622674
166	543	1	1447384191
25	544	1	1410709753
25	545	1	1411003716
166	545	1	1447384236
148	546	1	1411917880
52	546	1	1415697092
25	546	1	1420952330
148	547	1	1411917881
52	547	1	1415697102
25	547	1	1420959070
149	548	1	1411919451
149	549	1	1411919451
167	550	1	1413413301
167	550	1	1447363802
167	550	1	1447797193
25	551	1	1416714258
94	551	1	1472040503
94	551	1	1472138502
25	552	1	1416721369
94	552	1	1472040503
94	552	1	1472138502
138	553	1	1417131907
138	554	1	1417131908
25	555	1	1417321563
168	556	1	1418659696
169	557	1	1419850587
25	558	1	1421017733
25	559	1	1421111737
25	560	1	1421115709
25	561	1	1421119761
25	561	1	1423374970
131	561	1	1424432177
94	562	1	1422983244
94	563	1	1422983244
25	564	1	1423370628
25	565	1	1423377337
131	565	1	1424432177
25	566	1	1423708338
25	567	1	1423940424
170	568	1	1424204514
171	569	1	1424242059
171	570	1	1424248935
171	570	1	1424249584
171	570	1	1424264057
171	570	1	1424354127
171	570	1	1424365176
171	570	1	1424421037
171	570	1	1424428813
25	571	1	1424392763
94	571	1	1438202272
131	572	1	1424432177
131	573	1	1424432177
25	574	1	1424582925
94	574	1	1438202272
25	575	1	1424585036
52	575	1	1438221076
25	576	1	1426642004
34	577	1	1426840190
36	577	1	1429232608
34	577	1	1429245743
34	578	1	1426840190
36	578	1	1429232608
34	578	1	1429245743
34	579	1	1426840191
36	579	1	1429232608
34	579	1	1429245745
34	580	1	1426840191
36	580	1	1429232608
34	580	1	1429245745
34	581	1	1426840191
36	581	1	1429232608
34	581	1	1429245745
34	582	1	1426840191
36	582	1	1429232608
34	582	1	1429245745
34	583	1	1426840192
36	583	1	1429232608
34	583	1	1429245745
34	584	1	1426840193
36	584	1	1429232608
34	584	1	1429245759
34	585	1	1426840193
36	585	1	1429232608
34	585	1	1429245759
34	586	1	1426840193
36	586	1	1429232608
34	586	1	1429245760
34	587	1	1426840204
36	587	1	1429232610
34	587	1	1429245760
34	588	1	1426840204
36	588	1	1429232611
34	588	1	1429245761
34	589	1	1426840208
36	589	1	1429232611
34	589	1	1429245762
34	590	1	1426840208
36	590	1	1429232611
34	590	1	1429245767
34	591	1	1426840208
36	591	1	1429232611
34	591	1	1429245767
34	592	1	1426840209
36	592	1	1429232611
34	592	1	1429245768
34	593	1	1426840210
36	593	1	1429232611
34	593	1	1429245768
34	594	1	1426840210
36	594	1	1429232611
34	594	1	1429245770
34	595	1	1426840210
36	595	1	1429232611
34	595	1	1429245770
34	596	1	1426840212
36	596	1	1429232613
34	596	1	1429245770
34	597	1	1426840212
36	597	1	1429232611
34	597	1	1429245770
34	598	1	1426840212
36	598	1	1429232612
34	598	1	1429245770
34	599	1	1426840212
36	599	1	1429232613
34	599	1	1429245773
34	600	1	1426840212
36	600	1	1429232613
34	600	1	1429245774
34	601	1	1426840219
36	601	1	1429232613
34	601	1	1429245774
34	602	1	1426840219
36	602	1	1429232613
34	602	1	1429245774
34	603	1	1426840219
36	603	1	1429232613
34	603	1	1429245774
34	604	1	1426840219
36	604	1	1429232613
34	604	1	1429245775
34	605	1	1426840220
34	606	1	1426840221
36	606	1	1429232613
34	606	1	1429245775
34	607	1	1426840221
36	607	1	1429232615
34	607	1	1429245776
34	608	1	1426840221
36	608	1	1429232616
34	608	1	1429245776
34	609	1	1426840222
36	609	1	1429232616
34	609	1	1429245776
34	610	1	1426840222
36	610	1	1429232616
34	610	1	1429245777
34	611	1	1426840222
36	611	1	1429232615
34	611	1	1429245783
34	612	1	1426840222
36	612	1	1429232616
34	612	1	1429245783
34	613	1	1426840222
36	613	1	1429232616
34	613	1	1429245783
34	614	1	1426840232
36	614	1	1429232616
34	614	1	1429245783
34	615	1	1426840232
36	615	1	1429232616
34	615	1	1429245784
34	616	1	1426840235
36	616	1	1429232616
34	616	1	1429245785
34	617	1	1426840235
36	617	1	1429232619
34	617	1	1429245789
34	618	1	1426840235
36	618	1	1429232619
34	618	1	1429245789
34	619	1	1426840237
36	619	1	1429232619
34	619	1	1429245791
34	620	1	1426840247
36	620	1	1429232619
34	620	1	1429245791
34	621	1	1426840248
36	621	1	1429232619
34	621	1	1429245791
34	622	1	1426840248
36	622	1	1429232619
34	622	1	1429245791
34	623	1	1426840248
36	623	1	1429232619
34	623	1	1429245795
34	624	1	1426840250
36	624	1	1429232619
34	624	1	1429245795
34	625	1	1426840250
36	625	1	1429232619
34	625	1	1429245798
34	626	1	1426840251
36	626	1	1429232619
34	626	1	1429245798
34	627	1	1426840252
36	627	1	1429232623
34	627	1	1429245801
34	628	1	1426840252
36	628	1	1429232623
34	628	1	1429245801
34	629	1	1426840252
36	629	1	1429232623
34	629	1	1429245801
34	630	1	1426840259
36	630	1	1429232623
34	630	1	1429245801
34	631	1	1426840260
36	631	1	1429232623
34	631	1	1429245802
34	632	1	1426840260
36	632	1	1429232623
34	632	1	1429245804
34	633	1	1426840260
36	633	1	1429232623
34	633	1	1429245801
34	634	1	1426840265
36	634	1	1429232623
34	634	1	1429245804
34	635	1	1426840265
36	635	1	1429232623
34	635	1	1429245805
34	636	1	1426840265
36	636	1	1429232623
34	636	1	1429245809
34	637	1	1426840265
36	637	1	1429232627
34	637	1	1429245809
34	638	1	1426840265
36	638	1	1429232627
34	638	1	1429245810
34	639	1	1426840266
36	639	1	1429232627
34	639	1	1429245820
34	640	1	1426840268
36	640	1	1429232627
34	640	1	1429245821
34	641	1	1426840269
36	641	1	1429232627
34	641	1	1429245821
34	642	1	1426840271
36	642	1	1429232627
34	642	1	1429245821
34	643	1	1426840272
36	643	1	1429232627
34	643	1	1429245821
34	644	1	1426840279
36	644	1	1429232627
34	644	1	1429245824
34	645	1	1426840279
36	645	1	1429232627
34	645	1	1429245825
34	646	1	1426840280
36	646	1	1429232627
34	646	1	1429245825
34	647	1	1426840283
36	647	1	1429232630
34	647	1	1429245825
34	648	1	1426840291
36	648	1	1429232630
34	648	1	1429245825
34	649	1	1426840292
36	649	1	1429232631
34	649	1	1429245825
34	650	1	1426840292
36	650	1	1429232631
34	650	1	1429245825
29	651	1	1427910034
29	651	1	1427910119
29	651	1	1427910238
29	651	1	1427910261
29	651	1	1427910438
29	651	1	1427910516
29	651	1	1427910563
29	651	1	1427910587
29	651	1	1427910690
29	651	1	1427910724
95	652	1	1429212177
94	653	1	1438202272
94	654	1	1438202273
172	655	1	1438645130
173	656	1	1441762698
174	657	1	1441773910
174	657	1	1442651756
172	658	1	1443816791
172	659	1	1443816792
172	660	1	1443816792
172	661	1	1443816792
172	662	1	1443816792
172	663	1	1443816792
172	664	1	1443816792
15	665	1	1444530938
175	666	1	1450204206
141	667	1	1451502420
141	668	1	1451502423
141	669	1	1451505992
176	671	1	1455797318
176	671	1	1455797394
176	671	1	1455807465
176	671	1	1455892310
176	671	1	1455901803
176	671	1	1473499413
176	671	1	1473499489
177	671	1	1473502331
177	671	1	1473506002
177	671	1	1473513997
176	672	1	1455815417
176	672	1	1455816821
176	672	1	1455874013
176	672	1	1455874606
176	672	1	1455875772
176	672	1	1455880411
176	672	1	1455880748
176	672	1	1455892925
176	672	1	1455893455
176	672	1	1455904296
176	672	1	1456821910
176	672	1	1456822287
176	672	1	1456845276
176	672	1	1456851341
176	672	1	1456925777
176	672	1	1469809708
176	672	1	1469809784
176	672	1	1469811460
176	672	1	1469815686
176	672	1	1469817131
176	672	1	1469850214
176	672	1	1469855628
176	672	1	1469856296
176	672	1	1469867159
176	672	1	1469873370
176	672	1	1469876626
176	672	1	1469943949
176	672	1	1469944364
176	672	1	1469946667
176	672	1	1469947818
176	672	1	1469948737
176	672	1	1469952514
176	672	1	1469952972
176	672	1	1469953425
176	672	1	1469954194
176	672	1	1469956736
176	673	1	1456822727
176	673	1	1469956146
126	674	1	1459436570
141	675	1	1462383696
178	676	1	1463823930
176	677	1	1469956177
176	678	1	1470211906
176	678	1	1470218824
176	678	1	1470220946
176	678	1	1470221255
176	678	1	1470373880
176	678	1	1470375637
176	678	1	1470393296
176	678	1	1470393320
176	678	1	1470396967
176	678	1	1470472869
176	678	1	1470481408
176	678	1	1470488668
176	678	1	1472479668
176	678	1	1474545640
176	678	1	1474548449
176	678	1	1474549007
176	678	1	1475216886
176	678	1	1475226743
176	678	1	1475229064
176	678	1	1475738396
176	678	1	1475738671
176	678	1	1475754539
176	678	1	1475755097
176	678	1	1481625582
94	679	1	1472138502
94	680	1	1472138502
177	681	1	1473502484
177	681	1	1473505903
177	681	1	1473513751
177	682	1	1473502521
177	683	1	1473502557
177	684	1	1473502602
177	685	1	1473502649
177	686	1	1473502681
177	687	1	1473502713
177	688	1	1473502746
177	689	1	1473502779
177	690	1	1473502808
177	691	1	1473502845
177	692	1	1473502893
177	693	1	1473502948
177	694	1	1473502994
177	695	1	1473503030
177	696	1	1473503096
177	697	1	1473503146
177	698	1	1473503186
177	699	1	1473503230
177	700	1	1473503286
177	701	1	1473503325
177	702	1	1473503483
177	703	1	1473503527
177	704	1	1473503586
177	705	1	1473503616
177	706	1	1473503643
177	707	1	1473503663
177	708	1	1473503724
177	709	1	1473503756
177	710	1	1473503821
177	711	1	1473503855
177	712	1	1473503911
177	713	1	1473503984
177	714	1	1473504005
177	715	1	1473504056
177	716	1	1473504077
177	717	1	1473504127
177	718	1	1473504152
177	719	1	1473504197
177	720	1	1473504213
177	721	1	1473504297
177	722	1	1473504370
177	723	1	1473504387
177	724	1	1473504442
177	725	1	1473504458
177	726	1	1473504509
177	727	1	1473504564
177	728	1	1473504585
177	729	1	1473504635
177	730	1	1473504651
177	731	1	1473504706
177	732	1	1473504720
177	733	1	1473504779
177	734	1	1473504808
177	735	1	1473504822
177	736	1	1473504897
177	737	1	1473504914
177	738	1	1473504959
177	739	1	1473504974
177	740	1	1473505028
177	741	1	1473505047
177	742	1	1473505111
177	743	1	1473505144
177	744	1	1473505161
177	745	1	1473505233
177	746	1	1473505250
177	747	1	1473513856
129	748	1	1473518914
129	748	1	1473518972
176	749	1	1480999186
176	749	1	1481626292
176	749	1	1481632417
176	749	1	1482673449
176	749	1	1482673793
176	749	1	1483812170
176	749	1	1489407428
158	750	1	1487203605
138	751	1	1487253179
179	752	1	1489146284
180	753	1	1490869435
176	757	1	1497371738
176	757	1	1497545940
176	757	1	1497624808
176	757	1	1497625264
176	757	1	1497629737
176	757	1	1497722485
176	757	1	1498912496
117	758	1	1497570427
181	759	1	1498931348
181	759	1	1500280258
181	759	1	1500281376
181	759	1	1500281399
176	760	1	1500042419
176	760	1	1500042651
176	761	1	1500042708
176	761	1	1500042740
176	762	1	1500043374
176	762	1	1500043422
181	763	1	1500280259
