1	1	1	1130456319
1	1	1	1130456676
2	1	1	1136149249
3	1	1	1148466365
3	1	1	1148467637
3	1	1	1148469128
3	1	1	1148469480
3	1	1	1148472203
3	1	1	1148472285
3	1	1	1148479082
3	1	1	1148507798
3	1	1	1148552900
3	1	1	1148560755
3	1	1	1148561243
3	1	1	1148562245
3	1	1	1149067740
4	2	1	1103615774
4	2	1	1119697080
3	2	1	1149061454
3	2	1	1207818015
3	2	1	1207818160
4	3	1	1103615774
4	3	1	1119697080
4	3	1	1122632730
4	3	1	1124492561
4	3	1	1125911367
4	3	1	1131573909
4	3	1	1133224369
4	3	1	1133297455
4	3	1	1133489177
4	3	1	1133495079
3	3	1	1149061507
3	3	1	1151565138
3	3	1	1151565643
3	3	1	1151565890
3	3	1	1151565945
3	3	1	1151648222
3	3	1	1152103696
3	3	1	1152103739
3	3	1	1152117210
3	3	1	1152117434
3	3	1	1152117593
3	3	1	1152117660
3	3	1	1152117700
3	3	1	1152117724
3	3	1	1152117746
3	3	1	1152117806
3	3	1	1152117891
3	3	1	1152117941
3	3	1	1152117993
3	3	1	1152118042
3	3	1	1152118093
3	3	1	1152118187
3	3	1	1152118991
3	3	1	1152119044
3	3	1	1152119094
3	3	1	1152119134
3	3	1	1152119178
3	3	1	1152119225
3	3	1	1152119299
3	3	1	1152119343
3	3	1	1152128514
3	3	1	1152128569
3	3	1	1152128622
3	3	1	1152128701
3	3	1	1152128750
3	3	1	1152128836
3	3	1	1152128944
3	3	1	1152129010
3	3	1	1152129165
3	3	1	1152129308
3	3	1	1152133418
3	3	1	1152133462
3	3	1	1152133711
3	3	1	1152133802
3	3	1	1152133940
3	3	1	1152135673
3	3	1	1152135771
3	3	1	1152186018
3	3	1	1152884465
3	3	1	1157981906
3	3	1	1160319808
3	3	1	1208248314
3	3	1	1208248404
5	3	1	1327100309
6	3	1	1338751406
6	3	1	1338751600
6	3	1	1345056792
6	3	1	1347197903
6	3	1	1347198571
7	3	1	1483988473
7	3	1	1483988537
4	4	1	1103615774
4	4	1	1119697080
3	4	1	1149061598
4	5	1	1103615774
4	5	1	1119697080
3	5	1	1149061670
4	6	1	1103615774
4	6	1	1119697080
4	6	1	1122632730
4	6	1	1135234882
3	6	1	1149061747
4	7	1	1103615774
4	7	1	1119697080
3	7	1	1149061772
4	8	1	1103615774
4	8	1	1119697080
3	8	1	1149061846
4	9	1	1103615774
4	9	1	1119697080
3	9	1	1149061983
4	10	1	1103615774
4	10	1	1119697080
4	10	1	1124492561
3	10	1	1149062149
4	11	1	1103615774
4	11	1	1119697080
3	11	1	1149062228
3	11	1	1149275265
4	12	1	1103615774
4	12	1	1119697080
3	12	1	1149062255
4	13	1	1103615774
4	13	1	1119697080
3	13	1	1149062393
4	14	1	1103615774
4	14	1	1119697080
3	14	1	1149251789
4	15	1	1103615774
4	15	1	1119697080
4	15	1	1140918003
3	15	1	1149247226
4	16	1	1103615774
4	16	1	1119697080
4	16	1	1122632730
3	16	1	1149247249
4	17	1	1103615774
4	17	1	1119697080
3	17	1	1149247315
4	18	1	1103615774
4	18	1	1119697080
3	18	1	1149082610
3	18	1	1149230456
4	19	1	1103615774
4	19	1	1119697080
3	19	1	1149247366
4	20	1	1103615774
4	20	1	1119697080
4	20	1	1124492561
4	20	1	1125911368
4	20	1	1131573910
4	20	1	1133224369
4	20	1	1133297455
4	20	1	1133489177
4	20	1	1133495079
3	20	1	1149247417
4	21	1	1103615774
4	21	1	1119697080
4	21	1	1140918003
3	21	1	1149247560
4	22	1	1103615774
4	22	1	1119697080
3	22	1	1149247596
4	23	1	1103615774
4	23	1	1119697080
3	23	1	1149247616
4	24	1	1103615774
4	24	1	1119697080
3	24	1	1149247730
4	25	1	1103615774
4	25	1	1119697080
4	25	1	1140918004
3	25	1	1149247920
4	26	1	1103615774
4	26	1	1119697080
4	26	1	1122632730
3	26	1	1149247947
4	27	1	1103615774
4	27	1	1119697080
3	27	1	1149247978
4	28	1	1103615774
4	28	1	1119697080
3	28	1	1149247995
4	29	1	1103615774
4	29	1	1119697080
3	29	1	1149248371
4	30	1	1103615774
4	30	1	1119697080
3	30	1	1149248394
4	31	1	1103615774
4	31	1	1119697080
4	31	1	1122632730
3	31	1	1149248472
4	32	1	1103615774
4	32	1	1119697080
3	32	1	1149248516
4	33	1	1103615774
4	33	1	1119697080
4	33	1	1122632730
3	33	1	1149248538
4	34	1	1103615774
4	34	1	1119697080
3	34	1	1149248580
4	35	1	1103615774
4	35	1	1119697080
3	35	1	1149248606
4	36	1	1103615774
4	36	1	1119697080
3	36	1	1149248775
4	37	1	1103615774
4	37	1	1119697080
3	37	1	1149248791
4	38	1	1103615774
4	38	1	1119697080
4	38	1	1125911368
4	38	1	1140918004
3	38	1	1149249147
4	39	1	1103615774
4	39	1	1119697080
3	39	1	1149249170
4	40	1	1103615774
4	40	1	1119697080
4	40	1	1133489177
4	40	1	1133495079
3	40	1	1149249379
4	41	1	1103615774
4	41	1	1119697080
3	41	1	1149249422
4	42	1	1103615774
4	42	1	1119697080
3	42	1	1149249439
4	43	1	1103615774
4	43	1	1119697080
3	43	1	1149249478
4	44	1	1103615774
4	44	1	1119697080
4	44	1	1122632730
4	44	1	1140918004
3	44	1	1149249513
4	45	1	1103615774
4	45	1	1119697080
3	45	1	1149249598
4	46	1	1103615774
4	46	1	1119697080
4	46	1	1124492562
3	46	1	1149249622
4	47	1	1103615774
4	47	1	1119697080
4	47	1	1120387162
3	47	1	1149249649
4	48	1	1103615774
4	48	1	1119697081
3	48	1	1149249682
4	49	1	1103615774
4	49	1	1119697081
3	49	1	1149249762
4	50	1	1103615774
4	50	1	1119697081
3	50	1	1149249838
4	51	1	1103615774
4	51	1	1119697081
3	51	1	1149249853
4	52	1	1103615774
4	52	1	1119697081
4	52	1	1122632730
3	52	1	1149250055
4	53	1	1103615774
4	53	1	1119697081
4	53	1	1140918004
3	53	1	1149250078
4	54	1	1103615774
4	54	1	1119697081
4	54	1	1140918004
3	54	1	1149250104
4	55	1	1103615774
4	55	1	1119697081
3	55	1	1149250140
4	56	1	1103615774
4	56	1	1119697081
3	56	1	1149250157
4	57	1	1103615774
4	57	1	1119697081
3	57	1	1149250183
4	58	1	1103615774
4	58	1	1119697081
4	58	1	1120387162
3	58	1	1149250227
4	59	1	1103615774
4	59	1	1119697081
3	59	1	1149250283
4	60	1	1103615774
4	60	1	1119697081
3	60	1	1149250294
4	61	1	1103615774
4	61	1	1119697081
3	61	1	1149250304
4	62	1	1103615774
4	62	1	1119697081
3	62	1	1149250331
4	63	1	1103615774
4	63	1	1119697081
3	63	1	1149081432
4	64	1	1103615774
4	64	1	1119697081
4	64	1	1120387162
3	64	1	1149250366
4	65	1	1103615774
4	65	1	1119697081
3	65	1	1149250399
4	66	1	1103615774
4	66	1	1119697081
3	66	1	1149250570
4	67	1	1103615774
4	67	1	1119697081
3	67	1	1149077023
3	67	1	1149250613
4	68	1	1103615774
4	68	1	1119697081
3	68	1	1149077069
4	69	1	1103615774
4	69	1	1119697081
3	69	1	1149077104
4	70	1	1103615774
4	70	1	1119697081
3	70	1	1149250669
4	71	1	1103615774
4	71	1	1119697081
3	71	1	1149250697
4	72	1	1103615774
4	72	1	1119697081
4	72	1	1124492562
3	72	1	1149250855
4	73	1	1103615774
4	73	1	1119697081
4	73	1	1131573910
3	73	1	1149250893
4	74	1	1103615774
4	74	1	1119697081
3	74	1	1149250959
4	75	1	1103615774
4	75	1	1119697081
3	75	1	1149251101
4	76	1	1103615774
4	76	1	1119697081
3	76	1	1149449478
4	77	1	1103615774
4	77	1	1119697081
3	77	1	1149449515
4	78	1	1103615774
4	78	1	1119697081
3	78	1	1149449585
4	79	1	1103615774
4	79	1	1119697081
3	79	1	1149449623
4	80	1	1103615774
4	80	1	1119697081
4	80	1	1120387162
4	80	1	1131573910
3	80	1	1149449657
4	81	1	1103615774
4	81	1	1119697081
4	81	1	1120387162
4	81	1	1131573910
3	81	1	1149449677
4	82	1	1103615774
4	82	1	1119697081
3	82	1	1149178344
4	83	1	1103615774
4	83	1	1119697081
3	83	1	1149449701
4	84	1	1103615774
4	84	1	1119697081
3	84	1	1149449730
4	85	1	1103615774
4	85	1	1119697081
3	85	1	1149449770
4	86	1	1103615774
4	86	1	1119697081
3	86	1	1149449797
4	87	1	1103615774
4	87	1	1119697081
3	87	1	1149449824
4	88	1	1103615774
4	88	1	1119697081
4	88	1	1135234882
3	88	1	1149081112
3	88	1	1149232381
4	89	1	1103615774
4	89	1	1119697081
3	89	1	1149613453
4	90	1	1103615774
4	90	1	1119697081
4	90	1	1133489177
3	90	1	1149263901
4	91	1	1103615774
4	91	1	1119697081
4	91	1	1133489177
3	91	1	1149264242
4	92	1	1103615774
4	92	1	1119697081
3	92	1	1149200418
4	93	1	1103615774
4	93	1	1119697081
3	93	1	1149613537
4	94	1	1103615774
4	94	1	1119697081
3	94	1	1149613952
4	95	1	1103615774
4	95	1	1119697081
3	95	1	1149614030
4	96	1	1103615774
4	96	1	1119697081
4	96	1	1125911368
4	96	1	1131573910
4	96	1	1133224370
4	96	1	1133297456
4	96	1	1133489177
4	96	1	1133495080
3	96	1	1149614093
4	97	1	1103615774
4	97	1	1119697081
3	97	1	1149614116
4	98	1	1103615774
4	98	1	1119697081
3	98	1	1149614199
4	99	1	1103615774
4	99	1	1119697081
3	99	1	1149068402
4	100	1	1103615774
4	100	1	1119697081
3	100	1	1149614391
4	101	1	1103615774
4	101	1	1119697081
3	101	1	1149615375
4	102	1	1103615774
4	102	1	1119697081
3	102	1	1149615407
4	103	1	1103615774
4	103	1	1119697081
3	103	1	1149615471
4	104	1	1103615774
4	104	1	1119697081
4	104	1	1122632730
3	104	1	1149615512
4	105	1	1103615774
4	105	1	1119697081
3	105	1	1149615540
4	106	1	1103615774
4	106	1	1119697081
3	106	1	1149615576
4	107	1	1103615774
4	107	1	1119697081
3	107	1	1149615638
4	108	1	1103615774
4	108	1	1119697081
3	108	1	1149615669
4	109	1	1103615774
4	109	1	1119697081
3	109	1	1149615744
4	110	1	1103615774
4	110	1	1119697081
4	110	1	1122632731
3	110	1	1149615790
4	111	1	1103615774
4	111	1	1119697081
3	111	1	1149230666
4	112	1	1103615774
4	112	1	1119697081
3	112	1	1150218413
4	113	1	1103615774
4	113	1	1119697081
3	113	1	1150218452
4	114	1	1103615774
4	114	1	1119697081
4	114	1	1122632731
3	114	1	1150218499
4	115	1	1103615774
4	115	1	1119697081
3	115	1	1150218582
4	116	1	1103615774
4	116	1	1119697081
3	116	1	1150218612
4	117	1	1103615774
4	117	1	1119697081
3	117	1	1150218744
4	118	1	1103615774
4	118	1	1119697081
3	118	1	1150218891
4	119	1	1103615774
4	119	1	1119697081
3	119	1	1150218907
4	120	1	1103615774
4	120	1	1119697081
3	120	1	1150218966
4	121	1	1103615774
4	121	1	1119697081
3	121	1	1149081586
4	122	1	1103615774
4	122	1	1119697081
3	122	1	1149082071
4	123	1	1103615774
4	123	1	1119697081
4	123	1	1120387163
3	123	1	1150219112
4	124	1	1103615774
4	124	1	1119697081
3	124	1	1150219143
4	125	1	1103615774
4	125	1	1119697081
4	125	1	1120387163
4	125	1	1133489178
4	125	1	1135234883
3	125	1	1149264683
4	126	1	1103615774
4	126	1	1119697081
3	126	1	1150219206
4	127	1	1103615774
4	127	1	1119697081
3	127	1	1150219245
4	128	1	1103615774
4	128	1	1119697081
3	128	1	1150219270
4	129	1	1103615774
4	129	1	1119697081
3	129	1	1150219353
4	130	1	1103615774
4	130	1	1119697081
3	130	1	1150219383
4	131	1	1103615774
4	131	1	1119697081
3	131	1	1150219406
4	132	1	1103615774
4	132	1	1119697081
3	132	1	1150219438
4	133	1	1103615774
4	133	1	1119697081
3	133	1	1150219461
4	134	1	1103615774
4	134	1	1119697081
3	134	1	1150219483
4	135	1	1103615774
4	135	1	1119697081
3	135	1	1150219517
4	136	1	1103615774
4	136	1	1119697081
3	136	1	1149072831
4	137	1	1103615774
4	137	1	1119697081
3	137	1	1149083347
4	138	1	1103615774
4	138	1	1119697081
3	138	1	1149177487
3	138	1	1149177706
4	139	1	1103615774
4	139	1	1119697081
4	139	1	1140918004
3	139	1	1149265280
4	140	1	1103615774
4	140	1	1119697081
3	140	1	1149265383
4	141	1	1103615774
4	141	1	1119697081
3	141	1	1149265258
4	142	1	1103615774
4	142	1	1119697081
3	142	1	1149082640
4	143	1	1103615774
4	143	1	1119697081
3	143	1	1149231943
4	144	1	1103615774
4	144	1	1119697081
3	144	1	1149231687
4	145	1	1103615774
4	145	1	1119697081
4	145	1	1133489179
3	145	1	1149231990
4	146	1	1103615774
4	146	1	1119697081
4	146	1	1120387165
4	146	1	1122632732
3	146	1	1149081866
4	147	1	1103615774
4	147	1	1119697081
3	147	1	1149072720
4	148	1	1103615774
4	148	1	1119697081
3	148	1	1149068229
4	149	1	1103615774
4	149	1	1119697081
3	149	1	1149068574
4	150	1	1103615774
4	150	1	1119697081
3	150	1	1149068450
4	151	1	1103615774
4	151	1	1119697081
3	151	1	1149230910
4	152	1	1103615774
4	152	1	1119697081
3	152	1	1149062646
4	153	1	1103615774
4	153	1	1119697082
3	153	1	1149066798
4	154	1	1103615774
4	154	1	1119697082
3	154	1	1149082240
4	155	1	1103615774
4	155	1	1119697082
3	155	1	1149083122
4	156	1	1103615774
4	156	1	1119697082
3	156	1	1149068490
4	157	1	1103615774
4	157	1	1119697082
3	157	1	1149067221
4	158	1	1103615774
4	158	1	1119697082
3	158	1	1149067934
3	158	1	1150453844
4	159	1	1103615774
4	159	1	1119697082
4	159	1	1120387166
3	159	1	1149328330
4	160	1	1103615774
4	160	1	1119697082
3	160	1	1149067180
4	161	1	1103615774
4	161	1	1119697082
3	161	1	1149066924
4	162	1	1103615774
4	162	1	1119697082
3	162	1	1149230059
4	163	1	1103615774
4	163	1	1119697082
3	163	1	1149230306
4	164	1	1103615774
4	164	1	1119697082
3	164	1	1149229968
4	165	1	1103615774
4	165	1	1119697082
3	165	1	1149229809
8	165	1	1365549102
4	166	1	1103615774
4	166	1	1119697082
4	166	1	1122632733
3	166	1	1149231897
4	167	1	1103615774
4	167	1	1119697082
3	167	1	1149072848
4	168	1	1103615774
4	168	1	1119697082
3	168	1	1149081311
4	169	1	1103615774
4	169	1	1119697082
4	169	1	1140918005
4	169	1	1143523938
3	169	1	1149274552
4	170	1	1103615774
4	170	1	1119697082
3	170	1	1149229722
4	171	1	1103615774
4	171	1	1119697082
3	171	1	1149067544
4	172	1	1103615774
4	172	1	1119697082
3	172	1	1149077326
4	173	1	1103615774
4	173	1	1119697082
3	173	1	1149081987
4	174	1	1103615774
4	174	1	1119697082
3	174	1	1149072695
4	175	1	1103615774
4	175	1	1119697082
3	175	1	1149062726
4	176	1	1103615774
4	176	1	1119697082
3	176	1	1149072773
4	177	1	1103615774
4	177	1	1119697082
3	177	1	1149082826
4	178	1	1103615774
4	178	1	1119697082
3	178	1	1149072794
4	179	1	1103615774
4	179	1	1119697082
4	179	1	1122632734
3	179	1	1149068175
4	180	1	1103615774
4	180	1	1119697082
4	180	1	1120387167
4	180	1	1122632734
4	180	1	1124492565
4	180	1	1125911372
4	180	1	1131573913
4	180	1	1133224375
4	180	1	1133297459
4	180	1	1133489181
4	180	1	1133495083
4	180	1	1135234885
3	180	1	1149265000
3	180	1	1149265652
3	180	1	1149802210
3	180	1	1149802343
3	180	1	1149802404
3	180	1	1149881838
3	180	1	1149887456
3	180	1	1149887489
3	180	1	1149887961
3	180	1	1149889807
4	181	1	1103615774
4	181	1	1119697082
3	181	1	1149274642
4	182	1	1103615774
4	182	1	1119697082
4	182	1	1120387167
3	182	1	1149274734
4	183	1	1103615774
4	183	1	1119697082
3	183	1	1149068543
4	184	1	1103615774
4	184	1	1119697082
3	184	1	1149081900
4	185	1	1103615774
4	185	1	1119697082
3	185	1	1149072809
4	186	1	1103615774
4	186	1	1119697082
3	186	1	1149067037
4	187	1	1103615774
4	187	1	1119697082
4	187	1	1120387167
4	187	1	1122632734
4	187	1	1133489181
3	187	1	1149264377
4	188	1	1103615774
4	188	1	1119697082
4	188	1	1120387167
4	188	1	1122632735
3	188	1	1149232113
4	189	1	1103615774
4	189	1	1119697082
4	189	1	1120387167
3	189	1	1149231862
4	190	1	1103615774
4	190	1	1119697082
3	190	1	1149264014
9	191	1	1115316982
9	191	1	1115324415
4	192	1	1120387162
3	192	1	1149062301
4	193	1	1120387162
3	193	1	1149250648
4	194	1	1120387162
3	194	1	1149251119
4	195	1	1120387162
4	195	1	1122632730
4	195	1	1124492562
4	195	1	1125911368
4	195	1	1131573910
4	195	1	1133224370
4	195	1	1133297455
4	195	1	1133489177
4	195	1	1133495080
3	195	1	1149251252
4	196	1	1120387162
3	196	1	1149414383
4	197	1	1120387162
3	197	1	1149449260
4	198	1	1120387162
3	198	1	1149449292
4	199	1	1120387162
3	199	1	1149449315
4	200	1	1120387162
3	200	1	1149449352
4	201	1	1120387162
3	201	1	1149449464
4	202	1	1120387163
3	202	1	1149613487
4	203	1	1120387163
3	203	1	1149614233
4	204	1	1120387163
3	204	1	1149614321
4	205	1	1120387163
3	205	1	1149614350
4	206	1	1120387163
3	206	1	1149615268
4	207	1	1120387163
3	207	1	1149265134
4	208	1	1120387163
3	208	1	1150218811
4	209	1	1120387163
3	209	1	1150218837
5	209	1	1327099957
4	210	1	1120387163
4	210	1	1133489178
3	210	1	1149264134
4	211	1	1120387163
4	211	1	1122632731
3	211	1	1150220035
10	211	1	1317126754
4	212	1	1120387163
3	212	1	1149178944
4	213	1	1120387165
3	213	1	1149230377
4	214	1	1120387166
3	214	1	1149081385
4	215	1	1120387166
4	215	1	1122632733
4	215	1	1124492564
4	215	1	1125911371
4	215	1	1131573913
4	215	1	1133224374
4	215	1	1133297458
4	215	1	1133489180
4	215	1	1133495082
3	215	1	1151327351
3	215	1	1151328558
3	215	1	1151328580
4	216	1	1120387166
3	216	1	1149265073
4	217	1	1124492563
3	217	1	1149230409
4	218	1	1125911368
3	218	1	1149449564
4	219	1	1125911368
3	219	1	1149615434
4	220	1	1125911371
3	220	1	1149067271
4	221	1	1131573910
3	221	1	1149613927
4	222	1	1131573910
3	222	1	1149613967
4	223	1	1131573911
3	223	1	1149265238
4	224	1	1131573911
3	224	1	1149082782
4	225	1	1131573912
3	225	1	1149077213
4	226	1	1131573913
4	226	1	1133224375
4	226	1	1133297459
4	226	1	1133489181
4	226	1	1133495083
4	226	1	1135234885
4	226	1	1136108943
3	226	1	1149231753
4	227	1	1133489178
3	227	1	1149263948
4	228	1	1133489178
3	228	1	1149231525
4	229	1	1133489179
3	229	1	1149231598
4	230	1	1133495080
3	230	1	1149080837
3	230	1	1149229243
3	230	1	1149275088
3	230	1	1149663740
3	230	1	1151566037
3	230	1	1151566070
3	230	1	1151566120
3	230	1	1151648623
3	230	1	1152117328
3	230	1	1152884498
11	231	1	1133529927
11	232	1	1133529943
12	233	1	1136009917
13	233	1	1138087912
14	234	1	1136146871
3	234	1	1199619996
14	234	1	1440616760
15	234	1	1441918717
14	235	1	1136146958
14	235	1	1198844836
14	235	1	1198844930
3	235	1	1199619996
3	237	1	1149286565
2	237	1	1152696306
16	237	1	1162207902
17	237	1	1324685824
18	237	1	1325046690
19	237	1	1327271040
16	238	1	1157379286
16	238	1	1157381277
16	238	1	1162207852
4	240	1	1140918004
3	240	1	1149247664
4	241	1	1140918004
3	241	1	1149614282
14	242	1	1145432222
20	242	1	1489178689
14	243	1	1145432278
3	246	1	1148468763
3	246	1	1148469023
3	246	1	1148469101
3	246	1	1148469209
3	246	1	1148507838
3	246	1	1148507920
3	247	1	1148469785
3	247	1	1148470012
3	247	1	1148491935
3	247	1	1148491999
3	247	1	1148492321
3	247	1	1148492477
3	247	1	1149175798
3	247	1	1149277245
3	247	1	1149970933
3	247	1	1149977327
3	247	1	1149977418
3	247	1	1150313488
3	247	1	1150785984
3	247	1	1150801733
3	247	1	1153229540
3	247	1	1161154807
3	247	1	1161154832
21	247	1	1313509792
8	247	1	1358119061
8	247	1	1358119980
22	247	1	1415290768
23	247	1	1467546645
3	248	1	1148469880
8	248	1	1358120918
3	249	1	1148470480
3	249	1	1148553021
3	250	1	1148470775
3	250	1	1148471132
3	250	1	1148471920
3	250	1	1148472434
3	250	1	1148478862
3	250	1	1148479048
3	250	1	1148479371
3	250	1	1148481154
3	250	1	1148481327
3	250	1	1148481356
3	250	1	1148508010
3	250	1	1148508044
3	251	1	1148471049
24	251	1	1181387042
3	252	1	1148471154
25	252	1	1337801906
25	252	1	1337801967
3	253	1	1148471195
3	254	1	1148471309
3	255	1	1148471351
3	256	1	1148471971
3	257	1	1148472367
3	258	1	1148472485
16	258	1	1197810432
3	259	1	1148472518
3	260	1	1148472539
3	261	1	1148472561
3	262	1	1148472582
24	262	1	1181387558
3	263	1	1148472608
3	264	1	1148472637
3	265	1	1148472655
3	266	1	1148473169
3	266	1	1148474094
26	266	1	1498692734
3	267	1	1148473810
3	267	1	1149263800
3	268	1	1148474180
27	268	1	1213089513
28	268	1	1269501154
29	268	1	1309681850
29	268	1	1319675542
29	268	1	1324471723
29	268	1	1326585512
29	268	1	1329058249
29	268	1	1338597917
29	268	1	1338919511
29	268	1	1340945146
29	268	1	1342727634
29	268	1	1346896108
29	268	1	1347282515
29	268	1	1350355419
29	268	1	1350492517
29	268	1	1357677555
16	268	1	1357807881
30	268	1	1357811946
27	268	1	1357819224
31	268	1	1357894457
32	268	1	1357898659
8	268	1	1357908464
3	268	1	1357937555
33	268	1	1358526104
8	268	1	1358528223
29	268	1	1358607860
29	268	1	1359576611
29	268	1	1363200421
29	268	1	1366777315
29	268	1	1367292059
29	268	1	1367345459
29	268	1	1369081011
29	268	1	1370308565
29	268	1	1371960673
29	268	1	1372940047
34	268	1	1372946393
29	268	1	1374584167
35	268	1	1374596340
29	268	1	1377024420
29	268	1	1379988190
29	268	1	1380910348
29	268	1	1381261419
29	268	1	1383679970
29	268	1	1384815899
36	268	1	1389854832
36	268	1	1392813056
36	268	1	1393020025
36	268	1	1393616673
36	268	1	1394747757
36	268	1	1396307092
36	268	1	1399354046
36	268	1	1400531920
36	268	1	1400880569
36	268	1	1403214863
36	268	1	1408642523
36	268	1	1408659325
36	268	1	1409676720
36	268	1	1410279782
37	268	1	1410283883
36	268	1	1414346727
36	268	1	1415986490
36	268	1	1416593531
36	268	1	1416594938
36	268	1	1419620437
36	268	1	1423161022
36	268	1	1423251670
36	268	1	1424851099
36	268	1	1425249218
36	268	1	1425499298
8	268	1	1425569284
36	268	1	1426275933
36	268	1	1427568285
36	268	1	1428682325
36	268	1	1428695307
36	268	1	1429592829
36	268	1	1430711309
36	268	1	1431883695
36	268	1	1431887414
36	268	1	1433533550
36	268	1	1433546568
36	268	1	1434192256
36	268	1	1434197771
36	268	1	1434751235
36	268	1	1434768807
36	268	1	1437714473
36	268	1	1437719567
36	268	1	1438386174
36	268	1	1438393238
36	268	1	1439591307
36	268	1	1439597130
38	268	1	1439697248
36	268	1	1439939393
39	268	1	1439942347
36	268	1	1441217602
36	268	1	1441815125
36	268	1	1442936893
36	268	1	1443459379
36	268	1	1443465191
36	268	1	1445359921
36	268	1	1446229139
36	268	1	1447106334
36	268	1	1447152457
36	268	1	1447796542
36	268	1	1448488151
36	268	1	1448980692
36	268	1	1450472289
36	268	1	1451002042
36	268	1	1451958547
36	268	1	1453143997
36	268	1	1456521722
40	268	1	1460927703
36	268	1	1466751873
36	268	1	1467566412
41	268	1	1469149135
36	268	1	1470765752
36	268	1	1473692199
36	268	1	1475717687
36	268	1	1476553779
36	268	1	1479081635
36	268	1	1479082292
36	268	1	1481743953
36	268	1	1487190695
36	268	1	1489088597
36	268	1	1489813749
36	268	1	1491536227
36	268	1	1491932027
36	268	1	1493838958
36	268	1	1494253744
36	268	1	1494612339
36	268	1	1494945555
36	268	1	1494968998
36	268	1	1495573524
42	268	1	1496338086
3	269	1	1148475260
3	269	1	1148648304
3	269	1	1148655442
3	269	1	1149074921
3	269	1	1149076119
3	269	1	1149076397
14	269	1	1152571433
3	269	1	1181485544
8	269	1	1365005823
3	270	1	1148512697
3	270	1	1149237307
3	271	1	1148641640
3	271	1	1149162266
3	271	1	1149162393
3	271	1	1149162418
43	271	1	1471870392
3	272	1	1149067685
3	272	1	1149175507
3	272	1	1149175538
3	272	1	1149229135
3	272	1	1149378309
3	272	1	1149448696
3	272	1	1162134036
3	272	1	1171758047
16	272	1	1224511702
3	273	1	1149072155
3	274	1	1149072176
3	275	1	1149072204
3	276	1	1149072228
3	277	1	1149072302
3	277	1	1150028205
16	277	1	1171544078
16	277	1	1171827466
3	277	1	1181400274
16	277	1	1181603231
14	277	1	1198846376
29	277	1	1367585779
36	277	1	1408991064
41	277	1	1469148790
3	278	1	1149076370
3	278	1	1181380416
24	278	1	1181386924
3	278	1	1181485500
44	278	1	1181913701
3	278	1	1358068230
45	278	1	1472894836
3	279	1	1149082360
3	280	1	1149145872
3	280	1	1149163142
3	280	1	1149167544
3	280	1	1149170027
3	280	1	1149171768
3	280	1	1149172523
3	280	1	1149174433
3	280	1	1149228614
42	280	1	1200826622
42	280	1	1260190014
3	281	1	1149163401
3	281	1	1149163460
3	281	1	1149163860
3	281	1	1149163973
3	281	1	1149164038
3	281	1	1149166640
3	281	1	1149167377
3	281	1	1149167452
3	281	1	1149170058
3	281	1	1149174511
3	281	1	1171757831
3	281	1	1171757957
3	282	1	1149171873
2	282	1	1156759060
3	283	1	1149172088
17	283	1	1324685825
17	283	1	1324701289
19	283	1	1327271048
43	283	1	1471870266
3	284	1	1149172383
3	284	1	1149172445
3	284	1	1149175671
3	284	1	1171789872
3	285	1	1149173064
3	285	1	1149175086
3	286	1	1149233323
16	286	1	1172490844
16	286	1	1172490877
16	286	1	1172491042
8	286	1	1420228753
3	287	1	1149250450
3	288	1	1149250501
3	289	1	1149265935
3	290	1	1149266372
3	291	1	1149664092
3	293	1	1149888057
3	293	1	1149889614
3	294	1	1149888102
3	294	1	1149888314
42	294	1	1205031929
3	295	1	1149888177
3	296	1	1149946107
3	296	1	1149946311
3	296	1	1149946371
3	296	1	1149962965
3	297	1	1150218680
3	298	1	1150453685
3	298	1	1150453716
14	299	1	1152572632
16	300	1	1157122081
16	301	1	1162208008
16	301	1	1162208531
3	301	1	1163258921
3	301	1	1163258950
42	301	1	1215750882
3	302	1	1163799360
3	302	1	1163799379
46	303	1	1168558648
16	304	1	1170171879
16	304	1	1170171977
16	304	1	1170629007
16	304	1	1171380722
16	304	1	1171381103
16	304	1	1171381137
16	304	1	1171381222
16	304	1	1171381494
16	304	1	1171381578
16	304	1	1182783683
16	304	1	1183121321
47	304	1	1200079118
48	304	1	1440707217
16	305	1	1170172043
16	305	1	1170628849
3	305	1	1171758351
3	305	1	1171758508
49	305	1	1238752781
49	305	1	1363390449
48	305	1	1440704507
16	306	1	1171382259
16	306	1	1171456690
16	307	1	1171382393
16	307	1	1171382678
16	307	1	1171455138
16	307	1	1171455811
16	307	1	1171456601
16	307	1	1171457184
3	307	1	1171878896
16	307	1	1172668103
50	307	1	1173258145
16	308	1	1171460725
16	308	1	1171460875
16	308	1	1171461832
16	308	1	1171461947
16	308	1	1171462074
16	308	1	1171462153
16	308	1	1171463536
16	308	1	1171463664
16	308	1	1171464226
16	308	1	1171464253
16	308	1	1171464305
16	308	1	1171464582
16	308	1	1171465264
16	308	1	1171465433
16	308	1	1171637056
16	308	1	1171637103
16	308	1	1171638136
16	308	1	1171641283
16	308	1	1172054736
16	308	1	1172668136
16	308	1	1172668179
27	308	1	1242908611
8	308	1	1381245316
16	309	1	1171544855
16	309	1	1171545006
16	309	1	1171550534
16	309	1	1171550571
16	309	1	1171635534
16	309	1	1171635646
16	309	1	1171636150
16	309	1	1171636362
16	309	1	1171636578
16	309	1	1171638358
16	309	1	1171638747
16	309	1	1171641288
16	309	1	1172054714
16	309	1	1172668243
51	309	1	1235861703
3	309	1	1253608603
42	309	1	1428348292
52	309	1	1429466888
16	310	1	1171637625
16	311	1	1171641263
16	311	1	1171641357
16	311	1	1171641441
16	311	1	1171804726
16	311	1	1171885676
16	311	1	1171886011
16	311	1	1171886171
16	311	1	1171886404
16	311	1	1171886612
16	311	1	1171895698
16	311	1	1171896524
16	311	1	1171897017
16	311	1	1171897344
16	311	1	1171897850
16	311	1	1171898000
16	311	1	1171923277
16	311	1	1171923333
16	311	1	1171966453
16	311	1	1171970706
16	311	1	1172016509
16	311	1	1172016833
16	311	1	1172017171
16	311	1	1172017257
16	311	1	1172017288
16	311	1	1172053351
16	311	1	1172054690
16	311	1	1172668161
42	311	1	1213552183
51	311	1	1235949401
51	311	1	1235949460
51	311	1	1235949539
53	311	1	1295999902
3	311	1	1331624668
54	311	1	1381232919
8	311	1	1381926571
55	311	1	1394162705
56	311	1	1441703073
45	311	1	1475453296
3	312	1	1171758245
3	312	1	1181336629
16	312	1	1181379152
3	312	1	1181474948
16	312	1	1181603207
41	312	1	1469149209
16	313	1	1172016574
16	314	1	1172016878
16	315	1	1172016925
16	316	1	1172016987
16	317	1	1172017027
16	318	1	1172054520
16	318	1	1172054656
16	318	1	1172055692
16	318	1	1172055738
16	318	1	1172070562
16	318	1	1172183468
16	318	1	1172236205
16	318	1	1172485881
16	318	1	1172668203
16	318	1	1172668221
3	319	1	1172162281
16	320	1	1172486342
16	320	1	1172486677
16	320	1	1172502346
16	320	1	1172502477
16	320	1	1172502559
16	320	1	1172502576
16	320	1	1172572730
16	320	1	1172573991
16	320	1	1172668229
16	320	1	1172669524
16	320	1	1173792795
16	320	1	1173793475
16	320	1	1174041014
16	320	1	1174041729
16	320	1	1174041742
16	320	1	1174577676
16	320	1	1181224612
16	320	1	1181225276
16	320	1	1181380136
24	320	1	1181387120
16	320	1	1181827966
16	320	1	1181828853
16	320	1	1181829003
16	320	1	1181829354
42	320	1	1189322764
16	321	1	1172578282
16	321	1	1172656224
16	321	1	1172656446
16	321	1	1172656733
16	321	1	1172656838
16	321	1	1172657179
16	321	1	1183993297
16	322	1	1172578370
16	322	1	1172578722
49	322	1	1238752859
16	323	1	1172668267
3	324	1	1174932135
3	324	1	1174997521
16	324	1	1183993340
57	324	1	1326806184
8	324	1	1357738760
58	324	1	1384097181
59	324	1	1425148121
3	325	1	1175090418
16	326	1	1181225912
16	326	1	1181227097
16	326	1	1181227142
16	326	1	1181228340
16	326	1	1182782884
16	326	1	1182783906
16	326	1	1182783924
16	326	1	1182856358
16	326	1	1182857000
16	326	1	1182857687
42	326	1	1263404390
18	326	1	1325046698
16	327	1	1181226625
16	327	1	1181226877
16	327	1	1181226980
16	327	1	1181226997
16	327	1	1181829465
16	327	1	1182783610
16	327	1	1182857887
60	327	1	1344097954
24	328	1	1181386253
24	328	1	1181386270
61	328	1	1429223463
24	329	1	1181387042
16	330	1	1181391457
24	330	1	1181767529
36	330	1	1426620448
61	330	1	1429223463
36	330	1	1429245518
16	331	1	1182244172
16	331	1	1182244522
16	331	1	1182245308
16	331	1	1182778426
16	331	1	1182778902
16	331	1	1182779486
16	331	1	1182779821
16	331	1	1182780377
16	331	1	1182956290
16	331	1	1182956424
16	331	1	1183036028
16	331	1	1183036206
16	331	1	1183036264
16	331	1	1183036316
27	331	1	1213089279
51	331	1	1235945317
42	331	1	1455625617
16	332	1	1182782908
16	333	1	1182782943
16	333	1	1182783345
16	333	1	1182783393
16	333	1	1182856455
16	333	1	1182857822
62	334	1	1183043518
63	334	1	1277172930
63	334	1	1277174626
16	335	1	1183117420
16	335	1	1183118677
16	335	1	1183118801
16	335	1	1183118892
16	335	1	1183119056
16	335	1	1183120625
16	335	1	1183237010
16	335	1	1183237064
16	335	1	1183305080
16	335	1	1183388005
16	335	1	1183388122
16	335	1	1183388567
16	335	1	1183536562
16	335	1	1183731597
16	335	1	1183732012
16	335	1	1183732145
16	335	1	1183732193
64	335	1	1298288289
16	336	1	1183388460
16	336	1	1183388509
16	336	1	1183535911
16	336	1	1184662291
16	337	1	1183732358
16	338	1	1183733430
16	339	1	1183841686
16	339	1	1183841795
16	339	1	1183841823
16	339	1	1183841960
16	339	1	1183977857
16	339	1	1183977974
16	339	1	1183978580
16	339	1	1183984069
16	339	1	1183985798
16	339	1	1184079757
16	339	1	1184080242
16	339	1	1184321391
16	339	1	1184321881
16	339	1	1184506784
16	339	1	1184506996
16	339	1	1184507080
16	339	1	1184507175
16	339	1	1184508287
16	339	1	1184513810
16	339	1	1184513871
16	339	1	1184520472
16	339	1	1184521027
16	339	1	1184594878
16	339	1	1184595003
16	339	1	1184661723
16	339	1	1184661926
16	339	1	1184661978
27	339	1	1243343515
27	339	1	1285689443
65	339	1	1347876354
42	339	1	1366250931
42	339	1	1425489934
16	340	1	1183986544
16	341	1	1183993183
16	341	1	1183993380
16	341	1	1183993606
16	341	1	1183993697
16	341	1	1185007928
16	342	1	1183993312
16	343	1	1183993394
16	344	1	1184508203
47	345	1	1184577634
47	345	1	1184578483
16	346	1	1184662650
16	346	1	1184663004
16	346	1	1184663052
16	346	1	1184663150
16	346	1	1184663617
16	346	1	1184759493
16	346	1	1184760060
16	346	1	1184771021
16	346	1	1184771047
16	346	1	1184851986
16	346	1	1184852099
16	346	1	1184856267
16	346	1	1184856480
16	346	1	1184856793
16	347	1	1184857870
16	347	1	1184969642
16	347	1	1185009752
16	347	1	1185010693
16	347	1	1185029978
16	347	1	1185030629
16	347	1	1185030821
16	347	1	1188208666
16	347	1	1188208697
8	347	1	1373234227
54	347	1	1395161789
66	347	1	1454897108
66	347	1	1474248356
16	348	1	1185007954
16	348	1	1188208729
58	348	1	1384097176
67	348	1	1441438519
47	349	1	1185297976
47	349	1	1185351785
47	349	1	1185355017
16	349	1	1224510433
51	349	1	1236348052
16	349	1	1257103181
27	349	1	1285688546
42	349	1	1326253242
65	349	1	1378104854
47	350	1	1185298819
42	350	1	1344837278
47	351	1	1185354682
47	352	1	1187697349
47	352	1	1187697397
68	353	1	1187983283
68	354	1	1187983385
69	355	1	1188511284
42	356	1	1189322758
69	357	1	1191397994
70	358	1	1191891983
71	358	1	1280587024
63	359	1	1191964747
63	359	1	1319172936
63	359	1	1329450314
63	359	1	1329450746
72	360	1	1192823292
72	360	1	1199455574
73	361	1	1195743215
16	362	1	1195745177
16	362	1	1195745373
16	362	1	1195745998
16	362	1	1195746288
16	362	1	1196264793
16	362	1	1196264941
16	362	1	1196265366
16	362	1	1199024654
16	362	1	1199025246
16	362	1	1246615240
74	363	1	1196574861
26	364	1	1498692941
75	365	1	1197771201
61	365	1	1429223458
76	366	1	1198413527
14	367	1	1198844329
14	368	1	1198844459
3	369	1	1199619996
15	369	1	1445633501
3	370	1	1199619996
15	370	1	1441919332
77	371	1	1200448096
77	372	1	1200448107
78	373	1	1200945430
78	374	1	1200945437
79	375	1	1206616690
78	376	1	1208483931
78	376	1	1210097639
63	376	1	1225430349
80	377	1	1209742712
81	378	1	1212303023
12	379	1	1212796805
12	380	1	1212796872
82	381	1	1212809362
82	381	1	1217285016
82	381	1	1349134784
82	381	1	1349164612
82	381	1	1350204181
27	382	1	1213357360
27	383	1	1213358027
27	383	1	1213358150
27	383	1	1213358543
27	383	1	1213452245
27	383	1	1213705781
27	383	1	1216111770
27	383	1	1216189846
17	383	1	1324685826
18	383	1	1325046709
43	383	1	1427278154
43	383	1	1427651163
27	384	1	1213358060
27	384	1	1213358712
27	384	1	1213451994
27	384	1	1213705744
27	384	1	1214831669
27	384	1	1216111587
42	384	1	1272141672
42	384	1	1288625117
27	384	1	1357819919
43	384	1	1427278217
27	385	1	1213358402
21	385	1	1313509764
83	386	1	1213743710
83	386	1	1213790883
83	386	1	1293351947
83	386	1	1372516337
83	387	1	1214146404
27	388	1	1216111563
27	388	1	1216189773
27	388	1	1244707236
84	388	1	1323036463
43	388	1	1427278100
43	388	1	1471870472
85	389	1	1219243175
86	390	1	1219864677
63	390	1	1225529688
87	391	1	1223138777
61	391	1	1429223468
63	392	1	1225169500
63	393	1	1225245438
88	394	1	1225306820
88	395	1	1225311571
88	396	1	1225315506
63	397	1	1225327486
63	398	1	1225352021
88	399	1	1225363183
88	399	1	1226319239
88	400	1	1225375302
88	401	1	1225377329
88	402	1	1225453328
88	402	1	1225476198
88	402	1	1225584414
88	402	1	1225598707
88	402	1	1225651162
88	402	1	1225681399
88	402	1	1225724753
88	402	1	1225773598
88	402	1	1225832755
88	402	1	1225859692
88	402	1	1225877056
88	402	1	1226008536
88	402	1	1226377717
88	402	1	1226404050
88	402	1	1226485459
88	402	1	1226497762
88	402	1	1226939570
88	402	1	1226946863
88	402	1	1226968333
88	402	1	1227102114
88	402	1	1227876206
88	402	1	1228203217
88	402	1	1229410068
88	402	1	1230224409
88	402	1	1230238103
88	402	1	1230767041
88	402	1	1231584007
88	402	1	1232066934
88	402	1	1232470244
88	402	1	1232478619
88	402	1	1233055557
88	402	1	1233096486
88	402	1	1233121718
88	402	1	1233208077
88	402	1	1233555488
88	402	1	1234447356
88	402	1	1234762678
88	402	1	1234765944
88	402	1	1234947388
88	402	1	1235325382
88	402	1	1235494121
88	402	1	1236127260
88	402	1	1237338542
88	402	1	1238043024
88	402	1	1238716125
88	402	1	1240461846
63	403	1	1225583795
63	404	1	1225678570
63	405	1	1225770584
63	406	1	1225860124
88	407	1	1225927952
88	408	1	1225940770
88	409	1	1225957211
88	409	1	1226309090
88	410	1	1226226511
63	411	1	1226471201
89	412	1	1226491350
89	413	1	1226502930
90	414	1	1226820004
90	414	1	1232300556
63	415	1	1227249561
63	416	1	1227883780
91	417	1	1229786124
3	418	1	1231166958
3	418	1	1231166969
63	419	1	1234149415
63	420	1	1234563859
63	421	1	1235275482
63	422	1	1235279745
88	423	1	1237299462
63	424	1	1237616417
49	425	1	1238746321
49	426	1	1238746331
63	427	1	1239502219
63	428	1	1239579155
63	429	1	1239582560
63	430	1	1240007632
63	431	1	1240015609
63	432	1	1240078980
63	433	1	1240088162
92	434	1	1242926459
93	435	1	1246041570
65	435	1	1378104971
94	435	1	1444956234
15	435	1	1445549332
93	436	1	1246041578
93	437	1	1246041583
95	438	1	1246630904
96	439	1	1246824381
61	439	1	1429223468
97	440	1	1248103855
63	441	1	1251832515
63	442	1	1252735073
63	443	1	1252742148
63	444	1	1252815624
98	445	1	1257188953
99	446	1	1259864070
100	447	1	1261306789
63	448	1	1264237164
63	449	1	1264292009
79	450	1	1264342794
63	451	1	1264467262
63	452	1	1264473253
63	453	1	1264551864
63	454	1	1264720767
63	455	1	1264732009
63	456	1	1264919035
63	457	1	1264921488
63	458	1	1264923177
63	459	1	1266706459
63	459	1	1379473285
63	460	1	1266717337
101	461	1	1268600905
102	462	1	1269187284
103	463	1	1270200186
103	463	1	1379156144
103	464	1	1270468239
103	464	1	1379156147
103	465	1	1270656269
103	465	1	1379156150
63	466	1	1271126879
104	467	1	1274813056
105	468	1	1276237952
63	469	1	1276992327
63	470	1	1277066032
63	471	1	1277158818
63	472	1	1277167770
63	473	1	1277178724
63	474	1	1277180235
63	475	1	1277247130
63	476	1	1277578838
63	476	1	1289164490
106	476	1	1308758258
106	476	1	1309105942
106	476	1	1322673930
106	476	1	1356641725
106	476	1	1356692516
71	477	1	1280587024
63	478	1	1280795510
63	479	1	1280799594
107	480	1	1280959843
107	480	1	1281005532
107	481	1	1281096586
63	482	1	1281148952
63	483	1	1281152969
63	484	1	1281154675
63	485	1	1281158077
107	486	1	1281177712
63	486	1	1289163209
106	486	1	1308798445
106	486	1	1309109705
106	486	1	1356641705
63	487	1	1281232474
63	488	1	1281234276
107	489	1	1281258141
108	490	1	1281993034
108	491	1	1281993045
109	492	1	1282433410
63	493	1	1283020611
27	494	1	1285689373
65	494	1	1378104844
63	495	1	1283392970
110	496	1	1283393447
110	496	1	1284614125
73	496	1	1408317592
110	497	1	1283411690
111	498	1	1284221075
112	499	1	1285019925
110	500	1	1285791230
110	500	1	1285791793
110	501	1	1286348796
63	502	1	1289159978
63	503	1	1289172592
110	504	1	1289953749
110	504	1	1291476954
110	504	1	1295305805
5	504	1	1327100310
113	504	1	1337663221
113	504	1	1342549206
113	504	1	1349131756
113	504	1	1360201081
114	505	1	1293209652
114	505	1	1330304771
108	506	1	1293738542
115	507	1	1294087960
63	508	1	1296442323
63	508	1	1333237113
116	508	1	1390288901
63	509	1	1296448459
63	510	1	1296528510
63	511	1	1296616822
63	512	1	1296783601
117	513	1	1297757217
63	514	1	1298435436
118	515	1	1298739070
118	516	1	1298739085
63	517	1	1301869589
110	518	1	1302754720
63	519	1	1302977751
108	519	1	1331470644
63	520	1	1302982292
63	521	1	1302994156
63	522	1	1303350678
63	524	1	1305156776
63	524	1	1333910862
119	525	1	1306226992
119	525	1	1314528972
110	526	1	1306446313
110	527	1	1306518487
120	528	1	1307396322
121	528	1	1332350586
106	529	1	1308808617
106	529	1	1308812466
106	530	1	1308811911
106	530	1	1308812263
66	531	1	1309304070
66	531	1	1331452589
66	531	1	1401148783
66	531	1	1423193879
122	532	1	1309513028
122	533	1	1309526348
122	534	1	1309536662
106	535	1	1309541590
63	536	1	1309578679
63	537	1	1309582755
63	538	1	1309622825
63	539	1	1309631739
18	540	1	1311111292
123	541	1	1313252445
124	542	1	1313792137
63	543	1	1314240999
63	543	1	1422211605
48	544	1	1314250884
48	544	1	1388859242
63	545	1	1315762914
63	546	1	1315766369
63	547	1	1315771937
63	549	1	1318377951
121	550	1	1318461506
63	551	1	1318972712
110	552	1	1319840846
110	552	1	1429211994
125	553	1	1319976698
126	553	1	1497567657
127	554	1	1320399275
63	554	1	1346638930
128	555	1	1320839788
128	556	1	1320839854
129	557	1	1321040316
130	558	1	1321069397
129	559	1	1321204953
129	560	1	1321204953
129	560	1	1321205171
63	561	1	1321762551
63	562	1	1321847995
63	563	1	1321919094
63	564	1	1321922724
63	564	1	1322092574
63	565	1	1321926953
63	565	1	1322094313
106	566	1	1321985995
106	567	1	1321991883
106	568	1	1322029536
63	569	1	1322096334
63	569	1	1322096492
63	570	1	1322097749
63	571	1	1322098948
19	572	1	1322262199
63	573	1	1323015156
84	574	1	1323036310
63	575	1	1323046074
63	576	1	1323049787
121	577	1	1325893194
121	577	1	1325964396
110	578	1	1326327289
121	579	1	1328127004
131	580	1	1328448977
131	580	1	1328453476
131	580	1	1328466327
131	581	1	1328448987
131	581	1	1328452504
131	581	1	1328465500
63	582	1	1329069705
132	583	1	1329277438
133	583	1	1473305670
108	584	1	1329310965
121	585	1	1329742886
121	586	1	1329748889
5	586	1	1329752551
106	587	1	1329829799
106	588	1	1329834122
106	588	1	1356633412
101	589	1	1330559178
108	590	1	1330620395
108	591	1	1330702420
63	592	1	1332039221
63	593	1	1333243745
63	594	1	1333419027
63	595	1	1333499723
63	595	1	1333581943
63	597	1	1333586986
63	598	1	1333904665
63	599	1	1333906697
121	600	1	1334110347
134	601	1	1334499343
134	602	1	1334499389
63	603	1	1334509514
63	604	1	1336323132
25	605	1	1337801907
135	606	1	1337999796
135	607	1	1338012191
121	608	1	1338317183
136	609	1	1338439546
136	609	1	1338442448
136	609	1	1342492381
63	610	1	1338649291
63	611	1	1338655628
63	612	1	1338659603
137	613	1	1338912869
137	613	1	1338914675
137	614	1	1338912870
137	615	1	1338933340
137	615	1	1338934451
137	616	1	1338933341
63	617	1	1339378338
63	618	1	1339992752
121	619	1	1340664030
63	620	1	1341259059
63	620	1	1344109875
63	621	1	1341261822
138	622	1	1342274620
63	622	1	1344218873
63	622	1	1344226148
63	623	1	1344111545
139	624	1	1344245098
63	625	1	1344379683
140	626	1	1345761754
141	627	1	1346356247
141	628	1	1346430739
142	628	1	1347097795
142	629	1	1346442198
63	630	1	1346627129
63	631	1	1346632877
63	632	1	1346636895
65	633	1	1347876425
143	635	1	1348936993
82	636	1	1350204199
108	637	1	1351190875
108	638	1	1351239690
108	639	1	1351243585
108	640	1	1351243594
144	641	1	1352925230
8	641	1	1389104857
8	641	1	1389105738
29	642	1	1354612663
63	643	1	1355087667
63	644	1	1355091474
63	645	1	1355112684
145	646	1	1355252048
29	647	1	1355334976
146	648	1	1355664129
147	649	1	1355725043
42	649	1	1491290957
8	650	1	1357738828
148	650	1	1358070110
148	650	1	1358070146
149	650	1	1383322576
8	651	1	1357738835
8	651	1	1358071154
8	651	1	1366160088
8	651	1	1366160427
8	651	1	1366160449
30	652	1	1357811996
30	653	1	1357812017
30	653	1	1367784561
32	654	1	1357898260
32	655	1	1357898356
148	656	1	1358070006
148	657	1	1358070054
8	658	1	1358120892
49	658	1	1358509435
49	658	1	1363334672
49	658	1	1363431391
150	659	1	1359384809
121	660	1	1359578639
121	661	1	1359578787
121	662	1	1359903498
121	663	1	1359906481
145	664	1	1359909579
63	665	1	1360030554
151	665	1	1417131905
151	665	1	1487246758
63	666	1	1360034900
63	668	1	1361149584
63	669	1	1361155236
149	670	1	1363107049
149	670	1	1363107394
149	670	1	1363368331
149	670	1	1363368553
149	670	1	1363372572
149	670	1	1363536565
149	670	1	1363536719
149	670	1	1363536996
149	670	1	1363537984
149	670	1	1363538039
149	670	1	1363538298
149	670	1	1363541960
149	670	1	1363976793
149	670	1	1363977605
149	670	1	1364068633
8	670	1	1365006791
58	670	1	1384097101
149	670	1	1394903736
149	670	1	1394903747
152	670	1	1463352962
152	670	1	1463353008
149	671	1	1363540112
149	671	1	1363541897
149	671	1	1363977163
149	671	1	1364556016
149	671	1	1364556061
149	671	1	1394903640
149	672	1	1363540160
153	673	1	1363710431
153	673	1	1363883704
153	674	1	1363710439
153	674	1	1363883688
149	675	1	1363978363
149	675	1	1364554632
149	675	1	1364554836
149	675	1	1364555161
149	675	1	1364555323
149	675	1	1364555463
149	675	1	1364555905
149	675	1	1364556134
8	675	1	1365006764
63	676	1	1364142297
63	677	1	1364146386
63	678	1	1364161393
63	679	1	1364172827
63	680	1	1364174677
154	680	1	1451502451
149	681	1	1364554112
149	681	1	1364554126
149	682	1	1364556608
149	682	1	1364556627
149	682	1	1364556639
149	682	1	1394903817
149	682	1	1394904378
149	682	1	1394904483
149	682	1	1394904665
149	682	1	1394904683
149	682	1	1394904804
149	682	1	1394904951
149	682	1	1394905205
149	682	1	1394905408
152	682	1	1463353058
8	683	1	1365005896
8	683	1	1365006923
155	684	1	1365247549
8	685	1	1365540105
8	686	1	1365540134
8	687	1	1365540201
8	688	1	1365540250
8	689	1	1365540289
8	690	1	1365540329
8	691	1	1365540800
8	692	1	1365541199
148	693	1	1365543404
148	694	1	1365543479
36	694	1	1426620452
61	694	1	1429223462
36	694	1	1429245518
148	695	1	1365543740
148	696	1	1365543741
148	697	1	1365543742
148	698	1	1365543763
148	699	1	1365543764
148	700	1	1365543766
148	701	1	1365543767
148	702	1	1365543768
148	703	1	1365543770
148	704	1	1365543771
148	705	1	1365543773
36	705	1	1426620430
61	705	1	1429223458
36	705	1	1429245518
148	706	1	1365543774
148	707	1	1365543776
36	707	1	1426620431
61	707	1	1429223460
36	707	1	1429245518
148	708	1	1365543777
36	708	1	1426620455
61	708	1	1429223467
36	708	1	1429245518
148	709	1	1365543779
36	709	1	1426620452
61	709	1	1429223462
36	709	1	1429245518
148	710	1	1365543780
36	710	1	1426620467
61	710	1	1429223472
36	710	1	1429245518
148	711	1	1365543781
36	711	1	1426620430
61	711	1	1429223458
36	711	1	1429245518
148	712	1	1365543783
36	712	1	1426620448
61	712	1	1429223463
36	712	1	1429245518
148	713	1	1365543784
36	713	1	1426620466
61	713	1	1429223472
36	713	1	1429245518
148	714	1	1365543785
148	715	1	1365543787
148	716	1	1365543788
36	716	1	1426620468
61	716	1	1429223472
36	716	1	1429245518
148	717	1	1365543789
148	718	1	1365543790
36	718	1	1426620466
61	718	1	1429223468
36	718	1	1429245518
148	719	1	1365543792
36	719	1	1426620462
61	719	1	1429223468
36	719	1	1429245518
148	720	1	1365543793
36	720	1	1426620430
61	720	1	1429223459
36	720	1	1429245518
148	721	1	1365543794
36	721	1	1426620466
61	721	1	1429223472
36	721	1	1429245518
148	722	1	1365543795
36	722	1	1426620466
61	722	1	1429223472
36	722	1	1429245518
148	723	1	1365543797
36	723	1	1426620430
61	723	1	1429223458
36	723	1	1429245518
148	724	1	1365543798
36	724	1	1426620454
61	724	1	1429223463
36	724	1	1429245518
148	725	1	1365543800
36	725	1	1426620462
61	725	1	1429223468
36	725	1	1429245518
148	726	1	1365543801
148	727	1	1365543803
148	728	1	1365543804
36	728	1	1426620448
61	728	1	1429223460
36	728	1	1429245518
148	729	1	1365543806
148	730	1	1365543807
36	730	1	1426620452
61	730	1	1429223463
36	730	1	1429245518
148	731	1	1365543808
36	731	1	1426620430
61	731	1	1429223458
36	731	1	1429245518
148	732	1	1365543810
148	733	1	1365543811
148	734	1	1365543812
148	735	1	1365543814
148	736	1	1365543816
148	737	1	1365543817
148	738	1	1365543819
36	738	1	1426620430
61	738	1	1429223458
36	738	1	1429245518
148	739	1	1365543821
36	739	1	1426620462
61	739	1	1429223467
36	739	1	1429245518
148	740	1	1365543822
148	741	1	1365543823
148	742	1	1365543824
148	743	1	1365543826
73	743	1	1365544394
8	743	1	1365545894
148	744	1	1365543827
36	744	1	1426620455
61	744	1	1429223468
36	744	1	1429245518
148	745	1	1365543828
72	745	1	1365545691
148	746	1	1365543830
148	747	1	1365543832
148	748	1	1365543833
36	748	1	1426620430
61	748	1	1429223458
36	748	1	1429245518
148	749	1	1365543835
148	750	1	1365543836
148	751	1	1365543837
36	751	1	1426620462
61	751	1	1429223468
36	751	1	1429245518
148	752	1	1365543839
148	753	1	1365543841
36	753	1	1426620430
61	753	1	1429223458
36	753	1	1429245518
148	754	1	1365543842
148	755	1	1365543843
148	756	1	1365543844
36	756	1	1426620449
61	756	1	1429223463
36	756	1	1429245518
148	757	1	1365543845
148	758	1	1365543847
36	758	1	1426620430
61	758	1	1429223458
36	758	1	1429245518
148	759	1	1365543848
36	759	1	1426620431
61	759	1	1429223459
36	759	1	1429245518
148	760	1	1365543849
148	761	1	1365543850
36	761	1	1426620452
148	762	1	1365543852
148	763	1	1365543853
36	763	1	1426620430
61	763	1	1429223458
36	763	1	1429245518
148	764	1	1365543854
36	764	1	1426620448
61	764	1	1429223462
36	764	1	1429245518
148	765	1	1365543856
148	766	1	1365543857
148	767	1	1365543859
36	767	1	1426620452
61	767	1	1429223463
36	767	1	1429245518
148	768	1	1365543860
148	769	1	1365543861
148	770	1	1365543862
148	771	1	1365543864
148	772	1	1365543866
36	772	1	1426620463
61	772	1	1429223468
36	772	1	1429245518
148	773	1	1365543867
148	774	1	1365543868
36	774	1	1426620430
61	774	1	1429223457
36	774	1	1429245518
148	775	1	1365543870
36	775	1	1426620447
61	775	1	1429223460
36	775	1	1429245518
148	776	1	1365543871
36	776	1	1426620462
61	776	1	1429223468
36	776	1	1429245518
148	777	1	1365543872
36	777	1	1426620462
61	777	1	1429223468
36	777	1	1429245518
148	778	1	1365543874
36	778	1	1426620431
61	778	1	1429223460
36	778	1	1429245518
148	779	1	1365543875
148	780	1	1365543877
148	781	1	1365543878
36	781	1	1426620448
61	781	1	1429223460
36	781	1	1429245518
148	782	1	1365543880
36	782	1	1426620448
61	782	1	1429223460
36	782	1	1429245518
148	783	1	1365543881
61	783	1	1436822670
148	784	1	1365543883
148	785	1	1365543884
148	786	1	1365543885
156	787	1	1366077249
148	788	1	1366140444
148	789	1	1366160036
8	790	1	1366160116
8	790	1	1366160127
8	790	1	1366160254
8	790	1	1366161512
148	791	1	1366160200
148	792	1	1366161460
157	793	1	1366903284
157	793	1	1366903329
121	794	1	1367172066
158	795	1	1367352348
154	795	1	1451502449
159	796	1	1369322240
159	796	1	1376232808
63	796	1	1381706479
159	796	1	1384697341
159	796	1	1408419094
63	797	1	1370215686
159	798	1	1370606484
159	798	1	1376309233
159	798	1	1382846457
159	798	1	1382860333
8	799	1	1372432131
63	800	1	1372733526
63	801	1	1372820636
160	802	1	1373363078
161	803	1	1373863572
63	803	1	1381682297
162	804	1	1374243920
159	805	1	1376236520
159	805	1	1382877538
159	805	1	1382931473
148	806	1	1376399843
148	807	1	1376399844
163	808	1	1376680491
163	809	1	1377990037
103	810	1	1379156825
103	811	1	1379156826
63	812	1	1379280974
63	813	1	1379302410
154	813	1	1451502450
63	814	1	1379463688
63	815	1	1379467408
63	816	1	1379560700
63	817	1	1379562402
63	818	1	1379563747
63	819	1	1379897149
63	820	1	1379898947
63	821	1	1380159570
63	822	1	1380163802
63	823	1	1380395875
63	824	1	1380397253
63	825	1	1380400894
164	825	1	1385795262
164	825	1	1388051198
164	825	1	1391246369
63	825	1	1408626408
165	825	1	1411917891
166	825	1	1411919490
63	825	1	1413772329
63	825	1	1438465478
63	826	1	1380407461
164	826	1	1385473089
164	826	1	1386741814
164	826	1	1391654145
164	826	1	1393934241
164	826	1	1396082080
165	826	1	1411917892
166	826	1	1411919491
63	826	1	1414897854
167	827	1	1380486258
63	828	1	1381683770
63	829	1	1381723241
168	829	1	1450290246
148	830	1	1382892897
148	831	1	1382892899
169	832	1	1382940937
170	833	1	1383337753
170	834	1	1383339927
171	835	1	1384698312
172	836	1	1384747845
173	836	1	1384785173
174	837	1	1385383387
175	838	1	1387293109
63	840	1	1390174809
176	840	1	1487197822
63	841	1	1390254092
63	842	1	1390265226
177	843	1	1390299495
178	844	1	1392384298
178	845	1	1392391457
63	846	1	1393563078
63	846	1	1393563676
63	847	1	1393570961
179	848	1	1393651108
179	849	1	1393705353
180	850	1	1394754971
149	851	1	1394903640
149	852	1	1394903817
181	853	1	1395183656
181	853	1	1395425400
181	853	1	1395425928
181	853	1	1396576388
182	854	1	1396562444
183	855	1	1396596484
184	856	1	1396956249
36	857	1	1400531921
185	857	1	1429431116
185	857	1	1457899471
185	857	1	1490117566
186	858	1	1489959874
186	858	1	1489959920
36	859	1	1406328675
36	859	1	1494755349
73	860	1	1408317592
63	861	1	1409106225
187	862	1	1409231948
187	863	1	1409232071
187	863	1	1420229653
188	864	1	1409336497
63	865	1	1410622439
189	865	1	1447384117
63	866	1	1410709515
63	867	1	1411003464
189	867	1	1447384143
165	868	1	1411917891
137	868	1	1415695239
63	868	1	1420952075
165	869	1	1411917892
137	869	1	1415695254
63	869	1	1420958803
166	870	1	1411919490
166	871	1	1411919491
190	872	1	1413407489
190	872	1	1447342122
190	872	1	1447741948
63	874	1	1416713972
168	874	1	1472035643
168	874	1	1472120447
63	875	1	1416721098
168	875	1	1472035643
168	875	1	1472120448
151	876	1	1417131905
151	877	1	1417131906
63	878	1	1417321039
191	879	1	1418659719
187	880	1	1420229398
63	881	1	1421017345
63	882	1	1421111493
63	883	1	1421115485
63	884	1	1421119543
63	884	1	1423374825
84	884	1	1424432053
168	885	1	1422983195
168	885	1	1422986702
168	886	1	1422983196
168	886	1	1422986702
168	887	1	1422986702
168	888	1	1422986703
63	889	1	1423370492
63	890	1	1423377196
84	890	1	1424432054
63	891	1	1423708171
63	892	1	1423940262
63	893	1	1424392562
168	893	1	1438202271
84	894	1	1424432054
84	895	1	1424432054
63	896	1	1424582723
168	896	1	1438202210
63	897	1	1424584847
137	897	1	1438321405
36	898	1	1426620431
61	898	1	1429223460
36	898	1	1429245518
36	899	1	1426620448
61	899	1	1429223460
36	899	1	1429245518
36	900	1	1426620452
36	901	1	1426620454
61	901	1	1429223463
36	901	1	1429245518
36	902	1	1426620467
61	902	1	1429223472
36	902	1	1429245518
36	903	1	1426620468
61	903	1	1429223472
36	903	1	1429245518
63	904	1	1426641743
43	905	1	1427651129
110	906	1	1429211995
168	907	1	1438202210
168	908	1	1438202271
192	909	1	1438644624
193	910	1	1441211606
193	910	1	1442480328
94	911	1	1441919846
148	912	1	1443056944
192	913	1	1443815692
192	914	1	1443815692
192	915	1	1443815692
192	916	1	1443815692
192	917	1	1443815692
192	918	1	1443815692
192	919	1	1443815692
168	920	1	1450290245
168	921	1	1450290246
154	922	1	1451502449
154	923	1	1451502451
154	924	1	1451502451
194	925	1	1452511495
43	926	1	1471870631
154	927	1	1462383636
195	928	1	1463819247
148	929	1	1465656438
168	931	1	1472120447
168	932	1	1472120448
133	933	1	1473305671
196	934	1	1479519695
148	935	1	1487015112
176	936	1	1487197822
151	937	1	1487246759
126	939	1	1497567657
