1	1	1	1177458594
2	1	1	1293171872
3	2	1	1105492827
4	2	1	1105542841
4	2	1	1110819259
4	2	1	1125852666
3	3	1	1105492827
3	3	1	1119696868
3	3	1	1120386437
3	3	1	1122632384
4	3	1	1125852283
3	4	1	1105492827
3	4	1	1119696868
4	4	1	1120174906
5	4	1	1345110658
3	5	1	1105492827
4	5	1	1105542899
3	6	1	1105492827
4	6	1	1106853394
3	7	1	1105492827
4	7	1	1106853974
4	7	1	1106853995
3	8	1	1105492827
4	8	1	1105552759
3	9	1	1105492827
4	9	1	1105542940
3	10	1	1105492827
4	10	1	1105553012
3	11	1	1105492827
4	11	1	1106853831
4	11	1	1107550300
4	11	1	1147726803
3	12	1	1105492827
4	12	1	1106854388
4	12	1	1147726969
3	13	1	1105492827
4	13	1	1110819596
3	14	1	1105492827
4	14	1	1110819923
3	15	1	1105492827
4	15	1	1105543022
3	16	1	1105492827
4	16	1	1105542994
3	17	1	1105492827
4	17	1	1110820365
3	18	1	1105492827
4	18	1	1110820703
3	19	1	1105492827
4	19	1	1110820808
3	20	1	1105492827
4	20	1	1107632401
4	20	1	1186677516
3	21	1	1105492827
4	21	1	1110821754
3	22	1	1105492827
4	22	1	1105552982
3	23	1	1105492827
4	23	1	1105553102
4	23	1	1110821534
4	23	1	1186677557
3	24	1	1105492827
4	24	1	1110821929
4	24	1	1110822003
4	24	1	1186677592
3	25	1	1105492827
4	25	1	1110822420
4	25	1	1186677639
3	26	1	1105492827
4	26	1	1110822741
3	27	1	1105492827
4	27	1	1110823309
4	27	1	1120324793
3	28	1	1105492827
4	28	1	1110823461
3	29	1	1105492827
4	29	1	1110825863
3	30	1	1105492827
4	30	1	1107632459
4	30	1	1186677894
3	31	1	1105492827
4	31	1	1106683557
4	31	1	1120324975
3	32	1	1105492827
4	32	1	1106683617
4	32	1	1186677948
3	33	1	1105492827
4	33	1	1110837878
4	33	1	1186677988
3	34	1	1105492827
4	34	1	1107632618
3	35	1	1105492827
4	35	1	1107632555
4	35	1	1186678218
3	36	1	1105492827
3	36	1	1119696868
4	36	1	1125031493
4	36	1	1186678289
3	37	1	1105492827
4	37	1	1110838316
3	38	1	1105492827
4	38	1	1110838678
3	39	1	1105492827
4	39	1	1107633273
4	39	1	1120174773
4	39	1	1186678354
3	40	1	1105492827
4	40	1	1107633239
4	40	1	1120174501
3	41	1	1105492827
4	41	1	1107633593
4	41	1	1120174577
3	42	1	1105492827
4	42	1	1107633832
4	42	1	1120174630
4	42	1	1186678432
3	43	1	1105492827
4	43	1	1107634049
4	43	1	1120174684
3	44	1	1105492827
4	44	1	1110890274
3	45	1	1105492827
4	45	1	1106683858
3	46	1	1105492827
4	46	1	1107634221
3	47	1	1105492827
4	47	1	1105554211
4	47	1	1125850155
4	47	1	1137954404
4	47	1	1207222589
3	48	1	1105492827
4	48	1	1105553912
4	48	1	1137954400
3	49	1	1105492827
4	49	1	1105830523
3	50	1	1105492827
4	50	1	1105830516
3	51	1	1105492827
3	51	1	1119696868
4	51	1	1146526394
3	52	1	1105492827
4	52	1	1107634301
4	52	1	1146526304
3	53	1	1105492827
4	53	1	1107634318
4	53	1	1134692594
3	54	1	1105492827
3	54	1	1119696868
4	54	1	1146526118
3	55	1	1105492827
4	55	1	1106687035
4	55	1	1146526237
3	56	1	1105492827
3	56	1	1119696868
3	56	1	1120386437
4	56	1	1146526185
3	57	1	1105492827
3	57	1	1119696868
3	57	1	1122632385
4	57	1	1146525757
3	58	1	1105492827
3	58	1	1119696868
4	58	1	1146525806
3	59	1	1105492827
3	59	1	1119696868
4	59	1	1146525861
3	60	1	1105492827
3	60	1	1119696868
4	60	1	1146525911
3	61	1	1105492827
3	61	1	1119696868
4	61	1	1146525997
3	62	1	1105492827
3	62	1	1119696868
4	62	1	1146526051
3	63	1	1105492827
4	63	1	1107634454
4	63	1	1186678721
3	64	1	1105492827
4	64	1	1106686913
4	64	1	1186678768
3	65	1	1105492827
4	65	1	1105831416
4	65	1	1146526538
3	66	1	1105492827
4	66	1	1105831435
3	67	1	1105492827
4	67	1	1105831400
3	68	1	1105492827
4	68	1	1105831385
4	68	1	1186679965
3	69	1	1105492827
4	69	1	1105831345
3	70	1	1105492827
4	70	1	1105831355
3	71	1	1105492827
4	71	1	1105831376
3	72	1	1105492827
4	72	1	1106686799
3	73	1	1105492827
4	73	1	1106686619
4	73	1	1133384925
3	74	1	1105492827
4	74	1	1106686516
4	74	1	1133384937
3	75	1	1105492827
4	75	1	1106684092
4	75	1	1133384946
3	76	1	1105492827
4	76	1	1105831315
3	77	1	1105492827
4	77	1	1106765202
4	77	1	1133384890
3	78	1	1105492827
4	78	1	1106683935
4	78	1	1133384881
3	79	1	1105492827
4	79	1	1106684016
4	79	1	1133384871
3	80	1	1105492827
4	80	1	1105831305
3	81	1	1105492827
4	81	1	1105831296
4	81	1	1133384856
3	82	1	1105492827
4	82	1	1106688054
4	82	1	1133384849
3	83	1	1105492827
4	83	1	1106687798
3	84	1	1105492827
4	84	1	1105543198
4	84	1	1133384262
3	85	1	1105492827
4	85	1	1106765378
4	85	1	1146526602
3	86	1	1105492827
4	86	1	1107634902
4	86	1	1142571581
3	87	1	1105492827
4	87	1	1106683819
4	87	1	1142571635
3	88	1	1105492827
3	88	1	1119696868
3	88	1	1120386439
4	88	1	1142571674
3	89	1	1105492827
4	89	1	1105560515
3	90	1	1105492827
4	90	1	1105560859
3	91	1	1105492827
4	91	1	1106687638
4	91	1	1142571736
3	92	1	1105492827
3	92	1	1119696868
4	92	1	1142571784
3	93	1	1105492827
4	93	1	1106687430
3	94	1	1105492827
4	94	1	1106687260
3	95	1	1105492827
4	95	1	1105554024
4	95	1	1135620882
3	96	1	1105492827
4	96	1	1105553954
4	96	1	1135620943
3	97	1	1105492827
4	97	1	1105554113
4	97	1	1135621108
3	98	1	1105492827
4	98	1	1105554123
4	98	1	1135621162
3	99	1	1105492827
4	99	1	1105554382
3	100	1	1105492827
4	100	1	1105554369
4	100	1	1105554960
3	101	1	1105492827
4	101	1	1105554195
3	102	1	1105492827
4	102	1	1106765723
3	103	1	1105492827
4	103	1	1107635221
3	104	1	1105492827
4	104	1	1106765875
3	105	1	1105492827
4	105	1	1106765973
4	105	1	1135621235
3	106	1	1105492827
4	106	1	1106683270
3	107	1	1105492827
4	107	1	1107550697
3	108	1	1105492827
4	108	1	1105555478
4	108	1	1105555491
4	108	1	1105556160
3	109	1	1105492827
4	109	1	1105558003
4	109	1	1142571901
3	110	1	1105492827
4	110	1	1105621729
4	110	1	1107551761
3	111	1	1105492827
4	111	1	1105555855
3	112	1	1105492827
4	112	1	1105558929
3	113	1	1105492827
4	113	1	1107553116
3	114	1	1105492827
4	114	1	1105543419
4	114	1	1126565720
3	115	1	1105492827
3	115	1	1119696868
4	115	1	1135621473
3	116	1	1105492827
4	116	1	1105559516
3	117	1	1105492827
4	117	1	1105561910
4	117	1	1105561938
3	118	1	1105492827
4	118	1	1105563050
4	118	1	1127682353
3	119	1	1105492827
4	119	1	1105563423
3	120	1	1105492827
4	120	1	1107636146
4	120	1	1142572074
3	121	1	1105492827
4	121	1	1107642083
3	122	1	1105492827
4	122	1	1107642068
3	123	1	1105492827
4	123	1	1106683135
3	124	1	1105492827
4	124	1	1106683066
4	124	1	1142572168
3	125	1	1105492827
3	125	1	1119696869
4	125	1	1146524164
3	126	1	1105492827
3	126	1	1119696869
4	126	1	1146524094
3	127	1	1105492827
3	127	1	1119696869
4	127	1	1146525511
3	128	1	1105492827
4	128	1	1106682905
4	128	1	1146524351
3	129	1	1105492827
4	129	1	1106682986
4	129	1	1146524416
3	130	1	1105492827
4	130	1	1105830863
3	131	1	1105492827
4	131	1	1105830804
3	132	1	1105492827
4	132	1	1105830793
3	133	1	1105492827
4	133	1	1105830785
3	134	1	1105492827
4	134	1	1105830889
3	135	1	1105492827
4	135	1	1105830918
3	136	1	1105492827
4	136	1	1105831014
3	137	1	1105492827
3	137	1	1119696869
3	137	1	1131573319
4	137	1	1142572285
3	138	1	1105492827
4	138	1	1105830994
3	139	1	1105492827
4	139	1	1105830414
4	139	1	1142572365
3	140	1	1105492827
4	140	1	1105830469
3	141	1	1105492827
4	141	1	1105830605
3	142	1	1105492827
4	142	1	1107642451
3	143	1	1105492827
4	143	1	1106682600
3	144	1	1105492827
4	144	1	1105565747
4	144	1	1142572419
3	145	1	1105492827
4	145	1	1105564595
3	146	1	1105492827
4	146	1	1105564913
3	147	1	1105492827
4	147	1	1105564933
3	148	1	1105492827
4	148	1	1105830704
4	148	1	1126598591
3	149	1	1105492827
4	149	1	1105830659
4	149	1	1207222668
3	150	1	1105492827
4	150	1	1105830624
3	151	1	1105492827
4	151	1	1106682460
3	152	1	1105492827
4	152	1	1105830707
4	152	1	1207222649
3	153	1	1105492827
4	153	1	1105566865
4	153	1	1135922796
3	154	1	1105492827
4	154	1	1105569556
3	155	1	1105492827
3	155	1	1119696869
4	155	1	1142572568
3	156	1	1105492827
3	156	1	1119696869
3	156	1	1131573320
4	156	1	1135619328
3	157	1	1105492827
4	157	1	1107642751
3	158	1	1105492827
4	158	1	1107553955
3	159	1	1105492827
4	159	1	1106855525
3	160	1	1105492827
4	160	1	1107642840
4	160	1	1135619933
3	161	1	1105492827
4	161	1	1107642808
4	161	1	1142572671
3	162	1	1105492827
4	162	1	1107524844
3	163	1	1105492827
3	163	1	1119696869
4	163	1	1135622243
3	164	1	1105492827
4	164	1	1106855119
3	165	1	1105492827
3	165	1	1119696869
4	165	1	1135622321
3	166	1	1105492827
3	166	1	1119696869
3	166	1	1120386441
4	166	1	1149186765
3	167	1	1105492827
4	167	1	1110890803
3	168	1	1105492827
4	168	1	1110890518
3	169	1	1105492827
4	169	1	1105831095
3	170	1	1105492827
4	170	1	1105831082
3	171	1	1105492827
4	171	1	1106854800
3	172	1	1105492827
3	172	1	1119696869
4	172	1	1134413165
3	173	1	1105492827
3	173	1	1119696869
4	173	1	1134413517
3	174	1	1105492827
4	174	1	1105831131
3	175	1	1105492827
3	175	1	1119696869
4	175	1	1134692642
3	176	1	1105492827
3	176	1	1119696869
3	176	1	1120386441
3	176	1	1131573321
4	176	1	1133384216
3	177	1	1105492827
3	177	1	1119696869
3	177	1	1120386441
3	177	1	1122632388
4	177	1	1142572729
3	178	1	1105492827
4	178	1	1105831187
4	178	1	1142572776
3	179	1	1105492827
4	179	1	1105831207
4	179	1	1142572820
3	180	1	1105492827
3	180	1	1119696869
3	180	1	1120386441
3	180	1	1122632388
4	180	1	1142572884
4	181	1	1105523776
4	182	1	1105543644
4	182	1	1106945661
4	182	1	1106945952
4	182	1	1106946314
4	182	1	1107188442
4	182	1	1107188489
4	182	1	1107632257
4	182	1	1111347862
4	182	1	1111348560
4	182	1	1118334335
4	182	1	1120170900
4	182	1	1121037677
4	182	1	1121037719
4	182	1	1121294059
4	182	1	1122410826
4	182	1	1122949238
4	182	1	1126565769
4	182	1	1126565928
4	182	1	1136048726
4	182	1	1137877927
4	182	1	1183242194
6	182	1	1257260865
7	182	1	1257811456
8	182	1	1270639742
9	182	1	1280794578
10	182	1	1298635287
11	182	1	1383918942
11	182	1	1384266896
4	183	1	1105543778
4	183	1	1105543867
4	183	1	1107188664
4	183	1	1183236556
4	184	1	1111347960
4	184	1	1111348355
4	185	1	1105552936
4	185	1	1105553280
4	185	1	1112277927
4	185	1	1112277933
4	185	1	1112277981
4	185	1	1120886015
4	185	1	1120886078
4	185	1	1121059129
4	185	1	1121059542
4	185	1	1121295992
4	185	1	1121550024
4	185	1	1137877844
4	186	1	1105743689
4	186	1	1105743709
4	186	1	1105743739
4	187	1	1105741997
4	187	1	1105742068
4	187	1	1105742149
4	187	1	1105742169
4	187	1	1105744343
4	188	1	1105742083
4	189	1	1105743929
4	189	1	1129014437
12	189	1	1133901513
13	189	1	1359512926
14	189	1	1386599602
15	189	1	1426616354
16	189	1	1429220394
15	189	1	1429220770
4	190	1	1105744097
16	190	1	1429220394
4	191	1	1105831913
4	192	1	1106945014
4	193	1	1106946130
4	193	1	1106946507
4	193	1	1107636633
4	193	1	1108916196
4	193	1	1121036580
4	193	1	1121036793
4	194	1	1106946315
4	195	1	1106946453
4	195	1	1107636875
4	195	1	1107636966
17	195	1	1278217137
18	195	1	1328665802
4	196	1	1106946514
4	196	1	1106950767
11	196	1	1384266997
11	196	1	1384267032
4	197	1	1106946881
4	197	1	1107821020
4	197	1	1137877923
4	197	1	1183241635
11	197	1	1384266817
4	198	1	1106948336
4	198	1	1106948446
4	198	1	1106951486
4	198	1	1107181778
4	198	1	1107183300
4	198	1	1108158397
19	198	1	1239281316
20	198	1	1239281329
11	198	1	1384269640
4	199	1	1106950512
4	199	1	1106950561
4	199	1	1106950602
4	200	1	1106950738
4	200	1	1106951360
11	200	1	1387164304
4	201	1	1106951512
4	202	1	1107163456
4	202	1	1107164239
4	202	1	1107164514
4	202	1	1107166676
4	202	1	1107167786
4	202	1	1107168385
4	202	1	1107376806
4	202	1	1107377407
4	202	1	1120174056
4	202	1	1120175552
4	202	1	1137954038
4	202	1	1137954481
4	202	1	1137987447
4	202	1	1181877735
4	203	1	1107170475
4	203	1	1107171080
4	203	1	1107174943
4	204	1	1107181637
4	204	1	1231095487
4	205	1	1107632175
4	205	1	1183237219
21	205	1	1259823563
22	205	1	1324288352
11	205	1	1383919300
11	205	1	1383919363
11	205	1	1383919384
11	205	1	1384469744
11	205	1	1384469994
11	205	1	1385343490
23	205	1	1415290454
4	206	1	1107632244
4	207	1	1107635693
4	207	1	1183236603
11	207	1	1384268178
4	208	1	1107635872
4	209	1	1107637408
4	209	1	1107637893
4	209	1	1107638309
4	209	1	1107638797
4	209	1	1107640022
4	209	1	1107640457
4	209	1	1107641202
4	209	1	1107641838
4	210	1	1107820690
4	210	1	1107820739
4	210	1	1107821156
4	211	1	1108158970
4	211	1	1108159218
4	211	1	1108159910
4	211	1	1108161382
4	211	1	1108163024
4	212	1	1108288096
4	212	1	1108290243
4	212	1	1108916281
18	212	1	1328665813
4	213	1	1108289663
4	213	1	1225770007
18	213	1	1328665822
18	213	1	1329763118
4	214	1	1108289734
4	215	1	1108289755
4	216	1	1108289877
4	216	1	1108916263
18	216	1	1328665832
4	217	1	1108290016
4	217	1	1118334453
4	217	1	1120891031
4	218	1	1108290047
4	219	1	1108916076
4	220	1	1108916433
24	220	1	1199712056
24	220	1	1266928841
4	221	1	1108916678
4	222	1	1108916744
4	223	1	1108922811
4	223	1	1108925009
4	223	1	1108928634
4	223	1	1112281566
4	223	1	1112282857
4	223	1	1112283799
4	223	1	1112285427
4	223	1	1112285466
11	223	1	1384632249
4	224	1	1108924901
4	225	1	1108927677
4	226	1	1108928524
4	227	1	1108928552
4	228	1	1108928691
4	228	1	1108929928
4	228	1	1118334622
4	229	1	1111348478
4	229	1	1111348541
4	229	1	1121138383
18	229	1	1328666022
4	230	1	1111348590
25	230	1	1208380933
4	231	1	1112278194
4	232	1	1118334236
4	233	1	1118334997
4	233	1	1118335004
4	233	1	1119390280
4	233	1	1120171242
4	234	1	1119388553
4	234	1	1121139093
4	235	1	1119388571
4	236	1	1119389131
4	236	1	1119390121
4	236	1	1121138462
4	237	1	1119390471
4	237	1	1119391532
3	238	1	1119696866
4	238	1	1149187843
4	239	1	1120170334
4	240	1	1120170777
4	241	1	1120171701
4	241	1	1120171974
4	241	1	1121293908
18	241	1	1328666033
18	241	1	1329763129
11	241	1	1384267392
11	241	1	1384267407
11	241	1	1384267788
11	241	1	1384267837
4	242	1	1120172687
4	242	1	1120887995
4	242	1	1120971682
4	243	1	1120173076
3	244	1	1120386437
4	244	1	1149187897
3	245	1	1120386438
4	245	1	1134692534
3	246	1	1120386438
4	246	1	1142571498
3	247	1	1120386438
4	247	1	1133385088
3	248	1	1120386439
4	248	1	1133384674
3	249	1	1120386439
4	249	1	1145230392
3	250	1	1120386439
4	250	1	1133384546
3	251	1	1120386439
4	251	1	1133384491
3	252	1	1120386439
3	252	1	1122632386
4	252	1	1146527368
3	253	1	1120386439
4	253	1	1146527429
3	254	1	1120386441
4	254	1	1134412960
4	255	1	1120882238
4	256	1	1120882390
4	256	1	1121294686
4	256	1	1121294863
4	256	1	1121294953
4	256	1	1124219409
4	257	1	1120882587
4	257	1	1120882916
4	257	1	1120883630
4	257	1	1120885829
4	257	1	1120896932
4	257	1	1121294937
4	257	1	1121295715
4	257	1	1124219392
11	257	1	1384632294
11	257	1	1386197356
11	257	1	1386197370
4	258	1	1120882614
4	258	1	1120882751
4	258	1	1121294996
4	258	1	1121295731
4	259	1	1120882984
4	259	1	1121295012
4	259	1	1121295745
4	260	1	1120884158
4	260	1	1121295558
4	260	1	1121295670
4	261	1	1120884204
4	261	1	1121295584
4	261	1	1121295657
4	261	1	1127516691
4	261	1	1135923164
4	262	1	1120884243
4	262	1	1121295588
4	262	1	1121295644
4	263	1	1120884281
4	263	1	1121295418
4	263	1	1121295453
4	264	1	1120884310
4	264	1	1121295415
4	264	1	1121295467
4	265	1	1120884410
4	265	1	1121295302
4	265	1	1121295935
4	266	1	1120884922
4	266	1	1121295422
4	266	1	1121295440
4	267	1	1120884924
4	267	1	1121295304
4	267	1	1121295926
4	268	1	1120885051
4	268	1	1121295411
4	268	1	1121295490
4	269	1	1120885080
4	269	1	1121295513
4	269	1	1121295530
4	270	1	1120885119
4	270	1	1121295518
4	270	1	1121295545
4	271	1	1120885155
4	271	1	1121295596
4	271	1	1121295618
4	272	1	1120885206
4	272	1	1121295592
4	272	1	1121295633
4	273	1	1120885321
4	273	1	1121295287
4	273	1	1121295880
4	274	1	1120885326
4	274	1	1121295297
4	274	1	1121295858
4	275	1	1120885327
4	275	1	1121295290
4	275	1	1121295869
4	276	1	1120885405
4	276	1	1121295283
4	276	1	1121295888
4	277	1	1120885574
4	277	1	1121295227
4	277	1	1121295827
4	278	1	1120885615
4	278	1	1121295223
4	278	1	1121295816
4	279	1	1120885680
4	279	1	1121295221
4	279	1	1121295802
4	280	1	1120885702
4	280	1	1121295218
4	280	1	1121295782
4	281	1	1120885785
4	281	1	1121295020
4	281	1	1121295769
4	282	1	1120885799
4	282	1	1121295016
4	282	1	1121295754
4	283	1	1120889773
4	283	1	1120889873
4	283	1	1120890048
4	283	1	1122501591
4	284	1	1120893733
4	284	1	1120893869
4	285	1	1120893883
4	285	1	1120893923
18	285	1	1328666043
4	286	1	1120894664
24	286	1	1266928850
4	287	1	1120895310
4	287	1	1120895407
4	287	1	1130395042
4	288	1	1120895464
4	289	1	1120896935
4	289	1	1120897012
4	289	1	1120897529
4	289	1	1121548274
4	289	1	1126566005
4	289	1	1126566151
11	289	1	1384632337
4	290	1	1120897472
4	291	1	1120897732
4	291	1	1121029170
4	292	1	1121029882
4	293	1	1121032156
4	293	1	1121034638
4	293	1	1121035134
4	293	1	1121139801
4	294	1	1121034720
4	295	1	1121034809
4	296	1	1121035354
4	296	1	1121035401
24	296	1	1199712060
4	297	1	1121035670
4	297	1	1121035954
4	297	1	1121036029
4	298	1	1121036771
4	299	1	1121037052
24	299	1	1199712063
24	299	1	1266928860
4	300	1	1121038130
4	300	1	1122521913
4	300	1	1138425467
4	300	1	1138425573
4	300	1	1139011905
4	300	1	1176077632
4	300	1	1181529993
4	301	1	1121065035
4	302	1	1121065160
4	303	1	1121067107
4	303	1	1121067679
11	303	1	1384632401
11	303	1	1384632435
4	304	1	1121067544
4	305	1	1121067613
4	306	1	1121126532
4	307	1	1121126532
4	308	1	1121138462
4	309	1	1121139374
4	310	1	1121294532
4	310	1	1121294594
4	310	1	1121294647
4	311	1	1121294937
25	311	1	1208380896
4	312	1	1121294953
4	313	1	1121294996
4	314	1	1121295012
4	315	1	1121295016
4	316	1	1121295020
4	317	1	1121295218
4	318	1	1121295221
4	319	1	1121295223
4	320	1	1121295227
4	321	1	1121295283
4	322	1	1121295287
4	323	1	1121295290
4	324	1	1121295297
4	325	1	1121295302
4	326	1	1121295304
4	327	1	1121295411
4	328	1	1121295415
4	329	1	1121295418
4	330	1	1121295422
4	331	1	1121295513
4	332	1	1121295518
4	333	1	1121295558
4	334	1	1121295584
4	335	1	1121295588
4	336	1	1121295592
4	337	1	1121295596
4	338	1	1121302865
4	338	1	1121302919
4	338	1	1126565771
26	338	1	1154623877
2	338	1	1204619448
27	338	1	1205518406
17	338	1	1242278370
28	338	1	1254548337
29	338	1	1271681534
29	338	1	1271682369
30	338	1	1358751777
13	338	1	1378564044
14	338	1	1386599490
31	338	1	1388681758
4	339	1	1121548491
4	339	1	1127444170
4	340	1	1121550143
4	340	1	1121550433
4	341	1	1121550377
4	342	1	1121550404
4	343	1	1121551350
4	343	1	1121551471
4	343	1	1121551487
11	343	1	1384632465
11	343	1	1384634045
11	343	1	1384634073
11	343	1	1384634326
4	344	1	1122437025
4	345	1	1122442368
4	346	1	1122519366
4	347	1	1122519914
4	348	1	1122520050
4	348	1	1129611947
4	349	1	1122521103
4	349	1	1129612001
4	349	1	1129612230
32	349	1	1254611200
32	349	1	1255454829
4	350	1	1122521606
4	350	1	1122521720
4	350	1	1122521963
4	350	1	1122521975
32	350	1	1254611147
32	350	1	1259417648
33	350	1	1301164631
4	351	1	1122522054
4	352	1	1122522156
4	352	1	1122522195
4	352	1	1122522776
4	352	1	1122523277
4	352	1	1122781669
4	352	1	1147727358
4	353	1	1122522760
4	354	1	1122523223
4	354	1	1122585402
4	354	1	1122781697
4	354	1	1139474016
4	354	1	1147727038
4	354	1	1147727064
4	354	1	1148678851
4	354	1	1150337672
4	355	1	1122523319
34	355	1	1238752791
34	355	1	1363390469
4	356	1	1122580351
4	356	1	1122585261
4	356	1	1139473942
4	356	1	1150337872
4	356	1	1150337885
4	357	1	1122585247
4	357	1	1122586134
4	357	1	1122586925
4	357	1	1147727175
4	357	1	1147727234
4	358	1	1122587867
4	358	1	1122681958
4	358	1	1122682429
4	358	1	1122683544
4	358	1	1122725145
4	358	1	1139473908
4	358	1	1150337494
4	359	1	1122781697
4	360	1	1122949306
4	360	1	1128398859
35	360	1	1160953047
35	360	1	1160954992
4	361	1	1122949397
4	361	1	1122949760
4	362	1	1122949479
4	362	1	1128399162
11	362	1	1384632509
4	363	1	1122949730
4	364	1	1122949993
4	364	1	1123185546
4	364	1	1128397324
4	364	1	1128460393
4	364	1	1130528978
4	364	1	1130530249
4	365	1	1123099737
4	365	1	1123099792
4	365	1	1123099904
4	366	1	1123099959
4	366	1	1123100539
4	367	1	1123100309
4	367	1	1123100925
4	367	1	1123102108
4	367	1	1123104842
4	367	1	1123105521
4	367	1	1123106065
4	367	1	1123106333
4	367	1	1123110156
4	367	1	1123113469
4	367	1	1129611885
36	367	1	1151504362
32	367	1	1254611259
32	367	1	1255454749
4	368	1	1123100369
4	369	1	1123100428
4	369	1	1123100440
4	370	1	1123100684
4	371	1	1123100919
4	372	1	1123104308
4	373	1	1123104484
4	374	1	1123104722
4	375	1	1123105268
4	376	1	1123105551
4	377	1	1123105581
4	378	1	1124219392
4	379	1	1124219471
4	379	1	1124219501
4	380	1	1124219554
4	380	1	1230449976
11	380	1	1384633142
11	380	1	1384633251
11	380	1	1384633272
11	380	1	1384633847
4	381	1	1124219892
4	381	1	1124219920
4	381	1	1124232565
4	381	1	1124233082
4	381	1	1124234453
4	381	1	1124237754
4	381	1	1124238299
4	381	1	1124242413
4	381	1	1124248813
4	381	1	1124257694
4	381	1	1124307411
4	381	1	1124308032
4	381	1	1124487681
4	381	1	1124495479
4	382	1	1124307568
4	382	1	1124308051
4	382	1	1124308330
4	382	1	1124308458
4	382	1	1124487789
4	382	1	1230450274
3	383	1	1124492273
4	383	1	1133385137
4	384	1	1124501732
4	384	1	1230449890
4	385	1	1125095959
4	385	1	1125096014
4	386	1	1125096070
11	386	1	1384633710
11	386	1	1384633729
11	386	1	1384633794
4	387	1	1125106327
4	387	1	1125106732
4	387	1	1125107007
4	388	1	1125637636
4	389	1	1125637713
4	389	1	1125638169
4	389	1	1125638654
4	389	1	1147733296
4	389	1	1148674673
4	390	1	1125637995
4	391	1	1125638544
4	392	1	1125638572
4	393	1	1125638923
4	394	1	1125638966
4	395	1	1125639183
4	396	1	1125639250
4	396	1	1125639888
4	396	1	1125642748
4	396	1	1125642817
4	396	1	1125643166
4	396	1	1125643505
4	396	1	1125643845
4	396	1	1125644150
4	396	1	1125644534
4	396	1	1125644603
37	396	1	1365114121
4	397	1	1125639533
4	398	1	1125640387
4	399	1	1125640462
4	400	1	1125641269
4	401	1	1125641322
4	402	1	1125641521
4	403	1	1125641592
4	404	1	1125641942
4	405	1	1125642108
4	406	1	1125643165
4	407	1	1125643253
4	408	1	1125643348
4	409	1	1125643478
4	410	1	1125643707
4	411	1	1125643823
4	412	1	1125643918
4	413	1	1125644092
4	414	1	1125644517
4	415	1	1125645306
4	416	1	1125645369
4	416	1	1125645390
4	416	1	1125645577
4	416	1	1125646349
4	416	1	1125647064
4	416	1	1125647189
4	416	1	1125648140
4	416	1	1125648964
4	416	1	1125649137
4	417	1	1125646303
4	418	1	1125647034
4	419	1	1125647062
4	420	1	1125723565
4	421	1	1125724199
4	422	1	1125724322
4	422	1	1125726431
4	422	1	1125733274
4	423	1	1125726373
4	424	1	1125733120
3	425	1	1125910999
4	425	1	1146524580
4	426	1	1126065069
4	426	1	1126065838
4	427	1	1126065305
4	428	1	1126065718
4	428	1	1126065746
11	428	1	1384632662
11	428	1	1384632706
11	428	1	1384633015
11	428	1	1384633029
11	428	1	1384633891
4	429	1	1126065998
4	430	1	1126066154
4	430	1	1126066540
4	430	1	1126132808
4	430	1	1126133036
4	430	1	1126163993
4	431	1	1126133053
4	432	1	1126565769
4	433	1	1126565772
4	434	1	1126566005
4	435	1	1127447871
4	435	1	1127449247
4	436	1	1127451275
4	436	1	1127452448
4	437	1	1128397125
4	437	1	1128398742
4	437	1	1128398756
4	438	1	1128397363
4	438	1	1128397864
38	438	1	1320229644
12	438	1	1320671088
4	439	1	1128397849
4	440	1	1128398050
4	440	1	1130531059
4	440	1	1130531102
4	441	1	1128398330
4	441	1	1128400312
4	441	1	1128402041
4	442	1	1128398708
4	443	1	1128398933
4	444	1	1128399087
11	444	1	1384632636
4	445	1	1128399307
4	445	1	1128399336
4	445	1	1128400967
11	445	1	1384631885
11	445	1	1384632142
11	445	1	1384632613
4	446	1	1128399599
4	447	1	1128400780
4	447	1	1129057737
4	447	1	1139011624
4	448	1	1128400838
4	449	1	1128400888
4	450	1	1128401046
4	450	1	1128401465
4	451	1	1128401268
4	452	1	1128401687
4	452	1	1128405385
4	453	1	1128402130
4	453	1	1128402676
4	454	1	1129611885
4	455	1	1129612467
4	456	1	1129613678
24	456	1	1245939411
32	456	1	1254611068
28	456	1	1254611426
39	456	1	1407975020
4	457	1	1129614866
4	458	1	1130395315
4	459	1	1130395330
4	460	1	1130395512
4	460	1	1130395528
11	460	1	1384632560
11	460	1	1384632830
11	460	1	1384632871
11	460	1	1384632888
11	460	1	1384634495
4	461	1	1130435962
4	461	1	1130436557
4	461	1	1130436687
4	461	1	1130438761
4	461	1	1130438968
4	461	1	1130440458
4	461	1	1130468286
4	461	1	1130468389
4	461	1	1130468438
4	462	1	1130440449
4	463	1	1130468496
4	464	1	1130468694
3	465	1	1131573318
4	465	1	1146526445
12	466	1	1133899137
12	466	1	1219243644
12	466	1	1231414473
12	467	1	1133901388
3	468	1	1135234553
4	468	1	1149186340
4	469	1	1135622630
40	470	1	1135912101
40	470	1	1212795718
40	471	1	1135912205
40	471	1	1212795798
41	472	1	1136187095
41	473	1	1136187110
4	474	1	1137134328
4	475	1	1137877844
4	476	1	1138429658
4	477	1	1138430092
4	478	1	1138430163
4	479	1	1138430193
4	480	1	1138430473
4	480	1	1138430632
4	480	1	1138443971
4	480	1	1138485410
4	480	1	1138487120
4	480	1	1138506690
4	480	1	1138870376
11	480	1	1384632269
11	480	1	1386197327
4	481	1	1138430606
4	482	1	1138431133
4	483	1	1138431165
4	483	1	1138431462
4	483	1	1138434288
4	483	1	1138434314
4	484	1	1138431430
4	485	1	1138433312
4	486	1	1138433419
4	487	1	1138433613
4	488	1	1138433701
4	489	1	1138433735
4	489	1	1138433757
4	489	1	1138483368
4	489	1	1138485122
4	489	1	1138485181
4	489	1	1138486915
4	490	1	1138433909
4	491	1	1138434067
4	492	1	1138434108
4	493	1	1138434140
4	493	1	1138434268
4	493	1	1138434629
4	493	1	1138435202
4	493	1	1138435337
4	493	1	1138437433
4	493	1	1138437456
4	493	1	1138438055
4	493	1	1138438649
4	493	1	1138439484
4	493	1	1138442436
4	493	1	1138443830
4	493	1	1138443873
4	494	1	1138434449
4	495	1	1138434604
4	496	1	1138434750
4	497	1	1138434882
4	498	1	1138434912
4	499	1	1138435059
4	500	1	1138435252
4	501	1	1138435871
4	502	1	1138436084
4	503	1	1138436263
4	504	1	1138436311
4	505	1	1138436449
4	506	1	1138436757
4	507	1	1138436834
4	508	1	1138436853
4	509	1	1138437322
4	510	1	1138437573
4	511	1	1138437733
4	512	1	1138438316
4	513	1	1138438644
4	514	1	1138439329
4	515	1	1138439503
4	516	1	1138439784
4	517	1	1138440024
4	518	1	1138440181
4	519	1	1138440265
4	520	1	1138440333
4	521	1	1138440861
4	522	1	1138440899
4	523	1	1138441020
4	524	1	1138441166
4	525	1	1138441347
4	526	1	1138441714
4	527	1	1138442147
4	528	1	1138442714
4	529	1	1138442821
4	530	1	1138443158
4	531	1	1138443222
4	532	1	1138443594
4	533	1	1138443706
4	534	1	1138483042
4	535	1	1138483185
4	536	1	1138483836
4	537	1	1138483980
4	538	1	1138484101
4	539	1	1138484358
4	540	1	1138484704
4	541	1	1138484817
4	542	1	1138486129
4	543	1	1138486449
4	544	1	1138486779
4	545	1	1138486884
4	546	1	1138487836
4	547	1	1138488152
4	548	1	1138488278
4	549	1	1138488301
4	549	1	1138488328
4	549	1	1138488936
4	549	1	1138488943
4	549	1	1138489291
4	549	1	1138498110
4	549	1	1138498775
4	549	1	1138500246
4	549	1	1138502646
4	549	1	1138503403
4	549	1	1138506409
4	549	1	1138506492
4	550	1	1138488561
4	551	1	1138488669
4	552	1	1138488905
4	553	1	1138489093
4	554	1	1138489254
4	555	1	1138489270
4	556	1	1138498064
4	557	1	1138498084
4	558	1	1138498560
4	559	1	1138498644
4	560	1	1138498750
4	561	1	1138498925
4	562	1	1138499025
4	563	1	1138499503
4	564	1	1138499576
4	565	1	1138499815
4	566	1	1138499918
4	567	1	1138499983
4	568	1	1138500233
4	569	1	1138501113
4	570	1	1138501429
4	571	1	1138501462
4	572	1	1138501503
4	573	1	1138501699
4	574	1	1138501702
4	575	1	1138501713
4	576	1	1138501835
4	577	1	1138501977
4	578	1	1138501981
4	579	1	1138502415
4	580	1	1138502427
4	581	1	1138502598
4	582	1	1138502609
4	583	1	1138502766
4	584	1	1138502831
4	585	1	1138503339
4	586	1	1138503351
4	587	1	1138503476
4	588	1	1138503695
4	589	1	1138503708
4	590	1	1138503942
4	591	1	1138503952
4	592	1	1138504133
4	593	1	1138504564
4	594	1	1138504596
4	595	1	1138504601
4	596	1	1138505890
4	597	1	1138505904
4	598	1	1138506246
4	599	1	1138506624
4	600	1	1138506899
4	601	1	1138506958
4	601	1	1138507424
4	601	1	1138567523
4	601	1	1138593388
4	602	1	1138506974
4	603	1	1139012354
4	604	1	1139012388
4	604	1	1139012408
4	605	1	1139013042
4	606	1	1139013157
4	607	1	1139473909
4	608	1	1139474201
4	609	1	1139475776
3	610	1	1140917797
4	610	1	1149186466
4	611	1	1142572499
4	612	1	1147726917
4	613	1	1147727742
4	613	1	1147728628
4	614	1	1147729178
4	615	1	1147730483
4	616	1	1147731288
4	617	1	1147731406
4	618	1	1147731442
4	619	1	1147731483
4	619	1	1147731530
4	619	1	1147731902
4	619	1	1147731918
4	619	1	1147732046
4	620	1	1147731489
4	621	1	1148674673
4	622	1	1148678871
4	623	1	1148678917
4	624	1	1148679387
4	625	1	1148679426
4	626	1	1148679741
4	627	1	1148680089
4	628	1	1148680127
4	630	1	1149186572
4	631	1	1150339261
4	631	1	1176081654
4	631	1	1176082710
4	632	1	1150340746
26	633	1	1154615428
35	634	1	1160953893
11	634	1	1384632576
35	635	1	1160954866
42	636	1	1174515155
42	636	1	1174515162
42	637	1	1174515454
43	638	1	1174844313
1	639	1	1175045187
44	639	1	1206677972
1	640	1	1175045585
29	640	1	1225245312
4	641	1	1176078680
4	642	1	1176078722
4	642	1	1176078747
4	643	1	1176078783
4	644	1	1176078860
4	644	1	1176078881
4	645	1	1176080897
4	646	1	1176082662
4	647	1	1181530127
4	647	1	1181530169
4	648	1	1181530775
4	648	1	1181530792
4	648	1	1181611817
4	648	1	1181852117
11	648	1	1384269289
11	648	1	1384632176
11	648	1	1386197347
4	649	1	1181530879
4	650	1	1181531057
4	650	1	1181531534
4	650	1	1181773306
4	651	1	1181532655
4	651	1	1181532788
4	651	1	1181532866
4	652	1	1181538072
4	652	1	1181538088
4	653	1	1181876717
4	653	1	1181877006
4	653	1	1181877090
4	653	1	1181951344
24	654	1	1181953162
45	654	1	1290871752
46	655	1	1183046180
29	655	1	1277172918
29	655	1	1277174613
4	656	1	1183237585
4	657	1	1183238326
4	657	1	1183238763
4	658	1	1183238822
4	658	1	1183238860
4	659	1	1183239589
47	659	1	1295999840
4	660	1	1183239815
4	660	1	1183241762
4	660	1	1183242170
4	661	1	1183241976
4	662	1	1184637022
4	662	1	1186677212
32	662	1	1254611117
4	663	1	1184637049
4	664	1	1184637186
7	664	1	1298729980
48	665	1	1185854211
48	666	1	1185854309
45	666	1	1290871762
49	667	1	1186421592
4	668	1	1186677395
4	669	1	1186677478
4	670	1	1186677674
4	671	1	1186677758
4	672	1	1186677814
4	673	1	1186677844
4	674	1	1186678110
4	675	1	1186678133
4	676	1	1186678494
4	677	1	1186678536
4	678	1	1186678583
50	679	1	1187982483
50	680	1	1187982627
29	681	1	1188089761
29	681	1	1319172723
29	681	1	1329450299
29	681	1	1329450735
51	682	1	1188422000
51	683	1	1188422095
52	684	1	1190651014
53	684	1	1279294746
52	685	1	1190651243
52	685	1	1190651269
52	685	1	1191004103
51	686	1	1191098301
54	687	1	1191513533
55	688	1	1192661441
55	688	1	1198974545
56	689	1	1196573495
8	690	1	1197738641
8	691	1	1197738655
57	692	1	1198367882
58	693	1	1200367300
58	694	1	1200367303
59	695	1	1200940904
59	696	1	1200940911
60	697	1	1201565340
60	698	1	1201565347
61	699	1	1203376124
2	700	1	1204619735
2	700	1	1204621147
2	700	1	1271883561
2	700	1	1271883985
2	700	1	1273636606
2	700	1	1273638338
2	701	1	1204620973
2	701	1	1205066427
2	701	1	1205345417
2	701	1	1228932094
2	701	1	1229648193
2	702	1	1205066391
4	702	1	1225762326
4	702	1	1231092693
27	703	1	1205506230
9	703	1	1312463519
25	703	1	1338933318
27	704	1	1205507117
25	704	1	1205512013
25	704	1	1205972598
25	704	1	1206292570
25	704	1	1206296556
25	704	1	1206615591
9	704	1	1312463519
25	704	1	1338933315
25	704	1	1338934485
27	705	1	1205509362
25	705	1	1205510871
25	705	1	1206289152
25	705	1	1206616249
62	705	1	1218793248
25	705	1	1338890593
25	705	1	1338914731
25	706	1	1205513302
62	706	1	1218793248
63	706	1	1312896965
27	707	1	1205549350
28	707	1	1254548049
28	707	1	1254548383
29	707	1	1271681599
55	708	1	1205869429
44	709	1	1205986000
44	710	1	1205986011
25	711	1	1206065483
62	711	1	1218793248
64	712	1	1206615571
59	713	1	1208480436
59	713	1	1210092307
29	713	1	1225429937
4	714	1	1209498963
4	714	1	1209522882
4	714	1	1209522897
4	715	1	1209501393
32	715	1	1254611279
4	716	1	1209501427
4	716	1	1209501492
4	716	1	1209504662
4	716	1	1209508066
4	717	1	1209501509
4	717	1	1209501526
4	717	1	1209503136
4	718	1	1209501550
4	719	1	1209501567
4	720	1	1209501591
4	721	1	1209501608
4	722	1	1209501628
4	723	1	1209501655
4	724	1	1209503165
4	724	1	1209504436
4	724	1	1209504488
4	725	1	1209503180
4	725	1	1209503226
4	726	1	1209504525
4	727	1	1209505858
4	727	1	1209508026
4	728	1	1209508112
4	729	1	1209508134
4	730	1	1231026824
38	730	1	1320229631
12	730	1	1320671100
4	731	1	1209523636
4	731	1	1209525635
4	732	1	1209526420
32	732	1	1254611269
4	733	1	1209526524
4	734	1	1209555284
13	734	1	1378005173
13	734	1	1378563606
65	735	1	1211980485
66	736	1	1212304626
66	736	1	1250282470
67	737	1	1212472725
67	738	1	1212472818
68	739	1	1212718631
68	739	1	1216950248
68	739	1	1321437688
22	739	1	1324287439
68	739	1	1349133132
68	739	1	1349163091
68	739	1	1349650506
69	740	1	1213742608
69	740	1	1213795188
69	740	1	1293352217
69	740	1	1372515935
70	741	1	1213954340
29	741	1	1277247116
71	742	1	1214076140
45	742	1	1290871782
69	743	1	1214142595
62	744	1	1218793248
62	745	1	1218793248
62	746	1	1218793248
25	746	1	1230514122
63	746	1	1312896984
72	747	1	1218989617
72	747	1	1232307944
73	748	1	1223549185
29	749	1	1225169414
74	750	1	1225304541
74	751	1	1225309166
74	752	1	1225313024
29	753	1	1225327336
29	754	1	1225351982
74	755	1	1225361196
74	755	1	1226318810
74	756	1	1225369998
74	757	1	1225374396
74	758	1	1225452380
74	758	1	1225474926
74	758	1	1225583328
74	758	1	1225598179
74	758	1	1225649981
74	758	1	1225680906
74	758	1	1225721839
74	758	1	1225773023
74	758	1	1225831501
74	758	1	1225859207
74	758	1	1225875380
74	758	1	1226004679
74	758	1	1226377099
74	758	1	1226403337
74	758	1	1226483507
74	758	1	1226496915
74	758	1	1226597721
74	758	1	1226939456
74	758	1	1226946652
74	758	1	1226968241
74	758	1	1227101618
74	758	1	1227875620
74	758	1	1228203076
74	758	1	1229409315
74	758	1	1230222865
74	758	1	1230237315
74	758	1	1230766462
74	758	1	1231582254
74	758	1	1232066114
74	758	1	1232469398
74	758	1	1232477668
74	758	1	1233054780
74	758	1	1233095735
74	758	1	1233120968
74	758	1	1233207308
74	758	1	1233554925
74	758	1	1234446214
74	758	1	1234762581
74	758	1	1234765847
74	758	1	1234946289
74	758	1	1235324313
74	758	1	1235493381
74	758	1	1236126797
74	758	1	1237332675
74	758	1	1237338017
74	758	1	1238042183
74	758	1	1238715396
74	758	1	1240461288
29	759	1	1225529536
29	760	1	1225583755
29	761	1	1225678518
11	764	1	1384266967
29	765	1	1225770460
29	766	1	1225860081
54	766	1	1381013753
54	766	1	1418741181
74	767	1	1225926824
74	768	1	1225939570
74	769	1	1225956319
74	769	1	1226308672
74	770	1	1226219370
29	771	1	1226471158
75	772	1	1226490949
75	773	1	1226502362
29	774	1	1227249517
29	775	1	1227883739
76	776	1	1229317457
2	777	1	1229648193
77	778	1	1229785423
2	779	1	1230164421
2	779	1	1230166254
2	779	1	1230244018
2	779	1	1230246853
2	779	1	1230256382
2	779	1	1230256886
2	780	1	1230237964
4	781	1	1231094769
4	781	1	1231094789
4	781	1	1231094845
32	781	1	1254611078
4	782	1	1231094811
4	783	1	1231094864
4	784	1	1231094885
4	785	1	1231094911
4	786	1	1231094943
4	787	1	1231094999
4	788	1	1231095446
11	789	1	1384644322
4	790	1	1231814006
4	790	1	1231814303
32	790	1	1254611088
4	791	1	1231814287
4	792	1	1231814396
4	793	1	1231815984
4	793	1	1231817036
4	793	1	1231817080
29	794	1	1234149381
29	795	1	1234563826
29	796	1	1235275451
29	797	1	1235279719
74	798	1	1237294287
29	799	1	1237616388
78	800	1	1237740817
79	801	1	1237741868
45	801	1	1290871792
34	802	1	1238746132
34	803	1	1238746142
20	804	1	1239281424
29	805	1	1239502189
29	806	1	1239579127
29	807	1	1239582533
29	808	1	1240007580
29	809	1	1240015580
29	810	1	1240078949
29	811	1	1240088135
17	812	1	1242278978
17	812	1	1242279213
17	812	1	1242279226
17	812	1	1264049142
17	812	1	1264052792
17	812	1	1264052826
17	812	1	1264052834
17	812	1	1270167828
17	812	1	1270167843
17	812	1	1270167887
17	812	1	1270175041
17	812	1	1275794813
17	812	1	1275794842
17	812	1	1275797683
17	812	1	1275797720
17	812	1	1275797730
17	812	1	1275797834
17	812	1	1276251098
17	813	1	1242282335
17	813	1	1242282359
17	813	1	1242282410
17	813	1	1242540989
17	813	1	1264052654
17	813	1	1264052743
17	813	1	1270167863
17	813	1	1270175165
17	813	1	1270177510
17	813	1	1275795804
17	813	1	1275796092
17	813	1	1275796195
17	813	1	1275796511
17	813	1	1275797666
17	813	1	1275797707
80	814	1	1242926109
81	815	1	1243470447
81	815	1	1296951640
81	816	1	1243472185
82	817	1	1244733185
83	818	1	1246041401
83	819	1	1246041408
83	820	1	1246041412
84	821	1	1246603072
16	821	1	1429220394
85	822	1	1248101302
29	823	1	1251832456
29	824	1	1252735038
29	825	1	1252741882
29	826	1	1252815591
86	827	1	1252817707
29	827	1	1264237148
28	828	1	1254558070
32	828	1	1254560403
32	828	1	1254759308
32	828	1	1256243255
32	828	1	1259494525
32	828	1	1300487900
32	828	1	1328465731
28	829	1	1254611286
32	829	1	1254759428
32	829	1	1256243085
32	829	1	1259495897
32	829	1	1275654631
32	829	1	1300487970
32	829	1	1327526390
32	829	1	1328466557
87	830	1	1257082093
88	831	1	1257189626
89	832	1	1257309600
7	833	1	1257811490
90	834	1	1258798306
45	834	1	1290871772
91	835	1	1259856962
92	836	1	1260263207
93	837	1	1263774998
17	838	1	1264052743
45	838	1	1290872193
94	839	1	1264286833
94	839	1	1356782847
64	840	1	1264309011
29	841	1	1264467248
29	842	1	1264473242
29	843	1	1264551850
29	844	1	1264720755
29	845	1	1264731998
29	846	1	1264919023
29	847	1	1264921475
29	848	1	1264923165
29	849	1	1266706446
29	849	1	1379473274
29	850	1	1266717324
95	851	1	1268600772
96	852	1	1268816400
96	852	1	1274793901
17	853	1	1270167863
17	854	1	1270170234
17	854	1	1270174923
17	854	1	1270174943
17	854	1	1270175051
17	854	1	1270175214
17	854	1	1275797640
17	855	1	1270174923
17	856	1	1270175041
97	857	1	1270199971
97	857	1	1379154680
97	858	1	1270468052
97	858	1	1379154676
97	859	1	1270656183
97	859	1	1379154672
29	860	1	1271126867
29	861	1	1271681534
29	861	1	1271681580
29	862	1	1271682517
2	863	1	1273627989
2	864	1	1273628034
2	865	1	1273628077
2	866	1	1273634164
2	866	1	1273639379
2	866	1	1273774272
2	866	1	1273900688
2	866	1	1296425095
2	866	1	1296425127
2	867	1	1273639298
2	867	1	1273688532
2	867	1	1273711818
2	867	1	1273712631
2	867	1	1273712812
2	867	1	1273712922
2	867	1	1273726440
2	868	1	1275201370
11	868	1	1384268314
11	868	1	1384268394
17	869	1	1275797707
17	870	1	1275797730
17	871	1	1275801172
17	871	1	1276251347
17	871	1	1276251585
98	872	1	1276237920
17	873	1	1276251958
29	874	1	1276992316
29	875	1	1277066019
29	876	1	1277158806
29	877	1	1277167759
29	878	1	1277178714
29	879	1	1277180226
29	880	1	1277578826
29	880	1	1289164476
99	880	1	1308757626
99	880	1	1309105800
99	880	1	1322673435
99	880	1	1356640378
99	880	1	1356640765
99	880	1	1356641243
99	880	1	1356692034
17	881	1	1278218979
53	882	1	1279294747
29	883	1	1280795495
29	884	1	1280799582
100	885	1	1280959831
100	885	1	1281005515
100	886	1	1281096572
29	887	1	1281148938
29	888	1	1281152956
29	889	1	1281154664
29	890	1	1281158064
100	891	1	1281177693
29	891	1	1289163193
99	891	1	1308798166
99	891	1	1309109570
99	891	1	1356640973
99	891	1	1356641226
29	892	1	1281232461
29	893	1	1281234265
100	894	1	1281258131
31	894	1	1411054324
45	895	1	1281992920
45	896	1	1281992931
101	897	1	1282092643
102	897	1	1422983187
101	898	1	1282092654
102	898	1	1422983188
103	899	1	1282432527
29	900	1	1283020600
104	901	1	1283391340
104	901	1	1284613791
104	901	1	1284614041
54	901	1	1408317628
29	902	1	1283392957
104	903	1	1283408494
105	904	1	1284220829
106	905	1	1285019685
104	906	1	1285791188
104	906	1	1285791709
107	907	1	1286190627
104	908	1	1286348754
108	909	1	1286698998
108	910	1	1286699009
108	910	1	1316862195
109	911	1	1286860553
29	912	1	1287259492
29	913	1	1287261194
110	914	1	1287686058
29	915	1	1289159955
29	916	1	1289172569
104	917	1	1289953725
104	917	1	1291476912
104	917	1	1295305763
111	917	1	1327098531
112	917	1	1337663120
112	917	1	1342549121
112	917	1	1349131672
112	917	1	1360201012
17	918	1	1264049142
45	918	1	1290871611
17	919	1	1293158836
17	919	1	1293160410
17	919	1	1293160421
17	919	1	1293160984
17	919	1	1293161048
17	920	1	1293160385
17	921	1	1293160929
17	921	1	1293160945
17	922	1	1293162683
17	922	1	1293330434
17	922	1	1293429863
11	922	1	1384672104
11	922	1	1384672834
11	922	1	1384673421
45	923	1	1293738483
113	924	1	1294088336
2	925	1	1295405257
29	926	1	1296442312
29	926	1	1333237087
114	926	1	1390288547
29	927	1	1296448449
29	928	1	1296528497
29	929	1	1296616810
29	930	1	1296783587
29	931	1	1298435424
7	932	1	1298730013
115	933	1	1299163938
116	934	1	1300988854
29	936	1	1301869577
117	937	1	1301921529
104	938	1	1302754679
29	939	1	1302977739
45	939	1	1331469700
29	940	1	1302982280
29	941	1	1302994145
29	942	1	1303350664
118	943	1	1304162554
119	944	1	1304399050
119	944	1	1388859190
29	945	1	1304813492
29	945	1	1333910842
120	946	1	1306224229
120	946	1	1314527175
104	947	1	1306518446
121	948	1	1307396136
122	948	1	1332349749
123	949	1	1308096402
99	950	1	1308808435
99	950	1	1308812329
99	951	1	1308811744
99	951	1	1308812050
124	952	1	1309248172
124	952	1	1331452465
124	952	1	1401150895
125	953	1	1309512832
125	954	1	1309526292
125	955	1	1309536578
99	956	1	1309541470
29	957	1	1309569896
29	958	1	1309578667
29	959	1	1309582743
29	960	1	1309622813
126	960	1	1320094401
29	961	1	1309631727
127	962	1	1311110819
128	963	1	1311225487
128	964	1	1311225494
129	965	1	1311359466
9	966	1	1312463519
9	967	1	1312463519
130	968	1	1313251459
131	969	1	1313792168
29	970	1	1314240985
29	970	1	1422211585
29	971	1	1315762896
29	972	1	1315764487
29	973	1	1315766351
29	974	1	1315771919
132	975	1	1316290420
122	976	1	1318460352
133	977	1	1318480785
29	978	1	1318972640
104	979	1	1319840823
104	979	1	1429211996
134	980	1	1319974254
102	980	1	1497567359
126	981	1	1320094401
135	982	1	1320324492
29	982	1	1346638914
136	983	1	1320839785
136	984	1	1320839817
137	985	1	1321040305
138	986	1	1321068634
137	987	1	1321204937
137	988	1	1321204938
137	988	1	1321205162
29	989	1	1321713954
139	989	1	1410804565
29	990	1	1321762536
29	991	1	1321847983
29	992	1	1321919083
29	993	1	1321922714
29	993	1	1322092559
29	994	1	1321926939
29	994	1	1322094300
99	995	1	1321985534
99	996	1	1321991458
99	997	1	1322029074
29	998	1	1322096323
29	998	1	1322096481
29	999	1	1322097738
29	1000	1	1322098937
18	1001	1	1322261745
29	1002	1	1323015139
29	1003	1	1323046062
29	1004	1	1323049776
22	1005	1	1324287566
122	1006	1	1325892724
122	1006	1	1325963929
104	1007	1	1326327262
122	1008	1	1328126489
29	1009	1	1329069692
140	1010	1	1329729125
122	1011	1	1329742408
122	1012	1	1329748424
111	1012	1	1329751843
99	1013	1	1329829341
99	1014	1	1329833660
99	1014	1	1356632860
141	1015	1	1330149149
95	1016	1	1330558906
45	1017	1	1330619572
45	1018	1	1330702079
29	1019	1	1332039209
29	1020	1	1333243733
29	1021	1	1333419014
29	1022	1	1333499710
29	1022	1	1333581928
29	1023	1	1333586968
29	1024	1	1333904643
29	1025	1	1333906681
122	1026	1	1334109871
29	1027	1	1334509497
29	1028	1	1336323117
142	1029	1	1338008300
142	1030	1	1338014033
122	1031	1	1338316685
143	1032	1	1338437566
143	1032	1	1338440558
143	1032	1	1342490072
29	1033	1	1338649278
29	1034	1	1338655617
29	1035	1	1338659582
122	1036	1	1339329124
122	1037	1	1339329638
29	1038	1	1339378270
29	1039	1	1339992740
144	1040	1	1340570380
122	1041	1	1340663532
29	1042	1	1341259048
29	1042	1	1344109862
29	1043	1	1341261811
145	1044	1	1342274601
29	1044	1	1344218860
29	1044	1	1344225085
29	1045	1	1344111534
146	1046	1	1344244531
29	1047	1	1344379673
147	1048	1	1345567451
147	1048	1	1345578852
147	1048	1	1345581958
147	1048	1	1345582013
147	1048	1	1345582030
148	1049	1	1346356190
148	1050	1	1346430678
149	1050	1	1347097395
149	1051	1	1346442141
29	1052	1	1346627116
29	1053	1	1346632867
29	1054	1	1346636884
150	1056	1	1348932231
68	1057	1	1349650537
45	1058	1	1351190649
45	1059	1	1351239472
45	1060	1	1351242901
45	1061	1	1351242910
151	1062	1	1354069083
29	1063	1	1355087652
29	1064	1	1355091464
29	1065	1	1355105498
29	1066	1	1355108859
29	1067	1	1355112673
152	1068	1	1355251809
153	1069	1	1355664206
154	1070	1	1355724753
155	1071	1	1358802826
155	1072	1	1358802987
122	1073	1	1359578115
122	1074	1	1359578274
13	1075	1	1359665768
54	1075	1	1418741144
122	1076	1	1359902971
122	1077	1	1359905930
152	1078	1	1359909289
29	1079	1	1360030540
156	1079	1	1417131911
156	1079	1	1487246213
29	1080	1	1360034888
29	1081	1	1361155224
122	1082	1	1361230680
157	1083	1	1362501851
158	1084	1	1363198802
158	1085	1	1363198812
29	1086	1	1364142283
29	1087	1	1364146375
29	1088	1	1364161382
29	1089	1	1364172816
29	1090	1	1364174666
159	1090	1	1451502329
160	1091	1	1365245976
161	1092	1	1366075100
122	1093	1	1367171283
122	1093	1	1367171539
162	1094	1	1367352155
159	1094	1	1451502180
163	1095	1	1368439855
163	1095	1	1376140773
29	1095	1	1381706470
163	1095	1	1384697152
163	1095	1	1408418862
29	1096	1	1370215672
164	1097	1	1370337247
163	1098	1	1370605054
163	1098	1	1376055699
163	1098	1	1382846302
163	1098	1	1382858935
163	1098	1	1382860189
29	1099	1	1372733514
29	1100	1	1372820625
165	1101	1	1373852521
29	1101	1	1381682286
166	1102	1	1374243114
163	1103	1	1376142037
163	1103	1	1382877003
163	1103	1	1382877408
163	1103	1	1382931328
167	1104	1	1376680059
167	1105	1	1377989353
13	1106	1	1378005152
13	1106	1	1378563650
5	1106	1	1383334542
168	1107	1	1378034488
169	1107	1	1402400791
97	1108	1	1379154759
97	1109	1	1379154763
29	1110	1	1379280962
29	1111	1	1379302398
159	1111	1	1451502271
29	1112	1	1379463677
29	1113	1	1379467397
29	1114	1	1379560691
29	1115	1	1379562394
29	1116	1	1379563740
29	1117	1	1379897139
29	1118	1	1379898938
170	1119	1	1379930498
170	1119	1	1385383304
29	1120	1	1380159561
29	1121	1	1380163793
29	1122	1	1380395864
29	1123	1	1380397243
29	1124	1	1380400886
171	1124	1	1385795120
171	1124	1	1388051039
171	1124	1	1391246143
29	1124	1	1408626399
172	1124	1	1411917868
139	1124	1	1411919439
29	1124	1	1413772304
29	1124	1	1438465465
29	1125	1	1380407452
171	1125	1	1385472916
171	1125	1	1386741641
171	1125	1	1391653993
171	1125	1	1393934093
171	1125	1	1396081920
172	1125	1	1411917868
139	1125	1	1411919439
29	1125	1	1414897825
29	1126	1	1381683760
29	1127	1	1381723230
102	1127	1	1450286790
173	1128	1	1382940294
174	1129	1	1383339821
11	1130	1	1384267837
11	1131	1	1384268314
11	1132	1	1384632121
175	1133	1	1384698220
176	1134	1	1384747631
13	1134	1	1384784234
14	1135	1	1386599530
14	1135	1	1386599554
14	1136	1	1386599544
177	1137	1	1387293060
29	1138	1	1390174795
102	1138	1	1487197122
29	1139	1	1390254083
29	1140	1	1390265216
178	1141	1	1390299415
179	1142	1	1391134759
180	1143	1	1392384179
180	1144	1	1392391341
29	1145	1	1393563069
29	1145	1	1393563667
29	1146	1	1393570953
181	1147	1	1394357148
13	1148	1	1394756450
182	1149	1	1395183416
182	1149	1	1395422184
182	1149	1	1396575980
183	1150	1	1396562376
169	1151	1	1396596347
169	1151	1	1396596382
184	1152	1	1396955614
185	1153	1	1399228643
185	1153	1	1399228867
185	1153	1	1399228884
186	1154	1	1400072571
187	1155	1	1402931105
15	1156	1	1403183367
188	1157	1	1404160775
54	1158	1	1408317628
29	1159	1	1408757580
29	1160	1	1409106193
29	1161	1	1410622413
189	1161	1	1447388195
29	1162	1	1410709493
190	1163	1	1410795915
139	1164	1	1410804565
25	1164	1	1410846595
139	1165	1	1410804565
29	1166	1	1411003438
189	1166	1	1447384084
172	1167	1	1411917868
5	1167	1	1412709212
172	1168	1	1411917868
5	1168	1	1412709241
139	1169	1	1411919439
139	1170	1	1411919440
191	1171	1	1413409309
29	1172	1	1413766568
13	1173	1	1415494829
29	1174	1	1416713944
102	1174	1	1472035027
102	1174	1	1472118895
29	1175	1	1416721076
102	1175	1	1472035026
102	1175	1	1472118895
156	1176	1	1417131911
156	1177	1	1417131912
29	1178	1	1417320987
192	1179	1	1418656142
29	1180	1	1421017287
29	1181	1	1421111467
29	1182	1	1421115461
29	1183	1	1421119518
29	1183	1	1423374811
22	1183	1	1424432053
102	1184	1	1422983187
102	1185	1	1422983188
29	1186	1	1423377184
22	1186	1	1424432053
29	1187	1	1423708153
29	1188	1	1423940247
29	1189	1	1424392533
102	1189	1	1438202271
22	1190	1	1424432053
22	1191	1	1424432053
29	1192	1	1424582696
102	1192	1	1438202124
29	1193	1	1424584819
15	1194	1	1426616354
16	1194	1	1429220397
15	1194	1	1429220770
15	1195	1	1426616354
15	1196	1	1426616354
16	1196	1	1429220393
15	1196	1	1429220770
15	1197	1	1426616354
16	1197	1	1429220394
15	1197	1	1429220770
15	1198	1	1426616354
15	1199	1	1426616354
16	1199	1	1429220394
15	1199	1	1429220770
15	1200	1	1426616354
16	1200	1	1429220397
15	1200	1	1429220770
15	1201	1	1426616354
16	1201	1	1429220394
15	1201	1	1429220770
15	1202	1	1426616354
16	1202	1	1429220393
15	1202	1	1429220770
15	1203	1	1426616354
16	1203	1	1429220393
15	1203	1	1429220770
15	1204	1	1426616354
15	1205	1	1426616354
16	1205	1	1429220393
15	1205	1	1429220770
29	1206	1	1426641707
104	1207	1	1429211996
102	1208	1	1438202124
102	1209	1	1438202271
193	1210	1	1438644560
194	1211	1	1442432428
194	1212	1	1442432428
194	1213	1	1442432428
194	1214	1	1442432428
194	1215	1	1442432428
194	1216	1	1442432428
194	1217	1	1442432428
194	1218	1	1442432428
194	1219	1	1442432428
194	1220	1	1442432428
194	1221	1	1442475863
194	1222	1	1442475863
194	1223	1	1442475864
193	1224	1	1443815554
193	1225	1	1443815555
193	1226	1	1443815555
193	1227	1	1443815555
193	1228	1	1443815555
193	1229	1	1443815555
193	1230	1	1443815556
102	1231	1	1450286790
102	1232	1	1450290247
159	1233	1	1451502181
159	1234	1	1451502271
159	1235	1	1451502329
102	1236	1	1461695635
159	1237	1	1462383635
102	1238	1	1472118895
102	1239	1	1472118895
102	1240	1	1487197122
156	1241	1	1487246214
102	1242	1	1497567359
