1	1	1	1103615689
1	1	1	1119696838
1	1	1	1135234517
1	1	1	1140917763
2	1	1	1144372199
1	2	1	1103615689
1	2	1	1119696839
1	2	1	1140917765
2	2	1	1142997916
2	2	1	1142997967
3	2	1	1172778612
4	3	1	1133448280
4	4	1	1133448298
5	5	1	1135911539
5	5	1	1212795495
5	6	1	1135911606
5	6	1	1212795532
6	7	1	1137109022
7	8	1	1137186597
7	8	1	1137186607
7	9	1	1137186642
8	10	1	1143249760
3	11	1	1167845343
3	11	1	1167933033
3	11	1	1169657940
2	11	1	1172695426
3	11	1	1184534023
3	12	1	1168846622
9	12	1	1170507165
3	12	1	1171277882
2	12	1	1172848947
10	12	1	1172915475
10	12	1	1172915535
2	12	1	1172967800
2	12	1	1172967820
11	12	1	1177433215
3	13	1	1169657976
3	13	1	1169658064
3	13	1	1170680387
3	13	1	1170932952
3	13	1	1172503338
3	13	1	1172508113
2	13	1	1172695356
10	14	1	1170583446
12	15	1	1170641438
13	15	1	1225245284
14	16	1	1172766203
10	16	1	1172915758
10	16	1	1172915784
3	17	1	1172916176
3	18	1	1172923598
3	19	1	1172923818
3	20	1	1172995915
3	21	1	1172995963
3	22	1	1172996075
3	23	1	1172996133
3	24	1	1172996191
3	25	1	1172996252
3	26	1	1172996300
3	27	1	1174213614
3	28	1	1174214124
3	29	1	1174214180
3	30	1	1174214259
3	31	1	1174214309
3	32	1	1177064832
3	33	1	1177065000
3	34	1	1177065130
3	35	1	1177065249
3	36	1	1177065361
3	37	1	1177065435
3	38	1	1177065616
3	39	1	1177065689
3	40	1	1177065797
3	41	1	1177065866
3	42	1	1177065936
3	43	1	1177066001
3	44	1	1177066037
3	45	1	1177066094
3	46	1	1177066154
3	47	1	1177066189
3	48	1	1177066221
11	49	1	1177433101
3	50	1	1177774938
3	51	1	1177775038
3	52	1	1177775256
3	53	1	1177775359
3	54	1	1177775536
3	55	1	1177775622
3	56	1	1177795648
3	57	1	1177835916
3	58	1	1180255058
3	59	1	1180255135
3	59	1	1180255216
3	60	1	1180255291
3	61	1	1180255346
3	62	1	1180275830
3	63	1	1180275903
2	63	1	1208636871
13	64	1	1182665895
15	65	1	1183043515
13	65	1	1277172916
13	65	1	1277174612
16	66	1	1185854066
16	67	1	1185854340
17	68	1	1186421086
18	69	1	1187982477
18	70	1	1187982632
19	71	1	1188421196
19	72	1	1191098247
20	73	1	1191512914
21	74	1	1191891260
22	74	1	1279294456
23	75	1	1192528656
23	75	1	1198974282
24	76	1	1196573438
25	77	1	1197973798
26	78	1	1200367060
26	79	1	1200367063
27	80	1	1200940135
27	81	1	1200940141
28	82	1	1203207335
29	83	1	1203375407
30	84	1	1204495818
30	84	1	1223507039
31	85	1	1205506187
32	85	1	1312463936
31	86	1	1205507236
33	86	1	1205512098
33	86	1	1205972482
33	86	1	1206292395
33	86	1	1206296649
33	86	1	1206615424
32	86	1	1312463936
31	87	1	1205509099
33	87	1	1205510975
33	87	1	1206289261
33	87	1	1206616086
33	88	1	1205513122
34	88	1	1326565239
35	89	1	1205985846
35	90	1	1205985857
33	91	1	1206064351
36	92	1	1206615433
27	93	1	1208479920
27	93	1	1210092020
13	93	1	1225429932
2	94	1	1208636275
2	95	1	1208636360
2	95	1	1208636992
2	95	1	1208653035
2	95	1	1209084428
34	95	1	1338232221
20	95	1	1371095308
2	96	1	1208636639
2	96	1	1209084413
2	97	1	1208648260
2	98	1	1208652972
2	98	1	1208652994
2	98	1	1208654564
2	98	1	1209084466
2	98	1	1209084487
37	99	1	1219243323
13	100	1	1225169404
13	101	1	1225327314
13	102	1	1225351977
13	103	1	1225529532
38	103	1	1234466070
13	104	1	1225583744
13	105	1	1225678510
13	106	1	1225770451
13	107	1	1225860015
13	108	1	1226471152
13	109	1	1227249511
13	110	1	1227883730
13	111	1	1234149343
13	112	1	1234563821
13	113	1	1235207467
13	114	1	1235275447
13	115	1	1235279716
13	116	1	1237616384
13	117	1	1239502185
13	118	1	1239579124
13	119	1	1239582529
13	120	1	1240007575
13	121	1	1240015576
13	122	1	1240078945
13	123	1	1240088132
39	124	1	1243470216
39	125	1	1243470235
39	125	1	1243470242
13	126	1	1251832449
13	127	1	1252735033
13	128	1	1252741859
13	129	1	1252815584
13	130	1	1264237146
13	131	1	1264291992
36	132	1	1264308781
13	133	1	1264389183
13	134	1	1264467246
13	135	1	1264469371
13	136	1	1264473241
13	137	1	1264551848
13	138	1	1264720753
13	139	1	1264731996
13	140	1	1264919021
13	141	1	1264921473
13	142	1	1264923163
13	143	1	1266706444
13	144	1	1266717322
40	145	1	1268582684
40	146	1	1268600761
13	147	1	1271126865
13	148	1	1276992315
13	149	1	1277066018
13	150	1	1277158803
13	151	1	1277167757
13	152	1	1277178713
13	153	1	1277180224
13	154	1	1277247114
13	155	1	1277578824
13	155	1	1289164474
41	155	1	1308757543
41	155	1	1309105780
41	155	1	1322673379
22	156	1	1279294456
13	157	1	1280795493
13	158	1	1280799580
13	159	1	1281148936
13	160	1	1281152954
13	161	1	1281154662
13	162	1	1281158063
13	163	1	1281232459
13	164	1	1281234263
13	165	1	1283020599
13	166	1	1283392955
13	167	1	1283395725
13	168	1	1283476915
13	169	1	1289159952
13	170	1	1289163191
41	170	1	1308798131
41	170	1	1309109549
13	171	1	1289172565
42	172	1	1293738471
13	173	1	1296442311
13	174	1	1296448447
13	175	1	1296528495
13	176	1	1296616808
13	177	1	1296783585
13	178	1	1298435423
13	179	1	1301869576
13	180	1	1302977737
13	181	1	1302982279
13	182	1	1302994144
13	183	1	1303350662
13	184	1	1304813489
41	185	1	1308808403
41	185	1	1308812300
41	186	1	1308811727
41	186	1	1308812031
41	187	1	1309539284
41	188	1	1309541454
32	189	1	1312463936
32	190	1	1312463936
42	191	1	1317548636
42	192	1	1317548647
42	193	1	1317548706
42	193	1	1317548744
41	194	1	1321990407
41	194	1	1321991159
41	195	1	1322029023
42	196	1	1329306299
13	197	1	1421017283
13	198	1	1424392530
43	198	1	1438202124
13	199	1	1424582693
43	199	1	1438202123
13	200	1	1424584817
44	201	1	1426616273
45	201	1	1429212674
44	201	1	1429212927
44	202	1	1426616273
45	202	1	1429212674
44	202	1	1429212927
44	203	1	1426616273
45	203	1	1429212674
44	203	1	1429212928
44	204	1	1426616273
45	204	1	1429212674
44	204	1	1429212928
44	205	1	1426616273
45	205	1	1429212674
44	205	1	1429212941
44	206	1	1426616273
45	206	1	1429212674
44	206	1	1429212928
44	207	1	1426616273
44	208	1	1426616273
44	209	1	1426616273
45	209	1	1429212674
44	209	1	1429212944
44	210	1	1426616273
45	210	1	1429212674
44	210	1	1429212942
44	211	1	1426616273
45	211	1	1429212674
44	211	1	1429212944
44	212	1	1426616273
45	212	1	1429212679
44	212	1	1429212944
44	213	1	1426616273
45	213	1	1429212678
44	213	1	1429212944
13	214	1	1426641704
43	215	1	1438202124
43	216	1	1438202124
46	217	1	1438644554
46	218	1	1443815541
46	219	1	1443815542
46	220	1	1443815542
46	221	1	1443815542
46	222	1	1443815542
46	223	1	1443815542
46	224	1	1443815542
