1	1	1	1126028966
1	1	1	1138576000
2	1	1	1145138875
3	1	1	1152998011
3	1	1	1152998105
3	1	1	1153148149
4	1	1	1153394329
4	1	1	1153394436
4	1	1	1153394524
4	1	1	1153394663
4	1	1	1153394990
4	1	1	1153395170
4	1	1	1153395246
4	1	1	1153395337
4	1	1	1153395376
4	1	1	1153395426
4	1	1	1153395477
4	1	1	1153420525
4	1	1	1153420854
4	1	1	1153421210
4	1	1	1153421463
4	1	1	1153421804
4	1	1	1153509744
4	1	1	1153509842
5	1	1	1154407512
6	1	1	1175366788
6	1	1	1175367033
7	1	1	1209381229
7	1	1	1209429317
8	1	1	1219417649
9	1	1	1232178633
9	1	1	1232178809
9	1	1	1232179046
7	1	1	1233075712
10	1	1	1297808588
11	1	1	1300351219
11	1	1	1300351494
11	1	1	1300351729
11	1	1	1300352601
11	1	1	1300353058
11	1	1	1300353115
11	1	1	1300353336
12	1	1	1350115736
13	1	1	1350666320
14	1	1	1370587265
14	1	1	1370587695
14	1	1	1370587864
14	1	1	1370588091
14	1	1	1370608613
14	1	1	1372750225
14	1	1	1372753351
14	1	1	1372754017
14	1	1	1372925426
14	1	1	1372925829
14	1	1	1373608433
14	1	1	1373612346
14	1	1	1373632559
14	1	1	1374476458
14	1	1	1374478144
14	1	1	1375094377
14	1	1	1375095715
15	1	1	1394429174
16	1	1	1398690814
17	1	1	1398977021
16	1	1	1399638711
16	1	1	1399638759
16	1	1	1399638791
16	1	1	1400592965
18	1	1	1455653119
19	1	1	1462454280
19	1	1	1462454291
20	1	1	1467141503
20	1	1	1467141667
20	1	1	1467142374
20	1	1	1467142443
20	1	1	1467142544
20	1	1	1467142857
20	1	1	1467143040
20	1	1	1467181426
21	1	1	1468765104
21	1	1	1469168144
22	1	1	1473175255
23	2	1	1098993084
24	2	1	1134774418
24	2	1	1138294151
1	2	1	1169446853
1	3	1	1133242666
1	3	1	1138576180
1	3	1	1151257075
25	3	1	1429233841
26	4	1	1133665568
24	4	1	1134774408
24	4	1	1135914219
24	4	1	1138294156
26	5	1	1133665744
26	6	1	1133665761
24	7	1	1134774359
24	7	1	1135040844
24	7	1	1135662786
24	7	1	1136530025
24	7	1	1137424197
24	7	1	1137572586
5	7	1	1154407512
27	7	1	1354131711
14	7	1	1374567452
28	7	1	1415986492
29	7	1	1466752550
24	8	1	1134774376
24	8	1	1135040866
24	8	1	1135662755
24	8	1	1136530031
2	9	1	1135241855
2	9	1	1443434757
2	10	1	1135241933
2	10	1	1135699663
2	10	1	1140646493
2	10	1	1140690091
2	13	1	1140689811
2	13	1	1140690062
2	15	1	1145137547
30	16	1	1145959258
4	18	1	1153349067
4	19	1	1153349864
4	20	1	1153395733
4	20	1	1153395833
4	20	1	1153421585
4	20	1	1153421652
4	20	1	1153421693
14	20	1	1372764443
14	20	1	1372764488
4	21	1	1153422434
4	21	1	1153422573
4	21	1	1153422671
14	21	1	1374566302
14	21	1	1374566325
4	22	1	1153423244
4	22	1	1153423412
4	22	1	1153423596
14	22	1	1374563655
14	22	1	1374563704
4	23	1	1153423716
14	23	1	1375080712
14	23	1	1375080734
4	24	1	1153423965
14	24	1	1372750926
14	24	1	1372751064
14	24	1	1372753558
4	25	1	1153424143
14	25	1	1374566208
14	25	1	1374566228
4	26	1	1153424278
14	26	1	1374474745
14	26	1	1374474774
4	27	1	1153424747
14	27	1	1373697774
14	27	1	1373697866
4	28	1	1153424984
14	28	1	1372937960
14	28	1	1372937992
4	29	1	1153425120
14	29	1	1375089887
14	29	1	1375089907
4	30	1	1153425239
14	30	1	1372764704
14	30	1	1372764750
4	31	1	1153425611
14	31	1	1372752919
14	31	1	1372752949
14	31	1	1372753823
4	32	1	1153425757
14	32	1	1375091262
14	32	1	1375091308
4	33	1	1153425934
14	33	1	1374475580
14	33	1	1374475611
4	34	1	1153426139
14	34	1	1372937639
14	34	1	1372937719
4	35	1	1153426343
4	36	1	1153426518
14	36	1	1375081386
14	36	1	1375081410
4	37	1	1153426657
10	37	1	1297812292
4	38	1	1153426772
14	38	1	1374474447
14	38	1	1374474521
14	38	1	1374474545
4	39	1	1153426909
14	39	1	1372938379
14	39	1	1372938412
4	40	1	1153427006
14	40	1	1372927096
14	40	1	1372927124
14	40	1	1372927238
4	41	1	1153427121
14	41	1	1372927551
14	41	1	1372927578
4	42	1	1153427304
14	42	1	1375081287
14	42	1	1375081316
4	43	1	1153427562
14	43	1	1373698411
14	43	1	1373698452
4	44	1	1153427673
14	44	1	1372926022
14	44	1	1372926046
4	45	1	1153427808
14	45	1	1374565851
14	45	1	1374565872
4	46	1	1153427981
4	46	1	1153428002
14	46	1	1372763393
14	46	1	1372926989
4	47	1	1153428124
14	47	1	1372752726
14	47	1	1372752761
14	47	1	1372753795
4	48	1	1153428434
14	48	1	1372763568
14	48	1	1372763630
4	49	1	1153428541
14	49	1	1372937817
14	49	1	1372937851
4	50	1	1153428716
14	50	1	1374475491
14	50	1	1374475511
4	51	1	1153428833
14	51	1	1372755372
14	51	1	1372755472
4	52	1	1153428950
14	52	1	1372762315
14	52	1	1372762392
4	53	1	1153429046
14	53	1	1372926651
14	53	1	1372926792
4	54	1	1153429206
14	54	1	1375082886
14	54	1	1375082913
4	55	1	1153429307
14	55	1	1374563805
14	55	1	1374563830
4	56	1	1153429420
14	56	1	1375089797
14	56	1	1375089814
4	57	1	1153429524
14	57	1	1377169528
4	58	1	1153429669
14	58	1	1373542425
14	58	1	1373542490
14	58	1	1373606426
4	59	1	1153429750
14	59	1	1375089425
14	59	1	1375089445
4	60	1	1153429936
14	60	1	1372937365
14	60	1	1372937392
4	61	1	1153430108
14	61	1	1375082976
14	61	1	1375083005
4	62	1	1153430197
14	62	1	1372759333
14	62	1	1372759367
4	63	1	1153430296
14	63	1	1375092260
14	63	1	1375092312
4	64	1	1153430403
14	64	1	1372927341
14	64	1	1372927370
4	65	1	1153430562
14	65	1	1372925921
14	65	1	1372925961
4	66	1	1153430668
14	66	1	1374566118
14	66	1	1374566151
4	67	1	1153430899
14	67	1	1372754916
14	67	1	1372755190
14	67	1	1372755260
4	68	1	1153430990
14	68	1	1374563896
14	68	1	1374563937
4	69	1	1153431084
14	69	1	1374475687
14	69	1	1374475718
4	70	1	1153431212
14	70	1	1372752513
14	70	1	1372752577
14	70	1	1372753768
4	71	1	1153431311
14	71	1	1372938493
14	71	1	1372938535
4	72	1	1153431638
14	72	1	1375087876
14	72	1	1375087896
4	73	1	1153431722
14	73	1	1372762756
14	73	1	1372763269
4	74	1	1153431997
14	74	1	1375088076
14	74	1	1375088096
4	75	1	1153432074
14	75	1	1375092406
14	75	1	1375092437
4	76	1	1153432169
14	76	1	1372936974
14	76	1	1372936996
4	77	1	1153432315
14	77	1	1375092512
14	77	1	1375092560
4	78	1	1153432483
14	78	1	1375080847
14	78	1	1375080880
4	79	1	1153432576
14	79	1	1372763759
14	79	1	1372763800
4	80	1	1153432689
14	80	1	1374475214
14	80	1	1374475248
4	81	1	1153432888
14	81	1	1374475391
14	81	1	1374475419
4	82	1	1153433050
14	82	1	1372754427
14	82	1	1372754446
4	83	1	1153433217
14	83	1	1375088237
14	83	1	1375088268
4	84	1	1153433330
14	84	1	1377169654
14	84	1	1377169865
4	85	1	1153433458
14	85	1	1375089521
14	85	1	1375089542
4	86	1	1153433650
14	86	1	1375081493
14	86	1	1375081525
4	87	1	1153433724
14	87	1	1372926120
14	87	1	1372926157
4	88	1	1153433954
14	88	1	1372927432
14	88	1	1372927456
14	88	1	1372927485
4	89	1	1153434114
4	90	1	1153434208
14	90	1	1374563550
14	90	1	1374563600
4	91	1	1153434282
4	91	1	1153434308
14	91	1	1372938725
14	91	1	1372938747
14	91	1	1372939423
4	92	1	1153434389
14	92	1	1372938083
14	92	1	1372938114
4	93	1	1153434476
14	93	1	1375089318
14	93	1	1375089338
4	94	1	1153434558
14	94	1	1373605840
14	94	1	1373606337
14	94	1	1373606396
4	95	1	1153434642
14	95	1	1375089664
14	95	1	1375089702
4	96	1	1153434747
14	96	1	1373698284
14	96	1	1373698319
4	97	1	1153434841
14	97	1	1375080593
14	97	1	1375080625
4	98	1	1153434941
4	98	1	1153434979
4	98	1	1153435065
4	98	1	1153435108
4	99	1	1153435203
9	99	1	1232179008
5	100	1	1154407512
11	100	1	1299980581
11	100	1	1299980627
5	101	1	1154407512
31	102	1	1162198405
32	103	1	1163353229
32	103	1	1163367186
1	106	1	1169280523
1	107	1	1169280765
1	108	1	1169281555
1	108	1	1169447159
1	108	1	1169447250
33	108	1	1170071254
7	108	1	1170118712
7	108	1	1208475758
20	108	1	1467116161
7	109	1	1170118742
34	110	1	1174967614
34	111	1	1174970821
1	112	1	1176840013
35	112	1	1202809472
36	112	1	1203074172
37	112	1	1244803263
37	112	1	1244804835
8	112	1	1311764130
38	113	1	1175922672
34	114	1	1176344212
34	115	1	1176344647
34	116	1	1176345213
1	117	1	1177642338
39	117	1	1202962892
7	117	1	1209429432
7	118	1	1208024544
40	119	1	1195299720
41	120	1	1183046170
42	120	1	1277173062
42	120	1	1277174753
43	124	1	1188584485
43	125	1	1188584582
44	126	1	1190018915
44	126	1	1190030977
44	126	1	1190926050
44	127	1	1190019109
44	127	1	1190019210
44	127	1	1190019759
44	127	1	1190019796
44	127	1	1190019854
44	127	1	1190020231
44	127	1	1190024114
44	127	1	1190024133
44	127	1	1190024686
44	127	1	1190025457
44	127	1	1190028676
44	127	1	1190031908
44	127	1	1190099952
44	127	1	1190103042
44	127	1	1190103071
44	127	1	1190103090
7	127	1	1209247582
44	128	1	1190021058
44	128	1	1190021135
44	128	1	1190021191
44	128	1	1190021222
44	128	1	1190021255
44	128	1	1190021322
44	128	1	1190021373
44	128	1	1190021395
44	128	1	1190023995
44	128	1	1190024979
44	128	1	1190025024
44	128	1	1190935892
44	128	1	1190942865
44	128	1	1190942987
44	128	1	1190943125
44	128	1	1190943162
44	129	1	1190024149
44	130	1	1190024600
44	131	1	1190024814
44	131	1	1190024846
44	131	1	1190025078
44	132	1	1190025637
44	133	1	1190025678
44	133	1	1190025697
44	134	1	1190025779
44	134	1	1190025813
44	134	1	1190025839
44	135	1	1190025950
44	136	1	1190026039
44	137	1	1190026164
44	137	1	1190026243
44	137	1	1190026289
44	138	1	1190026400
44	138	1	1190026462
44	139	1	1190026512
44	140	1	1190026573
44	141	1	1190026678
44	142	1	1190026772
44	142	1	1190026860
44	143	1	1190027117
44	143	1	1190027550
44	143	1	1190027682
44	143	1	1190028491
44	143	1	1190028655
44	143	1	1190029085
44	143	1	1190029181
44	144	1	1190029238
44	145	1	1190029326
44	146	1	1190029376
44	146	1	1190029389
44	146	1	1190029586
44	147	1	1190029726
44	148	1	1190030643
44	148	1	1190030661
44	149	1	1190030789
44	150	1	1190030826
44	151	1	1190031000
44	151	1	1190031578
44	151	1	1190032640
44	152	1	1190099961
44	152	1	1190099999
44	152	1	1190100068
44	152	1	1190100265
44	153	1	1190926247
44	153	1	1190926292
44	153	1	1190927140
44	153	1	1190927158
44	154	1	1190935963
44	154	1	1190942494
44	154	1	1190942730
44	154	1	1190943319
44	154	1	1190943388
44	154	1	1190943498
44	154	1	1190943680
44	154	1	1190943709
44	154	1	1191352668
44	154	1	1191354090
44	154	1	1191354898
44	154	1	1191355396
44	154	1	1191355471
44	154	1	1191355989
44	154	1	1191384888
44	154	1	1191384927
44	155	1	1190942321
45	156	1	1190959890
46	158	1	1195171023
46	158	1	1217596600
47	159	1	1196754632
45	160	1	1196974458
48	161	1	1198374215
48	162	1	1198374225
49	163	1	1198509174
50	167	1	1200964337
50	168	1	1200964343
51	169	1	1201044100
39	170	1	1202027813
7	170	1	1209235353
52	170	1	1287624454
53	170	1	1290516606
53	170	1	1290516704
8	170	1	1310964156
54	170	1	1329783432
20	170	1	1467116752
22	170	1	1473011584
39	171	1	1202028709
55	172	1	1206546312
56	172	1	1314728929
57	172	1	1338933865
55	173	1	1206547227
57	173	1	1206615566
56	173	1	1314728929
57	173	1	1338933862
57	173	1	1338934479
57	174	1	1206571914
58	174	1	1218870102
57	174	1	1323210020
57	174	1	1338913815
57	175	1	1206571920
57	175	1	1206616223
58	175	1	1218870101
57	175	1	1338913812
57	175	1	1338914716
57	176	1	1206571922
58	176	1	1218870102
59	177	1	1206632995
7	178	1	1207997845
7	179	1	1207912409
7	179	1	1207965326
7	179	1	1208009725
7	179	1	1208041078
7	179	1	1208429581
7	179	1	1208429602
7	179	1	1208429659
7	179	1	1208994008
7	179	1	1233075574
7	180	1	1207912529
7	180	1	1208009849
7	180	1	1208026557
7	180	1	1208027406
7	180	1	1208028011
7	180	1	1208030695
7	180	1	1208041177
7	180	1	1208907961
7	180	1	1209235098
7	180	1	1209235261
7	181	1	1208009850
7	182	1	1208027569
7	183	1	1208027744
7	184	1	1208028637
7	185	1	1208028748
7	186	1	1208028813
7	187	1	1208028891
7	188	1	1208028993
7	189	1	1208029055
7	190	1	1208029158
7	190	1	1208029179
7	190	1	1208029223
7	191	1	1208029223
7	192	1	1208029313
7	193	1	1208029422
7	193	1	1208029523
7	194	1	1208039816
7	194	1	1208039913
7	194	1	1208041139
7	194	1	1208655182
7	195	1	1208039966
7	196	1	1208040052
7	197	1	1208040906
7	198	1	1208046144
7	199	1	1208047794
7	200	1	1208047895
7	201	1	1208048019
7	201	1	1208048057
7	202	1	1208048134
7	202	1	1208048159
7	203	1	1208055044
7	203	1	1209466790
7	203	1	1209466944
7	204	1	1208218317
7	204	1	1208218797
7	205	1	1208218842
7	206	1	1208218903
7	207	1	1208218972
7	208	1	1208302944
7	208	1	1208303035
7	208	1	1208303141
7	209	1	1208303078
60	210	1	1208348484
7	211	1	1208390303
7	211	1	1208390678
7	211	1	1208478658
7	211	1	1208822327
7	212	1	1208390478
7	213	1	1208429791
7	214	1	1208478732
7	215	1	1208478800
7	216	1	1212536985
7	217	1	1208994873
7	217	1	1209081502
7	217	1	1209234265
7	218	1	1208994966
7	219	1	1208995081
7	220	1	1209081635
61	221	1	1209233322
62	221	1	1217104641
61	222	1	1209233348
7	223	1	1209426981
7	223	1	1209427207
7	223	1	1209427448
7	223	1	1209427501
7	223	1	1209427539
7	223	1	1209427584
7	223	1	1209511716
7	223	1	1209511890
7	223	1	1209511937
16	223	1	1399638602
16	223	1	1399638617
16	223	1	1400057122
16	223	1	1400057204
16	223	1	1400057236
16	223	1	1400057275
16	223	1	1400593358
16	223	1	1400593423
16	223	1	1400593456
16	223	1	1400593552
16	223	1	1400597815
7	224	1	1209429282
8	224	1	1311763886
7	225	1	1209637699
16	225	1	1399035290
16	225	1	1399035316
22	225	1	1473247404
63	226	1	1209764769
64	227	1	1211747796
65	228	1	1212216061
7	229	1	1212452398
7	229	1	1212452453
7	229	1	1212452907
7	229	1	1212487516
7	229	1	1233075618
7	230	1	1212452453
7	231	1	1212452676
7	231	1	1212485979
7	232	1	1212486030
7	233	1	1212486634
7	233	1	1212486688
7	233	1	1212486857
7	233	1	1212538110
7	233	1	1212538187
7	233	1	1212538255
7	233	1	1228610950
7	233	1	1228611159
7	233	1	1233075642
66	233	1	1383198816
7	234	1	1212486688
7	235	1	1212487106
7	235	1	1212537693
7	235	1	1212538025
7	236	1	1212537844
7	237	1	1212537883
7	238	1	1212537922
7	239	1	1212538141
67	240	1	1212804029
67	241	1	1212804148
68	242	1	1213745386
68	242	1	1213797825
68	242	1	1293352157
68	242	1	1372516548
68	243	1	1214158413
58	244	1	1218870101
58	245	1	1218870102
58	246	1	1218870102
57	246	1	1323210029
69	247	1	1219865222
42	247	1	1225530432
70	247	1	1234465686
42	248	1	1225170536
42	249	1	1225249327
42	250	1	1225329210
42	251	1	1225352839
71	252	1	1225382660
71	253	1	1225385568
71	254	1	1225393067
71	255	1	1225393146
71	255	1	1226324096
42	256	1	1225430912
71	257	1	1225445945
71	258	1	1225446240
71	259	1	1225466991
71	259	1	1225578318
71	259	1	1225593578
71	259	1	1225604133
71	259	1	1225663883
71	259	1	1225686557
71	259	1	1225737490
71	259	1	1225780548
71	259	1	1225845777
71	259	1	1225867746
71	259	1	1226019667
71	259	1	1226385119
71	259	1	1226505827
71	259	1	1226948785
71	259	1	1226969450
71	259	1	1227110397
71	259	1	1227883959
71	259	1	1228204686
71	259	1	1229420336
71	259	1	1230239407
71	259	1	1230245664
71	259	1	1230774231
71	259	1	1231765497
71	259	1	1232074955
71	259	1	1232479722
71	259	1	1232487144
71	259	1	1233062610
71	259	1	1233105027
71	259	1	1233130202
71	259	1	1233216801
71	259	1	1233560774
71	259	1	1234457572
71	259	1	1234764409
71	259	1	1234767001
71	259	1	1234956948
71	259	1	1235332278
71	259	1	1235501235
71	259	1	1236131983
71	259	1	1237343701
71	259	1	1238051520
71	259	1	1238723947
71	259	1	1240467472
42	260	1	1225584394
42	261	1	1225679170
42	262	1	1225771307
42	263	1	1225860770
71	264	1	1225937209
71	264	1	1226295625
71	265	1	1225948152
71	266	1	1225967363
71	266	1	1226315031
71	267	1	1226244686
42	268	1	1226471674
72	269	1	1226497913
42	270	1	1227250003
73	271	1	1227435309
42	272	1	1227884258
7	273	1	1228610991
7	274	1	1228611180
7	275	1	1228611243
74	276	1	1229234281
75	277	1	1229797748
9	279	1	1232178849
9	280	1	1232179136
9	280	1	1232179143
9	281	1	1232179208
9	282	1	1232179275
9	282	1	1232179770
9	282	1	1232180326
9	283	1	1232179308
9	284	1	1232179332
9	285	1	1232179361
9	286	1	1232179408
9	287	1	1232179436
9	288	1	1232179468
9	289	1	1232179501
9	290	1	1232179575
9	291	1	1232179600
9	292	1	1232179725
9	293	1	1232179873
9	294	1	1232179905
9	295	1	1232180018
9	296	1	1232180074
9	297	1	1232180410
9	297	1	1232180991
9	298	1	1232180513
9	298	1	1232180638
9	299	1	1232180669
9	300	1	1232180705
9	301	1	1232180735
9	302	1	1232180763
9	303	1	1232180816
9	304	1	1232180844
9	305	1	1232180869
9	306	1	1232180902
9	307	1	1232180947
9	308	1	1232181074
42	309	1	1234149823
42	310	1	1234564260
42	312	1	1235275815
42	313	1	1235280041
76	315	1	1237059987
76	315	1	1237060381
76	315	1	1237060418
76	315	1	1237062873
76	315	1	1237077103
76	316	1	1237060788
76	317	1	1237077315
7	317	1	1237160803
77	317	1	1258411197
78	317	1	1289451708
10	317	1	1297809582
10	317	1	1297810845
10	317	1	1297810958
7	317	1	1299586308
54	317	1	1343401671
54	317	1	1343401747
54	317	1	1343401908
54	317	1	1343401963
54	317	1	1343402284
54	317	1	1343402423
54	317	1	1343403209
54	317	1	1343403879
54	317	1	1343407892
7	317	1	1348291599
20	317	1	1466928825
20	317	1	1466929013
20	317	1	1466929172
79	317	1	1480234460
80	317	1	1482145391
71	318	1	1237307698
42	319	1	1237616743
76	320	1	1238426320
76	320	1	1238426634
81	321	1	1238748512
81	322	1	1238748522
82	323	1	1238856555
76	324	1	1238856853
76	324	1	1238856962
76	324	1	1238857078
76	324	1	1238857347
76	325	1	1238859974
76	326	1	1238860036
76	327	1	1238860121
76	328	1	1238860164
76	329	1	1238860224
76	329	1	1426304764
82	330	1	1238863395
82	330	1	1238863636
82	330	1	1238864620
42	331	1	1239506278
42	332	1	1239579474
42	333	1	1239582864
42	334	1	1240008021
42	335	1	1240015948
42	336	1	1240079322
42	337	1	1240088471
83	338	1	1312609347
84	340	1	1242923618
84	340	1	1273398573
85	341	1	1246043911
2	341	1	1445478110
85	342	1	1246043918
85	343	1	1246043922
86	344	1	1246114321
87	345	1	1248116285
14	348	1	1251424315
42	350	1	1251835410
42	351	1	1252735469
42	352	1	1252744351
42	353	1	1252815981
88	354	1	1257182503
77	355	1	1258411242
77	355	1	1299251015
89	356	1	1260074878
90	357	1	1495900795
90	357	1	1495900814
91	358	1	1263740836
42	359	1	1264237329
42	360	1	1264292171
42	361	1	1264389382
59	362	1	1264417600
42	363	1	1264467456
42	364	1	1264473407
42	365	1	1264552109
42	366	1	1264721366
42	367	1	1264732220
42	368	1	1264919170
42	369	1	1264921627
42	370	1	1264923312
42	371	1	1266706592
42	371	1	1379473409
42	372	1	1266717479
92	373	1	1268118779
42	373	1	1421017779
93	374	1	1268602104
94	375	1	1270201537
94	375	1	1379267600
94	376	1	1270469774
94	376	1	1379267606
94	377	1	1270657720
94	377	1	1379267619
42	378	1	1271127012
7	379	1	1273324729
7	379	1	1273324944
7	379	1	1273366551
7	380	1	1273324791
7	381	1	1273324944
7	382	1	1273365585
7	383	1	1273365660
7	384	1	1273365706
7	385	1	1273366302
7	386	1	1273366338
7	387	1	1273366433
7	388	1	1273366476
7	389	1	1273366597
7	390	1	1273366644
7	391	1	1273366712
7	392	1	1273366786
7	393	1	1273366924
7	394	1	1273366997
7	395	1	1273367030
7	396	1	1273367095
7	397	1	1273367199
95	398	1	1274812842
96	399	1	1276238374
42	401	1	1276992436
42	402	1	1277066160
42	403	1	1277158942
42	404	1	1277167900
42	405	1	1277178834
42	406	1	1277180343
42	407	1	1277247265
42	408	1	1277578972
42	408	1	1289164637
97	408	1	1308764112
97	408	1	1309107377
97	408	1	1322679007
97	408	1	1356646750
97	408	1	1356697619
78	409	1	1279253975
78	409	1	1289383031
42	410	1	1280795668
42	411	1	1280799721
98	412	1	1280959978
98	412	1	1281005713
98	413	1	1281096740
42	414	1	1281149104
42	415	1	1281153101
42	416	1	1281154802
42	417	1	1281158215
98	418	1	1281177921
42	418	1	1289163388
97	418	1	1308800616
97	418	1	1309111131
97	418	1	1356646750
42	419	1	1281232604
42	420	1	1281234399
98	421	1	1281258258
99	422	1	1281995204
99	423	1	1281995215
100	424	1	1282094207
101	424	1	1422986837
100	425	1	1282094218
101	425	1	1422986837
102	426	1	1282617674
42	427	1	1283020724
103	428	1	1283391510
103	428	1	1284614611
104	428	1	1408317672
42	429	1	1283393128
103	430	1	1283411864
5	431	1	1285024025
103	432	1	1285792267
103	433	1	1286349229
42	434	1	1289160165
42	435	1	1289172791
105	436	1	1289729726
105	436	1	1289729871
105	436	1	1289729894
103	437	1	1289953971
103	437	1	1291477396
103	437	1	1295306243
106	437	1	1327670979
107	437	1	1337663310
107	437	1	1342549281
107	437	1	1349131832
107	437	1	1360201147
20	438	1	1466928406
20	438	1	1466931303
20	438	1	1467016993
20	438	1	1467286532
21	438	1	1468822860
99	439	1	1293739303
108	440	1	1294092338
108	440	1	1294093273
90	442	1	1495900969
109	443	1	1295499296
109	444	1	1295499597
42	445	1	1296442430
42	445	1	1333237368
110	445	1	1390294200
111	446	1	1296560750
111	446	1	1388776743
42	447	1	1296616967
42	449	1	1296783749
10	450	1	1297785228
10	450	1	1297813806
10	450	1	1297814023
11	450	1	1299619867
11	450	1	1307720451
10	451	1	1297813375
10	451	1	1298716410
10	451	1	1298716733
10	451	1	1298716803
10	451	1	1298716898
10	451	1	1298716992
10	451	1	1298717084
10	451	1	1298717421
10	451	1	1298717642
10	451	1	1298717692
10	451	1	1298718344
10	451	1	1298718689
10	451	1	1298719033
10	451	1	1298719274
10	451	1	1298719291
10	451	1	1298719446
10	451	1	1298722471
10	451	1	1298722840
10	451	1	1298723023
10	451	1	1298723375
10	451	1	1298723850
10	451	1	1298724711
10	451	1	1298725074
10	451	1	1298725133
10	451	1	1298726765
10	451	1	1298730930
10	451	1	1298731289
10	451	1	1298731487
10	451	1	1298732446
10	451	1	1298741492
10	451	1	1298741549
10	451	1	1298741709
10	451	1	1298742133
10	451	1	1298742336
11	451	1	1300064580
11	451	1	1307713515
11	451	1	1307720607
11	451	1	1307720702
11	451	1	1307720742
11	451	1	1307720809
11	451	1	1307721047
70	451	1	1308666066
54	451	1	1344267209
54	451	1	1344267243
54	451	1	1344340571
54	451	1	1344340600
54	451	1	1344429537
54	451	1	1344443293
54	451	1	1344443468
54	451	1	1344443718
54	451	1	1344444114
54	451	1	1344444453
54	451	1	1344444676
54	451	1	1344444836
10	452	1	1297814406
11	452	1	1307714436
11	452	1	1307714507
11	452	1	1307714548
11	452	1	1307721143
11	452	1	1307721199
70	452	1	1308666071
54	452	1	1344429566
77	453	1	1297866654
77	453	1	1299251036
42	454	1	1298435549
11	455	1	1307714667
11	455	1	1307714700
11	455	1	1307714749
11	455	1	1307714765
11	455	1	1307721339
70	455	1	1308666074
54	455	1	1327703987
54	455	1	1327704964
54	455	1	1344429582
11	456	1	1301872949
11	456	1	1307715366
11	456	1	1307721524
70	456	1	1308666077
54	456	1	1344429606
11	457	1	1307715452
11	457	1	1307722304
70	457	1	1308666079
54	457	1	1344433280
11	458	1	1307715542
11	458	1	1307892666
70	458	1	1308666080
54	458	1	1329926702
54	458	1	1329926797
54	458	1	1329926882
54	458	1	1329926969
54	458	1	1344433307
11	459	1	1307715615
70	459	1	1308666083
54	459	1	1344433329
11	460	1	1307715699
70	460	1	1308666086
54	460	1	1344433351
11	461	1	1307716069
70	461	1	1308666089
54	461	1	1344433369
11	462	1	1307716110
70	462	1	1308666090
54	462	1	1344433392
54	462	1	1344520630
11	463	1	1307716808
70	463	1	1308666094
54	463	1	1344429352
54	463	1	1344429395
54	463	1	1344433408
54	463	1	1344516362
11	464	1	1307718213
70	464	1	1308666096
54	464	1	1344433448
11	465	1	1307718182
70	465	1	1308666097
54	465	1	1344433427
11	466	1	1307718247
70	466	1	1308666100
54	466	1	1335527785
54	466	1	1344433464
11	467	1	1307718273
70	467	1	1308666103
54	467	1	1344433497
11	468	1	1307718302
70	468	1	1308666104
54	468	1	1344433513
11	469	1	1307718346
70	469	1	1308666108
54	469	1	1344433527
54	469	1	1344689819
54	470	1	1344433481
11	471	1	1307718373
70	471	1	1308666111
54	471	1	1344433543
11	472	1	1307718396
70	472	1	1308666112
54	472	1	1344433560
54	472	1	1344507681
11	473	1	1307718421
70	473	1	1308666115
54	473	1	1344433578
11	474	1	1307718457
70	474	1	1308666118
54	474	1	1344433619
11	475	1	1307718478
70	475	1	1308666120
54	475	1	1344433640
11	476	1	1307718509
70	476	1	1308666122
54	476	1	1344433655
11	477	1	1307718553
70	477	1	1308666125
54	477	1	1344433683
11	478	1	1307718576
70	478	1	1308666127
54	478	1	1344433704
11	479	1	1307718596
70	479	1	1308666128
54	479	1	1344433716
11	480	1	1307718615
70	480	1	1308666130
54	480	1	1344433733
11	481	1	1307718635
70	481	1	1308666133
54	481	1	1344433749
11	482	1	1307718658
70	482	1	1308666135
54	482	1	1344433766
54	482	1	1344506338
54	482	1	1344506398
54	482	1	1344506432
11	483	1	1307718532
70	483	1	1308666137
54	483	1	1344433669
11	484	1	1299582761
11	484	1	1299582975
11	484	1	1299583280
11	484	1	1299583632
11	484	1	1299584630
11	484	1	1299622550
11	484	1	1299623108
11	484	1	1299623556
11	484	1	1300745150
11	484	1	1307718688
70	484	1	1308666147
54	484	1	1344433785
11	485	1	1300407397
11	485	1	1300407598
11	485	1	1300747759
11	485	1	1300748259
11	485	1	1300749108
11	485	1	1300750381
11	485	1	1300751467
11	485	1	1300752617
11	485	1	1300752894
11	485	1	1300795138
11	485	1	1300798810
11	485	1	1300799329
11	485	1	1300800189
11	485	1	1300800588
11	485	1	1300801181
11	485	1	1300801611
11	485	1	1300803306
11	485	1	1300803893
11	485	1	1307718787
70	485	1	1308666157
54	485	1	1344433857
54	485	1	1344521231
54	485	1	1344521421
11	486	1	1300362060
11	486	1	1300362239
11	486	1	1300362446
11	486	1	1300362698
11	486	1	1300362892
11	486	1	1300363436
11	486	1	1300398527
11	486	1	1300398774
11	486	1	1300399053
11	486	1	1300399427
11	486	1	1300399787
11	486	1	1300399973
11	486	1	1300400712
11	486	1	1300400938
11	486	1	1300804816
11	486	1	1307718757
70	486	1	1308666162
54	486	1	1344433838
54	486	1	1344506942
54	486	1	1344520932
54	486	1	1344520957
11	487	1	1307718735
70	487	1	1308666164
54	487	1	1344433816
54	487	1	1344519152
54	487	1	1344519929
11	488	1	1307718711
70	488	1	1308666167
54	488	1	1344433799
54	488	1	1344519280
11	489	1	1299619123
11	490	1	1299619316
11	491	1	1299980947
11	491	1	1299981114
11	491	1	1299981269
11	491	1	1299981363
11	491	1	1299981538
11	491	1	1300393378
11	491	1	1307712450
11	491	1	1307713314
11	491	1	1307713393
11	491	1	1307713424
11	491	1	1307715172
11	491	1	1307715268
11	491	1	1307715304
70	491	1	1308666169
112	491	1	1314033282
112	491	1	1314033328
112	491	1	1314033375
112	491	1	1314033575
112	491	1	1314033613
112	491	1	1314033888
112	491	1	1314033921
54	491	1	1344429495
90	491	1	1497513639
90	491	1	1497513759
90	491	1	1497513774
90	491	1	1497513813
90	491	1	1497513817
90	491	1	1497513825
90	491	1	1497513883
90	491	1	1497513891
90	491	1	1497513900
90	491	1	1497513914
90	491	1	1497514020
90	491	1	1497514134
90	491	1	1497514157
90	491	1	1497514200
90	491	1	1497514241
90	491	1	1497514794
42	494	1	1301869714
103	495	1	1302755159
42	496	1	1302977880
99	496	1	1331480950
42	497	1	1302982407
42	498	1	1302994266
42	499	1	1303350827
113	500	1	1304716738
113	500	1	1304716977
42	501	1	1305156898
42	501	1	1333911040
103	502	1	1306446715
103	503	1	1306518890
114	504	1	1306560227
114	504	1	1314549434
115	505	1	1307398153
70	505	1	1315770014
116	505	1	1332359023
117	506	1	1307790110
14	506	1	1372762250
97	510	1	1308810483
97	510	1	1308814796
97	511	1	1308814749
118	512	1	1309300661
118	512	1	1331458874
118	512	1	1401150756
118	512	1	1423195626
119	513	1	1309514031
119	514	1	1309526877
97	515	1	1309540584
97	516	1	1309542672
42	517	1	1309570065
42	518	1	1309578802
42	519	1	1309582898
42	520	1	1309622945
42	521	1	1309631860
8	522	1	1310964084
8	522	1	1310964194
8	523	1	1311764452
8	524	1	1311764840
120	525	1	1312213441
120	525	1	1312213821
120	525	1	1312213957
120	525	1	1312214065
120	525	1	1312221982
120	525	1	1312234837
120	525	1	1312235017
120	525	1	1312235078
115	526	1	1313339051
115	527	1	1313339053
54	528	1	1327599602
54	528	1	1327599796
54	528	1	1327599836
54	528	1	1327599872
121	529	1	1313792920
112	530	1	1314099753
112	530	1	1314099998
112	530	1	1314100139
112	530	1	1314101430
42	531	1	1314241147
42	531	1	1422211811
56	532	1	1314728929
56	533	1	1314728929
56	534	1	1314730176
56	534	1	1316862949
42	535	1	1315763064
42	536	1	1315767621
42	537	1	1315772080
122	538	1	1316294512
116	539	1	1318458130
123	540	1	1318481757
42	541	1	1318974935
42	542	1	1319253502
42	542	1	1329450894
103	543	1	1319841077
103	543	1	1429212130
124	544	1	1319998291
125	544	1	1497570707
126	545	1	1320840986
126	546	1	1320840992
127	547	1	1321041930
128	548	1	1321068768
127	549	1	1321205141
127	550	1	1321205142
127	550	1	1321205273
129	551	1	1321634427
129	551	1	1349215441
129	551	1	1357703673
42	552	1	1321762717
42	554	1	1321848124
42	555	1	1321919214
42	556	1	1321922835
42	556	1	1322092729
42	557	1	1321927079
42	557	1	1322094443
97	558	1	1322001292
42	559	1	1322096617
42	560	1	1322097853
42	561	1	1322099062
42	562	1	1323015322
42	563	1	1323046193
42	564	1	1323049908
116	565	1	1325969243
42	566	1	1326049087
103	567	1	1326327727
14	568	1	1372938880
54	569	1	1327431075
54	569	1	1327431170
54	569	1	1327431640
54	569	1	1333379847
54	570	1	1327430119
54	570	1	1327430149
54	570	1	1327430713
14	570	1	1372754558
14	570	1	1372754700
116	573	1	1328132449
130	574	1	1328446826
130	574	1	1328453356
130	574	1	1328466508
130	575	1	1328446836
130	575	1	1328452384
130	575	1	1328465681
42	576	1	1329069850
42	577	1	1329082591
99	578	1	1329314298
99	579	1	1329729336
116	580	1	1329747642
116	581	1	1329761640
97	582	1	1329834493
97	583	1	1329838867
97	583	1	1356638725
131	584	1	1330234376
42	584	1	1346639070
99	585	1	1330671624
99	586	1	1330705563
132	587	1	1331972775
133	587	1	1455878234
133	587	1	1455878892
42	588	1	1332039363
42	595	1	1333243870
42	596	1	1333419159
42	597	1	1333499853
42	597	1	1333582094
42	598	1	1333587107
42	599	1	1333904859
42	600	1	1333906890
116	601	1	1334115197
42	602	1	1334508443
42	603	1	1334509652
93	604	1	1335652531
42	605	1	1336323258
42	606	1	1336329601
134	607	1	1337853043
134	607	1	1337853166
134	607	1	1337853239
134	607	1	1338003386
134	607	1	1338003423
134	607	1	1338003459
134	607	1	1338003493
134	607	1	1338003542
134	608	1	1337863929
134	609	1	1337864350
135	610	1	1338049109
135	611	1	1338049435
116	612	1	1338323065
136	613	1	1338437971
136	613	1	1338440945
136	613	1	1342490558
42	614	1	1338649433
42	615	1	1338655758
42	616	1	1338659832
42	617	1	1339378703
42	618	1	1339992877
116	619	1	1340669066
137	620	1	1340812569
137	620	1	1340813017
42	621	1	1341259183
42	621	1	1344110025
42	621	1	1379299256
54	623	1	1343404088
54	623	1	1343404204
54	623	1	1343404533
54	623	1	1343404679
54	623	1	1343404887
54	623	1	1343405105
54	623	1	1343405365
54	623	1	1343406311
54	623	1	1343406826
54	623	1	1343407167
54	623	1	1343407357
54	623	1	1343408128
54	623	1	1343408447
54	623	1	1343408579
54	623	1	1343409433
54	623	1	1343410101
54	623	1	1343410147
54	623	1	1343411074
54	623	1	1343411176
54	623	1	1343411259
54	623	1	1343411400
54	623	1	1343411666
54	623	1	1343411970
54	623	1	1343412051
54	623	1	1343412151
54	623	1	1343412280
54	623	1	1343412366
54	623	1	1343412458
54	623	1	1343413034
54	623	1	1343413342
54	623	1	1343417570
54	623	1	1343417978
54	623	1	1343427089
54	623	1	1343427206
70	623	1	1343954870
54	624	1	1343407455
54	624	1	1343407545
54	624	1	1343407590
54	624	1	1343407667
54	624	1	1343408015
54	624	1	1343408367
54	624	1	1343408612
54	624	1	1343416168
54	624	1	1343416308
54	624	1	1343416355
70	624	1	1343954870
54	625	1	1343408148
54	625	1	1343408249
54	625	1	1343408329
54	625	1	1343408699
54	625	1	1343408743
138	625	1	1429401279
138	625	1	1429402890
138	625	1	1429403867
70	626	1	1343954879
42	627	1	1344111662
42	628	1	1344219020
139	629	1	1344244647
42	630	1	1344379814
140	631	1	1345557569
141	632	1	1346357075
141	633	1	1346431485
142	633	1	1347097985
142	634	1	1346442902
42	635	1	1346627597
42	636	1	1346632990
42	637	1	1346637016
143	638	1	1347158295
144	639	1	1347793924
20	639	1	1467139669
144	640	1	1347793986
144	641	1	1347794017
22	641	1	1473258897
144	642	1	1347794114
144	643	1	1347794166
15	643	1	1394190576
20	643	1	1466927086
20	643	1	1466927503
20	643	1	1466927580
20	643	1	1466928281
20	643	1	1467116390
21	643	1	1468514159
21	643	1	1469169257
22	643	1	1473258779
144	644	1	1347794203
144	645	1	1347795147
14	645	1	1372684385
145	646	1	1348843171
145	646	1	1348844644
146	647	1	1348941839
147	648	1	1349853795
99	650	1	1351193244
99	651	1	1351241421
99	652	1	1351251190
99	653	1	1351251199
19	654	1	1351586366
19	654	1	1351587210
19	654	1	1351590819
19	654	1	1351596939
19	654	1	1351597420
19	654	1	1351597892
19	654	1	1351597952
19	654	1	1352452918
19	654	1	1352455386
19	654	1	1352458748
14	654	1	1373523376
22	654	1	1473260113
148	654	1	1498598530
19	655	1	1351586515
19	656	1	1351587578
19	656	1	1351587962
19	656	1	1351588021
19	656	1	1351589931
19	656	1	1351590721
19	656	1	1352453116
19	656	1	1352458604
14	656	1	1374567206
14	656	1	1375093993
19	657	1	1351587669
19	657	1	1351587794
19	657	1	1351590958
19	658	1	1351590864
19	658	1	1351598220
19	659	1	1351591158
19	659	1	1351591268
19	659	1	1351591283
19	659	1	1351591324
19	659	1	1352453233
19	659	1	1352458658
14	659	1	1374566454
14	659	1	1375093963
149	659	1	1450398973
149	659	1	1450399012
19	660	1	1352455722
19	660	1	1352455842
19	660	1	1352456342
19	660	1	1352456561
19	660	1	1352457028
19	660	1	1352457070
19	660	1	1352457087
19	660	1	1352457220
19	660	1	1352457269
19	660	1	1352457318
19	660	1	1352457355
19	660	1	1352457377
19	660	1	1352457572
19	660	1	1352457964
19	660	1	1352458542
14	660	1	1374567175
14	660	1	1375094022
150	660	1	1474538396
19	661	1	1352458111
19	661	1	1352458276
19	661	1	1352459313
19	661	1	1352459345
19	661	1	1352459832
19	661	1	1352460026
19	661	1	1352461512
19	661	1	1352461552
19	661	1	1352461822
19	661	1	1352462192
19	661	1	1352462696
19	661	1	1352464181
14	661	1	1374567222
14	661	1	1375094215
19	662	1	1352458257
151	662	1	1425217499
19	663	1	1352458474
42	665	1	1355091606
42	666	1	1355112798
152	667	1	1355256980
153	668	1	1355728076
70	668	1	1491330836
154	669	1	1357142718
129	670	1	1357703731
116	671	1	1359583920
116	672	1	1359583991
152	673	1	1359912724
42	674	1	1360030715
155	674	1	1417132142
155	674	1	1487253634
42	675	1	1360035032
42	676	1	1361149727
42	677	1	1361155367
116	678	1	1361236487
116	679	1	1364095520
42	680	1	1364142448
42	681	1	1364146511
42	682	1	1364172954
42	683	1	1364174803
156	683	1	1451502365
157	684	1	1366114471
116	686	1	1367177433
158	688	1	1367357256
156	688	1	1451505969
159	690	1	1368702040
160	691	1	1369584998
160	691	1	1380479552
42	691	1	1381706592
160	691	1	1384699460
160	691	1	1408421541
161	692	1	1369956603
42	693	1	1370217499
14	694	1	1370587354
14	695	1	1370588487
14	695	1	1373607477
14	695	1	1373607526
14	695	1	1373632599
14	695	1	1373632708
14	696	1	1370589047
14	697	1	1370589316
14	697	1	1373607883
14	697	1	1373608689
15	697	1	1394429977
14	698	1	1370608256
14	699	1	1370608268
14	700	1	1370669252
14	700	1	1370669801
14	700	1	1370669937
14	701	1	1370669345
14	701	1	1372936535
14	702	1	1370669381
14	702	1	1370669418
14	703	1	1370669474
14	703	1	1370669724
14	704	1	1370669944
14	704	1	1370670414
14	705	1	1370670159
14	705	1	1370670362
14	706	1	1370670874
14	707	1	1370671167
14	708	1	1370671514
14	709	1	1370671517
14	709	1	1372933628
14	709	1	1372934048
14	709	1	1372936499
162	710	1	1370689293
162	710	1	1370689516
162	710	1	1370690567
14	710	1	1373612018
163	711	1	1370962813
14	712	1	1372682734
14	712	1	1372754593
14	713	1	1372684411
42	714	1	1372733673
14	715	1	1372750329
14	715	1	1372753654
14	715	1	1372763903
14	715	1	1373607269
14	715	1	1374476176
19	715	1	1427705749
14	716	1	1372750516
14	716	1	1372750857
14	716	1	1372755131
14	716	1	1372926757
14	716	1	1372937221
14	716	1	1374475048
14	716	1	1374476010
14	716	1	1375091365
14	717	1	1372750926
14	718	1	1372752333
16	718	1	1398848246
14	719	1	1372752577
14	720	1	1372752761
14	721	1	1372752949
14	722	1	1372753146
14	722	1	1372753199
14	722	1	1372753530
14	722	1	1372763983
14	722	1	1372764768
14	722	1	1372926332
14	722	1	1372927597
14	722	1	1372938118
14	722	1	1372939438
14	722	1	1373542595
14	722	1	1373606534
14	722	1	1373698461
14	722	1	1374474802
14	722	1	1374475617
14	722	1	1374475728
14	722	1	1374563950
14	722	1	1374566039
14	722	1	1374566339
14	722	1	1375080890
14	722	1	1375081534
14	722	1	1375083011
14	722	1	1375089547
14	722	1	1375089912
14	722	1	1375092576
14	722	1	1375092614
14	723	1	1372753721
14	724	1	1372753876
14	725	1	1372753921
14	726	1	1372754027
14	727	1	1372754368
14	728	1	1372754447
14	729	1	1372754862
14	730	1	1372755260
14	731	1	1372755472
14	732	1	1372759367
14	733	1	1372762250
14	734	1	1372762392
14	735	1	1372763269
14	736	1	1372763630
14	737	1	1372763800
14	738	1	1372764101
14	739	1	1372764488
14	740	1	1372764750
14	741	1	1372765551
42	742	1	1372820767
14	743	1	1372925257
14	744	1	1372925393
14	745	1	1372925961
14	746	1	1372926046
14	747	1	1372926157
14	748	1	1372926793
14	749	1	1372926989
14	750	1	1372927239
14	751	1	1372927370
14	752	1	1372927485
14	753	1	1372927578
14	754	1	1372936856
14	755	1	1372936996
14	756	1	1372937392
14	757	1	1372937719
14	758	1	1372937851
14	759	1	1372937992
14	760	1	1372938114
14	761	1	1372938412
14	762	1	1372938535
14	763	1	1372938747
57	763	1	1373015208
14	764	1	1372938880
14	765	1	1372939424
164	766	1	1373211621
164	766	1	1373211784
164	766	1	1373212371
164	766	1	1373213097
164	766	1	1373213359
164	766	1	1373216365
14	767	1	1373527509
14	767	1	1373527697
14	767	1	1373546507
14	767	1	1373546699
14	767	1	1373547600
14	767	1	1373548007
14	767	1	1373548047
14	767	1	1373611935
14	767	1	1374566886
14	767	1	1374567113
14	769	1	1373542490
14	770	1	1373606337
14	771	1	1373606790
14	771	1	1373606850
14	772	1	1373606995
14	772	1	1373607332
20	772	1	1466930888
14	773	1	1373607143
14	774	1	1373607817
165	774	1	1381416401
155	774	1	1381529158
166	774	1	1391100364
167	774	1	1438004670
14	775	1	1373608092
14	776	1	1373608224
14	777	1	1373608494
14	778	1	1373612089
14	779	1	1373612122
14	780	1	1373612160
14	781	1	1373612220
14	782	1	1373612242
14	783	1	1373630151
14	784	1	1373630202
14	784	1	1373630253
14	784	1	1373630680
14	784	1	1373632720
14	785	1	1373632670
14	786	1	1373632863
14	787	1	1373697866
14	788	1	1373698319
14	789	1	1373698452
168	790	1	1374242655
14	791	1	1374474545
14	792	1	1374474774
14	793	1	1374475249
14	794	1	1374475419
14	795	1	1374475511
14	796	1	1374475611
14	797	1	1374475718
14	798	1	1374563600
14	799	1	1374563705
14	800	1	1374563830
14	801	1	1374563937
14	802	1	1374565873
14	803	1	1374566151
14	804	1	1374566229
14	805	1	1374566325
169	806	1	1374742724
169	806	1	1374743946
14	807	1	1375080625
14	808	1	1375080734
14	809	1	1375080880
14	810	1	1375081316
14	811	1	1375081410
14	812	1	1375081525
14	813	1	1375082914
14	814	1	1375083005
14	815	1	1375087896
14	816	1	1375088096
14	817	1	1375088269
14	818	1	1375089338
14	819	1	1375089445
14	820	1	1375089543
14	821	1	1375089702
14	822	1	1375089814
14	823	1	1375089907
14	824	1	1375091308
14	825	1	1375092312
14	826	1	1375092437
14	827	1	1375092560
14	828	1	1375093489
14	828	1	1375093519
14	829	1	1375093963
14	830	1	1375093993
14	831	1	1375094022
14	832	1	1375094215
170	833	1	1375294415
171	833	1	1425546778
170	834	1	1375294461
170	834	1	1398945794
171	834	1	1425546778
172	835	1	1376685610
14	836	1	1377169528
14	837	1	1377169865
172	839	1	1377992344
94	840	1	1379267310
94	841	1	1379267312
42	842	1	1379281103
42	843	1	1379302518
156	843	1	1451505968
42	844	1	1379463817
42	845	1	1379467527
42	846	1	1379560810
42	847	1	1379562496
42	848	1	1379563837
42	849	1	1379897270
42	850	1	1379899043
42	851	1	1380159678
42	852	1	1380163904
42	853	1	1380395978
42	854	1	1380397355
42	855	1	1380400989
173	855	1	1385796746
173	855	1	1388052895
173	855	1	1391249026
42	855	1	1408626532
174	855	1	1411917926
27	855	1	1411919487
42	855	1	1413772643
42	855	1	1438465615
42	856	1	1380407554
173	856	1	1385474803
173	856	1	1386743389
173	856	1	1391656086
173	856	1	1393935855
174	856	1	1411917926
27	856	1	1411919487
42	856	1	1414898187
42	857	1	1381683889
42	858	1	1381700187
160	858	1	1382879293
160	858	1	1382933039
160	859	1	1382862161
175	860	1	1382905991
176	861	1	1383039403
177	863	1	1383341095
178	865	1	1384543447
178	866	1	1384544006
178	867	1	1384544163
179	868	1	1384699250
180	869	1	1384786202
181	870	1	1384786593
182	871	1	1385384108
183	872	1	1387293665
42	874	1	1390174950
184	874	1	1487204027
42	875	1	1390254192
42	876	1	1390265330
185	877	1	1390300370
186	879	1	1392059000
187	880	1	1392385725
187	881	1	1392392740
42	882	1	1393563791
42	883	1	1393571053
188	884	1	1393705894
15	885	1	1394183633
15	885	1	1394183828
15	885	1	1394185630
15	885	1	1394187257
15	885	1	1394187378
15	885	1	1394189951
15	885	1	1394190653
15	886	1	1394190741
20	886	1	1467016302
15	887	1	1394190818
181	888	1	1394757351
189	889	1	1395185948
189	889	1	1395428189
189	889	1	1396579221
190	890	1	1396563181
191	891	1	1396597302
16	893	1	1398690500
16	893	1	1399638657
16	894	1	1398690608
16	894	1	1398690644
16	894	1	1398690677
16	894	1	1398690695
16	894	1	1398690713
16	894	1	1398690731
16	894	1	1398699391
16	894	1	1399638577
16	895	1	1398692131
192	895	1	1398709597
192	895	1	1398709861
192	895	1	1398709985
192	895	1	1398710275
192	895	1	1398710422
16	895	1	1398791498
16	895	1	1398940728
16	896	1	1398692250
16	896	1	1398693294
16	896	1	1398694518
16	896	1	1398694550
16	896	1	1398694594
16	896	1	1398797882
16	896	1	1398798662
16	897	1	1398692309
16	897	1	1398693233
16	898	1	1398692358
22	898	1	1473248099
16	899	1	1398692380
16	900	1	1398692440
16	901	1	1398692461
16	901	1	1398692544
16	901	1	1398692889
16	901	1	1398692995
16	902	1	1398692763
16	903	1	1398692883
16	904	1	1398693115
16	905	1	1398693156
16	906	1	1398694832
16	906	1	1398698374
16	907	1	1398696026
16	907	1	1398697955
16	907	1	1398698065
16	907	1	1398844492
16	908	1	1398696050
16	909	1	1398697697
16	910	1	1398697725
16	911	1	1398697755
16	912	1	1398697781
16	913	1	1398697845
16	914	1	1398698207
16	914	1	1398698219
16	914	1	1398698246
16	914	1	1398698278
16	914	1	1398846293
16	915	1	1398698219
57	915	1	1399227288
16	916	1	1398698436
16	916	1	1398698495
16	917	1	1398698939
16	918	1	1398699130
192	919	1	1398709820
192	919	1	1398710359
192	920	1	1398709905
192	920	1	1398710071
192	920	1	1398710098
192	920	1	1398710133
192	920	1	1398710325
192	921	1	1398710307
192	922	1	1398713665
16	923	1	1398792352
16	923	1	1398792441
16	923	1	1398792523
16	923	1	1398793141
16	923	1	1398793250
16	923	1	1398793373
16	923	1	1398793500
16	923	1	1398795739
16	923	1	1398797473
16	923	1	1398797591
16	923	1	1398797966
16	923	1	1398798002
16	923	1	1398844229
16	923	1	1398846375
16	923	1	1398846526
16	924	1	1398795958
16	925	1	1398795998
16	926	1	1398796578
16	926	1	1398796683
16	927	1	1398798841
186	927	1	1400592526
16	927	1	1400593293
186	927	1	1400594508
16	927	1	1400594940
16	927	1	1400595032
186	927	1	1400597604
16	927	1	1400597785
193	927	1	1410155196
16	928	1	1398844184
16	929	1	1398844465
16	929	1	1398844556
16	929	1	1398844737
16	929	1	1398844869
16	929	1	1398846254
16	929	1	1398846457
16	930	1	1398844492
16	931	1	1398846293
16	932	1	1398846643
16	933	1	1398846830
16	934	1	1398846977
16	934	1	1398847068
16	935	1	1398847358
16	936	1	1398847674
16	937	1	1398848087
16	937	1	1398848288
16	937	1	1398848346
16	937	1	1398849121
16	938	1	1398848974
16	938	1	1398849052
16	938	1	1398849192
16	939	1	1398849519
16	939	1	1398850384
16	939	1	1398850684
16	939	1	1398851068
16	939	1	1398851352
16	940	1	1398856898
16	940	1	1398859821
16	940	1	1398860927
192	941	1	1398891536
16	941	1	1398944826
16	942	1	1398941881
16	942	1	1398942603
16	942	1	1398942672
16	942	1	1398942930
16	943	1	1398941915
16	944	1	1398941947
16	945	1	1398941984
16	945	1	1398941999
16	946	1	1398941999
16	947	1	1398942083
16	948	1	1398942146
16	949	1	1398942184
16	949	1	1398942266
16	950	1	1398942309
16	951	1	1398942482
16	952	1	1398942798
20	952	1	1467044367
16	953	1	1398942831
16	954	1	1398943072
16	955	1	1398943130
16	956	1	1398943149
16	957	1	1398943272
16	958	1	1398943997
19	958	1	1398944588
170	958	1	1398945755
16	958	1	1398945861
186	958	1	1398946843
16	958	1	1398947099
194	958	1	1398951987
195	958	1	1398952682
195	958	1	1398952768
196	958	1	1398955950
197	958	1	1398958062
198	958	1	1398958289
199	958	1	1398967135
17	958	1	1398971770
200	958	1	1399017265
201	958	1	1399020507
192	958	1	1399033647
202	958	1	1399094924
203	958	1	1399128785
204	958	1	1399191721
205	958	1	1399206809
78	958	1	1399263135
206	958	1	1399279547
14	958	1	1399318922
207	958	1	1399545135
16	958	1	1399637558
208	958	1	1399639721
16	958	1	1399639809
16	959	1	1398944034
16	960	1	1398944112
16	961	1	1398944152
186	962	1	1398946957
195	963	1	1398952782
16	964	1	1399035196
17	965	1	1398974142
17	965	1	1398976618
17	965	1	1398976801
17	965	1	1398976814
17	966	1	1398974309
17	967	1	1398974630
17	967	1	1398974731
20	967	1	1467181696
17	968	1	1398975757
17	968	1	1398976418
16	968	1	1399035713
17	969	1	1398975881
17	970	1	1398990476
209	970	1	1428345158
16	971	1	1399035378
198	972	1	1399621916
16	973	1	1399637642
16	974	1	1399638141
16	975	1	1399638180
16	976	1	1400593532
186	977	1	1400595060
186	978	1	1400597179
186	978	1	1400597257
186	978	1	1404379771
186	978	1	1404380708
186	978	1	1404381054
186	979	1	1401952021
186	979	1	1401960397
186	979	1	1401960877
186	979	1	1401961400
186	979	1	1401961859
186	979	1	1401962086
186	979	1	1402735443
186	979	1	1402735833
186	979	1	1411993687
186	979	1	1412595283
186	979	1	1436693209
186	979	1	1436693312
186	980	1	1401961010
186	981	1	1401961511
186	982	1	1401961910
186	982	1	1401961941
186	983	1	1401962217
186	984	1	1402735716
28	985	1	1403183367
210	986	1	1404162661
186	987	1	1404379939
186	988	1	1404380777
186	989	1	1404381107
186	990	1	1404381156
186	990	1	1404381461
104	991	1	1408317673
42	992	1	1409106498
42	993	1	1410622702
211	993	1	1447384206
42	994	1	1410709785
42	995	1	1411003748
211	995	1	1447384248
212	996	1	1411378440
28	996	1	1426840923
25	996	1	1429233830
28	996	1	1429245776
174	997	1	1411917926
57	997	1	1415697214
42	997	1	1420952364
174	998	1	1411917927
57	998	1	1415697219
42	998	1	1420959100
27	999	1	1411919487
27	1000	1	1411919487
186	1001	1	1411998907
186	1002	1	1412595334
186	1002	1	1412595760
186	1002	1	1436693258
213	1003	1	1413303117
214	1003	1	1413309426
138	1003	1	1430623001
90	1003	1	1495901237
214	1004	1	1413309277
42	1005	1	1416714288
101	1005	1	1472040907
101	1005	1	1472139978
42	1006	1	1416721399
101	1006	1	1472040908
101	1006	1	1472139978
155	1007	1	1417132142
155	1008	1	1417132143
42	1009	1	1417321625
186	1010	1	1418398726
186	1010	1	1418399303
186	1010	1	1418402375
186	1010	1	1418402494
186	1010	1	1418457466
186	1010	1	1418457616
186	1010	1	1418458033
186	1011	1	1418402394
186	1012	1	1418402539
186	1012	1	1418402569
186	1012	1	1418402593
186	1012	1	1418402638
186	1013	1	1418457588
186	1014	1	1418458141
186	1015	1	1419255606
186	1015	1	1419255846
186	1015	1	1419256809
186	1015	1	1419257115
186	1015	1	1419257569
186	1015	1	1419257936
186	1015	1	1419258911
186	1015	1	1419260183
186	1015	1	1419260227
186	1015	1	1419260263
186	1015	1	1419260301
186	1015	1	1419260349
186	1016	1	1419255741
186	1017	1	1419255922
186	1017	1	1419256186
186	1018	1	1419256257
186	1019	1	1419256904
186	1019	1	1419257371
186	1020	1	1419257211
186	1021	1	1419257640
186	1021	1	1419257800
186	1022	1	1419257692
186	1023	1	1419258083
186	1023	1	1419258315
186	1023	1	1419258721
186	1024	1	1419258168
186	1025	1	1419258359
186	1026	1	1419258401
186	1027	1	1419258450
186	1028	1	1419258577
186	1029	1	1419258768
186	1030	1	1419258827
186	1031	1	1419259103
186	1031	1	1419259385
186	1032	1	1419259153
186	1033	1	1419259224
186	1034	1	1419259446
186	1035	1	1419259501
186	1036	1	1419259546
186	1037	1	1419259592
186	1038	1	1419259631
186	1039	1	1419259667
186	1040	1	1419259716
42	1041	1	1421111763
42	1042	1	1421115735
42	1043	1	1421119791
42	1043	1	1423374987
140	1043	1	1424432020
215	1044	1	1421426394
192	1045	1	1421613597
192	1046	1	1421613726
192	1047	1	1421614164
192	1047	1	1421614219
192	1047	1	1421614245
192	1047	1	1421614300
192	1048	1	1421614427
192	1049	1	1421614546
192	1050	1	1421614726
192	1050	1	1421614805
192	1050	1	1421614903
192	1051	1	1421614993
192	1051	1	1421615040
192	1052	1	1421615080
192	1053	1	1421615325
101	1054	1	1422986837
101	1055	1	1422986837
42	1056	1	1423370641
42	1057	1	1423377350
140	1057	1	1424432020
42	1058	1	1423708357
216	1059	1	1423727491
42	1060	1	1423940443
42	1061	1	1424392785
101	1061	1	1438202362
140	1062	1	1424432020
140	1063	1	1424432020
42	1064	1	1424582946
101	1064	1	1438202272
42	1065	1	1424585060
57	1065	1	1438220991
171	1066	1	1425546778
171	1067	1	1425546778
42	1069	1	1426642031
28	1071	1	1426840842
25	1071	1	1429233821
28	1071	1	1429245774
28	1072	1	1426840842
25	1072	1	1429233821
28	1072	1	1429245774
28	1073	1	1426840844
25	1073	1	1429233821
28	1073	1	1429245774
28	1074	1	1426840844
25	1074	1	1429233821
28	1074	1	1429245774
28	1075	1	1426840845
25	1075	1	1429233821
28	1075	1	1429245775
28	1076	1	1426840845
25	1076	1	1429233821
28	1076	1	1429245775
28	1077	1	1426840849
25	1077	1	1429233821
28	1077	1	1429245775
28	1078	1	1426840849
25	1078	1	1429233821
28	1078	1	1429245775
28	1079	1	1426840850
25	1079	1	1429233821
28	1079	1	1429245775
28	1080	1	1426840850
25	1080	1	1429233821
28	1080	1	1429245777
28	1081	1	1426840851
25	1081	1	1429233822
28	1081	1	1429245778
28	1082	1	1426840851
25	1082	1	1429233822
28	1082	1	1429245779
28	1083	1	1426840851
25	1083	1	1429233822
28	1083	1	1429245777
28	1084	1	1426840851
25	1084	1	1429233822
28	1084	1	1429245778
28	1085	1	1426840859
25	1085	1	1429233822
28	1085	1	1429245779
28	1086	1	1426840859
25	1086	1	1429233822
28	1086	1	1429245780
28	1087	1	1426840859
25	1087	1	1429233822
28	1087	1	1429245780
28	1088	1	1426840859
25	1088	1	1429233822
28	1088	1	1429245780
28	1089	1	1426840859
25	1089	1	1429233824
28	1089	1	1429245780
28	1090	1	1426840859
25	1090	1	1429233822
28	1090	1	1429245780
28	1091	1	1426840859
25	1091	1	1429233822
28	1091	1	1429245780
28	1092	1	1426840863
25	1092	1	1429233824
28	1092	1	1429245780
28	1093	1	1426840865
25	1093	1	1429233824
28	1093	1	1429245781
28	1094	1	1426840865
25	1094	1	1429233824
28	1094	1	1429245781
28	1095	1	1426840865
25	1095	1	1429233824
28	1095	1	1429245782
28	1096	1	1426840865
25	1096	1	1429233824
28	1096	1	1429245782
28	1097	1	1426840865
25	1097	1	1429233824
28	1097	1	1429245784
28	1098	1	1426840866
25	1098	1	1429233824
28	1098	1	1429245785
28	1099	1	1426840867
25	1099	1	1429233824
28	1099	1	1429245785
28	1100	1	1426840867
25	1100	1	1429233824
28	1100	1	1429245785
28	1101	1	1426840867
25	1101	1	1429233826
28	1101	1	1429245786
28	1102	1	1426840867
25	1102	1	1429233825
28	1102	1	1429245786
28	1103	1	1426840868
25	1103	1	1429233826
28	1103	1	1429245786
28	1104	1	1426840868
25	1104	1	1429233826
28	1104	1	1429245786
28	1105	1	1426840868
25	1105	1	1429233826
28	1105	1	1429245786
28	1106	1	1426840874
25	1106	1	1429233826
28	1106	1	1429245787
28	1107	1	1426840875
25	1107	1	1429233826
28	1107	1	1429245788
28	1108	1	1426840875
25	1108	1	1429233826
28	1108	1	1429245788
28	1109	1	1426840875
25	1109	1	1429233826
28	1109	1	1429245788
28	1110	1	1426840875
25	1110	1	1429233826
28	1110	1	1429245789
28	1111	1	1426840880
25	1111	1	1429233828
28	1111	1	1429245789
28	1112	1	1426840882
25	1112	1	1429233828
28	1112	1	1429245790
28	1113	1	1426840882
25	1113	1	1429233828
28	1113	1	1429245790
28	1114	1	1426840890
25	1114	1	1429233828
28	1114	1	1429245790
28	1115	1	1426840890
25	1115	1	1429233828
28	1115	1	1429245790
28	1116	1	1426840892
25	1116	1	1429233828
28	1116	1	1429245791
28	1117	1	1426840892
25	1117	1	1429233828
28	1117	1	1429245795
28	1118	1	1426840893
25	1118	1	1429233828
28	1118	1	1429245795
28	1119	1	1426840893
25	1119	1	1429233828
28	1119	1	1429245796
28	1120	1	1426840893
25	1120	1	1429233828
28	1120	1	1429245795
28	1121	1	1426840893
25	1121	1	1429233830
28	1121	1	1429245774
28	1122	1	1426840905
28	1123	1	1426840905
28	1124	1	1426840906
25	1124	1	1429233830
28	1124	1	1429245774
28	1125	1	1426840909
25	1125	1	1429233830
28	1125	1	1429245775
28	1126	1	1426840910
25	1126	1	1429233830
28	1126	1	1429245775
28	1127	1	1426840919
25	1127	1	1429233830
28	1127	1	1429245775
28	1128	1	1426840920
25	1128	1	1429233830
28	1128	1	1429245775
28	1129	1	1426840923
25	1129	1	1429233830
28	1129	1	1429245776
28	1130	1	1426840923
25	1130	1	1429233830
28	1130	1	1429245776
28	1131	1	1426840929
25	1131	1	1429233834
28	1131	1	1429245777
28	1132	1	1426840929
25	1132	1	1429233834
28	1132	1	1429245777
28	1133	1	1426840935
25	1133	1	1429233834
28	1133	1	1429245777
28	1134	1	1426840936
25	1134	1	1429233834
28	1134	1	1429245778
28	1135	1	1426840941
25	1135	1	1429233834
28	1135	1	1429245778
28	1136	1	1426840943
25	1136	1	1429233834
28	1136	1	1429245778
28	1137	1	1426840953
25	1137	1	1429233834
28	1137	1	1429245778
28	1138	1	1426840953
25	1138	1	1429233834
28	1138	1	1429245779
28	1139	1	1426840953
25	1139	1	1429233834
28	1139	1	1429245779
28	1140	1	1426840953
25	1140	1	1429233834
28	1140	1	1429245779
28	1141	1	1426840964
25	1141	1	1429233837
28	1141	1	1429245780
28	1142	1	1426840964
25	1142	1	1429233837
28	1142	1	1429245780
28	1143	1	1426840964
25	1143	1	1429233837
28	1143	1	1429245780
28	1144	1	1426840964
25	1144	1	1429233837
28	1144	1	1429245780
28	1145	1	1426840965
25	1145	1	1429233837
28	1145	1	1429245780
28	1146	1	1426840965
25	1146	1	1429233837
28	1146	1	1429245781
28	1147	1	1426840966
25	1147	1	1429233837
28	1147	1	1429245780
28	1148	1	1426840966
25	1148	1	1429233837
28	1148	1	1429245781
28	1149	1	1426840967
25	1149	1	1429233837
28	1149	1	1429245781
28	1150	1	1426840967
25	1150	1	1429233837
28	1150	1	1429245781
28	1151	1	1426840967
25	1151	1	1429233841
28	1151	1	1429245782
28	1152	1	1426840967
25	1152	1	1429233841
28	1152	1	1429245782
28	1153	1	1426840970
25	1153	1	1429233841
28	1153	1	1429245782
28	1154	1	1426840971
25	1154	1	1429233841
28	1154	1	1429245782
28	1155	1	1426840979
25	1155	1	1429233841
28	1155	1	1429245782
28	1156	1	1426840979
25	1156	1	1429233841
28	1156	1	1429245783
28	1157	1	1426840979
25	1157	1	1429233841
28	1157	1	1429245784
28	1158	1	1426840982
25	1158	1	1429233841
28	1158	1	1429245784
28	1159	1	1426840982
25	1159	1	1429233841
28	1159	1	1429245785
28	1160	1	1426840982
25	1160	1	1429233841
28	1160	1	1429245785
28	1161	1	1426840983
25	1161	1	1429233845
28	1161	1	1429245786
28	1162	1	1426840983
25	1162	1	1429233845
28	1162	1	1429245786
28	1163	1	1426840983
25	1163	1	1429233845
28	1163	1	1429245786
28	1164	1	1426840983
25	1164	1	1429233845
28	1164	1	1429245787
28	1165	1	1426840983
25	1165	1	1429233845
28	1165	1	1429245787
28	1166	1	1426840983
25	1166	1	1429233845
28	1166	1	1429245787
17	1167	1	1426963901
17	1167	1	1426963929
209	1167	1	1428345178
217	1168	1	1427052297
17	1169	1	1427745286
17	1170	1	1427745319
209	1171	1	1428345158
209	1172	1	1428345178
218	1173	1	1428584694
103	1174	1	1429212131
138	1175	1	1429402900
138	1176	1	1429402936
159	1177	1	1430710583
219	1178	1	1431474762
186	1179	1	1436693258
186	1179	1	1436693419
186	1180	1	1436693588
186	1180	1	1436693636
186	1180	1	1436693721
186	1180	1	1436693817
186	1180	1	1436693880
101	1181	1	1438202272
101	1182	1	1438202362
220	1183	1	1438645182
221	1184	1	1441074553
221	1184	1	1443332151
222	1185	1	1441161389
222	1185	1	1444123027
223	1186	1	1441238999
223	1186	1	1443296517
224	1187	1	1443262485
224	1188	1	1443263131
220	1189	1	1443816903
220	1190	1	1443816903
220	1191	1	1443816903
220	1192	1	1443816904
220	1193	1	1443816904
220	1194	1	1443816904
220	1195	1	1443816904
225	1196	1	1447114560
149	1197	1	1450240593
70	1197	1	1493167566
149	1198	1	1450242254
149	1199	1	1450399165
149	1200	1	1450399238
149	1201	1	1450399555
156	1202	1	1451502365
156	1204	1	1451505968
156	1205	1	1451505969
18	1208	1	1455648590
18	1208	1	1455648677
18	1209	1	1455649065
18	1209	1	1455649149
18	1209	1	1455649466
18	1209	1	1455653214
20	1209	1	1467140388
20	1209	1	1467140575
18	1210	1	1455649255
18	1210	1	1455653301
18	1210	1	1455653327
18	1210	1	1455693324
18	1211	1	1455649357
18	1211	1	1455653399
18	1211	1	1455693344
18	1212	1	1455649531
18	1212	1	1455653482
18	1212	1	1455693374
18	1213	1	1455649621
18	1213	1	1455653554
18	1213	1	1455693399
18	1214	1	1455649688
18	1214	1	1455653634
18	1214	1	1455693437
18	1215	1	1455649806
18	1215	1	1455653733
18	1215	1	1455693458
18	1216	1	1455649868
18	1216	1	1455653803
18	1216	1	1455693500
18	1217	1	1455650030
18	1217	1	1455698132
18	1217	1	1455698171
18	1218	1	1455650147
18	1218	1	1455653878
18	1218	1	1455693537
18	1219	1	1455650230
18	1219	1	1455653951
18	1219	1	1455693562
18	1220	1	1455650322
18	1220	1	1455654025
18	1220	1	1455693592
18	1221	1	1455650400
18	1221	1	1455654081
18	1221	1	1455693626
18	1222	1	1455650518
18	1222	1	1455650540
18	1222	1	1455650564
18	1222	1	1455654163
18	1222	1	1455693647
18	1223	1	1455650622
18	1223	1	1455654229
18	1223	1	1455693677
18	1224	1	1455650737
18	1224	1	1455654316
18	1224	1	1455693705
18	1225	1	1455650804
18	1225	1	1455654429
18	1225	1	1455693737
18	1226	1	1455650857
18	1226	1	1455654499
18	1226	1	1455693755
18	1227	1	1455650892
18	1227	1	1455654560
18	1227	1	1455693776
18	1228	1	1455650923
18	1228	1	1455691053
18	1228	1	1455693791
18	1229	1	1455650960
18	1229	1	1455650980
18	1229	1	1455691131
18	1229	1	1455693815
18	1230	1	1455651024
18	1230	1	1455691197
18	1230	1	1455693840
18	1231	1	1455651074
18	1231	1	1455691260
18	1231	1	1455693863
18	1232	1	1455651117
18	1232	1	1455691402
18	1232	1	1455693885
18	1233	1	1455651310
18	1233	1	1455691479
18	1233	1	1455691514
18	1233	1	1455693902
18	1234	1	1455651374
18	1234	1	1455691573
18	1234	1	1455693942
18	1235	1	1455651402
18	1235	1	1455691635
18	1235	1	1455693960
18	1236	1	1455651431
18	1236	1	1455691699
18	1236	1	1455693976
18	1237	1	1455651456
18	1237	1	1455691790
18	1237	1	1455693994
18	1237	1	1455699183
18	1238	1	1455651511
18	1238	1	1455691862
18	1238	1	1455694013
18	1239	1	1455651553
18	1239	1	1455691919
18	1239	1	1455694051
18	1240	1	1455651648
18	1240	1	1455691970
18	1240	1	1455694068
18	1241	1	1455651680
18	1241	1	1455692022
18	1241	1	1455694084
18	1242	1	1455651711
18	1242	1	1455692083
18	1242	1	1455694100
18	1243	1	1455651736
18	1243	1	1455692140
18	1243	1	1455694117
18	1244	1	1455651764
18	1244	1	1455692223
18	1244	1	1455694130
18	1245	1	1455651795
18	1245	1	1455692293
18	1245	1	1455694144
18	1246	1	1455651825
18	1246	1	1455692359
18	1246	1	1455694161
18	1247	1	1455651850
18	1247	1	1455692406
18	1247	1	1455697981
18	1248	1	1455651876
18	1248	1	1455692469
18	1248	1	1455698005
18	1249	1	1455651905
18	1249	1	1455692536
18	1249	1	1455698028
18	1250	1	1455652080
18	1250	1	1455652942
18	1250	1	1455692946
18	1250	1	1455698062
18	1251	1	1455652988
18	1251	1	1455693057
18	1251	1	1455698093
18	1252	1	1455653015
18	1252	1	1455693226
18	1252	1	1455693268
226	1253	1	1458638155
156	1254	1	1462387232
227	1255	1	1463824371
228	1256	1	1464603434
228	1256	1	1464603738
228	1256	1	1464603950
228	1256	1	1464603984
228	1256	1	1464604294
228	1256	1	1464604324
228	1256	1	1464604646
228	1256	1	1464604986
228	1256	1	1464703027
229	1256	1	1474053201
228	1257	1	1464604790
228	1257	1	1464605048
228	1258	1	1464605249
228	1259	1	1464605360
228	1259	1	1464605587
228	1259	1	1464605701
228	1259	1	1464610564
228	1259	1	1464610595
228	1259	1	1464610610
228	1259	1	1464610720
228	1259	1	1464610750
228	1259	1	1464610805
228	1259	1	1464610826
228	1259	1	1464610857
228	1259	1	1464610884
228	1259	1	1464610914
228	1259	1	1464610946
228	1259	1	1464611061
228	1259	1	1464611122
228	1259	1	1464611274
228	1259	1	1464611310
228	1259	1	1464611336
228	1259	1	1464611374
228	1259	1	1464611419
228	1259	1	1464611604
228	1259	1	1464612698
228	1259	1	1464612725
228	1259	1	1464612793
228	1259	1	1464613113
228	1259	1	1464613220
228	1259	1	1464613233
228	1259	1	1464613376
228	1259	1	1464613394
228	1259	1	1464614221
228	1259	1	1464614274
228	1260	1	1464605791
228	1261	1	1464605844
228	1261	1	1464606956
228	1261	1	1464607228
228	1261	1	1464607287
228	1261	1	1464607339
228	1261	1	1464607402
228	1261	1	1464608716
228	1261	1	1464608740
228	1261	1	1464608763
228	1261	1	1464608788
228	1261	1	1464608805
228	1261	1	1464608837
228	1261	1	1464608903
228	1261	1	1464608928
228	1261	1	1464608955
228	1261	1	1464608992
228	1261	1	1464609018
228	1261	1	1464609040
228	1261	1	1464609056
228	1261	1	1464609072
228	1261	1	1464609093
228	1261	1	1464609179
228	1261	1	1464609232
228	1261	1	1464609247
228	1261	1	1464609278
228	1261	1	1464609290
228	1261	1	1464609320
228	1262	1	1464605911
228	1262	1	1464605969
228	1262	1	1464605991
228	1262	1	1464606034
228	1262	1	1464606072
228	1262	1	1464606113
228	1262	1	1464606135
228	1262	1	1464606211
228	1262	1	1464606374
228	1262	1	1464606399
228	1262	1	1464606415
228	1262	1	1464606446
228	1262	1	1464606466
228	1262	1	1464606517
228	1262	1	1464606534
228	1262	1	1464606558
228	1262	1	1464606609
228	1262	1	1464606677
228	1262	1	1464606795
228	1262	1	1464606811
228	1263	1	1464607065
228	1264	1	1464607114
228	1265	1	1464703367
228	1266	1	1464703522
228	1266	1	1464703573
228	1266	1	1464703783
228	1266	1	1464704028
228	1266	1	1464704080
228	1266	1	1464704345
228	1266	1	1464704594
228	1266	1	1464704838
228	1266	1	1464704913
228	1266	1	1464704941
228	1266	1	1464704958
228	1266	1	1464704976
228	1266	1	1464705030
228	1266	1	1464705103
228	1266	1	1464952923
228	1266	1	1464953165
228	1266	1	1464953206
228	1266	1	1464953254
228	1266	1	1464953425
228	1266	1	1464953497
228	1266	1	1464953544
228	1266	1	1464953672
228	1266	1	1464953703
228	1266	1	1464953752
20	1267	1	1466793642
20	1268	1	1466823905
20	1268	1	1466935084
20	1269	1	1466824076
20	1269	1	1466882669
20	1269	1	1467015049
20	1269	1	1467045405
20	1269	1	1467045575
20	1269	1	1467045712
20	1269	1	1467045983
20	1269	1	1467046151
20	1269	1	1467127385
21	1269	1	1467978897
21	1269	1	1468132103
21	1269	1	1468345685
20	1270	1	1466824149
20	1271	1	1466824246
20	1271	1	1466933693
20	1271	1	1466959338
20	1271	1	1466959494
20	1271	1	1467130082
20	1272	1	1466824486
20	1272	1	1466929086
21	1272	1	1469169189
22	1272	1	1473013711
20	1273	1	1466866817
20	1273	1	1466882583
20	1273	1	1466926636
20	1273	1	1466935571
20	1273	1	1466935824
20	1273	1	1466936063
20	1273	1	1466936207
20	1273	1	1466953455
21	1273	1	1468132219
21	1273	1	1469169032
21	1273	1	1469169079
20	1274	1	1466882757
20	1274	1	1466953049
20	1274	1	1466953323
20	1274	1	1468133671
20	1275	1	1466928227
20	1276	1	1466932524
20	1277	1	1466932961
20	1278	1	1466933884
20	1279	1	1466934315
20	1279	1	1466934747
20	1280	1	1466934663
20	1280	1	1466953940
20	1280	1	1466957669
20	1280	1	1466957729
20	1280	1	1466961642
20	1280	1	1466964521
20	1280	1	1467014624
20	1280	1	1467014798
20	1280	1	1467093166
20	1280	1	1467093234
22	1280	1	1473012821
22	1280	1	1473012876
22	1280	1	1473012889
22	1280	1	1473012957
20	1281	1	1466934876
20	1282	1	1466956984
20	1283	1	1466957590
20	1284	1	1466959273
20	1285	1	1467015289
230	1285	1	1467365377
101	1285	1	1494247331
20	1286	1	1467016645
20	1287	1	1467045059
20	1288	1	1467045143
20	1289	1	1467130521
20	1289	1	1467130843
20	1289	1	1467130920
20	1289	1	1467130960
20	1289	1	1467135871
20	1289	1	1467136019
20	1289	1	1467136133
20	1289	1	1467136254
20	1289	1	1467136901
20	1289	1	1467139110
20	1289	1	1467139452
21	1289	1	1468346449
21	1289	1	1469127510
21	1289	1	1469127829
22	1289	1	1473175597
22	1289	1	1473528733
231	1289	1	1474161780
22	1289	1	1474465213
22	1289	1	1474465527
232	1289	1	1474786758
22	1289	1	1474900016
233	1289	1	1476339106
22	1289	1	1476763053
234	1289	1	1477339084
235	1289	1	1493179877
236	1289	1	1496210475
236	1289	1	1496210623
236	1289	1	1496211113
236	1289	1	1496211380
20	1290	1	1467137201
20	1291	1	1467137764
20	1292	1	1467138266
20	1292	1	1467138663
20	1293	1	1467139516
20	1294	1	1467140575
20	1295	1	1467141975
21	1295	1	1468820390
21	1295	1	1468820864
21	1295	1	1468821368
21	1295	1	1468822217
21	1295	1	1468822312
21	1295	1	1469168754
21	1295	1	1469190843
21	1295	1	1469464697
20	1296	1	1467142210
20	1296	1	1467142697
20	1296	1	1467142953
20	1297	1	1467143335
230	1298	1	1467365823
21	1298	1	1468823290
230	1299	1	1467365831
230	1300	1	1467369229
21	1301	1	1467978931
21	1301	1	1468345905
21	1301	1	1468346354
21	1301	1	1469120357
21	1301	1	1469288839
20	1302	1	1468133671
21	1303	1	1468345974
21	1304	1	1468346475
234	1304	1	1477339154
21	1305	1	1468346540
21	1305	1	1468821503
21	1305	1	1468821739
21	1306	1	1468346676
22	1306	1	1473074936
21	1307	1	1468515064
22	1307	1	1473260468
21	1308	1	1468820390
21	1309	1	1468821681
21	1309	1	1468822012
22	1309	1	1473175430
21	1310	1	1468822512
237	1311	1	1471157717
101	1313	1	1472139978
101	1314	1	1472139978
22	1315	1	1472807075
22	1315	1	1473012272
22	1316	1	1472807430
22	1317	1	1473011973
22	1318	1	1473011997
22	1319	1	1473013748
22	1319	1	1473013770
238	1319	1	1482659520
238	1319	1	1482659611
22	1320	1	1473247565
22	1321	1	1473247623
22	1322	1	1473247908
22	1323	1	1473259361
22	1323	1	1473259405
239	1325	1	1478521140
240	1326	1	1478932270
186	1327	1	1482187194
186	1327	1	1482244163
186	1327	1	1482324886
186	1327	1	1482324962
186	1327	1	1482325076
186	1327	1	1482504899
186	1327	1	1482743551
186	1327	1	1482843979
186	1327	1	1483019665
186	1327	1	1483188014
238	1328	1	1482658298
241	1329	1	1482893321
184	1330	1	1487204027
155	1331	1	1487253634
101	1333	1	1494247331
242	1334	1	1494687282
242	1334	1	1494688405
90	1335	1	1495901101
90	1336	1	1495901137
90	1337	1	1495901156
90	1338	1	1495901494
243	1339	1	1495919885
125	1340	1	1497570707
148	1341	1	1498598635
148	1341	1	1498599147
