1	1	1	1153818415
2	1	1	1154281961
3	1	1	1309569107
4	1	1	1315669676
4	1	1	1315669687
4	1	1	1315669714
4	1	1	1315669868
4	1	1	1315669887
4	1	1	1315669899
4	1	1	1315669926
4	1	1	1315670097
4	1	1	1315670117
4	1	1	1315670233
4	1	1	1315670302
4	1	1	1315670591
5	1	1	1317725642
5	1	1	1317725698
5	1	1	1317726106
5	1	1	1317726678
5	1	1	1317727301
5	1	1	1317727334
5	1	1	1317728102
5	1	1	1317728173
5	1	1	1317728243
5	1	1	1317728881
5	1	1	1317728924
5	1	1	1317728960
5	1	1	1317729321
5	1	1	1317729390
5	1	1	1317729530
5	1	1	1317729580
5	1	1	1317729636
5	1	1	1317729784
5	1	1	1317730094
5	1	1	1317730121
5	1	1	1317730147
5	1	1	1317730860
5	1	1	1317730947
5	1	1	1317731007
5	1	1	1317731390
5	1	1	1317731518
5	1	1	1317732018
5	1	1	1317732312
5	1	1	1317732369
5	1	1	1317732651
5	1	1	1317732797
5	1	1	1317732982
6	1	1	1319478961
6	1	1	1319479617
6	1	1	1319479643
6	1	1	1319480579
6	1	1	1319480599
6	1	1	1319480818
6	1	1	1319481982
6	1	1	1319484301
6	1	1	1319484318
6	1	1	1319520424
7	1	1	1323057472
8	1	1	1332243158
8	1	1	1332244624
1	1	1	1353032200
9	1	1	1399635598
10	1	1	1453066436
11	2	1	1133628933
11	2	1	1134298202
12	2	1	1134677036
12	2	1	1135036926
12	2	1	1135913834
12	2	1	1138292291
13	2	1	1190969213
14	2	1	1197251595
11	3	1	1133629086
11	4	1	1133629107
12	5	1	1135036935
12	5	1	1136528005
2	5	1	1154281961
15	5	1	1311142587
7	5	1	1322986199
7	5	1	1322986214
7	5	1	1322986227
7	5	1	1323057147
16	5	1	1323699037
16	5	1	1327686781
17	5	1	1398694410
9	5	1	1399632534
18	5	1	1429434738
1	6	1	1153818430
1	6	1	1153818589
6	6	1	1319520654
2	7	1	1154281961
2	8	1	1154281961
19	9	1	1166659037
20	9	1	1185468498
21	10	1	1169109001
7	10	1	1322986350
16	10	1	1323698987
16	10	1	1323698997
22	11	1	1183043797
23	11	1	1277172985
23	11	1	1277174678
24	12	1	1188247591
24	13	1	1188247669
13	14	1	1190968971
13	15	1	1190969019
25	15	1	1206680784
17	15	1	1424671087
17	15	1	1424671264
26	15	1	1439894908
13	16	1	1190969046
27	17	1	1269501826
28	17	1	1287637603
28	17	1	1309683201
28	17	1	1319677125
28	17	1	1324472851
28	17	1	1326644325
28	17	1	1329059233
28	17	1	1338599268
28	17	1	1338920742
28	17	1	1340945417
28	17	1	1342728719
28	17	1	1346896891
28	17	1	1347283565
28	17	1	1350356482
28	17	1	1350493625
28	17	1	1357678951
28	17	1	1358609186
28	17	1	1359578099
28	17	1	1363204997
28	17	1	1366779248
28	17	1	1367293747
28	17	1	1367347141
28	17	1	1369082932
28	17	1	1370310259
28	17	1	1371962413
28	17	1	1372941528
29	17	1	1372949268
28	17	1	1374585948
30	17	1	1374597700
28	17	1	1377026333
28	17	1	1379990655
28	17	1	1380912592
28	17	1	1381263869
28	17	1	1383682295
28	17	1	1384817562
31	17	1	1389854823
31	17	1	1392813059
31	17	1	1393020027
31	17	1	1393616669
31	17	1	1394747778
31	17	1	1396307081
31	17	1	1400531911
31	17	1	1400880583
31	17	1	1403214864
31	17	1	1408642519
31	17	1	1408659324
31	17	1	1409676730
31	17	1	1414346650
31	17	1	1415986494
31	17	1	1416593532
31	17	1	1416594937
31	17	1	1419620392
31	17	1	1423161023
31	17	1	1423251670
32	17	1	1423323560
31	17	1	1424851099
31	17	1	1425249163
31	17	1	1425499363
31	17	1	1426276001
33	17	1	1428240222
33	17	1	1428240329
31	17	1	1428682336
31	17	1	1428695309
31	17	1	1429592900
31	17	1	1430711382
31	17	1	1431883752
31	17	1	1433533629
31	17	1	1434192257
31	17	1	1434200656
31	17	1	1434751237
31	17	1	1434756445
31	17	1	1437714559
31	17	1	1438386174
31	17	1	1438395180
31	17	1	1439591307
31	17	1	1439606411
31	17	1	1439939334
31	17	1	1439945201
34	17	1	1439945590
34	17	1	1439945597
31	17	1	1441217558
31	17	1	1441399973
31	17	1	1441403874
31	17	1	1441815126
31	17	1	1442936893
31	17	1	1442955670
31	17	1	1443459378
31	17	1	1446229141
31	17	1	1447106258
31	17	1	1447152502
31	17	1	1447796580
31	17	1	1448488042
31	17	1	1448980749
31	17	1	1450472375
31	17	1	1451001971
31	17	1	1451005574
31	17	1	1451958546
31	17	1	1451962147
10	17	1	1452447688
17	17	1	1452787762
10	17	1	1452870099
10	17	1	1452870107
31	17	1	1453143976
10	17	1	1456231721
31	17	1	1459442854
31	17	1	1460927261
31	17	1	1466751873
31	17	1	1467566414
31	17	1	1467732315
31	17	1	1470765784
31	17	1	1473692885
31	17	1	1475266257
31	17	1	1475717689
31	17	1	1476553786
31	17	1	1479081569
31	17	1	1479082302
31	17	1	1481743950
31	17	1	1487190699
31	17	1	1489088601
31	17	1	1489813751
31	17	1	1491536229
31	17	1	1491932060
31	17	1	1493838865
31	17	1	1494254479
31	17	1	1494612343
31	17	1	1494945868
31	17	1	1494968980
31	17	1	1495573541
35	17	1	1496334756
13	18	1	1192002885
23	19	1	1192842526
23	19	1	1319173639
23	19	1	1329450799
36	20	1	1193957397
36	20	1	1199833473
14	21	1	1196730151
37	22	1	1196736657
37	23	1	1196736662
38	24	1	1199112409
39	25	1	1200953360
39	26	1	1200953366
25	27	1	1206035691
25	28	1	1206035697
40	29	1	1206624729
41	30	1	1211499974
42	31	1	1212288537
43	32	1	1212799282
43	33	1	1212799517
44	34	1	1213744610
44	34	1	1213797165
44	34	1	1293352238
44	34	1	1372516518
44	35	1	1214150809
39	36	1	1221619701
39	36	1	1221619768
23	36	1	1225430603
23	37	1	1225169827
23	38	1	1225247181
45	39	1	1225317412
45	40	1	1225322067
45	41	1	1225326418
23	42	1	1225328350
23	43	1	1225352502
45	44	1	1225376616
45	44	1	1226321371
45	45	1	1225391398
45	46	1	1225391417
45	47	1	1225458797
45	47	1	1225570235
45	47	1	1225588741
45	47	1	1225600891
45	47	1	1225656779
45	47	1	1225683695
45	47	1	1225730227
45	47	1	1225775923
45	47	1	1225839013
45	47	1	1225863063
45	47	1	1225881779
45	47	1	1226013931
45	47	1	1226380713
45	47	1	1226501234
45	47	1	1226947400
45	47	1	1226968753
45	47	1	1227104829
45	47	1	1227878940
45	47	1	1228203776
45	47	1	1229414245
45	47	1	1230230962
45	47	1	1230241379
45	47	1	1230769603
45	47	1	1231588892
45	47	1	1232070321
45	47	1	1232474448
45	47	1	1232482806
45	47	1	1233058993
45	47	1	1233100183
45	47	1	1233125024
45	47	1	1233211358
45	47	1	1233557586
45	47	1	1234452465
45	47	1	1234763194
45	47	1	1234766370
45	47	1	1234951703
45	47	1	1235329225
45	47	1	1235497589
45	47	1	1236129326
45	47	1	1237340866
45	47	1	1238046479
45	47	1	1238719366
45	47	1	1240464190
23	48	1	1225530220
35	48	1	1234465838
23	49	1	1225584068
23	50	1	1225678844
23	51	1	1225770869
23	52	1	1225860392
45	53	1	1225933326
45	53	1	1226289439
45	54	1	1225945477
45	54	1	1226282168
45	55	1	1225961686
45	55	1	1226312359
45	56	1	1226233426
23	57	1	1226471385
46	58	1	1226495307
23	59	1	1227249726
23	60	1	1227883977
47	61	1	1229788644
48	62	1	1231040926
35	62	1	1309355011
23	63	1	1234149566
23	64	1	1234564021
23	65	1	1235275614
23	66	1	1235279866
45	67	1	1237302869
23	68	1	1237616545
49	69	1	1238747165
49	70	1	1238747175
23	71	1	1239502371
23	72	1	1239579280
23	73	1	1239582677
23	74	1	1240007786
23	75	1	1240015740
23	76	1	1240079115
23	77	1	1240088284
50	78	1	1242925100
51	79	1	1246042445
52	79	1	1390813230
53	79	1	1444959903
54	79	1	1445465132
51	80	1	1246042453
51	81	1	1246042459
55	82	1	1248108095
23	83	1	1251833262
23	84	1	1252735227
23	85	1	1252743044
23	86	1	1252815772
56	87	1	1257186715
57	88	1	1260042281
58	89	1	1260440974
58	89	1	1390810610
59	90	1	1263258369
59	90	1	1263258407
59	90	1	1263258435
23	91	1	1264237231
23	92	1	1264292079
40	93	1	1264353677
23	94	1	1264389262
23	95	1	1264467331
23	96	1	1264473331
23	97	1	1264551949
23	98	1	1264720830
23	99	1	1264732073
23	100	1	1264919088
23	101	1	1264921544
23	102	1	1264923232
23	103	1	1266706514
23	103	1	1379473343
23	104	1	1266717395
60	105	1	1268601391
61	106	1	1269960432
62	107	1	1270200508
62	107	1	1379184910
62	108	1	1270468995
62	108	1	1379184912
62	109	1	1270656962
62	109	1	1379184915
23	110	1	1271126932
63	111	1	1274813310
64	112	1	1276238289
23	113	1	1276992371
23	114	1	1277066088
23	115	1	1277158871
23	116	1	1277167824
23	117	1	1277178768
23	118	1	1277180279
23	119	1	1277247187
23	120	1	1277578893
23	120	1	1289164551
65	120	1	1308760706
65	120	1	1309106532
65	120	1	1322676138
65	120	1	1356643866
65	120	1	1356694720
23	121	1	1280795577
23	122	1	1280799648
66	123	1	1280959900
66	123	1	1281005614
66	124	1	1281096648
23	125	1	1281149014
23	126	1	1281153023
23	127	1	1281154729
23	128	1	1281158133
66	129	1	1281177805
23	129	1	1289163287
65	129	1	1308799376
65	129	1	1309110304
65	129	1	1356643856
23	130	1	1281232529
23	131	1	1281234328
66	132	1	1281258191
67	133	1	1281994904
67	134	1	1281994915
23	135	1	1283020659
23	136	1	1283393036
68	136	1	1395594535
69	137	1	1283394556
69	137	1	1284614354
70	137	1	1408317623
69	138	1	1283411768
2	139	1	1285024118
69	140	1	1285792015
69	141	1	1286348981
69	142	1	1287862590
23	143	1	1289160064
23	144	1	1289172681
69	145	1	1289953815
69	145	1	1291477140
69	145	1	1295305991
71	145	1	1327432717
72	145	1	1337663270
72	145	1	1342549248
72	145	1	1349131799
72	145	1	1360201117
67	146	1	1293739132
73	147	1	1294090627
23	148	1	1296442369
23	148	1	1333237219
74	148	1	1390290334
74	148	1	1390292163
23	149	1	1296448502
23	150	1	1296528569
23	151	1	1296616885
23	152	1	1296783665
75	153	1	1297757167
23	154	1	1298435484
23	155	1	1301869644
69	156	1	1302754907
23	157	1	1302977807
67	157	1	1331475028
23	158	1	1302982339
23	159	1	1302994204
23	160	1	1303350741
23	161	1	1305156829
23	161	1	1333910938
76	162	1	1306308931
76	162	1	1314536461
69	163	1	1306446493
69	164	1	1306518668
77	165	1	1307397096
78	165	1	1332354391
65	166	1	1308809422
65	166	1	1308813509
65	167	1	1308813252
79	168	1	1309305971
79	168	1	1331457542
79	168	1	1401149551
79	168	1	1423194413
80	169	1	1309513671
80	170	1	1309526589
65	171	1	1309539908
65	172	1	1309542034
23	173	1	1309569978
23	174	1	1309578735
23	175	1	1309582816
23	176	1	1309622873
23	177	1	1309631789
81	178	1	1311111778
82	179	1	1313254518
83	180	1	1313792608
23	181	1	1314241062
23	181	1	1422211692
23	182	1	1315762977
23	183	1	1315767531
23	184	1	1315771996
84	185	1	1316291914
5	186	1	1317725726
5	187	1	1317725764
5	188	1	1317725806
5	189	1	1317725842
5	190	1	1317725914
5	191	1	1317725940
5	192	1	1317725965
5	193	1	1317726252
5	194	1	1317726305
5	195	1	1317726339
5	196	1	1317726367
5	197	1	1317726412
5	198	1	1317726428
5	199	1	1317726467
5	200	1	1317726489
5	201	1	1317726524
5	202	1	1317726540
5	203	1	1317732078
5	204	1	1317732199
5	205	1	1317732475
5	205	1	1317733319
6	205	1	1319484228
6	205	1	1319484526
6	205	1	1319484553
6	205	1	1319484562
6	205	1	1319484577
6	205	1	1319484591
8	205	1	1332243507
85	205	1	1367573283
9	205	1	1381552601
5	206	1	1317732930
5	206	1	1317732953
8	206	1	1332243482
5	207	1	1317733351
6	207	1	1319484109
17	207	1	1453268264
17	207	1	1453268357
17	207	1	1453268592
5	208	1	1317733368
86	208	1	1332237071
87	208	1	1477927201
23	209	1	1318377990
78	210	1	1318455916
23	211	1	1318973627
68	212	1	1319302019
6	213	1	1319480077
6	214	1	1319480387
6	214	1	1319481278
6	214	1	1319481637
6	214	1	1319481745
6	214	1	1319481918
6	214	1	1319482725
6	214	1	1319482768
6	214	1	1319485100
6	214	1	1319485351
6	214	1	1319485462
6	214	1	1319485521
6	214	1	1319485621
6	214	1	1319485677
1	214	1	1320964517
1	214	1	1320964534
1	214	1	1320964573
1	214	1	1320964830
8	214	1	1332243672
9	214	1	1399633698
6	215	1	1319480463
6	216	1	1319483685
69	217	1	1319840941
69	217	1	1429212127
88	218	1	1319992839
89	218	1	1497568935
90	219	1	1320839802
90	220	1	1320839977
91	221	1	1321040375
92	222	1	1321068361
91	223	1	1321205030
91	224	1	1321205031
91	224	1	1321205215
93	225	1	1321464313
93	225	1	1349161893
93	225	1	1349171230
93	225	1	1351793859
7	226	1	1322986399
94	226	1	1485689649
94	226	1	1485689972
23	227	1	1321762618
23	228	1	1321848050
23	229	1	1321919147
23	230	1	1321922772
23	230	1	1322092639
23	231	1	1321927009
23	231	1	1322094369
65	232	1	1321998717
23	233	1	1322096544
23	234	1	1322097794
23	235	1	1322098998
95	236	1	1322264191
96	237	1	1322394076
23	237	1	1346638993
23	238	1	1323015228
23	239	1	1323046127
23	240	1	1323049839
23	241	1	1323132885
97	242	1	1323866358
7	242	1	1324186238
7	242	1	1324186261
98	243	1	1324137693
98	243	1	1324138458
98	243	1	1324138516
98	243	1	1324138583
7	243	1	1324302235
7	243	1	1324302278
86	243	1	1330446239
86	243	1	1330446309
86	243	1	1330446407
86	243	1	1334685543
98	244	1	1324137804
98	245	1	1324137837
86	245	1	1330448806
86	245	1	1330448941
98	246	1	1324137963
7	246	1	1324186159
98	247	1	1324138042
98	248	1	1324138680
98	248	1	1324138975
86	248	1	1330446463
86	248	1	1334685588
17	248	1	1423837356
17	248	1	1423837384
10	248	1	1456020918
98	249	1	1324138743
98	249	1	1324139000
86	249	1	1330446508
86	249	1	1334685596
98	250	1	1324138790
98	250	1	1324139020
86	250	1	1330446554
86	250	1	1334685763
86	250	1	1334685806
98	251	1	1324138826
98	251	1	1324139042
86	251	1	1330446591
86	251	1	1334685740
98	252	1	1324138878
98	252	1	1324139059
86	252	1	1330446625
86	252	1	1334685601
1	253	1	1324357627
7	253	1	1324387094
10	253	1	1455478692
97	254	1	1324472043
99	254	1	1324546204
86	254	1	1324728450
86	254	1	1330443966
86	254	1	1330444350
86	254	1	1330444850
86	254	1	1330445027
86	254	1	1334685108
97	255	1	1324472102
86	255	1	1332236025
97	256	1	1324472173
99	256	1	1324546047
86	256	1	1324728391
7	256	1	1325802818
86	256	1	1330443824
86	256	1	1330444332
86	256	1	1330444631
86	256	1	1330444653
86	256	1	1330444979
86	256	1	1334685083
100	256	1	1455125896
99	257	1	1324545242
99	257	1	1324546124
86	257	1	1324728167
86	257	1	1330442503
86	257	1	1330443196
86	257	1	1330443677
86	257	1	1334685018
99	258	1	1324546047
101	258	1	1330487169
99	259	1	1324546204
101	259	1	1330487199
99	260	1	1324546406
86	260	1	1324728153
86	260	1	1330442261
86	260	1	1330442298
86	260	1	1330442355
86	260	1	1330442421
86	260	1	1330443672
86	260	1	1330444313
86	260	1	1334685005
86	260	1	1334685013
99	261	1	1324546617
99	262	1	1324549175
86	262	1	1324728181
86	262	1	1330442767
86	262	1	1330443197
86	262	1	1330443684
86	262	1	1334685023
99	263	1	1324551091
99	263	1	1324551153
86	263	1	1324728196
7	263	1	1325802847
86	263	1	1330442777
86	263	1	1330443201
86	263	1	1330443691
86	263	1	1334685027
99	264	1	1324551541
86	264	1	1324728209
86	264	1	1330442825
86	264	1	1330443202
86	264	1	1330443697
86	264	1	1334685032
99	265	1	1324590017
86	265	1	1324728224
86	265	1	1330442837
86	265	1	1330443205
86	265	1	1330443703
86	265	1	1334685036
99	266	1	1324590175
86	266	1	1324728240
86	266	1	1330442893
86	266	1	1330443209
86	266	1	1330443710
86	266	1	1334685040
99	267	1	1324590321
86	267	1	1324727746
86	267	1	1324728255
86	267	1	1330442986
86	267	1	1330443210
86	267	1	1330443715
86	267	1	1334685043
99	268	1	1324590488
99	268	1	1324590509
86	268	1	1324727759
86	268	1	1324728267
86	268	1	1330443061
86	268	1	1330443212
86	268	1	1330443721
86	268	1	1334685047
99	269	1	1324590608
86	269	1	1324727774
86	269	1	1324728282
86	269	1	1330443076
86	269	1	1330443215
86	269	1	1330443952
86	269	1	1334685051
99	270	1	1324590748
86	270	1	1324727784
86	270	1	1324728298
86	270	1	1330443736
86	270	1	1330444316
86	270	1	1330444437
86	270	1	1330444930
86	270	1	1334685057
99	271	1	1324590857
86	271	1	1324727854
86	271	1	1324728431
86	271	1	1330443832
86	271	1	1330444338
86	271	1	1330444700
86	271	1	1330444992
86	271	1	1334685091
99	272	1	1324590934
86	272	1	1324727847
86	272	1	1324728394
86	272	1	1330443828
86	272	1	1330444335
86	272	1	1330444671
86	272	1	1330444986
86	272	1	1334685086
99	273	1	1324591078
86	273	1	1324727868
86	273	1	1324728436
86	273	1	1330443836
86	273	1	1330444340
86	273	1	1330444727
86	273	1	1330444999
86	273	1	1334685094
99	274	1	1324591200
99	274	1	1324591282
86	274	1	1324727875
86	274	1	1324728441
86	274	1	1330443955
86	274	1	1330444342
86	274	1	1330444755
86	274	1	1330445006
86	274	1	1334685098
99	275	1	1324591420
86	275	1	1324727891
86	275	1	1324728446
86	275	1	1330443959
86	275	1	1330444345
86	275	1	1330444794
86	275	1	1330445013
86	275	1	1334685101
99	276	1	1324591525
86	276	1	1324728311
86	276	1	1330443743
86	276	1	1330444318
86	276	1	1330444449
86	276	1	1330444938
86	276	1	1334685060
10	276	1	1452999346
99	277	1	1324591676
86	277	1	1324727799
86	277	1	1324728333
86	277	1	1330443804
86	277	1	1330444321
86	277	1	1330444486
86	277	1	1330444944
86	277	1	1334685064
99	278	1	1324591782
86	278	1	1324727812
86	278	1	1324728373
86	278	1	1330443808
86	278	1	1330444323
86	278	1	1330444557
86	278	1	1330444951
86	278	1	1334685067
99	279	1	1324591861
86	279	1	1324727818
86	279	1	1324728376
86	279	1	1330443811
86	279	1	1330444325
86	279	1	1330444569
86	279	1	1330444957
86	279	1	1334685071
99	280	1	1324592056
86	280	1	1324728382
86	280	1	1330443817
86	280	1	1330444328
86	280	1	1330444598
86	280	1	1330444964
86	280	1	1334685075
99	281	1	1324592167
86	281	1	1324727834
86	281	1	1324728387
86	281	1	1330443821
86	281	1	1330444330
86	281	1	1330444620
86	281	1	1330444970
86	281	1	1334685078
86	282	1	1324668941
86	282	1	1324669096
86	283	1	1324668996
1	284	1	1324707652
86	284	1	1332236345
86	284	1	1332236630
86	284	1	1332236647
86	285	1	1324724396
86	286	1	1324727618
86	286	1	1324727662
97	286	1	1324727983
86	286	1	1324728059
102	286	1	1326295366
86	286	1	1330443888
86	286	1	1330443998
86	286	1	1330445236
86	286	1	1330446196
86	286	1	1334684940
103	286	1	1396333093
17	286	1	1424717906
17	286	1	1444021375
10	286	1	1454872194
97	287	1	1324727696
86	287	1	1332236065
86	288	1	1324727746
101	288	1	1330487060
86	289	1	1324727759
101	289	1	1330487074
86	290	1	1324727774
101	290	1	1330487089
86	291	1	1324727784
101	291	1	1330487104
86	292	1	1324727799
101	292	1	1330487119
86	293	1	1324727812
101	293	1	1330487134
86	294	1	1324727819
101	294	1	1330487149
86	295	1	1324727834
101	295	1	1330487164
86	296	1	1324727847
101	296	1	1330487174
86	297	1	1324727854
101	297	1	1330487179
86	298	1	1324727868
101	298	1	1330487184
86	299	1	1324727875
101	299	1	1330487189
86	300	1	1324727891
101	300	1	1330487194
97	301	1	1324728304
86	301	1	1325955757
86	301	1	1330446215
86	301	1	1334684899
86	301	1	1334684904
86	302	1	1324728557
97	303	1	1324728604
97	303	1	1324728807
86	303	1	1330445927
86	303	1	1330445956
86	303	1	1334684911
17	303	1	1453177957
97	304	1	1324732255
86	304	1	1330446039
86	304	1	1334684916
17	306	1	1427528468
78	308	1	1325909625
78	308	1	1325966479
86	309	1	1325954948
86	309	1	1325955094
86	309	1	1325955274
86	309	1	1325955439
86	309	1	1325955464
86	309	1	1325955511
17	309	1	1423832971
23	310	1	1326048996
102	311	1	1326295296
86	311	1	1330443963
86	311	1	1330444347
86	311	1	1330444838
86	311	1	1330445020
86	311	1	1334685105
100	311	1	1484820410
69	312	1	1326327478
104	313	1	1478768791
78	314	1	1328129471
105	315	1	1328449157
105	315	1	1328453526
105	315	1	1328466577
105	316	1	1328449167
105	316	1	1328452554
105	316	1	1328465751
97	317	1	1328790595
97	317	1	1328790669
23	318	1	1329069761
23	319	1	1329082511
106	320	1	1329342347
106	320	1	1330399717
106	320	1	1330399827
106	320	1	1330399891
106	320	1	1330400204
86	320	1	1330438940
86	320	1	1330439245
86	320	1	1330439670
86	320	1	1330440367
86	320	1	1330440765
86	320	1	1330440793
86	320	1	1330440815
86	320	1	1330441874
86	320	1	1330441885
86	320	1	1330443541
86	320	1	1332236292
86	321	1	1329671722
86	321	1	1329672466
86	321	1	1329672494
17	321	1	1427450260
17	321	1	1427450387
17	321	1	1427450425
17	321	1	1427450443
17	321	1	1427450486
86	322	1	1329673657
86	322	1	1329673972
67	323	1	1329728313
78	324	1	1329744940
78	325	1	1329758913
65	326	1	1329831811
65	327	1	1329836165
65	327	1	1356635691
86	328	1	1330440184
86	328	1	1330440232
86	328	1	1330440997
86	328	1	1330441023
86	328	1	1330441052
86	328	1	1330441412
86	328	1	1330441490
86	328	1	1330441530
86	328	1	1330441628
86	328	1	1330441659
86	328	1	1330441693
86	329	1	1330440472
86	330	1	1330440747
86	331	1	1330443672
86	332	1	1330443677
86	333	1	1330443684
86	334	1	1330443691
86	335	1	1330443697
86	336	1	1330443703
86	337	1	1330443710
86	338	1	1330443716
86	339	1	1330443721
86	340	1	1330443736
86	341	1	1330443743
86	342	1	1330443804
86	343	1	1330443808
86	344	1	1330443811
86	345	1	1330443817
86	346	1	1330443821
86	347	1	1330443824
86	348	1	1330443829
86	349	1	1330443832
86	350	1	1330443836
86	351	1	1330443952
86	352	1	1330443955
86	353	1	1330443959
86	354	1	1330443963
86	355	1	1330443967
86	356	1	1330446381
86	357	1	1330447132
86	357	1	1330447160
86	357	1	1334685581
86	358	1	1330447194
86	358	1	1330447207
86	358	1	1334685599
86	359	1	1330447241
86	359	1	1334685735
86	360	1	1330447274
86	360	1	1334685737
107	360	1	1430064699
86	361	1	1330447330
86	361	1	1330447357
86	361	1	1334685681
86	362	1	1330447388
86	362	1	1334685658
86	363	1	1330447410
86	363	1	1334685664
86	364	1	1330447430
86	364	1	1334685677
86	365	1	1330447459
86	365	1	1334685675
86	366	1	1330447485
86	366	1	1334685661
86	367	1	1330447517
86	367	1	1334685655
86	368	1	1330447553
86	368	1	1334685667
86	369	1	1330447609
86	369	1	1334685670
86	370	1	1330447648
86	370	1	1334685672
86	371	1	1330447671
86	371	1	1334685632
86	372	1	1330447698
86	372	1	1334685607
86	373	1	1330447724
86	373	1	1334685613
86	374	1	1330447757
86	374	1	1334685628
86	375	1	1330447804
86	375	1	1334685624
86	376	1	1330447820
86	376	1	1334685610
86	377	1	1330447846
86	377	1	1334685605
86	378	1	1330447939
86	378	1	1334685618
86	379	1	1330448004
86	379	1	1334685619
86	380	1	1330448031
86	380	1	1334685622
86	381	1	1330448069
86	381	1	1334685732
86	382	1	1330448092
86	382	1	1334685688
108	382	1	1455032440
86	383	1	1330448123
86	383	1	1334685694
86	384	1	1330448157
86	384	1	1334685729
86	385	1	1330448178
86	385	1	1334685726
86	386	1	1330448202
86	386	1	1334685691
86	387	1	1330448227
86	387	1	1334685685
86	388	1	1330448345
86	388	1	1334685698
86	389	1	1330448427
86	389	1	1334685705
86	390	1	1330448455
86	390	1	1334685723
86	391	1	1330448501
86	391	1	1334685758
86	392	1	1330448530
86	392	1	1334685743
86	393	1	1330448563
86	393	1	1334685748
86	394	1	1330448590
86	394	1	1334685755
86	395	1	1330448617
86	395	1	1334685751
86	396	1	1330448639
86	396	1	1334685745
86	397	1	1330452550
86	397	1	1330452589
86	397	1	1334684922
10	397	1	1455070051
60	398	1	1330560239
67	399	1	1330630007
67	400	1	1330703471
109	401	1	1331051157
110	401	1	1473309168
86	402	1	1331555613
86	402	1	1332236126
17	402	1	1425726609
17	402	1	1425726661
111	403	1	1331850687
111	404	1	1331850713
23	405	1	1332039281
86	406	1	1332236198
32	406	1	1423406624
86	407	1	1332236209
86	408	1	1332237071
8	409	1	1332238609
8	409	1	1332239179
8	409	1	1332239194
8	409	1	1332239390
8	409	1	1332240029
8	409	1	1332240091
8	409	1	1332240196
8	409	1	1332240225
8	409	1	1332240696
8	409	1	1332240778
8	409	1	1332240786
8	409	1	1332241035
8	409	1	1332241246
8	409	1	1332241268
8	409	1	1332241905
8	409	1	1332242010
8	409	1	1332242098
8	410	1	1332240267
8	411	1	1332240404
8	411	1	1332240462
8	411	1	1332240555
8	411	1	1332240658
8	411	1	1332240891
8	411	1	1332240934
8	411	1	1332240956
8	411	1	1332241121
8	411	1	1332241236
8	411	1	1332242008
8	412	1	1332241299
8	412	1	1332242738
8	412	1	1332684768
8	412	1	1333822958
8	412	1	1333822980
8	413	1	1332241328
8	414	1	1332242183
8	414	1	1332242350
8	414	1	1332242513
8	415	1	1332681319
8	415	1	1332681352
8	415	1	1332681376
8	415	1	1332681403
8	416	1	1332681933
8	416	1	1332681966
8	417	1	1332682187
8	418	1	1332682385
8	419	1	1332682533
8	419	1	1332682564
8	420	1	1332682790
8	420	1	1332682851
8	421	1	1332682976
8	422	1	1332683125
8	422	1	1332683151
8	423	1	1332683369
8	424	1	1332683731
8	424	1	1332683799
8	425	1	1332683976
8	425	1	1332684013
8	426	1	1332684243
8	427	1	1332684644
23	428	1	1333243798
23	429	1	1333419085
23	430	1	1333499779
23	430	1	1333582007
23	431	1	1333587036
8	432	1	1333813334
8	432	1	1333813398
8	433	1	1333813692
8	434	1	1333813896
8	435	1	1333814048
8	436	1	1333814350
8	436	1	1333814376
8	437	1	1333814528
8	437	1	1333814592
8	438	1	1333814752
8	439	1	1333815199
8	439	1	1333815946
8	440	1	1333815215
8	440	1	1333816088
8	441	1	1333815233
8	441	1	1333816202
8	442	1	1333815270
8	442	1	1333816450
8	443	1	1333815298
8	443	1	1333816602
8	444	1	1333815314
8	444	1	1333816708
8	445	1	1333815343
8	445	1	1333821761
8	446	1	1333815363
8	446	1	1333821921
8	446	1	1333822004
8	447	1	1333815383
8	447	1	1333822194
8	448	1	1333815408
8	448	1	1333822303
8	448	1	1333822321
8	449	1	1333815434
8	449	1	1333822448
8	450	1	1333815454
8	450	1	1333822595
8	451	1	1333815470
8	451	1	1333822676
8	452	1	1333815493
8	452	1	1333822714
8	453	1	1333815513
8	453	1	1333822810
8	454	1	1333815543
8	454	1	1333822892
23	455	1	1333904746
23	456	1	1333906780
78	457	1	1334112417
23	458	1	1334509572
86	459	1	1334684878
86	460	1	1334685172
86	461	1	1334685181
86	462	1	1334685553
86	463	1	1336141967
86	464	1	1336142033
86	464	1	1336142518
86	465	1	1336142482
86	465	1	1336142494
86	466	1	1336319125
58	466	1	1390810650
23	467	1	1336323184
5	468	1	1336741507
17	468	1	1452788141
17	468	1	1453099900
112	470	1	1337450789
112	471	1	1337451544
17	471	1	1424080883
113	473	1	1338008915
113	474	1	1338014147
78	475	1	1338320033
114	476	1	1338437868
114	476	1	1338440843
114	476	1	1342490422
23	477	1	1338649349
23	478	1	1338655685
23	479	1	1338659704
101	480	1	1338913414
101	480	1	1338914736
101	481	1	1338913416
101	482	1	1338933513
101	482	1	1338934488
101	483	1	1338933514
86	484	1	1338982672
86	484	1	1338982687
86	484	1	1338983006
86	484	1	1338984570
86	485	1	1338982769
86	485	1	1338982923
86	485	1	1338984406
115	485	1	1417109182
17	485	1	1444021263
10	485	1	1453140578
86	486	1	1338982813
86	487	1	1338982910
86	487	1	1338983499
86	488	1	1338982923
86	489	1	1338983067
86	489	1	1338984427
86	490	1	1338983145
86	490	1	1338984439
86	491	1	1338983191
86	491	1	1338984450
86	492	1	1338983222
86	492	1	1338984461
116	492	1	1355406837
86	493	1	1338983283
86	493	1	1338984471
86	494	1	1338983351
86	494	1	1338984481
86	495	1	1338983385
86	495	1	1338984491
86	496	1	1338983423
86	496	1	1338984502
86	497	1	1338984197
23	498	1	1339378407
23	499	1	1339992806
78	500	1	1340666190
23	501	1	1341259113
23	501	1	1344109941
117	502	1	1342874115
23	503	1	1344111596
23	504	1	1344218939
118	505	1	1344244791
23	506	1	1344379739
119	507	1	1346356573
119	508	1	1346431067
120	508	1	1347098055
120	509	1	1346442506
23	510	1	1346627194
23	511	1	1346632927
23	512	1	1346636948
121	516	1	1348937353
17	517	1	1452787957
122	518	1	1349286367
67	519	1	1351191794
67	520	1	1351246813
67	521	1	1351246822
93	522	1	1351793976
28	524	1	1354613311
28	525	1	1354743638
23	526	1	1355087746
23	527	1	1355091525
23	528	1	1355112734
123	529	1	1355255503
124	530	1	1355726256
35	530	1	1491299362
78	531	1	1359580904
78	532	1	1359581035
123	533	1	1359910902
23	534	1	1360030625
125	534	1	1417132049
125	534	1	1487249693
23	535	1	1360034958
126	536	1	1360343364
126	536	1	1360439596
126	536	1	1360499775
126	536	1	1360501382
126	536	1	1360838279
126	537	1	1360766672
23	540	1	1361149647
23	541	1	1361155295
78	542	1	1361233408
78	544	1	1364092620
23	545	1	1364142365
23	546	1	1364146442
23	547	1	1364172883
23	548	1	1364174732
127	548	1	1451502405
128	549	1	1365257966
129	550	1	1366084159
17	551	1	1423801127
78	553	1	1367174355
130	554	1	1367354172
127	554	1	1451502389
131	555	1	1368538905
17	556	1	1487146075
132	557	1	1369493419
132	557	1	1380345744
23	557	1	1381706529
132	557	1	1384698312
132	557	1	1408420117
23	559	1	1370217411
23	560	1	1372733592
23	561	1	1372820694
133	563	1	1375255510
23	563	1	1381682352
134	564	1	1376682689
134	565	1	1377991767
135	566	1	1378042147
62	567	1	1379175653
62	568	1	1379175653
23	569	1	1379281032
23	570	1	1379302457
127	570	1	1451502390
23	571	1	1379463746
23	572	1	1379467462
23	573	1	1379560750
23	574	1	1379562443
23	575	1	1379563788
23	576	1	1379897207
23	577	1	1379898991
23	578	1	1380159619
23	579	1	1380163848
23	580	1	1380395921
23	581	1	1380397299
23	582	1	1380400936
136	582	1	1385795907
136	582	1	1388051910
136	582	1	1391247445
23	582	1	1408626456
137	582	1	1411917987
138	582	1	1411919446
23	582	1	1413772471
23	582	1	1438465537
23	583	1	1380407504
136	583	1	1385473823
136	583	1	1386742546
136	583	1	1391654966
136	583	1	1393934920
137	583	1	1411917987
138	583	1	1411919446
23	583	1	1414897990
132	584	1	1380546600
132	584	1	1382847217
132	584	1	1382861056
125	585	1	1381527625
32	585	1	1422956548
139	586	1	1380857391
23	587	1	1381683822
23	588	1	1381700131
132	588	1	1382878253
132	588	1	1382932131
23	589	1	1381723287
140	589	1	1450286746
141	590	1	1383037235
142	591	1	1383338274
142	592	1	1383340424
143	594	1	1384698669
144	595	1	1384786149
145	596	1	1385383693
146	598	1	1387293348
23	600	1	1390174872
147	600	1	1487200667
23	601	1	1390254137
23	602	1	1390265274
148	603	1	1390299881
52	604	1	1390813128
149	605	1	1392384922
149	606	1	1392391967
150	607	1	1392796861
32	607	1	1423495042
107	607	1	1432985840
150	608	1	1392797747
150	608	1	1393906287
32	608	1	1423495188
150	609	1	1392797821
23	610	1	1393563727
23	611	1	1393571002
144	612	1	1394756899
151	613	1	1395184676
151	613	1	1395426685
151	613	1	1396577872
68	614	1	1395594535
152	615	1	1396562751
153	616	1	1396596812
9	618	1	1399632602
9	619	1	1399632803
9	620	1	1399633078
9	621	1	1399633092
9	622	1	1399633130
9	623	1	1399633179
9	624	1	1399633190
9	625	1	1399633227
9	626	1	1399633239
9	627	1	1399633279
9	628	1	1399633346
9	629	1	1399633378
9	629	1	1399633507
36	629	1	1408525812
9	630	1	1399633444
9	631	1	1399633472
9	632	1	1399633659
9	632	1	1399635069
154	632	1	1468159594
9	633	1	1399633882
9	633	1	1399633961
36	633	1	1408525814
9	634	1	1399633903
9	634	1	1399635090
36	634	1	1408525813
9	635	1	1399634624
9	636	1	1399634791
9	637	1	1399634886
9	638	1	1399634924
36	638	1	1408525815
9	639	1	1399635567
31	641	1	1400531912
70	642	1	1408317623
36	643	1	1408525813
36	644	1	1408525814
36	645	1	1408525814
36	646	1	1408525815
23	647	1	1409106350
23	648	1	1410622558
155	648	1	1447384036
23	649	1	1410709636
23	650	1	1411003589
155	650	1	1447384115
137	651	1	1411917987
101	651	1	1415696241
23	651	1	1420952199
137	652	1	1411917987
101	652	1	1415696255
23	652	1	1420958941
138	653	1	1411919446
138	654	1	1411919446
156	655	1	1413412327
156	655	1	1447353417
156	655	1	1447747241
23	656	1	1416714117
140	656	1	1472038164
140	656	1	1472128759
23	657	1	1416721226
140	657	1	1472038165
140	657	1	1472128759
125	658	1	1417132048
125	659	1	1417132049
23	660	1	1417321297
157	662	1	1418657151
23	664	1	1421017509
23	665	1	1421111611
23	666	1	1421115599
23	667	1	1421119655
23	667	1	1423374896
117	667	1	1424432114
32	668	1	1422935086
32	668	1	1423014121
10	668	1	1452999687
32	669	1	1422951846
32	670	1	1422951969
32	670	1	1422952219
32	671	1	1422956828
32	672	1	1422956975
32	673	1	1422957064
32	674	1	1422957072
32	675	1	1422957084
32	676	1	1422957096
140	677	1	1422983139
140	677	1	1422986677
140	678	1	1422983139
140	678	1	1422986678
140	679	1	1422986677
140	680	1	1422986678
32	681	1	1423021898
32	682	1	1423021908
32	683	1	1423021920
32	684	1	1423021953
32	685	1	1423022026
32	686	1	1423022040
32	687	1	1423022048
32	688	1	1423022059
32	689	1	1423022068
32	690	1	1423022081
32	691	1	1423129717
32	692	1	1423129729
32	693	1	1423129739
32	694	1	1423129849
32	695	1	1423129901
32	696	1	1423130169
32	697	1	1423130178
32	698	1	1423130186
32	699	1	1423318435
32	700	1	1423318446
32	701	1	1423318486
32	702	1	1423318496
32	703	1	1423318574
32	704	1	1423318584
32	705	1	1423323299
10	705	1	1453386398
23	706	1	1423370557
23	707	1	1423377263
117	707	1	1424432114
32	709	1	1423406599
32	710	1	1423406634
32	711	1	1423406647
32	712	1	1423406693
32	713	1	1423406712
32	714	1	1423406723
32	715	1	1423406734
32	716	1	1423494538
32	717	1	1423666913
32	718	1	1423666933
32	719	1	1423666948
32	720	1	1423666967
32	721	1	1423666990
32	722	1	1423667006
32	723	1	1423667018
32	724	1	1423667030
32	725	1	1423667045
23	726	1	1423708248
32	727	1	1423751797
32	727	1	1423751831
17	728	1	1423801127
17	729	1	1423801305
17	729	1	1423801348
17	729	1	1423801376
17	729	1	1423817454
17	729	1	1423817992
17	729	1	1423818083
17	729	1	1423818106
17	729	1	1423819689
17	729	1	1423832544
17	729	1	1424234913
17	729	1	1424234942
17	729	1	1424235457
17	729	1	1424688712
17	729	1	1424688789
17	729	1	1424689484
17	729	1	1424944347
17	729	1	1424944427
158	729	1	1429206847
17	729	1	1445231094
17	729	1	1445231105
17	729	1	1445231238
17	729	1	1445231254
17	729	1	1445231273
17	730	1	1423801428
17	730	1	1424688084
17	730	1	1424688104
127	730	1	1434967393
17	731	1	1423817496
17	731	1	1423817551
17	731	1	1423817668
159	731	1	1424962765
23	732	1	1423940343
32	733	1	1424096766
160	734	1	1424204209
32	735	1	1424270603
10	735	1	1453643757
23	736	1	1424392648
140	736	1	1438202125
117	737	1	1424432114
117	738	1	1424432114
32	739	1	1424532562
23	740	1	1424582809
140	740	1	1438202021
23	741	1	1424584926
101	741	1	1438447032
17	742	1	1424671087
17	743	1	1424671178
17	744	1	1424671409
17	744	1	1424671481
17	745	1	1424671566
17	746	1	1424671728
17	747	1	1424688519
17	747	1	1424688553
17	748	1	1424688647
17	748	1	1494475862
17	749	1	1424689404
17	749	1	1445231175
32	750	1	1424875744
10	750	1	1452995683
32	751	1	1425394734
10	751	1	1453078405
10	751	1	1453078415
10	751	1	1453078435
32	752	1	1425646040
10	752	1	1453153643
23	753	1	1426641850
31	754	1	1426647781
161	754	1	1429227954
31	754	1	1429245621
31	755	1	1426647792
161	755	1	1429227954
31	755	1	1429245622
31	756	1	1426647793
161	756	1	1429227954
31	756	1	1429245638
31	757	1	1426647793
161	757	1	1429227954
31	757	1	1429245638
31	758	1	1426647793
161	758	1	1429227954
31	758	1	1429245638
31	759	1	1426647796
161	759	1	1429227954
31	759	1	1429245639
31	760	1	1426647796
161	760	1	1429227954
31	760	1	1429245641
31	761	1	1426647796
161	761	1	1429227954
31	761	1	1429245639
31	762	1	1426647796
161	762	1	1429227955
31	762	1	1429245641
31	763	1	1426647796
161	763	1	1429227955
31	763	1	1429245642
31	764	1	1426647797
161	764	1	1429227958
31	764	1	1429245642
31	765	1	1426647802
31	766	1	1426647802
161	766	1	1429227958
31	766	1	1429245644
31	767	1	1426647802
31	768	1	1426647802
161	768	1	1429227958
31	768	1	1429245642
31	769	1	1426647802
161	769	1	1429227958
31	769	1	1429245645
31	770	1	1426647803
161	770	1	1429227958
31	770	1	1429245645
31	771	1	1426647803
161	771	1	1429227958
31	771	1	1429245646
31	772	1	1426647803
161	772	1	1429227958
31	772	1	1429245646
31	773	1	1426647803
161	773	1	1429227958
31	773	1	1429245647
31	774	1	1426647803
161	774	1	1429227958
31	774	1	1429245646
31	775	1	1426647803
161	775	1	1429227962
31	775	1	1429245648
31	776	1	1426647803
161	776	1	1429227962
31	776	1	1429245648
31	777	1	1426647803
161	777	1	1429227962
31	777	1	1429245647
31	778	1	1426647803
161	778	1	1429227962
31	778	1	1429245649
31	779	1	1426647806
161	779	1	1429227963
31	779	1	1429245649
31	780	1	1426647806
161	780	1	1429227963
31	780	1	1429245649
31	781	1	1426647806
161	781	1	1429227963
31	781	1	1429245649
31	782	1	1426647807
161	782	1	1429227963
31	782	1	1429245649
31	783	1	1426647807
161	783	1	1429227963
31	783	1	1429245651
31	784	1	1426647807
161	784	1	1429227963
31	784	1	1429245649
31	785	1	1426647807
161	785	1	1429227967
31	785	1	1429245654
31	786	1	1426647807
161	786	1	1429227966
31	786	1	1429245655
31	787	1	1426647807
161	787	1	1429227966
31	787	1	1429245651
31	788	1	1426647807
161	788	1	1429227966
31	788	1	1429245652
31	789	1	1426647808
161	789	1	1429227967
31	789	1	1429245660
31	790	1	1426647809
161	790	1	1429227966
31	790	1	1429245661
31	791	1	1426647809
161	791	1	1429227967
31	791	1	1429245661
31	792	1	1426647809
161	792	1	1429227967
31	792	1	1429245661
31	793	1	1426647809
161	793	1	1429227967
31	793	1	1429245661
31	794	1	1426647809
161	794	1	1429227967
31	794	1	1429245661
31	795	1	1426647809
161	795	1	1429227971
31	795	1	1429245661
32	796	1	1426909575
32	797	1	1428036724
10	797	1	1452995796
33	799	1	1428240375
33	799	1	1428240438
32	800	1	1428678722
69	801	1	1429212127
32	802	1	1429281483
127	803	1	1434967393
32	804	1	1437631724
140	805	1	1438202022
140	806	1	1438202126
162	807	1	1438644842
53	808	1	1441333687
53	808	1	1444018649
163	809	1	1443334480
163	809	1	1443334565
162	810	1	1443816172
162	811	1	1443816172
162	812	1	1443816172
162	813	1	1443816173
162	814	1	1443816173
162	815	1	1443816173
162	816	1	1443816173
54	817	1	1444015863
164	818	1	1444017225
165	819	1	1444017493
17	821	1	1452787929
17	822	1	1452787975
32	823	1	1444366459
32	825	1	1446265390
32	826	1	1447993288
10	826	1	1453066692
32	827	1	1448035992
32	828	1	1448293266
32	833	1	1449809438
140	834	1	1450286707
140	835	1	1450286746
127	836	1	1451502389
127	837	1	1451502405
127	838	1	1451502420
17	839	1	1452787957
17	840	1	1453099900
10	841	1	1453207089
17	841	1	1453267475
10	841	1	1453323153
17	842	1	1453268301
17	843	1	1453268452
17	843	1	1453268568
17	844	1	1453351599
32	845	1	1454120484
10	845	1	1454158445
32	846	1	1455285164
32	847	1	1457839202
32	848	1	1461600077
127	849	1	1462387232
104	850	1	1463821434
17	851	1	1494475756
140	852	1	1472128759
140	853	1	1472128759
110	854	1	1473309168
166	855	1	1473698704
166	856	1	1473698740
167	858	1	1477206648
167	858	1	1477206690
167	858	1	1477206713
167	858	1	1477206822
167	858	1	1477215495
167	858	1	1477215577
167	858	1	1477217200
167	859	1	1477207555
167	859	1	1477207822
167	859	1	1477207842
167	859	1	1477208031
167	859	1	1477208509
167	859	1	1477208728
167	859	1	1477209065
167	859	1	1477209352
167	859	1	1477209549
167	859	1	1477214263
167	859	1	1477214648
167	859	1	1477214923
167	859	1	1477215071
167	859	1	1477215417
167	860	1	1477215866
167	860	1	1477215902
167	860	1	1477216062
167	860	1	1477216184
167	860	1	1477216266
167	860	1	1477216372
167	860	1	1477216467
167	860	1	1477216608
167	860	1	1477216698
167	860	1	1477216774
167	860	1	1477216859
167	860	1	1477216912
167	860	1	1477216995
167	860	1	1477217057
167	861	1	1477217840
94	862	1	1485528298
94	862	1	1485529582
94	862	1	1485529680
94	862	1	1485532815
94	862	1	1485543045
94	863	1	1485528902
94	863	1	1485531604
94	863	1	1485542895
94	864	1	1485529471
94	864	1	1485532695
94	864	1	1485536035
94	864	1	1485542762
94	864	1	1485601842
94	864	1	1485605677
94	865	1	1485530402
94	865	1	1485530671
94	865	1	1485536347
94	865	1	1485543143
94	865	1	1485884256
94	866	1	1485532596
94	866	1	1485542394
94	866	1	1485542422
94	867	1	1485534433
94	867	1	1485534641
94	867	1	1485534952
94	867	1	1485542812
94	867	1	1485542966
94	868	1	1485601569
94	868	1	1485601982
94	869	1	1485604576
94	870	1	1485605075
94	870	1	1485605116
94	871	1	1485617017
94	871	1	1485617148
94	872	1	1485698593
94	872	1	1485885452
94	873	1	1485701383
94	873	1	1485885744
94	874	1	1485776340
94	874	1	1485786758
94	874	1	1485787208
94	874	1	1486323510
94	874	1	1486323594
94	874	1	1486323695
168	874	1	1486739699
168	874	1	1486742550
168	874	1	1486742815
35	874	1	1487038071
168	874	1	1487668037
168	874	1	1487668303
94	875	1	1485882234
94	875	1	1485882362
94	876	1	1485882362
94	877	1	1485883172
94	878	1	1485883948
94	879	1	1485884256
94	880	1	1485962561
94	880	1	1485962658
94	881	1	1485964109
94	881	1	1485964854
94	881	1	1485965096
94	882	1	1485975460
94	882	1	1485976598
94	883	1	1485976477
94	884	1	1485976598
94	885	1	1486033929
94	886	1	1486034695
94	887	1	1486113872
94	887	1	1486114064
94	887	1	1486114860
94	887	1	1486115273
94	887	1	1486120097
94	887	1	1486140387
94	888	1	1486117689
94	888	1	1486117769
94	889	1	1486141140
94	890	1	1486196638
94	890	1	1486196747
94	891	1	1486226621
94	891	1	1486226695
94	891	1	1486230619
94	891	1	1486293971
94	891	1	1486295657
94	891	1	1486303633
94	891	1	1486306507
94	891	1	1486311849
94	891	1	1486316038
94	891	1	1486316109
94	891	1	1486374275
94	892	1	1486303633
101	892	1	1486619964
94	893	1	1486312306
94	894	1	1486314882
94	894	1	1486315630
94	895	1	1486374045
94	896	1	1486374275
168	897	1	1486745005
168	897	1	1486746456
168	897	1	1486747168
168	897	1	1487439274
17	898	1	1487146007
147	899	1	1487200667
125	900	1	1487249693
168	901	1	1487435176
168	902	1	1487435468
168	903	1	1487438145
168	903	1	1487438627
168	904	1	1487504557
168	904	1	1487602835
168	905	1	1487602180
168	905	1	1487869669
168	907	1	1487692561
168	907	1	1487692805
168	907	1	1487693053
168	907	1	1487775933
168	907	1	1487776042
168	907	1	1487776221
168	907	1	1487776470
168	908	1	1487776470
168	908	1	1487861554
168	909	1	1487866664
168	910	1	1487950183
168	911	1	1488126782
168	911	1	1488126910
168	912	1	1488126910
168	912	1	1488127122
168	913	1	1488363670
168	913	1	1488363792
168	914	1	1488366723
168	914	1	1488366889
168	915	1	1488382842
168	915	1	1488382916
168	916	1	1488388982
168	916	1	1488390860
168	916	1	1488473976
168	916	1	1488474060
168	916	1	1488539291
168	916	1	1488565161
168	916	1	1488565776
168	917	1	1488814030
168	918	1	1488883887
168	918	1	1488884036
168	919	1	1489424083
168	919	1	1489424217
168	919	1	1489424288
168	920	1	1489424288
168	920	1	1489424404
168	920	1	1489425529
168	921	1	1489425529
168	922	1	1489480930
168	923	1	1489481856
168	924	1	1489482608
168	924	1	1489482663
168	924	1	1489484049
168	925	1	1489486110
168	925	1	1489486327
168	925	1	1489486828
168	926	1	1489503113
168	926	1	1489503321
168	926	1	1489503722
168	927	1	1489504816
168	928	1	1489505488
168	929	1	1489594734
168	930	1	1489595959
168	931	1	1489597090
168	932	1	1489601492
168	932	1	1489602162
17	934	1	1494475954
17	934	1	1494475968
169	935	1	1497478043
169	936	1	1497554068
169	937	1	1497554068
89	938	1	1497568935
169	939	1	1497579968
169	940	1	1497579968
169	941	1	1497584027
169	942	1	1497584370
169	943	1	1497590852
169	944	1	1497590852
169	945	1	1497590852
169	946	1	1497590852
169	947	1	1497590852
169	948	1	1497590852
169	949	1	1497595789
169	950	1	1497596680
169	951	1	1497596680
169	952	1	1497596680
169	953	1	1497597731
169	954	1	1497605546
169	955	1	1497622235
169	956	1	1497622986
169	957	1	1497623143
169	958	1	1497623290
169	959	1	1497623290
169	960	1	1497623290
169	961	1	1497623290
169	962	1	1497623290
169	963	1	1497623290
169	964	1	1497623290
169	965	1	1497623290
169	966	1	1497623290
169	967	1	1497623290
169	968	1	1497623290
169	969	1	1497623290
169	970	1	1497623290
169	971	1	1497623290
169	972	1	1497623290
169	973	1	1497623290
169	974	1	1497636318
169	975	1	1497637831
169	976	1	1497637831
169	977	1	1497637831
169	978	1	1497643514
169	979	1	1497665600
169	980	1	1497665600
169	981	1	1497665600
169	982	1	1497685446
169	983	1	1497772120
169	984	1	1497827341
169	985	1	1497833411
169	986	1	1497839074
169	987	1	1497839074
169	988	1	1497839074
169	989	1	1497839074
169	990	1	1497839074
169	991	1	1498672665
169	992	1	1498672665
169	993	1	1498672665
