1	1	1	1110915388
1	1	1	1110915709
2	3	1	1137096718
2	3	1	1137096735
3	3	1	1146939056
4	3	1	1161793415
4	3	1	1161793582
5	3	1	1191488075
5	3	1	1191489471
6	3	1	1198516155
7	3	1	1214059675
7	3	1	1214156957
8	3	1	1214202112
9	3	1	1214219147
9	3	1	1214226230
9	3	1	1214257055
8	3	1	1214316601
7	3	1	1214319850
7	3	1	1214319924
7	3	1	1214319960
7	3	1	1214319993
7	3	1	1214320121
7	3	1	1214320198
7	3	1	1214320241
7	3	1	1214320256
8	3	1	1214322464
8	3	1	1214322495
7	3	1	1214323418
7	3	1	1214327450
8	3	1	1214554275
9	3	1	1214689597
9	3	1	1214689643
8	3	1	1220351223
10	3	1	1225793764
10	3	1	1225793840
7	3	1	1232640290
11	3	1	1236945500
11	3	1	1236945590
11	3	1	1236946316
12	3	1	1284709541
12	3	1	1285261827
13	3	1	1285464127
12	3	1	1285569037
12	3	1	1288265784
12	3	1	1288719958
12	3	1	1290015411
12	3	1	1305633468
12	3	1	1306997913
12	3	1	1308487296
12	3	1	1334837898
12	3	1	1343485486
12	3	1	1359031275
12	3	1	1359218195
12	3	1	1359445047
12	3	1	1359710368
12	3	1	1359712175
12	3	1	1359712193
12	3	1	1359712292
12	3	1	1359712468
12	3	1	1359712785
12	3	1	1361629203
12	3	1	1362661347
12	3	1	1371712814
12	3	1	1386940048
12	3	1	1389713925
12	3	1	1389713967
12	3	1	1389713988
12	3	1	1397802737
12	3	1	1410272123
12	3	1	1421394331
12	3	1	1421394362
12	3	1	1421394750
12	3	1	1421394809
12	3	1	1421394842
12	3	1	1421394878
12	3	1	1421415446
12	3	1	1422624244
12	3	1	1422624281
12	3	1	1427028829
12	3	1	1427028887
14	3	1	1427094870
12	3	1	1427640253
12	3	1	1427643042
15	3	1	1427655271
15	3	1	1427655687
14	3	1	1430977578
14	3	1	1430977967
16	3	1	1431165045
16	3	1	1431165781
12	3	1	1432390045
15	3	1	1435395949
15	3	1	1435396020
15	3	1	1437062642
7	3	1	1443539739
12	3	1	1444203669
7	3	1	1451473465
14	3	1	1451843818
14	3	1	1451844387
14	3	1	1452386505
16	3	1	1452551037
16	3	1	1452578558
14	3	1	1452616652
14	3	1	1452640649
14	3	1	1452640681
17	3	1	1453825354
12	3	1	1454485812
12	3	1	1455270549
12	3	1	1457187559
12	3	1	1460646531
12	3	1	1462117504
12	3	1	1462117523
12	3	1	1462694359
15	3	1	1470823289
12	3	1	1493013451
12	3	1	1500106620
12	3	1	1500106640
18	4	1	1133385044
18	4	1	1134183932
2	4	1	1137096677
19	4	1	1175176610
20	4	1	1197250687
18	5	1	1133384693
18	5	1	1133384841
18	6	1	1133384883
21	7	1	1136147486
21	7	1	1444013191
21	8	1	1136147803
22	9	1	1137096777
22	9	1	1137096792
22	9	1	1137096818
22	9	1	1137096847
22	9	1	1137096875
22	9	1	1137415093
22	9	1	1161557470
23	9	1	1429225399
3	11	1	1146427261
3	11	1	1146427381
3	11	1	1146759613
3	11	1	1146760070
23	11	1	1429225399
3	12	1	1146938014
6	12	1	1198515627
6	12	1	1198516488
6	12	1	1199118100
7	12	1	1214324880
8	12	1	1214325064
8	12	1	1214325418
24	12	1	1398935136
3	13	1	1146938096
3	14	1	1146938420
8	14	1	1214202190
3	15	1	1146938739
3	15	1	1146939054
14	15	1	1427095421
14	15	1	1427095505
14	15	1	1427095530
3	16	1	1146938782
3	16	1	1146938926
25	16	1	1154968241
6	16	1	1211630657
10	16	1	1225792880
10	16	1	1225792933
10	16	1	1225792980
10	16	1	1225793135
10	16	1	1225793263
25	18	1	1154960774
25	18	1	1154961004
4	19	1	1161794995
4	19	1	1161812098
9	19	1	1214346726
9	19	1	1214346772
8	19	1	1214374040
9	19	1	1214388013
26	19	1	1234630740
27	19	1	1402579708
15	19	1	1483914728
28	20	1	1162544755
28	20	1	1162544815
28	20	1	1162544908
28	20	1	1162544966
28	20	1	1162546156
28	20	1	1162546183
28	20	1	1162546453
28	20	1	1162546606
28	20	1	1162547220
28	20	1	1162548737
28	20	1	1162549353
28	20	1	1162552608
28	20	1	1162554345
28	20	1	1162555252
28	20	1	1162558519
4	20	1	1163545461
29	20	1	1195124191
9	20	1	1214219524
30	20	1	1224959523
31	20	1	1402320348
9	21	1	1214346240
9	21	1	1214346258
9	21	1	1214346306
9	21	1	1214346431
9	21	1	1214346449
32	21	1	1236587382
32	21	1	1236587648
33	22	1	1183043667
34	22	1	1277172950
34	22	1	1277174644
10	23	1	1225791284
10	23	1	1225793454
7	23	1	1225807896
35	24	1	1187985501
35	25	1	1187985619
6	26	1	1211548216
9	26	1	1214256938
9	26	1	1214256989
8	26	1	1214316897
7	26	1	1225828008
36	26	1	1269500748
37	26	1	1273933517
38	26	1	1287624313
39	26	1	1298160850
38	26	1	1309682176
38	26	1	1319676216
38	26	1	1324472269
38	26	1	1326586044
38	26	1	1329058724
38	26	1	1338598514
38	26	1	1338920102
38	26	1	1340945259
38	26	1	1342728140
38	26	1	1346896438
38	26	1	1347282983
38	26	1	1350355902
38	26	1	1350493017
38	26	1	1357678218
38	26	1	1358608443
40	26	1	1358898481
38	26	1	1359577242
38	26	1	1363202270
38	26	1	1366778174
38	26	1	1367292806
38	26	1	1367346198
38	26	1	1369081864
38	26	1	1370309339
38	26	1	1371961454
38	26	1	1372940639
41	26	1	1372947531
38	26	1	1374584972
42	26	1	1374596867
38	26	1	1377025314
38	26	1	1379989353
38	26	1	1380911387
38	26	1	1381262578
38	26	1	1383681054
38	26	1	1384816735
43	26	1	1389854818
43	26	1	1392813054
43	26	1	1393020011
43	26	1	1393616693
43	26	1	1394747802
43	26	1	1396307101
43	26	1	1400880567
43	26	1	1403183365
43	26	1	1403214879
43	26	1	1408642525
43	26	1	1408659315
43	26	1	1409676739
43	26	1	1414346725
43	26	1	1415986493
43	26	1	1416593532
43	26	1	1416594939
43	26	1	1419620386
43	26	1	1423161077
43	26	1	1423251671
43	26	1	1424851099
43	26	1	1425249216
43	26	1	1425499305
43	26	1	1426275933
43	26	1	1428682324
43	26	1	1428695308
43	26	1	1429592829
43	26	1	1430711309
43	26	1	1431883695
43	26	1	1433533551
43	26	1	1433546569
43	26	1	1434192285
43	26	1	1434751236
43	26	1	1434756446
43	26	1	1437714473
43	26	1	1437719843
43	26	1	1438386219
43	26	1	1438394641
43	26	1	1439591307
43	26	1	1439939333
44	26	1	1439944632
43	26	1	1439945696
43	26	1	1441217559
43	26	1	1441399978
43	26	1	1441404236
43	26	1	1441815126
43	26	1	1442936893
43	26	1	1442955672
43	26	1	1442962737
43	26	1	1443459384
43	26	1	1446229091
43	26	1	1447106320
43	26	1	1447152458
43	26	1	1447796658
43	26	1	1448488168
43	26	1	1448980694
43	26	1	1450472288
43	26	1	1451001971
43	26	1	1451958615
43	26	1	1453143997
43	26	1	1456521727
43	26	1	1459439269
43	26	1	1460927289
43	26	1	1466751877
43	26	1	1467566419
43	26	1	1467732314
43	26	1	1470765752
43	26	1	1473692199
43	26	1	1475266258
43	26	1	1475717714
43	26	1	1476553821
43	26	1	1479081565
43	26	1	1479082288
43	26	1	1481743974
45	26	1	1486891483
45	26	1	1486891815
45	26	1	1486891896
45	26	1	1486891966
46	26	1	1486892047
45	26	1	1486892156
45	26	1	1486892200
45	26	1	1486893364
45	26	1	1486893399
45	26	1	1486893454
45	26	1	1486893551
45	26	1	1486894232
45	26	1	1486894240
45	26	1	1486894825
45	26	1	1486894856
45	26	1	1486895834
45	26	1	1486895969
45	26	1	1486896187
46	26	1	1486896257
45	26	1	1486896327
45	26	1	1486896836
45	26	1	1486923855
45	26	1	1486923884
47	26	1	1486934746
47	26	1	1486935110
45	26	1	1486984479
46	26	1	1486984596
45	26	1	1486984664
46	26	1	1486984689
43	26	1	1487190662
46	26	1	1487226665
43	26	1	1489088595
46	26	1	1489559468
43	26	1	1489813777
43	26	1	1491536192
46	26	1	1491633038
46	26	1	1491719425
43	26	1	1491932025
46	26	1	1492411533
43	26	1	1493838935
46	26	1	1494139543
43	26	1	1494253736
46	26	1	1494571529
43	26	1	1494612426
43	26	1	1494945560
43	26	1	1494968957
43	26	1	1495573541
46	26	1	1496472335
46	26	1	1496904339
46	26	1	1497249938
46	26	1	1497595534
45	26	1	1498210813
45	26	1	1498211191
45	26	1	1498211444
45	26	1	1498211453
45	26	1	1498212299
45	26	1	1498214850
45	26	1	1498215458
46	26	1	1498286735
45	26	1	1499074954
29	27	1	1190972190
5	28	1	1191489135
5	28	1	1191489203
5	28	1	1191489310
5	28	1	1191489360
5	28	1	1191489520
11	28	1	1193140261
48	28	1	1194365873
49	28	1	1195820918
5	28	1	1196089591
12	28	1	1359031398
12	28	1	1359031875
12	28	1	1362660561
5	29	1	1191489520
29	30	1	1191531264
50	31	1	1191900093
34	32	1	1191979797
34	32	1	1319173303
34	32	1	1329450340
34	32	1	1329450766
11	34	1	1193139016
11	34	1	1193139118
11	34	1	1193139200
49	34	1	1195724535
49	34	1	1195724566
49	34	1	1195761879
49	34	1	1195762687
49	34	1	1195763687
49	34	1	1195763803
49	34	1	1195763844
49	34	1	1195764182
49	34	1	1195764603
49	34	1	1195766663
49	34	1	1195766899
49	34	1	1195766916
49	34	1	1195767002
49	34	1	1195767586
49	34	1	1195767643
49	34	1	1195767698
49	34	1	1195767798
49	34	1	1195767942
49	34	1	1195768014
49	34	1	1195820098
49	34	1	1195820226
49	34	1	1195828806
49	34	1	1195828904
49	34	1	1195829002
12	34	1	1359031803
12	34	1	1359031840
12	34	1	1359031920
11	35	1	1193139925
11	36	1	1193140052
11	36	1	1193140078
11	36	1	1195749735
49	36	1	1195765154
11	37	1	1193140311
11	38	1	1193140394
49	38	1	1195765593
49	38	1	1195820309
49	38	1	1195820436
11	38	1	1195830126
11	39	1	1193140447
11	40	1	1193140497
11	40	1	1195748619
11	40	1	1195748878
11	40	1	1195749183
11	40	1	1195749208
11	40	1	1195749263
11	40	1	1195749298
6	40	1	1210434032
11	41	1	1193140546
11	42	1	1193140581
11	42	1	1195747566
11	42	1	1195747943
11	42	1	1195748220
11	43	1	1193140608
11	44	1	1193140650
11	44	1	1195749422
11	45	1	1193142952
11	45	1	1193143172
12	45	1	1359022749
12	45	1	1359022790
12	45	1	1359031537
51	46	1	1193238305
51	46	1	1193239282
51	46	1	1193239435
51	46	1	1193239456
51	46	1	1193239475
51	46	1	1193239764
51	46	1	1193239784
51	46	1	1193242499
51	46	1	1193324894
51	46	1	1193330470
51	46	1	1193331240
51	46	1	1193344432
51	46	1	1193344458
51	46	1	1193671961
52	47	1	1193435710
52	47	1	1199528184
48	48	1	1194300621
48	48	1	1194366200
48	48	1	1194448952
48	48	1	1194450107
53	48	1	1194881467
48	49	1	1194365953
48	50	1	1194366085
48	51	1	1194366121
48	52	1	1194366420
48	52	1	1194366529
48	52	1	1194367134
48	53	1	1194366464
48	53	1	1194367214
54	55	1	1195227005
5	55	1	1196806030
55	56	1	1195487507
55	56	1	1195488184
55	56	1	1195488588
55	56	1	1195489191
55	56	1	1195489379
6	56	1	1207755415
7	56	1	1214327701
55	57	1	1195488513
55	58	1	1195488810
55	58	1	1195488957
55	58	1	1195489060
55	59	1	1195488980
55	59	1	1195489324
11	60	1	1195686295
11	60	1	1195774139
49	60	1	1195807883
11	61	1	1195748106
11	62	1	1195749070
11	63	1	1195749100
49	64	1	1195762083
49	65	1	1195763574
49	66	1	1195766054
49	66	1	1195766238
49	66	1	1195766535
56	66	1	1408535724
49	67	1	1195766072
49	68	1	1195766095
11	69	1	1195773858
11	70	1	1195773896
11	71	1	1195773917
11	72	1	1195773941
11	73	1	1195773961
11	74	1	1195773978
49	75	1	1195807582
49	76	1	1195807614
49	77	1	1195807656
49	78	1	1195807669
49	79	1	1195808056
49	79	1	1195808745
49	79	1	1195809484
49	79	1	1195809651
49	80	1	1195808735
49	81	1	1195809467
49	81	1	1195818344
49	82	1	1195818359
49	82	1	1195819638
9	82	1	1214219791
49	83	1	1195819593
49	84	1	1195819626
49	85	1	1195820385
49	86	1	1195820954
49	87	1	1195820969
49	87	1	1195820987
11	88	1	1195830071
57	92	1	1196434863
57	92	1	1196434892
20	93	1	1196632852
58	94	1	1198489146
6	95	1	1198515838
6	95	1	1198605126
6	95	1	1198680265
6	95	1	1199119031
6	95	1	1210433984
6	95	1	1211573591
6	96	1	1198604863
6	97	1	1198945176
59	99	1	1199108465
60	100	1	1199444703
50	101	1	1200162787
61	102	1	1200945963
61	103	1	1200945973
62	104	1	1201411871
62	105	1	1201411874
63	106	1	1201802413
59	107	1	1203421620
64	108	1	1206617536
6	109	1	1210434135
12	109	1	1359031920
61	110	1	1210645941
34	110	1	1225430468
65	111	1	1211226381
6	111	1	1211370856
66	111	1	1268772550
6	112	1	1211547555
6	112	1	1211547634
6	112	1	1211547705
6	112	1	1211547727
6	112	1	1211547768
6	112	1	1211547786
8	112	1	1214325584
12	112	1	1285316042
6	113	1	1211547786
6	114	1	1212002757
6	114	1	1212002770
6	114	1	1212002817
7	116	1	1211930684
6	116	1	1212002707
9	116	1	1214219342
37	116	1	1236183717
7	117	1	1211930699
6	117	1	1212002685
12	117	1	1290015730
67	118	1	1212296869
8	119	1	1212487616
8	119	1	1212487771
8	119	1	1212757449
8	119	1	1214227331
8	119	1	1215378802
8	119	1	1220274202
68	120	1	1212797214
68	121	1	1212797575
69	122	1	1212963417
69	122	1	1217314941
69	122	1	1349137773
69	122	1	1349167800
69	122	1	1350394301
70	123	1	1213744335
70	123	1	1213793907
70	123	1	1293351543
70	123	1	1372516006
7	124	1	1213956585
7	125	1	1213956603
7	126	1	1213956617
7	127	1	1213956658
71	127	1	1300186286
71	127	1	1363390783
72	127	1	1424962839
7	128	1	1213956694
7	129	1	1213956826
7	129	1	1213993701
7	129	1	1213993773
7	130	1	1213957165
7	130	1	1213958856
7	130	1	1213960098
7	130	1	1213962003
7	130	1	1213962689
7	130	1	1213962884
7	130	1	1213968922
7	130	1	1213972977
7	130	1	1213974281
7	130	1	1213976455
7	130	1	1213976845
7	130	1	1213976992
7	130	1	1213977135
7	130	1	1213977366
7	130	1	1213977379
7	130	1	1213977673
7	130	1	1213977888
7	130	1	1213977912
7	130	1	1213978202
7	130	1	1213978327
7	130	1	1213978476
7	130	1	1213978693
7	130	1	1213993719
7	130	1	1214225209
7	131	1	1213957182
12	131	1	1362660335
7	132	1	1213957464
7	133	1	1213958140
7	133	1	1213958609
7	133	1	1213958625
7	133	1	1213958666
7	133	1	1213958708
7	133	1	1213958755
7	133	1	1213958813
7	133	1	1213970897
7	133	1	1213973013
7	134	1	1213958551
7	134	1	1213971264
7	134	1	1214157694
7	135	1	1213961873
7	135	1	1213961911
7	136	1	1213962046
7	136	1	1213962731
7	136	1	1213962843
7	136	1	1213971152
7	136	1	1213971681
7	136	1	1213979584
7	137	1	1213962698
7	137	1	1213962706
7	137	1	1213962725
7	137	1	1213962817
7	137	1	1213971433
7	137	1	1213971512
7	137	1	1213971560
7	137	1	1213972823
7	137	1	1213972852
7	137	1	1213978597
7	137	1	1213978778
7	137	1	1213978949
7	138	1	1213963315
7	138	1	1213972322
7	138	1	1213972774
7	138	1	1213979554
7	139	1	1213963561
7	139	1	1213971852
7	139	1	1213971862
7	139	1	1213972763
7	139	1	1213979196
7	140	1	1213964248
7	140	1	1213972127
7	140	1	1213972785
7	140	1	1213979489
7	141	1	1213964613
7	141	1	1213972234
7	141	1	1213972250
7	141	1	1213972797
7	141	1	1213979046
7	141	1	1213979061
7	142	1	1213965226
7	142	1	1213971783
7	142	1	1213972809
7	142	1	1213978876
7	142	1	1213978900
7	142	1	1213978969
7	142	1	1214140425
7	142	1	1214141083
7	142	1	1214156668
7	142	1	1214156686
7	142	1	1214223799
7	142	1	1214224367
7	142	1	1214225409
7	143	1	1213968445
7	143	1	1213968458
7	143	1	1213968907
7	143	1	1213972007
7	143	1	1213972834
7	143	1	1213972869
7	143	1	1213979297
7	143	1	1213979394
7	143	1	1214226067
7	144	1	1213968907
7	145	1	1213968952
7	145	1	1213972387
7	145	1	1213972746
7	145	1	1213979575
7	146	1	1213969803
7	146	1	1213970217
7	146	1	1213971024
7	146	1	1213972512
8	146	1	1214375740
7	147	1	1213970722
7	147	1	1213970807
73	147	1	1393840224
7	148	1	1213970752
7	149	1	1213970766
7	150	1	1213971053
7	151	1	1213971074
7	152	1	1213971086
7	153	1	1213971113
7	154	1	1213971166
7	154	1	1213971189
7	155	1	1213971206
7	156	1	1213971648
8	156	1	1214375812
12	156	1	1362660132
7	157	1	1213971762
7	157	1	1213972499
8	157	1	1214375640
7	158	1	1213971843
7	158	1	1213972521
8	158	1	1214375897
7	159	1	1213971941
7	159	1	1213972534
8	159	1	1214375899
7	160	1	1213972085
7	160	1	1213972541
8	160	1	1214375961
7	161	1	1213972195
7	161	1	1213972554
8	161	1	1214375965
7	162	1	1213972316
7	162	1	1213972564
8	162	1	1214375970
7	163	1	1213972379
7	163	1	1213972484
8	163	1	1214375977
7	164	1	1213972591
7	165	1	1213972609
7	166	1	1213972627
7	167	1	1213972641
7	168	1	1213972660
7	169	1	1213972674
7	170	1	1213972685
7	171	1	1213972697
7	172	1	1213974109
8	172	1	1214375521
7	173	1	1213974131
7	174	1	1213974267
8	174	1	1214375526
7	175	1	1213974610
8	175	1	1214375737
7	176	1	1213974732
8	176	1	1214375523
7	177	1	1213974752
8	177	1	1214375647
7	178	1	1213974922
8	178	1	1214375735
7	179	1	1213975168
8	179	1	1214375649
7	180	1	1213975314
8	180	1	1214375651
7	181	1	1213975491
8	181	1	1214375513
7	182	1	1213975647
8	182	1	1214375972
7	183	1	1213975811
8	183	1	1214375519
7	184	1	1213975933
8	184	1	1214375481
7	185	1	1213976142
8	185	1	1214375732
7	186	1	1213976265
8	186	1	1214375731
7	187	1	1213976392
8	187	1	1214375727
7	188	1	1213976509
8	188	1	1214375728
7	189	1	1213976639
8	189	1	1214375802
7	190	1	1213976767
8	190	1	1214375804
7	191	1	1213976891
8	191	1	1214375806
7	192	1	1213977073
8	192	1	1214375638
7	193	1	1213977128
8	193	1	1214375828
7	194	1	1213977214
8	194	1	1214375808
7	195	1	1213977267
8	195	1	1214375810
7	196	1	1213977423
8	196	1	1214375903
7	197	1	1213977473
8	197	1	1214375905
7	198	1	1213977485
8	198	1	1214375963
7	199	1	1213977735
8	199	1	1214375907
7	200	1	1213977806
8	200	1	1214375654
7	201	1	1213977824
8	201	1	1214375742
7	202	1	1213977871
8	202	1	1214375909
7	203	1	1213978544
8	203	1	1214375517
7	204	1	1213978701
8	204	1	1214375528
7	205	1	1213978912
8	205	1	1214375643
7	206	1	1213979046
8	206	1	1214375645
7	207	1	1213979200
7	207	1	1213979220
8	207	1	1214375820
7	208	1	1213979306
7	208	1	1213979367
8	208	1	1214375901
7	209	1	1213979489
8	209	1	1214375912
7	210	1	1213979546
8	210	1	1214375968
7	211	1	1213993701
37	212	1	1214060657
37	212	1	1214062991
37	212	1	1214063007
8	212	1	1214127772
9	212	1	1214130899
8	212	1	1214150143
8	212	1	1214156620
8	212	1	1214156960
8	212	1	1214157441
8	212	1	1214158073
8	212	1	1214307045
32	212	1	1214316362
8	212	1	1214324757
8	212	1	1214325142
8	212	1	1214326807
59	212	1	1222772500
32	212	1	1226110586
74	212	1	1234070114
7	213	1	1214061051
37	213	1	1214061576
37	213	1	1214062964
9	214	1	1214130728
9	214	1	1214220545
9	214	1	1214227502
9	214	1	1214231584
9	214	1	1214256418
7	215	1	1214140045
7	215	1	1214141154
7	215	1	1214156323
7	215	1	1214156736
7	215	1	1214157080
7	215	1	1214157865
9	215	1	1214227383
9	215	1	1214227765
9	215	1	1214231568
7	215	1	1214304451
32	215	1	1214316365
7	215	1	1214325006
7	215	1	1214326000
8	215	1	1215378814
8	215	1	1220274219
59	215	1	1222772510
7	216	1	1214140085
8	216	1	1214227552
8	216	1	1214231017
7	217	1	1214141046
7	217	1	1214141068
7	217	1	1214141322
7	217	1	1214141332
75	217	1	1263864211
12	217	1	1389457527
7	218	1	1214141068
70	219	1	1214147978
8	220	1	1214150758
8	220	1	1214211985
8	220	1	1214224122
8	220	1	1214224716
8	220	1	1214225343
8	220	1	1214226955
9	220	1	1214227037
9	220	1	1214227231
9	220	1	1214227279
8	220	1	1214227777
8	220	1	1214294068
8	220	1	1214323087
8	220	1	1214326887
8	220	1	1214402098
8	220	1	1214402183
8	220	1	1214562301
8	220	1	1215026867
8	220	1	1215027895
8	220	1	1215027943
8	220	1	1215032169
8	220	1	1220275416
8	220	1	1220367705
14	220	1	1273570647
14	220	1	1273570723
12	220	1	1427031705
76	220	1	1432853664
8	221	1	1214151658
8	221	1	1214151700
8	221	1	1214156478
8	221	1	1214156728
8	221	1	1214158008
8	221	1	1214294074
7	222	1	1214156532
7	222	1	1214156786
7	222	1	1214156816
7	222	1	1214156851
7	222	1	1214224909
9	222	1	1214226276
7	223	1	1214156555
7	224	1	1214157728
7	225	1	1214157769
77	226	1	1214158245
23	226	1	1429225399
7	227	1	1214224073
7	227	1	1214224084
7	228	1	1214224543
8	229	1	1214224560
8	229	1	1214224573
8	229	1	1214294072
7	230	1	1214225677
7	230	1	1214324595
7	230	1	1214324697
7	231	1	1214226239
7	231	1	1214226254
7	231	1	1214226375
7	231	1	1214226409
7	231	1	1214226464
7	231	1	1214226482
7	231	1	1214226493
7	231	1	1214226506
7	231	1	1214226586
7	231	1	1214226624
7	231	1	1214226669
7	231	1	1214226686
7	231	1	1214226774
7	232	1	1214226530
7	233	1	1214226542
7	234	1	1214226551
9	235	1	1214226991
9	235	1	1214227429
8	235	1	1214228522
8	235	1	1214228557
8	236	1	1214228326
8	236	1	1214230292
8	236	1	1214230870
8	236	1	1214240660
8	236	1	1214294070
8	236	1	1214324885
14	236	1	1275838798
14	236	1	1275839982
14	236	1	1275840320
14	236	1	1275840373
14	236	1	1275840919
14	236	1	1275841393
14	236	1	1275841412
14	236	1	1275841755
14	236	1	1275842000
12	236	1	1427031445
12	236	1	1427031511
12	236	1	1427031583
12	236	1	1427032663
12	236	1	1427032878
9	237	1	1214256857
8	237	1	1214294007
9	238	1	1214257099
7	238	1	1214320013
9	238	1	1214346178
8	238	1	1214375414
8	239	1	1214294203
8	240	1	1214294218
8	240	1	1214294251
32	241	1	1214316381
8	242	1	1214322987
8	242	1	1214323062
8	243	1	1214326456
7	244	1	1214327701
9	245	1	1214345362
9	245	1	1214346062
78	245	1	1275083960
7	246	1	1214352243
7	247	1	1214352255
12	247	1	1362652113
7	248	1	1214356832
12	248	1	1362652021
9	249	1	1214388170
8	249	1	1214390143
9	250	1	1214388403
7	250	1	1214388923
75	251	1	1214396326
8	252	1	1214402546
37	253	1	1214499399
75	254	1	1214516327
75	254	1	1214516711
75	254	1	1214516840
75	254	1	1214517004
75	254	1	1214517176
75	254	1	1214562106
75	254	1	1214562446
75	254	1	1214563365
75	254	1	1214563723
75	254	1	1214563748
75	254	1	1214564085
12	254	1	1362660482
75	255	1	1214516438
12	255	1	1362660505
75	256	1	1214516912
75	257	1	1214517107
79	257	1	1217672613
75	258	1	1214517149
75	259	1	1214561831
75	260	1	1214561938
8	261	1	1214562263
8	261	1	1214562365
8	261	1	1219916842
37	262	1	1214563792
8	262	1	1214564174
8	263	1	1215026697
8	264	1	1215378519
80	265	1	1218484571
8	266	1	1220275373
8	266	1	1220275393
8	267	1	1220286051
8	268	1	1220292175
8	268	1	1220360212
8	269	1	1220364379
8	269	1	1220366551
8	269	1	1220367080
8	269	1	1220367355
8	269	1	1220367673
8	269	1	1220367888
8	269	1	1220371024
79	269	1	1409041894
34	270	1	1225169641
34	271	1	1225245887
81	272	1	1225311487
81	273	1	1225316190
81	274	1	1225320674
34	275	1	1225327852
34	276	1	1225352216
81	277	1	1225372059
81	277	1	1226320157
81	278	1	1225383699
81	279	1	1225383886
81	280	1	1225455506
81	280	1	1225478583
81	280	1	1225586205
81	280	1	1225599582
81	280	1	1225682416
81	280	1	1225727000
81	280	1	1225774675
81	280	1	1225834727
81	280	1	1225860791
81	280	1	1225879246
81	280	1	1226011069
81	280	1	1226379100
81	280	1	1226499166
81	280	1	1226940006
81	280	1	1226947080
81	280	1	1226968514
81	280	1	1227103132
81	280	1	1227877169
81	280	1	1228203464
81	280	1	1229411668
81	280	1	1230227116
81	280	1	1230239408
81	280	1	1230767891
81	280	1	1231585833
81	280	1	1232068338
81	280	1	1232471920
81	280	1	1232479990
81	280	1	1233056901
81	280	1	1233097849
81	280	1	1233123087
81	280	1	1233209390
81	280	1	1233556332
81	280	1	1234449455
81	280	1	1234762906
81	280	1	1234766130
81	280	1	1234949195
81	280	1	1235327121
81	280	1	1235495501
81	280	1	1236128092
81	280	1	1237339539
81	280	1	1238044433
81	280	1	1238717522
81	280	1	1240462776
34	281	1	1225529752
79	281	1	1234465713
34	282	1	1225583885
34	283	1	1225678719
34	284	1	1225770723
7	285	1	1225807971
7	286	1	1225808130
12	286	1	1416331592
7	287	1	1225808144
34	288	1	1225860221
60	288	1	1379717034
81	289	1	1225930971
81	290	1	1225944408
81	291	1	1225959413
81	291	1	1226309842
81	292	1	1226228650
34	293	1	1226471278
82	294	1	1226492073
82	295	1	1226503979
34	296	1	1227249622
34	297	1	1227883863
83	298	1	1229787055
7	299	1	1232640383
7	299	1	1232640563
7	300	1	1232640524
7	300	1	1232640540
7	301	1	1232640625
74	302	1	1234070165
34	303	1	1234149483
34	304	1	1234563932
34	305	1	1235275537
34	306	1	1235279796
32	307	1	1236587490
11	308	1	1236945394
12	308	1	1362651874
12	308	1	1362651978
11	309	1	1236947013
81	311	1	1237300867
34	312	1	1237616471
84	313	1	1238537280
71	314	1	1238746673
71	315	1	1238746683
34	316	1	1239502277
34	317	1	1239579207
34	318	1	1239582610
34	319	1	1240007692
34	320	1	1240015663
34	321	1	1240079035
34	322	1	1240088213
85	323	1	1242925791
86	324	1	1246041873
87	324	1	1444956921
21	324	1	1445406031
86	325	1	1246041880
86	326	1	1246041884
88	327	1	1248104709
34	328	1	1251833112
34	329	1	1252735136
34	330	1	1252742469
34	331	1	1252815683
89	332	1	1257188300
90	333	1	1259718615
91	334	1	1259871786
92	335	1	1261995571
34	335	1	1379473307
34	336	1	1264237189
34	337	1	1264292039
34	338	1	1264308506
64	339	1	1264348783
34	340	1	1264389216
34	341	1	1264467290
34	342	1	1264473295
34	343	1	1264551907
34	344	1	1264720792
34	345	1	1264732035
34	346	1	1264919059
34	347	1	1264921513
34	348	1	1264923202
34	349	1	1266717362
93	350	1	1268125231
94	351	1	1268601086
95	352	1	1270034571
96	353	1	1270200412
96	353	1	1379160603
96	354	1	1270468573
96	354	1	1379160606
96	355	1	1270656495
96	355	1	1379160610
34	356	1	1271126901
97	357	1	1274812886
98	359	1	1276238024
34	360	1	1276992345
34	361	1	1277047142
34	362	1	1277066054
34	363	1	1277158839
34	364	1	1277167793
34	365	1	1277178742
34	366	1	1277180254
34	367	1	1277247154
34	368	1	1277578861
34	368	1	1289164516
99	368	1	1308759193
99	368	1	1309106174
99	368	1	1322674834
99	368	1	1356642585
99	368	1	1356693383
34	369	1	1280795539
34	370	1	1280799616
100	371	1	1280959866
100	371	1	1281005559
100	372	1	1281096610
34	373	1	1281148977
34	374	1	1281152991
34	375	1	1281154698
34	376	1	1281158099
100	377	1	1281177754
34	377	1	1289163240
99	377	1	1308798814
99	377	1	1309109944
99	377	1	1356642570
34	378	1	1281232498
34	379	1	1281234298
100	380	1	1281258161
101	381	1	1281993255
101	382	1	1281993266
34	383	1	1283020631
34	384	1	1283392996
102	385	1	1283394503
102	385	1	1284614239
60	385	1	1408317663
102	386	1	1283411718
12	387	1	1284709788
12	387	1	1284714044
12	387	1	1285257635
12	387	1	1287156767
12	387	1	1288198844
12	387	1	1288720095
12	387	1	1288893481
12	387	1	1359618697
12	387	1	1359618706
12	387	1	1361523265
12	387	1	1362051256
12	387	1	1362651276
12	387	1	1423811824
12	387	1	1423811835
12	387	1	1497511602
12	387	1	1497511660
12	388	1	1284714121
12	388	1	1284722205
12	388	1	1284722402
12	388	1	1284722552
12	388	1	1284722592
12	388	1	1284722783
12	388	1	1285073844
12	388	1	1285245742
12	388	1	1285259446
12	388	1	1285656802
12	388	1	1304868768
12	388	1	1304868870
12	388	1	1304871531
12	388	1	1304871620
12	388	1	1304871687
12	388	1	1304925284
12	388	1	1304925312
12	388	1	1305028969
12	388	1	1305029044
12	388	1	1325081771
12	388	1	1325091802
12	388	1	1325233595
12	388	1	1326110824
12	388	1	1328166524
12	388	1	1328166759
12	388	1	1328197181
12	388	1	1328256353
12	388	1	1328347516
12	388	1	1328348124
103	388	1	1328474416
12	388	1	1333091335
12	388	1	1333116579
12	388	1	1359616739
12	388	1	1359617331
12	388	1	1359646080
12	388	1	1359706321
12	388	1	1359706605
12	388	1	1359723632
12	388	1	1359828642
12	388	1	1390987696
12	388	1	1390987929
12	388	1	1391095961
12	388	1	1391101162
12	388	1	1391101311
12	388	1	1391101347
12	388	1	1391101389
12	388	1	1422623440
12	388	1	1454061490
12	388	1	1454061511
12	388	1	1454061521
12	388	1	1454081081
12	388	1	1454088667
12	388	1	1454088815
12	388	1	1457629204
12	389	1	1284738746
12	389	1	1284738952
12	389	1	1285229542
12	389	1	1285230379
12	389	1	1285231153
12	389	1	1285259464
12	389	1	1285310330
12	389	1	1285330910
12	389	1	1285569377
12	389	1	1285576010
12	389	1	1285576111
12	389	1	1285590083
12	389	1	1288894010
12	389	1	1288940533
12	389	1	1288940560
12	389	1	1288940588
12	389	1	1288940625
12	389	1	1288941666
12	389	1	1288941709
12	389	1	1288941736
12	389	1	1288941782
12	389	1	1288946242
12	389	1	1289149559
12	389	1	1289150036
12	389	1	1289150098
12	389	1	1325086438
12	389	1	1325234971
12	389	1	1325235038
12	389	1	1328258612
12	389	1	1328258651
12	389	1	1328550796
12	389	1	1328860023
12	389	1	1328875217
12	389	1	1328875239
12	389	1	1328875383
12	389	1	1328875417
12	389	1	1359982198
12	389	1	1360312589
12	389	1	1360312625
12	389	1	1360312754
12	389	1	1360316252
12	389	1	1360317845
12	389	1	1360318881
12	389	1	1360327542
12	389	1	1360328361
12	389	1	1360328403
12	389	1	1360335925
12	389	1	1360339914
12	389	1	1360344069
12	389	1	1360490767
12	389	1	1360775527
12	389	1	1360776381
12	389	1	1361984723
12	389	1	1391677119
12	389	1	1391677191
12	389	1	1423069754
12	389	1	1423401471
12	389	1	1454605185
12	389	1	1454648294
13	390	1	1284745615
13	390	1	1284745627
13	391	1	1284745649
13	391	1	1284745660
104	392	1	1285020353
12	393	1	1285229568
12	394	1	1285229628
12	395	1	1285229683
12	396	1	1285258295
12	396	1	1285258401
12	396	1	1285258442
12	396	1	1285259323
12	396	1	1285259354
12	396	1	1285259375
12	396	1	1285259394
12	396	1	1285259423
12	396	1	1285656940
12	396	1	1304930128
12	396	1	1304943048
12	396	1	1304954268
12	396	1	1304954411
12	396	1	1325080563
12	396	1	1328197251
12	396	1	1328258367
12	396	1	1328277998
12	396	1	1328447859
12	396	1	1328449948
12	396	1	1328450921
12	396	1	1328450956
12	396	1	1328450998
12	396	1	1328451634
12	396	1	1328451713
12	396	1	1328451803
12	396	1	1328510947
12	396	1	1328510972
12	396	1	1328511267
12	396	1	1328775192
12	396	1	1359646031
12	396	1	1359651870
12	396	1	1359652473
12	396	1	1359652876
12	396	1	1359701547
12	396	1	1359725570
12	396	1	1359731081
12	396	1	1359731285
12	396	1	1359734117
12	396	1	1359797090
12	396	1	1359797259
12	396	1	1359797794
12	396	1	1359811436
12	396	1	1359811473
12	396	1	1359981174
12	396	1	1360311182
12	396	1	1360340318
12	396	1	1360340347
12	396	1	1360340427
12	396	1	1391273236
12	396	1	1391273347
12	396	1	1391273381
12	396	1	1391274685
12	396	1	1391614953
12	396	1	1391620159
12	396	1	1391621015
12	396	1	1391621135
12	396	1	1391866392
12	396	1	1391866476
12	396	1	1391866564
12	396	1	1392829156
12	396	1	1422545554
12	396	1	1422551614
12	396	1	1422551665
12	396	1	1422551735
12	396	1	1422551980
12	396	1	1422552024
12	396	1	1422552061
12	396	1	1422624358
12	396	1	1422630596
12	396	1	1422868403
12	396	1	1422868470
12	396	1	1422868481
12	396	1	1422871135
12	396	1	1423811854
12	396	1	1423811896
12	396	1	1454081711
12	396	1	1454081870
12	396	1	1454087123
12	396	1	1454087151
12	396	1	1454592741
12	396	1	1454593109
12	396	1	1454593147
12	396	1	1479540893
12	397	1	1285312023
12	397	1	1285345086
12	397	1	1285590850
12	397	1	1324971206
12	397	1	1324971220
12	397	1	1328860783
12	397	1	1328861081
12	397	1	1328861279
12	397	1	1328861455
12	397	1	1328861616
12	397	1	1328861635
12	397	1	1328861688
12	397	1	1328882269
12	397	1	1329120368
12	397	1	1329120547
12	397	1	1329120626
12	397	1	1329120774
12	397	1	1329120820
12	397	1	1329120988
12	397	1	1329121151
12	397	1	1329125733
12	397	1	1329483739
12	397	1	1329652663
12	397	1	1329652784
12	397	1	1329653540
12	397	1	1360328811
12	397	1	1360776767
12	397	1	1360777531
12	397	1	1360777775
12	397	1	1360842761
12	397	1	1360847129
12	397	1	1360861683
12	397	1	1360862137
12	397	1	1360862845
12	397	1	1360863016
12	397	1	1360863195
12	397	1	1360932856
12	397	1	1360933539
12	397	1	1360937780
12	397	1	1361007166
12	397	1	1391782011
12	397	1	1392310681
12	397	1	1392813042
12	397	1	1423313062
12	397	1	1423673938
12	397	1	1436692010
12	397	1	1436692030
12	397	1	1436692170
12	397	1	1454680610
12	397	1	1454690738
12	397	1	1454690849
12	397	1	1454690874
12	397	1	1455118167
12	397	1	1455118244
12	397	1	1455118280
12	397	1	1455123954
102	398	1	1285791308
102	398	1	1285791907
102	399	1	1286348868
12	400	1	1287158038
12	400	1	1287420484
12	400	1	1287420562
12	400	1	1287576746
12	400	1	1287576770
12	400	1	1287576787
12	400	1	1331021858
12	400	1	1331021895
12	400	1	1331221186
12	400	1	1331279431
12	400	1	1331535325
12	400	1	1331626467
12	400	1	1331626495
12	400	1	1331798185
12	400	1	1331886189
12	400	1	1333091365
12	400	1	1362670210
12	400	1	1362675270
12	400	1	1362754604
12	400	1	1362754735
12	400	1	1362758254
12	400	1	1362758683
12	400	1	1362758766
12	400	1	1362758994
12	400	1	1362930867
12	400	1	1362932782
12	400	1	1362933579
12	400	1	1362936626
12	400	1	1363193900
12	400	1	1363266848
12	400	1	1363266957
12	400	1	1363275244
12	400	1	1363279994
12	400	1	1394208073
12	400	1	1394213959
12	400	1	1394629869
12	400	1	1426087683
12	400	1	1428152757
12	400	1	1428152791
12	400	1	1428152803
12	400	1	1428152815
12	400	1	1428152827
12	400	1	1428152846
12	400	1	1428153137
12	400	1	1457100294
12	400	1	1457110442
12	400	1	1457110468
12	400	1	1457110511
12	400	1	1457110551
12	400	1	1457629170
34	401	1	1287261228
12	402	1	1288199085
12	402	1	1288619580
12	402	1	1288621453
12	402	1	1332496088
12	402	1	1332496856
12	402	1	1332496868
12	402	1	1332506403
12	402	1	1332509315
12	402	1	1332511661
12	402	1	1332511813
12	402	1	1332521945
12	402	1	1332763271
12	402	1	1332763295
12	402	1	1332763328
12	402	1	1332763354
12	402	1	1332946946
12	402	1	1364398477
12	402	1	1365609265
12	402	1	1459870134
12	402	1	1459870176
12	402	1	1459870389
12	402	1	1459953161
12	402	1	1459953181
12	402	1	1459958540
12	402	1	1459958684
12	402	1	1460039845
12	402	1	1460044958
12	402	1	1460101237
12	402	1	1460101257
12	402	1	1460102178
12	402	1	1460103029
12	402	1	1460103069
12	403	1	1288720700
12	403	1	1332849109
12	403	1	1332849132
12	403	1	1332920601
12	403	1	1332920764
12	403	1	1333109470
12	403	1	1365695866
12	403	1	1460039873
12	403	1	1460044918
12	403	1	1460045212
34	404	1	1289160024
34	405	1	1289172630
102	406	1	1289950090
102	406	1	1291477032
102	406	1	1295305883
105	406	1	1327101478
106	406	1	1337663362
106	406	1	1342549320
106	406	1	1349131870
106	406	1	1360201180
107	407	1	1292079619
107	408	1	1292079644
101	409	1	1293738674
108	410	1	1294088858
34	411	1	1296442342
34	411	1	1333237154
109	411	1	1390289531
109	411	1	1390291379
34	412	1	1296616847
34	413	1	1296783628
110	414	1	1297756977
34	415	1	1298435457
111	416	1	1299509018
34	417	1	1301869612
102	418	1	1302754799
34	419	1	1302977774
101	419	1	1331472363
34	420	1	1302982312
34	421	1	1302994176
34	422	1	1303350704
34	423	1	1304813517
34	423	1	1333910892
12	424	1	1305633662
12	424	1	1305633674
12	424	1	1307002261
12	424	1	1359448268
12	424	1	1359616801
12	424	1	1359616827
12	424	1	1359713250
112	425	1	1306232332
112	425	1	1314532630
102	426	1	1306446386
102	427	1	1306518560
12	428	1	1306997967
12	428	1	1307002399
12	429	1	1307002306
12	429	1	1359713775
12	430	1	1307002446
12	430	1	1307002722
12	430	1	1307004393
12	430	1	1307005830
12	430	1	1307005849
12	430	1	1307014878
12	430	1	1307014909
113	430	1	1385073313
114	431	1	1307396626
79	431	1	1315770033
115	431	1	1332352090
116	432	1	1308096961
12	433	1	1308487379
12	433	1	1311239144
12	433	1	1311239155
12	433	1	1313578970
12	433	1	1317276803
12	433	1	1317276816
12	433	1	1317711565
12	433	1	1318089404
12	433	1	1319014122
12	433	1	1319187480
12	433	1	1319187491
12	433	1	1319878690
12	433	1	1322410994
117	433	1	1335164435
12	433	1	1350992715
12	434	1	1308487909
12	434	1	1308641494
12	434	1	1308641541
12	434	1	1308641755
12	434	1	1308644915
12	434	1	1308644953
12	434	1	1308668609
12	434	1	1308668622
12	434	1	1308668636
12	434	1	1308669120
12	434	1	1308670568
12	434	1	1308739608
12	434	1	1308745653
12	434	1	1308746873
12	434	1	1308746922
12	434	1	1308747068
12	434	1	1308816204
12	434	1	1308816357
12	434	1	1308818594
12	434	1	1310308980
12	434	1	1310313900
12	434	1	1310314396
12	434	1	1310314468
12	434	1	1310891767
12	434	1	1311234521
12	434	1	1311239050
12	434	1	1311752722
12	434	1	1314273170
12	434	1	1314346602
12	434	1	1314357503
12	434	1	1314357578
12	434	1	1314357615
12	434	1	1314357918
12	434	1	1314360805
12	434	1	1314360932
12	434	1	1314608722
12	434	1	1314609650
12	434	1	1314609698
12	434	1	1314610163
12	434	1	1314694133
12	434	1	1314780657
12	434	1	1314861570
12	434	1	1314861596
12	434	1	1314877390
12	434	1	1314877589
12	434	1	1314877623
12	434	1	1315224173
12	434	1	1315903334
12	434	1	1316355709
12	434	1	1316362641
12	434	1	1316362677
12	434	1	1316362736
12	434	1	1316432872
12	434	1	1316605375
12	434	1	1316682419
12	434	1	1317020565
12	434	1	1317034387
12	434	1	1317052558
12	434	1	1319188907
12	434	1	1349368399
12	434	1	1349435511
12	434	1	1349435540
12	434	1	1349435596
12	434	1	1349435921
12	434	1	1349435980
12	434	1	1349436075
12	434	1	1349712198
12	434	1	1349788143
12	434	1	1349793502
12	434	1	1349858102
12	434	1	1350981271
12	434	1	1380644385
12	434	1	1380644430
12	434	1	1380644461
12	434	1	1380644504
12	434	1	1380644598
12	434	1	1380789215
12	434	1	1412172631
12	434	1	1443539151
12	434	1	1443540995
99	435	1	1308808912
99	435	1	1308812784
99	436	1	1308812640
118	437	1	1309301275
118	437	1	1331454837
118	437	1	1401149211
118	437	1	1423194152
119	438	1	1309512869
119	439	1	1309526445
99	440	1	1309539613
99	441	1	1309541767
34	442	1	1309569939
34	443	1	1309578700
34	444	1	1309582780
34	445	1	1309622845
12	446	1	1311239475
12	446	1	1312210494
12	446	1	1312210605
12	446	1	1316693616
12	446	1	1316967713
12	446	1	1316968721
12	446	1	1317019726
12	446	1	1317019797
12	446	1	1317020720
12	446	1	1317027437
12	446	1	1317027465
12	446	1	1317027534
12	446	1	1317027616
12	446	1	1317711455
12	446	1	1317736263
12	446	1	1317823289
12	446	1	1349873972
12	446	1	1349881227
12	446	1	1349884464
12	446	1	1349884571
12	446	1	1350314114
12	446	1	1350475527
12	446	1	1381308868
12	446	1	1381326473
12	446	1	1412776278
12	446	1	1412776352
12	446	1	1412780369
12	446	1	1413297488
12	447	1	1311325173
12	447	1	1311325189
12	447	1	1311325203
12	447	1	1311351560
12	447	1	1311352769
12	447	1	1311353828
12	447	1	1311432835
12	447	1	1311438941
12	447	1	1311498145
12	447	1	1311498680
12	447	1	1311662300
12	447	1	1311666252
12	447	1	1311667033
12	447	1	1311688477
12	447	1	1311752661
12	447	1	1311754736
12	447	1	1311754916
12	447	1	1311765124
12	447	1	1311765961
12	447	1	1311766007
12	447	1	1311766045
12	447	1	1311774749
12	447	1	1311779988
12	447	1	1311924810
12	447	1	1311927833
12	447	1	1311927864
12	447	1	1311927906
12	447	1	1313134296
12	447	1	1313148374
12	447	1	1313153538
12	447	1	1313578763
12	447	1	1313578822
12	447	1	1313579006
12	447	1	1313581602
12	447	1	1313581907
12	447	1	1313651137
12	447	1	1313656851
12	447	1	1313657041
12	447	1	1313664213
12	447	1	1313664598
12	447	1	1313664733
12	447	1	1314020335
12	447	1	1314020430
12	447	1	1314020632
12	447	1	1314020804
12	447	1	1314020890
12	447	1	1314021021
12	447	1	1314021953
12	447	1	1314023245
12	447	1	1314023370
12	447	1	1314023528
12	447	1	1314028973
12	447	1	1314029360
12	447	1	1314029584
12	447	1	1314030729
12	447	1	1314098653
12	447	1	1314172903
12	447	1	1316453378
12	447	1	1316498670
12	447	1	1316534859
12	447	1	1316590209
12	447	1	1316590308
12	447	1	1316591785
12	447	1	1317121539
12	447	1	1346076782
12	447	1	1346076821
12	447	1	1346076848
12	447	1	1346077321
12	447	1	1346077666
12	447	1	1346077748
12	447	1	1346078598
12	447	1	1347953605
12	447	1	1347953664
12	447	1	1347957989
12	447	1	1348562148
12	447	1	1348562347
12	447	1	1348562441
12	447	1	1348562683
12	447	1	1348562742
12	447	1	1348576875
12	447	1	1348576945
12	447	1	1348649951
12	447	1	1349179589
12	447	1	1349247746
12	447	1	1349251560
12	447	1	1352046934
12	447	1	1352046975
12	447	1	1352279716
12	447	1	1379409366
12	447	1	1379409526
12	447	1	1379409560
12	447	1	1379520210
12	447	1	1379520264
12	447	1	1379574764
12	447	1	1379574867
12	447	1	1380004313
12	447	1	1380005994
12	447	1	1380183824
12	447	1	1380184091
12	447	1	1411483202
12	447	1	1411485434
12	447	1	1411485610
12	447	1	1411490365
12	447	1	1411544864
12	447	1	1411544940
12	447	1	1411544985
12	447	1	1411545590
12	447	1	1411546631
12	447	1	1411547977
12	447	1	1411548026
12	447	1	1411576156
12	447	1	1442900666
12	447	1	1442902651
12	447	1	1442904809
12	447	1	1443020493
12	447	1	1443461012
12	448	1	1313579006
120	449	1	1313792372
34	450	1	1314241024
34	450	1	1422211640
34	451	1	1315762940
34	452	1	1315767497
34	453	1	1315771959
115	454	1	1318459435
121	455	1	1318480972
34	456	1	1318973456
12	457	1	1319188041
12	457	1	1319188053
12	457	1	1319188085
12	457	1	1319188126
12	457	1	1319194805
12	457	1	1319194871
12	457	1	1319878962
12	457	1	1319879032
12	457	1	1319983551
12	457	1	1319983820
12	457	1	1319983835
12	457	1	1319984304
12	457	1	1319985209
12	457	1	1320069749
12	457	1	1320070536
12	457	1	1320772939
12	457	1	1320772960
12	457	1	1320773020
12	457	1	1320773094
12	457	1	1351611415
12	457	1	1352134873
12	457	1	1352213241
12	457	1	1352213298
12	457	1	1352983667
12	457	1	1353162700
12	457	1	1353168792
12	457	1	1353168894
12	457	1	1353169749
12	457	1	1353239875
12	457	1	1353240422
12	457	1	1353240877
12	457	1	1353241539
12	457	1	1353241739
12	457	1	1353241773
12	457	1	1353241920
12	457	1	1353241950
12	457	1	1353242413
12	457	1	1353242733
12	457	1	1353242798
12	457	1	1353242851
12	457	1	1353242955
12	457	1	1353243017
12	457	1	1383032811
12	457	1	1383033191
12	457	1	1383033407
12	457	1	1383033434
12	457	1	1383060655
12	457	1	1383142099
12	457	1	1383144291
12	457	1	1383147029
12	457	1	1383637529
12	457	1	1383748445
12	457	1	1383748473
12	457	1	1384249491
12	457	1	1384249536
12	457	1	1384249810
12	457	1	1384249924
12	457	1	1446477517
12	457	1	1446477572
12	457	1	1447088277
12	457	1	1447092824
12	457	1	1476629554
102	458	1	1319840886
102	458	1	1429211992
122	459	1	1319990172
123	459	1	1497568179
124	460	1	1320839793
124	461	1	1320839902
125	462	1	1321040339
126	463	1	1321068937
12	464	1	1321196560
12	464	1	1321196629
12	464	1	1321196642
12	464	1	1321196658
12	464	1	1321196713
12	464	1	1321198009
12	464	1	1321198036
12	464	1	1321198590
12	464	1	1321198749
12	464	1	1321256492
12	464	1	1321256535
12	464	1	1321351437
12	464	1	1321351963
12	464	1	1321352022
12	464	1	1321361526
12	464	1	1321361889
12	464	1	1321362387
12	464	1	1321362415
12	464	1	1321364359
12	464	1	1321371159
12	464	1	1321378187
12	464	1	1321378357
12	464	1	1321378796
12	464	1	1321379726
12	464	1	1321379754
12	464	1	1321379811
12	464	1	1321379943
12	464	1	1321380042
12	464	1	1321446099
12	464	1	1321715092
12	464	1	1321715122
12	464	1	1322038438
12	464	1	1322236360
12	464	1	1322236804
12	464	1	1322409670
12	464	1	1322410846
12	464	1	1322410959
12	464	1	1322500296
12	464	1	1322635958
12	464	1	1322661915
12	464	1	1322665092
12	464	1	1322668770
12	464	1	1352826986
12	464	1	1353750669
12	464	1	1384867979
12	464	1	1384875369
12	464	1	1384962682
12	464	1	1385022770
12	464	1	1385025059
12	464	1	1385025163
12	464	1	1385364000
12	464	1	1385364467
12	464	1	1385365198
12	464	1	1385365267
12	464	1	1385544285
12	464	1	1385544320
12	464	1	1385544356
12	464	1	1385544373
12	464	1	1385560775
12	464	1	1385560848
12	464	1	1385644574
12	464	1	1385991929
12	464	1	1385992322
12	464	1	1386062454
12	464	1	1416331468
12	464	1	1416935075
12	464	1	1416935246
12	464	1	1420387968
12	464	1	1447141385
12	464	1	1447163492
12	464	1	1447251070
12	464	1	1447252762
12	464	1	1447831587
12	464	1	1447831673
12	464	1	1447831718
12	464	1	1448352900
12	464	1	1448378267
12	464	1	1479224068
12	464	1	1479224089
12	464	1	1479284906
12	464	1	1479284916
12	464	1	1479284965
125	465	1	1321204984
125	466	1	1321204985
125	466	1	1321205189
34	467	1	1321762578
34	468	1	1321848017
34	469	1	1321919115
34	470	1	1321922744
34	470	1	1322092600
34	471	1	1321926974
34	471	1	1322094336
99	472	1	1321986823
99	473	1	1321992635
99	474	1	1322030355
34	475	1	1322096512
34	476	1	1322097767
34	477	1	1322098968
127	478	1	1322263002
128	479	1	1322392029
34	479	1	1346638956
12	480	1	1322741875
12	480	1	1322742843
12	480	1	1322742872
12	480	1	1322742973
12	480	1	1322925992
12	480	1	1322926302
12	480	1	1322926784
12	480	1	1323104555
12	480	1	1323171315
12	480	1	1323182914
12	480	1	1323183766
12	480	1	1323184281
12	480	1	1323184304
12	480	1	1323186155
12	480	1	1323266488
12	480	1	1323437660
12	480	1	1323437732
12	480	1	1323779651
12	480	1	1323779919
12	480	1	1355159299
12	480	1	1355240215
12	480	1	1355332630
12	480	1	1377965729
12	480	1	1386143287
12	480	1	1386660292
12	480	1	1386660794
12	480	1	1386661082
12	480	1	1386661292
12	480	1	1386661470
12	480	1	1386694701
12	480	1	1386753332
12	480	1	1386753370
12	480	1	1386766550
12	480	1	1386766569
12	480	1	1386766588
12	480	1	1386766624
12	480	1	1387445753
12	480	1	1418216841
12	480	1	1418220046
12	480	1	1418223044
12	480	1	1418223348
12	480	1	1418716886
12	480	1	1418716930
12	480	1	1418716951
12	480	1	1418919361
12	480	1	1448463836
12	480	1	1449047703
12	480	1	1449068135
12	480	1	1449068278
12	480	1	1449068358
12	480	1	1449068486
12	480	1	1449068544
12	480	1	1449068572
12	480	1	1449070510
12	480	1	1449668246
12	480	1	1450110599
12	480	1	1450112782
12	480	1	1450114005
12	480	1	1450165718
12	480	1	1450165973
12	480	1	1478872577
34	481	1	1323015186
34	482	1	1323046095
34	483	1	1323049808
115	484	1	1325894035
115	484	1	1325965244
102	485	1	1326327364
115	486	1	1328127916
129	487	1	1328451684
129	487	1	1328453416
129	487	1	1328466066
129	488	1	1328451694
129	488	1	1328452444
129	488	1	1328465238
34	489	1	1329069727
130	490	1	1329277824
131	490	1	1473307108
12	491	1	1329382975
12	491	1	1329383782
12	491	1	1329384725
12	491	1	1329406404
12	491	1	1329406517
12	491	1	1329471124
12	491	1	1329655307
12	491	1	1329655337
12	491	1	1329655375
12	491	1	1329655523
12	491	1	1361007301
12	491	1	1361009614
12	491	1	1361255509
12	491	1	1361255543
12	491	1	1361255639
12	491	1	1361256869
12	491	1	1361256911
12	491	1	1361380033
12	491	1	1361435955
12	491	1	1363885501
12	491	1	1392393189
12	491	1	1392396990
12	491	1	1423401695
12	491	1	1423725570
12	491	1	1423726361
12	491	1	1423726936
12	491	1	1423755233
12	491	1	1455209983
12	491	1	1455211525
12	491	1	1455211597
12	491	1	1455269077
12	492	1	1329472208
12	492	1	1329472227
12	492	1	1329472240
12	492	1	1329472367
12	492	1	1361436394
12	492	1	1361453053
12	492	1	1361626560
12	492	1	1392900238
12	492	1	1392900692
12	492	1	1392900738
12	492	1	1392900800
12	492	1	1392972855
12	492	1	1424279011
12	492	1	1424330148
12	492	1	1424330281
12	492	1	1455785110
12	493	1	1329738342
12	493	1	1329899988
12	493	1	1329901119
12	493	1	1329986471
12	493	1	1329986501
12	493	1	1329986523
12	493	1	1330011375
12	493	1	1330068005
12	493	1	1361523319
12	493	1	1361555634
12	493	1	1361611866
12	493	1	1361612773
12	493	1	1361626192
12	493	1	1361626669
12	493	1	1361629844
12	493	1	1361885244
12	493	1	1361979572
12	493	1	1361984673
12	493	1	1362036668
12	493	1	1362036748
12	493	1	1362070386
12	493	1	1362119815
12	493	1	1392972917
12	493	1	1392987953
12	493	1	1392998884
12	493	1	1424451562
12	493	1	1424883710
12	493	1	1425049519
12	493	1	1425052884
12	493	1	1425052943
12	493	1	1425052993
12	493	1	1425053020
12	493	1	1425137303
12	493	1	1425137317
12	493	1	1425137981
12	493	1	1455787718
12	493	1	1455787831
115	494	1	1329743723
115	495	1	1329749710
105	495	1	1329753579
99	496	1	1329830608
99	497	1	1329834944
99	497	1	1356634329
12	498	1	1330330643
12	498	1	1330415292
12	498	1	1330415727
12	498	1	1330418573
12	498	1	1330510249
12	498	1	1330529838
12	498	1	1330586134
12	498	1	1330615907
12	498	1	1330782569
12	498	1	1330783398
12	498	1	1330783502
12	498	1	1330784437
12	498	1	1330784545
12	498	1	1330785120
12	498	1	1330785306
12	498	1	1330791352
12	498	1	1330791638
12	498	1	1330791685
12	498	1	1330792212
12	498	1	1330792761
12	498	1	1330793253
12	498	1	1330793446
12	498	1	1330877491
12	498	1	1361555075
12	498	1	1362036965
12	498	1	1362037263
12	498	1	1362040938
12	498	1	1362040962
12	498	1	1362041003
12	498	1	1362065969
12	498	1	1362068456
12	498	1	1362069939
12	498	1	1362149941
12	498	1	1393510012
12	498	1	1393514786
12	498	1	1393599774
12	498	1	1393599933
12	498	1	1394003133
12	498	1	1394003593
12	498	1	1424963037
12	498	1	1425045186
12	498	1	1456333268
12	498	1	1456470095
12	498	1	1456470140
94	499	1	1330559564
101	500	1	1330621833
101	501	1	1330702844
12	502	1	1331747363
12	502	1	1331748175
12	502	1	1331796415
12	502	1	1331796982
12	502	1	1331797038
12	502	1	1331797060
12	502	1	1331798128
12	502	1	1331825353
12	502	1	1331888052
12	502	1	1331906603
12	502	1	1331978039
12	502	1	1331978986
12	502	1	1332081921
12	502	1	1332082826
12	502	1	1332082859
12	502	1	1363782720
12	502	1	1363785212
12	502	1	1363785247
12	502	1	1363785286
12	502	1	1363793707
12	502	1	1427454456
12	502	1	1457629095
12	502	1	1457629124
12	502	1	1457701576
12	502	1	1457707784
34	503	1	1332039244
12	504	1	1332850138
12	504	1	1460123995
12	504	1	1460124019
12	504	1	1460124046
12	504	1	1460736023
12	504	1	1460736798
12	504	1	1460737010
12	505	1	1332920649
12	505	1	1333091272
12	505	1	1333119994
12	505	1	1334328298
12	505	1	1334329291
12	505	1	1334329561
12	505	1	1334838705
12	505	1	1334838839
12	505	1	1334839448
12	505	1	1334839485
12	505	1	1334840981
12	505	1	1334852232
12	505	1	1365768388
12	505	1	1396599039
12	505	1	1429718542
12	505	1	1429778649
12	505	1	1460646377
12	505	1	1460725442
12	505	1	1460728680
12	505	1	1460731735
12	505	1	1460735842
12	505	1	1460735879
12	505	1	1460736132
12	505	1	1460736878
34	506	1	1333243766
34	507	1	1333419050
34	508	1	1333499745
34	508	1	1333581968
34	509	1	1333587005
132	510	1	1333747055
34	511	1	1333904695
34	512	1	1333906731
115	513	1	1334111174
34	514	1	1334509535
117	515	1	1335164480
34	516	1	1336323153
133	517	1	1338008933
133	517	1	1436902737
133	518	1	1338014155
115	519	1	1338318180
134	520	1	1338443020
134	520	1	1342493050
34	521	1	1338649314
34	522	1	1338655650
34	523	1	1338659645
135	524	1	1338913088
135	524	1	1338914601
135	525	1	1338913089
135	526	1	1338933412
135	526	1	1338934404
135	527	1	1338933413
34	528	1	1339378366
34	529	1	1339992774
27	530	1	1340420221
115	531	1	1340664892
136	532	1	1341158877
34	533	1	1341259080
34	533	1	1344109902
137	534	1	1342274783
34	534	1	1344218901
34	534	1	1344226124
34	535	1	1344111565
138	536	1	1344244837
34	537	1	1344379705
139	538	1	1346356370
139	539	1	1346430864
140	539	1	1347097475
140	540	1	1346442313
34	541	1	1346627154
34	542	1	1346632897
34	543	1	1346636916
69	544	1	1350394369
12	545	1	1350906734
12	545	1	1350908197
12	545	1	1350908233
12	546	1	1350907807
101	547	1	1351191247
101	548	1	1351239964
101	549	1	1351244814
101	550	1	1351244823
141	551	1	1351432262
38	552	1	1354612913
38	553	1	1354743460
34	554	1	1355087695
34	555	1	1355091495
34	556	1	1355112704
142	557	1	1355725513
79	557	1	1491331440
12	558	1	1359031920
12	559	1	1359031920
143	560	1	1359036934
144	561	1	1359267912
12	562	1	1359448310
12	562	1	1359616462
12	562	1	1359617770
12	562	1	1359617801
12	562	1	1359623172
12	562	1	1359625650
12	562	1	1359625721
12	562	1	1359625770
12	562	1	1359705065
12	562	1	1359705098
12	562	1	1359705891
12	562	1	1359911912
12	562	1	1359911976
115	563	1	1359579552
115	564	1	1359579688
12	565	1	1359616523
12	565	1	1359616657
12	565	1	1359616671
12	566	1	1359713559
12	566	1	1359821701
12	566	1	1360309963
12	566	1	1389618557
12	566	1	1389618572
12	566	1	1389622796
12	566	1	1389704486
115	567	1	1359904411
115	568	1	1359907443
145	569	1	1359910130
145	570	1	1359910131
34	571	1	1360030582
146	571	1	1417132191
146	571	1	1487247888
34	572	1	1360034923
34	573	1	1361149610
34	574	1	1361155259
115	575	1	1361232099
12	576	1	1361523321
12	577	1	1361630073
12	577	1	1361630425
12	577	1	1361630450
12	577	1	1361630935
12	577	1	1361631289
12	577	1	1361632150
12	577	1	1361632171
12	577	1	1361632589
12	577	1	1361699878
12	577	1	1382083102
12	577	1	1382084909
12	577	1	1382084924
12	577	1	1382281367
12	578	1	1361630289
12	579	1	1361631886
12	580	1	1361632264
12	581	1	1361632720
12	581	1	1361632731
12	582	1	1361699986
12	582	1	1361699999
12	583	1	1362051687
12	583	1	1362051702
12	583	1	1417966180
12	583	1	1433248557
12	583	1	1449591367
12	583	1	1449591895
15	583	1	1449595011
147	583	1	1449955519
45	583	1	1450163603
148	583	1	1457540213
148	583	1	1457540333
12	584	1	1362651617
12	584	1	1362651950
12	585	1	1362652079
12	586	1	1362660084
12	587	1	1362660176
12	588	1	1362660277
12	589	1	1362660305
12	590	1	1362660597
12	591	1	1362661449
12	591	1	1362663881
12	592	1	1362661542
12	592	1	1362661930
12	593	1	1362663923
12	593	1	1362675377
12	593	1	1362675489
12	593	1	1362677181
149	594	1	1363797970
149	595	1	1363797978
150	596	1	1363898589
115	597	1	1364091345
34	598	1	1364142324
34	599	1	1364146409
34	600	1	1364161409
34	601	1	1364172850
34	602	1	1364174699
151	602	1	1451502236
152	603	1	1365252784
153	604	1	1366079461
115	605	1	1367172992
154	606	1	1367252223
154	606	1	1367252293
154	606	1	1367252426
154	606	1	1367252462
154	606	1	1367252750
154	606	1	1367252875
154	606	1	1367254852
154	606	1	1367254887
154	606	1	1367254918
154	606	1	1367254943
154	606	1	1367254971
154	606	1	1367254989
154	606	1	1367255011
154	606	1	1367255023
154	606	1	1367255037
155	607	1	1367353660
151	607	1	1451505782
156	608	1	1369401612
156	608	1	1376484794
34	608	1	1381706498
156	608	1	1384697721
156	608	1	1408419524
34	609	1	1370217367
156	610	1	1370702420
156	610	1	1382846742
156	610	1	1382860580
12	611	1	1371712940
34	612	1	1372733552
34	613	1	1372820659
157	614	1	1374739631
34	614	1	1381682320
158	615	1	1375897669
79	615	1	1404649502
159	616	1	1376681355
159	617	1	1377990944
160	618	1	1378034924
156	619	1	1378219985
156	619	1	1382877817
156	619	1	1382931739
96	620	1	1379159790
96	621	1	1379159796
34	622	1	1379280997
34	623	1	1379302429
151	623	1	1451505782
34	624	1	1379463712
34	625	1	1379467430
34	626	1	1379560721
34	627	1	1379562418
34	628	1	1379563763
60	629	1	1379717083
143	629	1	1433221090
43	629	1	1449588608
31	629	1	1482016015
161	629	1	1499934792
34	630	1	1379897171
34	631	1	1379898966
34	632	1	1380159589
34	633	1	1380163820
34	634	1	1380395893
34	635	1	1380397271
34	636	1	1380400910
162	636	1	1385795524
162	636	1	1388051462
162	636	1	1391246788
34	636	1	1408626428
163	636	1	1411917897
164	636	1	1411919409
34	636	1	1413772385
34	636	1	1438465502
34	637	1	1380407479
162	637	1	1385473377
162	637	1	1386742133
162	637	1	1391654426
162	637	1	1393934509
163	637	1	1411917897
164	637	1	1411919410
34	637	1	1414897910
34	638	1	1381683790
34	639	1	1381723259
165	639	1	1450286735
12	640	1	1382085071
166	641	1	1382941886
167	641	1	1383002025
168	642	1	1383340127
169	643	1	1384698444
170	644	1	1384748244
167	644	1	1384785373
171	645	1	1385383504
12	646	1	1386940283
12	646	1	1386941818
12	646	1	1386942054
12	646	1	1386942350
12	646	1	1386947049
12	646	1	1386950781
12	647	1	1386940321
12	648	1	1386940407
12	648	1	1386940573
12	649	1	1386940894
12	650	1	1386941897
12	651	1	1386942419
12	652	1	1386947104
12	653	1	1386950823
172	654	1	1387293206
147	655	1	1390166388
34	656	1	1390174835
173	656	1	1487198965
34	657	1	1390254110
34	658	1	1390265245
12	659	1	1392211743
12	659	1	1392297920
12	659	1	1397802785
12	660	1	1392212972
12	660	1	1397802861
12	661	1	1392297886
12	661	1	1397802840
12	661	1	1498134495
174	662	1	1392384550
174	663	1	1392391658
34	664	1	1393563695
34	665	1	1393570978
167	666	1	1394756697
175	667	1	1395184030
175	667	1	1395426221
175	667	1	1396577101
176	668	1	1396562565
177	669	1	1396596617
178	670	1	1396957070
12	671	1	1397804361
43	672	1	1403183365
179	673	1	1404162565
60	674	1	1408317663
34	675	1	1409106273
34	676	1	1410622485
180	676	1	1447384170
34	677	1	1410709560
34	678	1	1411003515
180	678	1	1447384170
12	679	1	1411895302
12	680	1	1411896069
163	681	1	1411917897
135	681	1	1415695590
34	681	1	1420952124
163	682	1	1411917897
135	682	1	1415695606
34	682	1	1420958857
164	683	1	1411919410
164	684	1	1411919410
181	685	1	1413409887
181	685	1	1447348888
181	685	1	1447744754
12	686	1	1416331552
34	687	1	1416714028
165	687	1	1472036725
165	687	1	1472124113
34	688	1	1416721148
165	688	1	1472036726
165	688	1	1472124113
34	689	1	1417321143
34	690	1	1421017409
34	691	1	1421111540
34	692	1	1421115530
34	693	1	1421119584
34	693	1	1423374852
27	693	1	1424432121
12	694	1	1421415913
12	694	1	1421415964
12	694	1	1421416230
12	694	1	1427639777
12	694	1	1427640225
12	694	1	1428243125
12	694	1	1429617778
15	695	1	1421783352
15	695	1	1427040116
182	695	1	1428645397
15	696	1	1422290608
15	697	1	1422291184
17	698	1	1422394506
17	698	1	1422394535
17	698	1	1422394842
17	698	1	1426951392
16	698	1	1426953228
16	698	1	1426954139
12	698	1	1427027288
17	698	1	1428953884
17	698	1	1435936503
17	698	1	1444468037
17	699	1	1422394535
15	700	1	1422397200
15	700	1	1422397490
15	700	1	1422397801
15	700	1	1422438561
15	700	1	1422441471
15	701	1	1422438731
15	701	1	1422441373
15	702	1	1422440146
15	702	1	1422440673
15	702	1	1422441115
15	702	1	1422441511
79	702	1	1478654448
15	703	1	1422441373
15	704	1	1422441471
15	705	1	1422441511
12	706	1	1422868818
165	707	1	1422983191
165	707	1	1422986659
165	708	1	1422983192
165	708	1	1422986659
165	709	1	1422986659
165	710	1	1422986659
34	711	1	1423370518
34	712	1	1423377223
27	712	1	1424432121
34	713	1	1423708202
34	714	1	1423940290
34	715	1	1424392594
165	715	1	1438202208
27	716	1	1424432121
27	717	1	1424432121
34	718	1	1424582758
165	718	1	1438202123
34	719	1	1424584879
135	719	1	1438430859
43	720	1	1426641233
23	720	1	1429225399
43	720	1	1429245557
43	721	1	1426641234
23	721	1	1429225399
43	721	1	1429245558
43	722	1	1426641234
23	722	1	1429225399
43	722	1	1429245557
43	723	1	1426641234
23	723	1	1429225400
43	723	1	1429245558
43	724	1	1426641234
23	724	1	1429225399
43	724	1	1429245558
43	725	1	1426641234
23	725	1	1429225399
43	725	1	1429245558
43	726	1	1426641234
23	726	1	1429225399
43	726	1	1429245558
43	727	1	1426641234
23	727	1	1429225400
43	727	1	1429245558
43	728	1	1426641234
23	728	1	1429225403
43	728	1	1429245558
43	729	1	1426641234
23	729	1	1429225403
43	729	1	1429245576
43	730	1	1426641234
23	730	1	1429225399
43	730	1	1429245558
43	731	1	1426641234
23	731	1	1429225403
43	731	1	1429245558
43	732	1	1426641234
43	733	1	1426641234
43	734	1	1426641234
23	734	1	1429225400
43	734	1	1429245558
43	735	1	1426641234
23	735	1	1429225403
43	735	1	1429245577
43	736	1	1426641234
23	736	1	1429225403
43	736	1	1429245577
43	737	1	1426641234
23	737	1	1429225403
43	737	1	1429245577
43	738	1	1426641234
23	738	1	1429225403
43	738	1	1429245581
43	739	1	1426641234
23	739	1	1429225403
43	739	1	1429245577
43	740	1	1426641234
23	740	1	1429225403
43	740	1	1429245577
43	741	1	1426641234
23	741	1	1429225407
43	741	1	1429245581
34	742	1	1426641783
17	743	1	1426959798
17	743	1	1428952597
17	743	1	1428953537
12	744	1	1427027137
12	745	1	1427027160
12	746	1	1427028358
12	747	1	1427028459
15	747	1	1427039174
14	747	1	1427094475
16	747	1	1427422522
12	747	1	1427631786
12	747	1	1427631797
16	747	1	1427674478
16	747	1	1427674533
16	747	1	1427674570
16	747	1	1427674621
15	747	1	1427792593
15	747	1	1427796426
16	747	1	1427991008
12	747	1	1428137087
15	747	1	1428430044
15	747	1	1428430569
15	747	1	1428500206
16	747	1	1428655404
15	747	1	1429036884
14	747	1	1430978747
14	747	1	1430979296
12	747	1	1431000795
12	747	1	1431000826
12	747	1	1431965794
12	747	1	1431965830
16	747	1	1434027425
15	747	1	1434886263
12	747	1	1434890410
12	747	1	1434890423
7	747	1	1439803871
7	747	1	1439803999
7	747	1	1443539668
12	747	1	1443541101
7	747	1	1443542348
15	747	1	1443545298
7	747	1	1443549765
12	747	1	1443797612
15	747	1	1444078529
15	748	1	1427040030
15	748	1	1427042336
15	748	1	1427397753
15	748	1	1427397961
15	748	1	1427398037
15	748	1	1427398769
15	748	1	1427482287
15	748	1	1427482385
15	748	1	1427482512
15	748	1	1427483276
15	748	1	1427483328
15	748	1	1427499924
15	748	1	1427499982
15	748	1	1427500179
15	748	1	1427500368
15	748	1	1427500412
15	748	1	1427500681
15	748	1	1427500933
15	748	1	1427501054
15	748	1	1427501944
15	748	1	1427502029
15	748	1	1427502290
15	748	1	1427502571
15	748	1	1427502637
15	748	1	1427502676
15	748	1	1427534924
15	748	1	1427535073
15	748	1	1427535099
15	748	1	1427535150
15	748	1	1427535601
15	748	1	1427535957
15	748	1	1427536725
15	748	1	1427537105
15	748	1	1427537143
15	748	1	1427894759
15	748	1	1427894917
15	748	1	1427895159
15	748	1	1427895647
15	748	1	1427895670
15	748	1	1427895758
15	748	1	1427901514
15	748	1	1427901806
15	748	1	1427902076
15	748	1	1427902103
15	748	1	1427902174
15	748	1	1427903566
15	748	1	1427903658
15	748	1	1427904215
15	748	1	1427904397
15	748	1	1427905467
15	748	1	1427905960
15	748	1	1427906011
15	748	1	1427906219
15	748	1	1428077468
182	748	1	1428645402
15	748	1	1470904896
15	748	1	1470904919
14	749	1	1427094562
14	749	1	1427094668
14	750	1	1427094719
12	751	1	1427640182
12	751	1	1427640281
12	751	1	1427641388
12	751	1	1427641559
12	751	1	1427642266
12	751	1	1427642307
12	751	1	1427642726
12	751	1	1427642772
12	751	1	1427642975
12	751	1	1427643694
12	751	1	1427643814
12	751	1	1432111944
12	752	1	1427641811
12	752	1	1427641852
12	753	1	1427643624
12	753	1	1427643653
12	753	1	1427643666
12	753	1	1428137723
12	753	1	1428138500
12	753	1	1428138627
12	753	1	1428138669
12	753	1	1428138720
12	753	1	1428236572
12	753	1	1432110453
12	753	1	1461133646
12	753	1	1461133674
12	753	1	1461133691
15	754	1	1427906754
15	754	1	1427907823
15	754	1	1427907873
15	754	1	1435158437
15	754	1	1435158702
14	754	1	1451841240
14	754	1	1451841513
14	754	1	1451842901
14	754	1	1451844569
14	754	1	1451845485
15	755	1	1427906973
15	755	1	1427913225
15	755	1	1427913381
15	755	1	1427913433
15	755	1	1427913649
15	755	1	1427913845
15	755	1	1427913970
15	755	1	1427914543
15	755	1	1427914821
15	755	1	1427914991
15	755	1	1427915084
15	755	1	1427915128
15	755	1	1427916014
15	755	1	1427917082
15	755	1	1427917585
15	755	1	1427917596
15	755	1	1427918083
15	755	1	1427918685
15	755	1	1427918903
15	755	1	1427918988
15	755	1	1427919563
15	755	1	1427920043
15	755	1	1427920098
15	755	1	1427962375
15	755	1	1427963306
15	755	1	1427964925
15	755	1	1427976937
15	755	1	1427977422
15	755	1	1427977660
15	755	1	1427978807
15	755	1	1427989001
15	755	1	1427990349
15	755	1	1427990926
15	755	1	1427990965
15	755	1	1427992731
15	755	1	1427994962
15	755	1	1427996295
15	755	1	1427997976
15	755	1	1428525887
14	755	1	1430978926
14	755	1	1430979005
15	755	1	1443899277
15	755	1	1443899445
15	755	1	1446465259
15	755	1	1446466432
15	755	1	1446467216
15	755	1	1446467308
15	755	1	1446467393
15	755	1	1446467561
14	755	1	1451841927
15	756	1	1428006707
15	756	1	1428013716
15	756	1	1428014464
15	756	1	1428017068
15	756	1	1428017190
15	756	1	1428017248
15	756	1	1428073550
15	756	1	1428073622
15	756	1	1428073681
15	756	1	1428073713
15	756	1	1428073738
15	756	1	1428073840
15	756	1	1428074328
15	756	1	1428525448
15	756	1	1428525539
15	756	1	1428526013
15	756	1	1436798432
15	756	1	1436798438
15	756	1	1451337114
15	756	1	1451337202
15	756	1	1451337364
15	756	1	1451337431
15	756	1	1451337527
15	756	1	1451337631
15	756	1	1451337748
15	756	1	1451337800
15	756	1	1451337884
15	756	1	1451337970
15	756	1	1451338123
14	756	1	1451842020
12	757	1	1428237869
12	757	1	1428240813
12	757	1	1428240879
12	757	1	1428240909
12	757	1	1428240920
12	757	1	1428240930
12	757	1	1428243143
12	757	1	1432110151
12	757	1	1432388362
12	757	1	1461133856
12	757	1	1461133869
12	757	1	1461133884
12	757	1	1461133938
12	757	1	1461133955
15	758	1	1428429358
15	758	1	1428429601
15	758	1	1428526316
15	758	1	1436630796
15	758	1	1436630825
15	758	1	1436630866
15	758	1	1436630881
15	758	1	1436797977
15	758	1	1436798122
15	758	1	1436798137
15	758	1	1443971492
15	758	1	1443971554
15	758	1	1443971690
15	758	1	1443971794
15	758	1	1443971875
14	758	1	1451842392
15	758	1	1452635154
15	759	1	1428468652
15	759	1	1428526216
15	759	1	1435686171
15	759	1	1435686181
15	759	1	1435686281
15	759	1	1436600055
15	759	1	1436600084
15	759	1	1436601430
15	759	1	1436601721
15	759	1	1436601774
15	759	1	1451401152
15	759	1	1451401523
15	759	1	1451401560
15	759	1	1451401614
15	759	1	1451401653
15	759	1	1451401692
15	759	1	1451401730
15	759	1	1451401757
15	759	1	1451401858
15	759	1	1451402021
15	759	1	1451402077
15	759	1	1451402354
15	759	1	1451402399
15	759	1	1451402429
15	759	1	1451402500
15	759	1	1451402565
15	759	1	1451402590
15	759	1	1451402631
15	759	1	1451402706
15	759	1	1451402997
15	759	1	1451403256
14	759	1	1451842843
15	760	1	1428504449
15	760	1	1428504482
15	760	1	1428504548
15	760	1	1428504654
15	760	1	1428526128
15	760	1	1428676562
15	760	1	1428676635
15	760	1	1428934156
15	760	1	1428934353
15	760	1	1428934448
15	760	1	1435596274
15	760	1	1435596297
15	760	1	1435596376
15	760	1	1451339627
15	760	1	1451339890
15	760	1	1451339977
15	760	1	1451379878
15	760	1	1451379933
15	760	1	1451379983
15	760	1	1451380125
15	760	1	1451383322
15	760	1	1451383365
15	760	1	1451383399
15	760	1	1451383434
15	760	1	1451383467
15	760	1	1451383535
15	760	1	1451383565
15	760	1	1451383663
15	760	1	1451383701
15	760	1	1451383735
15	760	1	1451383764
15	760	1	1451383803
14	760	1	1451842835
182	761	1	1428645397
182	762	1	1428645402
12	763	1	1428928965
12	763	1	1428928984
12	763	1	1428929902
12	763	1	1428929913
12	763	1	1428929923
12	763	1	1428929937
12	763	1	1428999878
12	763	1	1428999896
12	763	1	1428999935
12	763	1	1428999951
12	763	1	1428999976
12	763	1	1429000052
12	763	1	1429000109
12	763	1	1432109929
12	763	1	1461134181
17	764	1	1428953954
17	764	1	1435933518
17	764	1	1443958163
17	764	1	1445089098
17	764	1	1445089255
17	764	1	1445089269
17	764	1	1445089567
17	764	1	1445089664
17	764	1	1445090272
17	764	1	1446833043
17	764	1	1446833131
17	765	1	1428955799
17	765	1	1435934229
17	765	1	1443958300
17	765	1	1443958391
17	765	1	1446834661
17	765	1	1446834723
17	765	1	1448725209
12	766	1	1428999813
12	767	1	1429001042
12	767	1	1429001053
12	767	1	1429001075
12	767	1	1429001092
12	767	1	1429001112
12	767	1	1429001267
12	767	1	1429001294
12	767	1	1429001368
12	767	1	1429001384
12	767	1	1429001459
12	767	1	1432111805
12	767	1	1432111831
12	767	1	1432388927
12	767	1	1432389675
12	767	1	1432389686
12	768	1	1429175700
12	768	1	1429176116
12	768	1	1432112396
102	769	1	1429211993
12	770	1	1429445706
12	770	1	1429445740
12	770	1	1429446123
12	770	1	1432367897
12	770	1	1432367909
15	771	1	1429552935
15	771	1	1429639351
15	771	1	1429720355
15	771	1	1435160823
15	771	1	1440514754
15	771	1	1451461039
15	772	1	1429553306
15	772	1	1429639214
15	772	1	1444150297
15	772	1	1444150361
15	772	1	1444150437
16	772	1	1452522595
16	772	1	1452522640
17	773	1	1429561229
17	773	1	1435934289
17	773	1	1443958685
17	773	1	1443958795
17	773	1	1443958853
17	773	1	1444468562
17	773	1	1446837048
17	773	1	1446837089
17	773	1	1446837101
12	774	1	1429617501
12	774	1	1429617689
12	774	1	1429617710
12	774	1	1432368168
12	775	1	1429618060
12	775	1	1429618844
12	775	1	1429773577
12	775	1	1429773680
12	775	1	1429773751
12	775	1	1432368490
15	776	1	1429639681
15	777	1	1429640420
15	777	1	1444150507
15	777	1	1444150610
15	778	1	1429717124
15	778	1	1429717162
15	778	1	1452635309
15	779	1	1429717590
15	779	1	1444151131
15	780	1	1429717983
15	780	1	1444150761
15	781	1	1429719309
15	781	1	1429719573
15	781	1	1444150867
15	782	1	1429720103
12	783	1	1429773367
12	783	1	1432369021
12	784	1	1429775132
12	784	1	1429775358
12	784	1	1429775437
12	784	1	1429775541
12	784	1	1429775943
12	784	1	1429776013
12	784	1	1432370283
12	784	1	1432370301
12	784	1	1432389240
12	784	1	1432389253
12	784	1	1432389274
12	784	1	1432389928
17	785	1	1430250149
17	785	1	1443958967
17	785	1	1443959049
17	785	1	1444467398
17	785	1	1444468662
17	785	1	1444468736
17	785	1	1447438436
17	785	1	1447438502
12	786	1	1430297513
12	786	1	1430298072
12	786	1	1430298286
12	786	1	1430298381
12	786	1	1430298464
12	786	1	1430299098
12	786	1	1430376772
12	786	1	1430377126
12	786	1	1430377183
12	786	1	1430377262
12	786	1	1430377341
12	786	1	1430377522
12	786	1	1430377604
12	786	1	1430377629
12	786	1	1430377658
12	786	1	1430377691
12	786	1	1430377712
12	786	1	1430377909
12	786	1	1432370994
12	786	1	1432371011
12	787	1	1430900058
12	787	1	1430900508
12	787	1	1430900578
12	787	1	1430900677
12	787	1	1430900755
12	787	1	1430900810
12	787	1	1430900841
12	787	1	1430900984
12	787	1	1430901090
12	787	1	1430901111
12	787	1	1430901270
12	787	1	1430901373
12	787	1	1430901452
12	787	1	1430901501
12	787	1	1430901653
12	787	1	1430901743
12	787	1	1430901909
12	787	1	1430902035
12	787	1	1430902118
12	787	1	1430902187
12	787	1	1430902237
12	787	1	1430902301
12	787	1	1430902485
12	787	1	1432372036
12	787	1	1432372251
12	787	1	1432372261
17	788	1	1430944476
17	788	1	1444467512
17	788	1	1444467652
17	788	1	1448725319
17	789	1	1430946496
17	789	1	1431124573
17	789	1	1435936435
17	789	1	1443862265
17	789	1	1444467710
17	789	1	1444467736
17	789	1	1444467843
17	789	1	1444467865
17	789	1	1444467998
17	789	1	1444468057
17	789	1	1447439670
16	790	1	1431164991
16	790	1	1434024037
16	790	1	1434024626
16	790	1	1434024766
16	790	1	1434649355
16	790	1	1434879404
16	790	1	1452283580
16	790	1	1452506113
16	791	1	1431165206
16	792	1	1431165423
16	792	1	1434025414
16	792	1	1434025829
16	792	1	1434026224
16	792	1	1434026527
16	792	1	1434026971
17	793	1	1431182105
17	793	1	1435939162
17	794	1	1431182260
17	794	1	1435939636
17	794	1	1447512420
17	794	1	1447512438
17	795	1	1431789705
17	795	1	1431789869
17	795	1	1444468183
17	795	1	1444468227
17	795	1	1447513102
17	796	1	1431790151
17	796	1	1447512525
17	797	1	1431791622
12	798	1	1431962122
12	798	1	1431963741
12	798	1	1432372543
12	798	1	1432372583
12	799	1	1432480165
12	799	1	1432480183
12	799	1	1438356587
12	799	1	1439045685
17	800	1	1433282251
17	800	1	1435873089
17	800	1	1436477615
17	800	1	1437340917
17	800	1	1438722704
17	800	1	1438722724
17	800	1	1448724708
17	801	1	1433800480
17	801	1	1433972074
17	801	1	1444485496
17	801	1	1444485588
17	801	1	1444766100
17	801	1	1445072617
17	801	1	1447515868
17	801	1	1447516053
17	801	1	1447516121
17	801	1	1447516203
17	801	1	1447516277
17	801	1	1448724176
16	802	1	1434024417
16	802	1	1434024478
16	802	1	1434651239
16	802	1	1434651282
16	802	1	1452284038
16	802	1	1452284077
16	802	1	1452284242
16	802	1	1452284410
16	802	1	1452284461
16	802	1	1452284602
16	802	1	1452284646
16	802	1	1452519578
16	802	1	1452572479
16	802	1	1452572588
16	802	1	1452578503
16	803	1	1434024815
16	803	1	1458616648
16	804	1	1434025225
16	804	1	1434648066
16	804	1	1434648361
16	804	1	1434648804
16	804	1	1434648874
16	804	1	1434648956
16	804	1	1434651320
16	804	1	1452154999
16	804	1	1452155156
16	804	1	1452155886
16	804	1	1452156254
16	804	1	1452281806
16	804	1	1452281958
16	804	1	1452282060
16	804	1	1452282096
16	804	1	1452282210
16	804	1	1452282284
16	804	1	1452282376
16	804	1	1452282561
16	804	1	1452282624
16	804	1	1452282908
16	804	1	1452282933
16	804	1	1452283221
16	804	1	1452283292
16	804	1	1452283332
16	804	1	1452283459
16	804	1	1452519729
16	804	1	1452519812
16	804	1	1452519925
16	804	1	1452519949
16	804	1	1452573644
16	804	1	1452573715
16	804	1	1452573793
16	804	1	1452573850
16	804	1	1452574678
16	804	1	1452574743
16	804	1	1452574782
16	805	1	1434025705
16	805	1	1452522657
16	805	1	1452522690
16	805	1	1452526205
16	805	1	1452526287
16	806	1	1434026008
16	806	1	1452523539
16	806	1	1452523918
16	806	1	1452523973
16	806	1	1452570710
16	807	1	1434026724
16	807	1	1434026803
16	807	1	1434026847
16	807	1	1452525020
16	807	1	1452525191
16	807	1	1452525244
16	807	1	1452525266
16	807	1	1452570873
16	807	1	1452570884
16	808	1	1434027122
16	808	1	1434027557
16	808	1	1434027581
16	808	1	1434027744
16	808	1	1434027863
16	808	1	1434027993
16	808	1	1434028034
16	808	1	1434028108
16	808	1	1434028378
16	808	1	1434028479
16	808	1	1434028507
16	808	1	1434028714
16	808	1	1434028880
16	808	1	1434029200
16	808	1	1452058443
16	808	1	1452550852
16	808	1	1452550883
16	809	1	1434061953
16	809	1	1434062354
16	809	1	1434062656
16	809	1	1434062713
16	809	1	1434063683
16	809	1	1434063741
16	809	1	1434063912
16	809	1	1434063984
16	809	1	1434064013
16	809	1	1434064027
16	809	1	1434064096
16	809	1	1434064234
16	809	1	1434197626
16	809	1	1434197849
16	809	1	1434197951
16	809	1	1434198268
16	809	1	1434198509
16	809	1	1434198541
16	809	1	1434199122
16	809	1	1434201518
16	809	1	1434201586
16	809	1	1434201776
16	809	1	1434202313
16	809	1	1452550179
16	809	1	1452550283
16	809	1	1452571010
16	809	1	1452571069
16	810	1	1434202689
16	810	1	1434202911
16	810	1	1434252995
16	810	1	1434253239
16	810	1	1434253597
16	810	1	1434253979
16	810	1	1434308251
16	810	1	1434308651
16	810	1	1434309043
16	810	1	1434309065
16	810	1	1434309442
16	810	1	1434485870
16	810	1	1434486314
16	810	1	1434486955
16	810	1	1434487239
16	810	1	1434487304
16	810	1	1452548941
16	810	1	1452549025
16	810	1	1452549070
16	810	1	1452569417
16	810	1	1452569436
16	811	1	1434487958
16	811	1	1452569328
16	812	1	1434651524
16	812	1	1434651671
16	812	1	1434652597
16	812	1	1434653005
16	812	1	1434653117
16	812	1	1434654118
16	812	1	1434654224
16	812	1	1434879290
16	812	1	1435075884
16	812	1	1452506474
16	812	1	1452627957
16	812	1	1452628046
12	813	1	1434894724
12	813	1	1434895044
12	813	1	1434895056
12	813	1	1434895066
12	813	1	1434895112
12	813	1	1434895257
12	813	1	1434895271
12	813	1	1434895285
12	813	1	1434895309
12	813	1	1434895325
12	813	1	1434895341
12	813	1	1434895353
12	813	1	1434895393
12	813	1	1434895418
12	813	1	1434895436
12	813	1	1434895447
12	813	1	1434895460
12	813	1	1434895484
12	813	1	1434895600
12	813	1	1434895612
12	813	1	1434895751
12	813	1	1434895761
12	813	1	1434895796
12	813	1	1434895823
12	813	1	1434895834
12	813	1	1434895884
12	813	1	1434895900
12	813	1	1434896110
12	813	1	1434896253
12	813	1	1434896352
12	813	1	1434896810
12	813	1	1434896828
12	813	1	1434896872
12	813	1	1434896962
12	813	1	1434897010
12	813	1	1434897034
12	813	1	1434897080
12	813	1	1434897107
12	813	1	1434897260
12	813	1	1434897318
12	813	1	1434897384
12	813	1	1434897457
12	813	1	1434897552
12	813	1	1434897718
12	813	1	1434897770
12	813	1	1434897855
12	813	1	1434897866
12	813	1	1434897891
12	813	1	1434897939
12	813	1	1434898046
12	813	1	1434898131
12	813	1	1434898264
12	813	1	1434898332
12	813	1	1434898454
12	813	1	1434898707
12	813	1	1434898748
12	813	1	1434898825
12	813	1	1434899135
12	813	1	1434899482
12	813	1	1434899791
12	813	1	1434899840
12	813	1	1443796692
12	813	1	1443796706
16	814	1	1435127608
16	814	1	1435127823
16	814	1	1435127899
16	814	1	1435128293
16	814	1	1435128670
16	814	1	1435129445
16	814	1	1435129902
16	814	1	1452304884
16	814	1	1452304937
16	814	1	1452305059
16	814	1	1452305099
16	814	1	1452305136
16	814	1	1452305584
16	814	1	1452305697
16	814	1	1452306415
16	814	1	1452306824
16	814	1	1452306868
16	814	1	1452307067
16	814	1	1452307204
16	814	1	1452307361
16	814	1	1452307390
16	814	1	1452307535
16	814	1	1452307657
16	814	1	1452307791
16	814	1	1452307912
16	814	1	1452308191
16	814	1	1452308262
16	814	1	1452308350
16	814	1	1452308378
16	814	1	1452498015
16	814	1	1452498035
16	814	1	1452498557
16	814	1	1452499075
16	814	1	1452499250
16	814	1	1452499509
16	814	1	1452499957
16	814	1	1452500069
16	814	1	1452500857
16	814	1	1452501930
16	814	1	1452501972
16	814	1	1452501997
16	814	1	1452502316
16	814	1	1452502607
16	814	1	1452502851
16	814	1	1452503561
16	814	1	1452503624
16	814	1	1452504296
16	814	1	1452505201
16	814	1	1452506000
16	814	1	1452627350
16	814	1	1452627401
15	815	1	1435158684
14	815	1	1451841837
16	816	1	1435485150
16	816	1	1435486657
16	816	1	1435487145
16	816	1	1435487501
16	817	1	1435487169
16	817	1	1436172771
16	817	1	1436173710
16	817	1	1436173840
16	817	1	1436173880
16	817	1	1436173980
16	817	1	1452620700
16	817	1	1452620803
16	818	1	1435487522
16	818	1	1435530790
16	818	1	1435748767
16	818	1	1435748889
16	818	1	1435749052
16	818	1	1435749099
16	818	1	1435749663
16	818	1	1435749974
16	818	1	1435750383
16	818	1	1435750727
16	818	1	1435751053
16	818	1	1435751497
16	818	1	1435752481
16	818	1	1435752650
16	818	1	1435752684
16	818	1	1435752734
16	818	1	1435778654
16	818	1	1435778695
16	818	1	1435778846
16	818	1	1435778882
16	818	1	1435778988
16	818	1	1435779042
16	818	1	1435779079
16	818	1	1435779401
16	818	1	1435779505
16	818	1	1435780063
16	818	1	1435815593
16	818	1	1435815772
16	818	1	1435815812
16	818	1	1435815916
16	818	1	1435816042
16	818	1	1435816100
16	818	1	1435816170
16	818	1	1435816203
16	818	1	1435816231
16	818	1	1435816253
16	818	1	1435816271
16	818	1	1435816295
16	818	1	1435816313
16	818	1	1435816368
16	818	1	1435816473
16	818	1	1435816516
16	818	1	1435816972
16	818	1	1435817120
16	818	1	1435817648
16	818	1	1435817756
16	818	1	1435817843
16	818	1	1435817903
16	818	1	1435818040
16	818	1	1435818098
16	818	1	1435818240
16	818	1	1435818322
16	818	1	1435818417
16	818	1	1435819336
16	818	1	1435819395
16	818	1	1436053390
16	818	1	1436053747
16	818	1	1436055178
16	818	1	1436055238
16	818	1	1452520107
16	818	1	1452577519
16	818	1	1452577581
16	818	1	1452577756
16	818	1	1452578186
16	818	1	1452578219
16	818	1	1452578415
16	818	1	1452620549
17	819	1	1435698241
17	819	1	1444485741
17	819	1	1444767127
17	819	1	1447516632
17	820	1	1435698620
17	820	1	1444485831
17	820	1	1445073453
17	820	1	1445073497
17	820	1	1447516836
17	820	1	1447516928
17	821	1	1435870142
17	821	1	1444485944
17	821	1	1444486015
17	821	1	1445074084
17	822	1	1435871075
17	822	1	1444486104
17	822	1	1444486229
17	822	1	1444486305
17	822	1	1444487398
17	822	1	1444487494
17	822	1	1444487707
17	822	1	1444487760
17	822	1	1444487800
17	822	1	1445075631
17	822	1	1448724545
17	823	1	1435871439
17	824	1	1435872435
17	824	1	1444487867
17	825	1	1435873243
16	826	1	1436055504
16	826	1	1436056345
16	826	1	1452183797
16	826	1	1452184125
16	826	1	1452184314
16	826	1	1452184595
16	826	1	1452184647
16	826	1	1452184709
16	826	1	1452185098
16	826	1	1452185442
16	826	1	1452185475
16	826	1	1452185748
16	826	1	1452185998
16	826	1	1452186341
16	826	1	1452186681
16	826	1	1452186908
16	826	1	1452187027
16	826	1	1452187053
16	826	1	1452187428
16	826	1	1452192771
16	826	1	1452192856
16	826	1	1452193126
16	826	1	1452193166
16	826	1	1452193495
16	826	1	1452193513
16	826	1	1452193823
16	826	1	1452194074
16	826	1	1452194124
16	826	1	1452194166
16	826	1	1452194408
16	826	1	1452194724
16	826	1	1452194803
16	826	1	1452194875
16	826	1	1452194894
16	826	1	1452195434
16	826	1	1452195561
16	826	1	1452195738
16	826	1	1452196024
16	826	1	1452196151
16	826	1	1452231412
16	826	1	1452231506
16	826	1	1452231597
16	826	1	1452231757
16	826	1	1452232086
16	826	1	1452232187
16	826	1	1452232260
16	826	1	1452232390
16	826	1	1452232546
16	826	1	1452232864
16	826	1	1452233379
16	826	1	1452233614
16	826	1	1452233705
16	826	1	1452233809
16	826	1	1452234175
16	826	1	1452234238
16	826	1	1452234267
16	826	1	1452234306
16	826	1	1452234339
16	826	1	1452261065
16	826	1	1452261375
16	826	1	1452261438
16	826	1	1452261598
16	826	1	1452261744
16	826	1	1452261884
16	826	1	1452262090
16	826	1	1452262450
16	826	1	1452262648
16	826	1	1452262690
16	826	1	1452262761
16	826	1	1452262842
16	826	1	1452279421
16	826	1	1452279879
16	826	1	1452280099
16	826	1	1452280181
16	826	1	1452280484
16	826	1	1452280714
16	826	1	1452574872
16	826	1	1452574925
17	827	1	1436215617
17	828	1	1436217151
17	828	1	1436217173
17	828	1	1436217186
17	829	1	1436217657
17	830	1	1436303143
17	831	1	1436303710
17	832	1	1436303998
17	833	1	1436476779
17	834	1	1436477445
17	834	1	1436477469
17	834	1	1444487069
17	835	1	1436477895
17	836	1	1436821296
17	837	1	1436821916
17	837	1	1436821947
17	838	1	1436822399
17	839	1	1436906277
17	840	1	1436907392
17	841	1	1436908371
17	841	1	1448724920
12	842	1	1437116751
12	842	1	1437117298
12	842	1	1443797076
12	842	1	1443797107
12	843	1	1437117729
12	843	1	1442996167
12	843	1	1443797388
12	844	1	1437118409
12	844	1	1437118420
12	844	1	1437118466
12	844	1	1443798062
17	845	1	1437340563
17	846	1	1437341160
17	847	1	1437428416
17	847	1	1444486893
12	848	1	1437465585
12	848	1	1437465655
12	848	1	1437465689
12	848	1	1443798599
17	849	1	1437511910
17	850	1	1437512689
17	851	1	1438030786
17	852	1	1438031778
12	853	1	1438087273
12	853	1	1438087313
12	853	1	1442996141
12	853	1	1444026014
12	854	1	1438087613
12	854	1	1442996127
12	854	1	1444025847
12	855	1	1438087830
12	855	1	1438355632
12	855	1	1442996115
12	855	1	1444026820
165	856	1	1438202124
165	857	1	1438202209
12	858	1	1438356311
17	859	1	1438551810
17	859	1	1444486935
17	859	1	1444486967
17	860	1	1438635342
17	860	1	1444486663
183	861	1	1438644713
17	862	1	1438721727
17	863	1	1438722272
17	863	1	1444486740
17	864	1	1438724854
17	864	1	1438724869
17	864	1	1438724883
17	864	1	1438724908
17	865	1	1438866177
12	866	1	1439045519
12	866	1	1442996092
12	866	1	1444027497
12	867	1	1439045985
12	867	1	1439046001
12	867	1	1442996079
12	867	1	1444028443
12	868	1	1439046676
12	868	1	1439046690
12	868	1	1442996042
12	868	1	1442996055
12	868	1	1444029094
12	868	1	1444029288
12	868	1	1444030995
15	869	1	1439365641
12	870	1	1439539576
12	870	1	1442995887
12	870	1	1444054677
12	870	1	1444054743
12	871	1	1439540933
12	871	1	1444055073
7	872	1	1439803319
7	872	1	1439803413
7	872	1	1439803584
7	872	1	1439804132
7	872	1	1439809250
7	872	1	1439813219
7	872	1	1439815703
7	872	1	1439836759
7	872	1	1439993853
14	872	1	1451843595
14	872	1	1451843699
14	872	1	1451844203
14	872	1	1451844338
7	873	1	1439803488
14	873	1	1451843626
7	874	1	1439803746
14	874	1	1451843716
7	875	1	1439804140
7	875	1	1439804197
7	875	1	1439804643
7	875	1	1439804675
7	875	1	1439804943
7	875	1	1439805158
7	875	1	1439805360
7	875	1	1439806029
7	875	1	1439807583
7	875	1	1439807622
7	875	1	1439807662
7	875	1	1439807704
7	875	1	1439807817
7	875	1	1439807831
7	875	1	1439807853
7	875	1	1439807885
7	875	1	1439807954
7	875	1	1439807971
7	875	1	1439807990
7	875	1	1439808005
7	875	1	1439808026
7	875	1	1439808093
7	875	1	1439808155
7	875	1	1439808250
7	875	1	1439808361
7	875	1	1439808563
7	875	1	1439808569
7	875	1	1439808805
7	875	1	1439808849
7	875	1	1439808897
7	875	1	1439809030
7	875	1	1439809049
7	875	1	1439809055
7	875	1	1439809092
7	875	1	1439809095
14	875	1	1451843725
7	875	1	1451852850
7	875	1	1451852860
7	875	1	1451852891
7	875	1	1451852945
7	875	1	1451852989
7	876	1	1439809259
7	876	1	1439809405
7	876	1	1439809698
7	876	1	1439810075
7	876	1	1439810372
7	876	1	1439810406
7	876	1	1439810461
7	876	1	1439810774
7	876	1	1439810966
7	876	1	1439811069
7	876	1	1439811078
7	876	1	1439811088
7	876	1	1439811111
7	876	1	1439811366
7	876	1	1439811401
7	876	1	1439811456
7	876	1	1439811498
7	876	1	1439811541
7	876	1	1439811557
7	876	1	1439811592
7	876	1	1439811619
7	876	1	1439811700
7	876	1	1439811706
7	876	1	1439811755
7	876	1	1439811761
7	876	1	1439812008
7	876	1	1439812028
7	876	1	1439812056
7	876	1	1439812127
7	876	1	1439812139
7	876	1	1439812167
7	876	1	1439812233
7	876	1	1439812266
7	876	1	1439812282
7	876	1	1439812301
7	876	1	1439812528
7	876	1	1439812639
7	876	1	1439812656
7	876	1	1439812670
7	876	1	1439812749
7	876	1	1439812787
7	876	1	1439812803
7	876	1	1439812827
7	876	1	1439812878
7	876	1	1439812904
7	876	1	1439813022
7	876	1	1439813096
7	876	1	1439813104
14	876	1	1451843866
7	876	1	1451854396
7	876	1	1451854424
7	877	1	1439813226
7	877	1	1439813595
7	877	1	1439813696
7	877	1	1439814189
7	877	1	1439814334
7	877	1	1439814452
7	877	1	1439815564
7	877	1	1439815570
14	877	1	1451843961
7	877	1	1451854909
7	877	1	1451854925
7	877	1	1451854939
7	877	1	1451854971
7	878	1	1439815710
7	878	1	1439815998
7	878	1	1439816144
7	878	1	1439816319
7	878	1	1439829320
7	878	1	1439835672
7	878	1	1439835700
7	878	1	1439835796
7	878	1	1439835801
7	878	1	1439835883
7	878	1	1439836011
7	878	1	1439836014
7	878	1	1439836153
7	878	1	1439836166
7	878	1	1439836235
7	878	1	1439836243
7	878	1	1439836398
7	878	1	1439836420
7	878	1	1439836437
7	878	1	1439836470
7	878	1	1439836525
7	878	1	1439836564
7	878	1	1439836651
7	878	1	1439836664
7	878	1	1439836668
14	878	1	1451843967
7	878	1	1451854990
7	879	1	1439836771
7	879	1	1439882610
7	879	1	1439882888
7	879	1	1439883123
7	879	1	1439883252
7	879	1	1439966198
7	879	1	1439968282
7	879	1	1439968634
7	879	1	1439968959
7	879	1	1439968976
7	879	1	1439969026
7	879	1	1439969081
7	879	1	1439969118
7	879	1	1439969146
7	879	1	1439969249
7	879	1	1439969273
7	879	1	1439969418
7	879	1	1439969560
7	879	1	1439969564
7	879	1	1439969613
7	879	1	1439969647
7	879	1	1439969670
7	879	1	1439969676
7	879	1	1439969748
7	879	1	1439969775
7	879	1	1439969780
7	879	1	1439992784
7	879	1	1439992848
7	879	1	1439992882
7	879	1	1439992937
7	879	1	1439993034
7	879	1	1439993063
7	879	1	1439993250
7	879	1	1439993321
7	879	1	1439993374
7	879	1	1439993461
7	879	1	1439993589
7	879	1	1439993603
7	879	1	1439993616
14	879	1	1451843973
7	879	1	1451855031
7	879	1	1451855055
7	880	1	1439993860
7	880	1	1439996975
7	880	1	1440000462
7	880	1	1440000577
7	880	1	1440000600
7	880	1	1440012273
7	880	1	1440014093
7	880	1	1440017911
7	880	1	1440017944
7	880	1	1440018031
7	880	1	1440018220
7	880	1	1440018315
7	880	1	1440018341
7	880	1	1440018364
7	880	1	1440056113
7	880	1	1440056155
7	880	1	1440056659
7	880	1	1440056680
7	880	1	1440056686
7	880	1	1440056704
7	880	1	1440056857
7	880	1	1440056897
7	880	1	1440057219
7	880	1	1440057238
7	880	1	1440057267
7	880	1	1440057705
7	880	1	1440058021
7	880	1	1440058176
7	880	1	1440060502
7	880	1	1440060652
7	880	1	1440060665
7	880	1	1440060694
7	880	1	1440060721
7	880	1	1440060740
7	880	1	1440061761
7	880	1	1440145339
7	880	1	1440145344
7	880	1	1440145354
7	880	1	1440145576
7	880	1	1440145664
7	880	1	1440145766
7	880	1	1440145819
7	880	1	1440145824
7	880	1	1440247154
7	880	1	1440247197
7	880	1	1440247220
7	880	1	1440247276
7	880	1	1440247303
7	880	1	1440247344
7	880	1	1440247395
7	880	1	1440247429
7	880	1	1440247443
7	880	1	1440247498
7	880	1	1440247561
7	880	1	1440247588
7	880	1	1440247595
7	880	1	1440247622
7	880	1	1440247633
7	880	1	1443435846
7	880	1	1443435939
7	880	1	1443436163
7	880	1	1443436278
7	880	1	1443436336
7	880	1	1443436390
7	880	1	1443436454
7	880	1	1443436481
7	880	1	1443436511
7	880	1	1443436518
14	880	1	1451844005
12	881	1	1441108298
12	881	1	1441182639
12	881	1	1441265418
12	881	1	1442995865
12	881	1	1444055293
12	882	1	1441267624
12	882	1	1441267651
12	882	1	1442995843
12	882	1	1444148599
12	882	1	1444148615
12	883	1	1441270368
12	883	1	1441270477
12	884	1	1441787383
12	884	1	1442064101
12	884	1	1442066382
12	884	1	1442995822
12	884	1	1444148891
12	885	1	1442066688
12	885	1	1442068876
12	885	1	1442071243
12	885	1	1442995805
12	886	1	1442071384
12	886	1	1442506605
12	886	1	1442506631
12	886	1	1442991490
12	886	1	1442995785
12	887	1	1442071476
12	887	1	1442994071
12	887	1	1442995758
12	888	1	1442071558
12	888	1	1442995266
12	889	1	1442071767
12	889	1	1442995696
87	890	1	1443291323
184	891	1	1443291422
185	892	1	1443291509
7	893	1	1443542482
7	893	1	1443542492
7	893	1	1443542570
7	893	1	1443542597
7	893	1	1451476355
7	893	1	1451476380
7	894	1	1443542499
7	894	1	1443542861
7	894	1	1443542971
7	894	1	1443543007
7	894	1	1443550152
7	894	1	1443550377
7	894	1	1451472097
7	894	1	1451472114
7	894	1	1451472127
7	894	1	1451476302
7	894	1	1451476320
7	894	1	1451476332
7	895	1	1443542577
7	895	1	1451468103
7	895	1	1451468122
7	895	1	1451468645
7	895	1	1451468936
7	895	1	1451472725
7	895	1	1451472752
7	895	1	1451472766
7	895	1	1451473978
7	895	1	1451474028
7	895	1	1451474054
7	895	1	1451476003
186	895	1	1498464019
7	896	1	1443542604
7	896	1	1451469088
7	896	1	1451469399
7	896	1	1451469432
7	896	1	1451469444
7	896	1	1451469688
7	896	1	1451470091
7	896	1	1451470216
7	896	1	1451470234
7	896	1	1451473279
7	896	1	1451473305
7	896	1	1451473316
7	896	1	1451473329
7	896	1	1451473348
7	896	1	1451473366
7	896	1	1451473390
183	897	1	1443815889
183	898	1	1443815890
183	899	1	1443815890
183	900	1	1443815890
183	901	1	1443815890
183	902	1	1443815890
183	903	1	1443815891
15	904	1	1444163875
12	905	1	1447949180
165	906	1	1450286735
12	907	1	1450510338
151	908	1	1451502236
151	909	1	1451505782
151	910	1	1451505782
14	911	1	1451841240
14	911	1	1451841618
14	912	1	1451841513
14	913	1	1451841837
14	914	1	1451841928
14	915	1	1451842021
14	916	1	1451842392
14	917	1	1451842835
14	918	1	1451842844
14	919	1	1451843595
14	920	1	1451843626
14	921	1	1451843716
14	922	1	1451843725
14	923	1	1451843866
14	924	1	1451843961
14	925	1	1451843967
14	926	1	1451843973
14	927	1	1451844005
14	928	1	1451846309
14	928	1	1451848816
14	928	1	1452432671
14	929	1	1451847248
14	929	1	1451847303
14	929	1	1452434862
14	929	1	1452435028
14	930	1	1451848512
14	930	1	1451849689
14	930	1	1451852200
14	930	1	1451855169
14	930	1	1451855515
14	930	1	1452203248
14	930	1	1452206663
14	930	1	1452206786
14	930	1	1452206802
14	930	1	1452206861
14	930	1	1452207053
14	930	1	1452209353
14	930	1	1452210857
14	930	1	1452211598
14	930	1	1452211933
14	930	1	1452212027
14	930	1	1452212047
14	930	1	1452213057
14	930	1	1452213191
14	930	1	1452213673
14	930	1	1452213927
14	930	1	1452216389
14	930	1	1452216550
14	930	1	1452298968
14	930	1	1452501640
14	930	1	1452502227
14	930	1	1452519644
14	930	1	1452524036
14	930	1	1452526300
14	930	1	1452536001
14	930	1	1452536480
14	930	1	1452536969
14	930	1	1452537022
14	930	1	1452537062
14	930	1	1452537143
14	930	1	1452539417
14	930	1	1452542340
14	930	1	1452642364
14	930	1	1452715582
79	930	1	1479449943
14	931	1	1451850340
14	931	1	1452300460
14	931	1	1452301183
14	931	1	1452342331
14	931	1	1452342425
14	931	1	1452343036
14	931	1	1452343122
14	931	1	1452343233
14	931	1	1452343324
14	931	1	1452344224
14	931	1	1452502384
14	931	1	1452537397
14	932	1	1451854227
14	932	1	1452344803
14	932	1	1452344831
14	932	1	1452345587
14	932	1	1452346901
14	932	1	1452346984
14	932	1	1452347133
14	932	1	1452347235
14	932	1	1452347536
14	932	1	1452348671
14	932	1	1452348818
14	932	1	1452348904
14	932	1	1452348961
14	932	1	1452350447
14	932	1	1452350695
14	932	1	1452537566
14	932	1	1452537788
14	933	1	1451854844
14	933	1	1452351006
14	933	1	1452351038
14	933	1	1452351238
14	933	1	1452356397
14	933	1	1452356883
14	933	1	1452357341
14	933	1	1452357393
14	933	1	1452357473
14	933	1	1452358134
14	933	1	1452538447
14	934	1	1451855065
14	934	1	1452358895
15	935	1	1451859650
14	936	1	1452433191
14	936	1	1452433753
14	936	1	1452451720
14	937	1	1452434985
14	937	1	1452437075
14	937	1	1452437128
14	937	1	1452438085
14	938	1	1452435717
14	938	1	1452435789
14	938	1	1452439464
14	938	1	1452439503
14	938	1	1452439535
14	938	1	1452439570
14	938	1	1452615278
14	938	1	1452615528
14	938	1	1452615563
14	938	1	1452615590
14	938	1	1452615963
14	938	1	1452616310
14	939	1	1452436007
14	939	1	1452445447
14	939	1	1452445493
14	939	1	1452542803
14	939	1	1452617367
14	939	1	1452617675
14	940	1	1452436309
14	940	1	1452448339
14	940	1	1452448370
14	940	1	1452543776
14	940	1	1452616476
14	940	1	1452616539
14	940	1	1452616783
14	940	1	1452618479
14	941	1	1452436828
14	941	1	1452451688
14	941	1	1452619045
14	941	1	1452619488
14	942	1	1452437620
14	942	1	1452468908
14	943	1	1452437652
14	943	1	1452469344
14	944	1	1452437660
14	944	1	1452469553
12	945	1	1455271329
12	945	1	1455271359
12	945	1	1455382927
12	945	1	1455382963
12	945	1	1455382994
12	945	1	1455383703
12	945	1	1455469955
12	945	1	1455470258
12	945	1	1455525013
12	945	1	1455525449
12	945	1	1455526857
12	945	1	1455539503
12	945	1	1455541483
12	945	1	1455541678
12	945	1	1455541692
12	945	1	1455541909
12	945	1	1455702762
12	945	1	1455702778
12	945	1	1455985411
12	945	1	1455985702
12	945	1	1456041499
12	945	1	1456047521
12	945	1	1456047614
12	945	1	1456047669
12	945	1	1456048041
12	945	1	1456048308
12	945	1	1456048380
12	945	1	1456048411
12	945	1	1456049614
12	945	1	1456049699
12	945	1	1456049780
12	945	1	1456049806
12	945	1	1456050517
12	945	1	1456050534
12	945	1	1456050592
12	945	1	1456050624
12	945	1	1456050643
12	945	1	1456050816
12	945	1	1456051171
12	945	1	1456051189
12	945	1	1456129196
12	945	1	1456129213
12	945	1	1456129487
12	945	1	1456130407
12	945	1	1456130425
12	945	1	1456130445
12	945	1	1456152921
12	945	1	1456152937
12	945	1	1456152989
12	945	1	1456221255
12	945	1	1456221455
12	945	1	1456221478
12	945	1	1456233515
12	945	1	1456233545
12	945	1	1456233558
12	945	1	1456235599
12	945	1	1456235611
12	945	1	1456235626
12	945	1	1456242155
12	945	1	1456242174
12	945	1	1456242207
12	945	1	1456243020
12	945	1	1456243036
12	945	1	1456298056
12	945	1	1456298089
12	945	1	1456298183
12	945	1	1456298200
12	945	1	1456298271
12	945	1	1456299044
12	945	1	1456299108
12	945	1	1456301076
12	945	1	1456301490
12	945	1	1456301606
12	945	1	1456301661
12	945	1	1456676767
12	945	1	1456676924
12	945	1	1456678075
12	945	1	1456679008
12	945	1	1456679178
12	945	1	1457165055
12	945	1	1457165089
12	945	1	1457165748
12	945	1	1457166125
12	945	1	1457166676
12	945	1	1457166688
12	945	1	1457171841
12	945	1	1457172296
12	945	1	1457172316
12	945	1	1457172329
12	945	1	1457172875
12	945	1	1457173339
12	945	1	1457173374
12	945	1	1457173385
12	945	1	1457187533
12	945	1	1457187697
12	945	1	1457187885
12	945	1	1457187925
12	945	1	1457187971
12	945	1	1457188034
12	945	1	1457370279
12	945	1	1458405940
12	945	1	1458405958
12	945	1	1460214265
12	945	1	1460989807
12	945	1	1461425515
12	945	1	1461744618
12	945	1	1463823245
12	946	1	1457187979
12	947	1	1457188042
12	947	1	1457367357
12	947	1	1457368928
12	947	1	1457368971
12	947	1	1457370247
12	947	1	1457451989
12	947	1	1457452053
12	947	1	1457452259
12	947	1	1457453845
12	947	1	1457944024
148	948	1	1457540261
12	949	1	1458407166
12	949	1	1458407324
12	949	1	1458407339
12	949	1	1458547605
12	949	1	1458556393
12	949	1	1458556410
12	949	1	1458556436
12	949	1	1458556451
12	949	1	1458556475
12	949	1	1458812000
12	949	1	1458812015
12	949	1	1458812039
12	949	1	1458812090
12	949	1	1459067738
12	949	1	1459068546
12	949	1	1459068580
12	949	1	1459068605
12	949	1	1459069961
12	949	1	1459069984
12	949	1	1459070009
12	949	1	1459070087
12	949	1	1459786521
12	949	1	1461421553
12	949	1	1461421570
12	950	1	1460193742
12	950	1	1460279594
12	950	1	1460279676
187	951	1	1459043504
12	952	1	1460217751
12	952	1	1460217787
12	952	1	1460219476
12	952	1	1460219512
12	952	1	1460356731
12	952	1	1460357648
12	952	1	1460357825
12	952	1	1460357835
12	952	1	1461424052
12	952	1	1461506037
12	952	1	1461507613
12	952	1	1461508170
12	952	1	1461508183
12	953	1	1460646737
12	953	1	1460646820
12	954	1	1460647526
12	954	1	1460647542
12	955	1	1460992011
12	955	1	1460993225
12	955	1	1460993983
12	955	1	1460994153
12	955	1	1460994795
12	955	1	1460994819
12	955	1	1460994849
12	955	1	1461420885
12	955	1	1461421388
12	956	1	1461428049
12	956	1	1461428379
12	956	1	1465048898
12	957	1	1461747019
12	957	1	1461748075
12	957	1	1461748134
12	957	1	1461828659
12	957	1	1461828782
12	957	1	1461828993
12	957	1	1461829693
12	957	1	1462028097
12	957	1	1462029724
12	957	1	1462029793
12	957	1	1462029946
12	957	1	1462030006
12	957	1	1462030096
12	957	1	1462030169
12	957	1	1462030217
12	957	1	1462030298
12	957	1	1462031416
12	957	1	1462031428
12	957	1	1462031793
12	957	1	1462031822
12	957	1	1462031861
12	957	1	1462032066
12	957	1	1462032124
12	957	1	1462032274
12	958	1	1462117979
12	958	1	1462119672
12	959	1	1462119507
12	960	1	1462696107
12	960	1	1462696126
12	960	1	1462697562
12	960	1	1462697575
12	960	1	1463235862
12	960	1	1463236466
12	960	1	1463236578
12	960	1	1463237100
12	960	1	1463237161
12	960	1	1463237172
12	960	1	1463237191
12	960	1	1463320414
12	960	1	1463320442
12	960	1	1463320456
12	960	1	1463320642
12	960	1	1463321042
12	960	1	1463321900
12	960	1	1463321911
12	960	1	1463322564
12	960	1	1463322582
12	960	1	1463323167
12	960	1	1463411881
12	960	1	1463414008
12	960	1	1463414502
12	960	1	1463563184
12	960	1	1463901420
12	960	1	1463902728
12	960	1	1463902745
12	960	1	1463902764
12	960	1	1463902780
12	960	1	1463903118
12	960	1	1464271625
12	960	1	1464272413
12	960	1	1464272724
12	960	1	1464275067
12	960	1	1464275083
12	960	1	1464275467
12	960	1	1464275879
12	960	1	1464275899
188	961	1	1463820079
15	962	1	1464222740
15	962	1	1470823326
15	963	1	1464801512
15	963	1	1464802402
15	963	1	1464802627
15	963	1	1464802792
15	963	1	1464817967
15	963	1	1464818050
15	963	1	1468424599
15	963	1	1468425151
15	963	1	1468425200
15	963	1	1468425315
15	963	1	1468425399
15	963	1	1469574830
15	963	1	1469643190
15	963	1	1469643263
15	963	1	1469643319
15	963	1	1472600710
15	963	1	1472600719
15	963	1	1472600795
15	963	1	1473066858
15	963	1	1473066863
15	963	1	1473074795
15	963	1	1473074852
15	963	1	1473353166
15	963	1	1473353415
15	963	1	1473353429
15	963	1	1473617978
15	963	1	1473617986
12	965	1	1466752979
12	965	1	1466753128
12	965	1	1466754116
12	965	1	1466754300
12	965	1	1466754390
12	965	1	1466755077
12	965	1	1466755522
12	965	1	1472135786
12	965	1	1472135829
12	965	1	1472135866
12	965	1	1472135952
12	965	1	1472136070
12	965	1	1472136139
12	966	1	1466754227
12	967	1	1466754401
12	967	1	1466754461
12	968	1	1466754471
12	968	1	1466754500
12	969	1	1466755094
12	969	1	1472135666
15	970	1	1470820882
15	970	1	1470821065
15	971	1	1470821329
15	971	1	1470822260
15	971	1	1470822485
15	971	1	1470823011
15	971	1	1470827025
15	971	1	1470827193
15	971	1	1470827485
15	971	1	1470827592
15	971	1	1470827645
15	971	1	1470827880
15	971	1	1470829055
15	971	1	1470829590
15	971	1	1470829654
15	971	1	1470829907
15	971	1	1470830030
15	971	1	1470830116
15	972	1	1470822353
15	972	1	1470829187
15	972	1	1470830436
15	972	1	1470830923
15	972	1	1470831448
15	972	1	1470831500
15	972	1	1470831602
15	972	1	1470831658
15	972	1	1470831679
15	972	1	1470831770
15	972	1	1470831835
15	972	1	1470831971
15	972	1	1470914684
15	972	1	1484255339
15	972	1	1484255486
15	972	1	1484255610
15	972	1	1484255674
15	972	1	1484255763
15	973	1	1470822411
15	973	1	1470829346
15	973	1	1470832212
15	973	1	1470832801
15	973	1	1470833201
15	973	1	1470833577
15	974	1	1470822435
15	974	1	1470829373
15	974	1	1470902287
15	974	1	1470902976
15	974	1	1470903533
15	974	1	1470903759
15	974	1	1470903823
15	974	1	1470903915
15	974	1	1470903962
15	974	1	1470903975
15	974	1	1470903988
15	974	1	1470904638
15	974	1	1470904788
15	974	1	1470913272
15	974	1	1470913409
15	975	1	1470822884
15	976	1	1470822900
15	977	1	1470823125
15	978	1	1470823156
15	979	1	1470823199
165	980	1	1472124113
165	981	1	1472124113
12	982	1	1472135676
12	983	1	1472135793
12	984	1	1472135836
12	985	1	1472135874
12	986	1	1472135959
12	987	1	1472136076
12	987	1	1472136155
12	988	1	1472136164
12	988	1	1472136197
131	989	1	1473307108
189	990	1	1481242746
45	991	1	1486891633
46	992	1	1486892006
47	992	1	1486934501
47	992	1	1486934716
47	992	1	1486935059
46	992	1	1486984556
45	992	1	1498215403
46	993	1	1486892017
47	993	1	1486934726
47	993	1	1486935018
46	993	1	1486984566
46	993	1	1486984679
46	993	1	1487226656
45	993	1	1498215412
46	994	1	1486892027
45	994	1	1486896156
45	994	1	1486896347
45	994	1	1486923895
47	994	1	1486934736
47	994	1	1486935000
46	994	1	1486984577
79	994	1	1496337114
45	994	1	1498215421
46	995	1	1486892037
46	995	1	1486984586
45	995	1	1498215431
45	996	1	1486893356
45	996	1	1498215352
46	997	1	1486984516
45	997	1	1498215361
46	998	1	1486984526
45	998	1	1498215371
46	999	1	1486984536
45	999	1	1498215384
46	1000	1	1486984546
45	1000	1	1498215395
173	1001	1	1487198965
146	1002	1	1487247888
46	1003	1	1489559458
46	1003	1	1491633028
46	1003	1	1491719414
46	1003	1	1492411523
46	1003	1	1494139533
46	1003	1	1494571519
46	1003	1	1496472326
46	1003	1	1496904329
46	1003	1	1497249927
46	1003	1	1497595524
45	1003	1	1498212150
45	1003	1	1498214369
46	1003	1	1498286725
123	1004	1	1497568179
45	1005	1	1498211166
45	1006	1	1498211235
45	1007	1	1498214269
45	1007	1	1498214497
45	1007	1	1498214539
14	1007	1	1498215968
14	1007	1	1498215978
14	1008	1	1498215979
