1	1	1	1103615809
1	1	1	1119697195
2	1	1	1143302870
1	2	1	1103615809
1	2	1	1119697196
1	2	1	1120388008
1	2	1	1122632969
1	2	1	1131574313
2	2	1	1143302900
1	3	1	1103615809
1	3	1	1119697196
1	3	1	1122632969
1	3	1	1124492750
1	3	1	1125911609
1	3	1	1131574313
1	3	1	1133224687
1	3	1	1133297654
1	3	1	1133489375
1	3	1	1133495254
2	3	1	1146952652
2	3	1	1147282336
2	3	1	1148217129
2	3	1	1148912487
3	3	1	1327100835
4	3	1	1338748516
4	3	1	1338749379
4	3	1	1338749445
4	3	1	1338750152
4	3	1	1338751470
4	3	1	1338751771
4	3	1	1347196315
4	3	1	1347196547
4	3	1	1347196851
4	3	1	1347196959
4	3	1	1347197241
5	3	1	1491868869
5	3	1	1491868905
1	4	1	1103615809
1	4	1	1119697196
1	4	1	1124492750
2	4	1	1143302944
1	5	1	1103615809
1	5	1	1119697196
1	5	1	1140918136
2	5	1	1143302980
1	6	1	1103615809
1	6	1	1119697196
2	6	1	1143303039
1	7	1	1103615809
1	7	1	1119697196
2	7	1	1143303099
1	8	1	1103615809
1	8	1	1119697196
2	8	1	1143303119
1	9	1	1103615809
1	9	1	1119697196
2	9	1	1143303149
1	10	1	1103615809
1	10	1	1119697196
2	10	1	1143303184
1	11	1	1103615809
1	11	1	1119697196
2	11	1	1143303210
1	12	1	1103615809
1	12	1	1119697196
1	12	1	1124492751
2	12	1	1143303279
1	13	1	1103615809
1	13	1	1119697196
2	13	1	1143303305
1	14	1	1103615809
1	14	1	1119697196
2	14	1	1143303391
1	15	1	1103615809
1	15	1	1119697196
2	15	1	1143303473
1	16	1	1103615809
1	16	1	1119697196
1	16	1	1124492751
2	16	1	1143303865
1	17	1	1103615809
1	17	1	1119697197
1	17	1	1124492752
2	17	1	1140728088
2	17	1	1311962411
1	18	1	1103615809
1	18	1	1119697197
2	18	1	1143066027
1	19	1	1103615809
1	19	1	1119697197
2	19	1	1140727950
2	19	1	1162388046
2	19	1	1311962303
1	20	1	1103615809
1	20	1	1119697197
2	20	1	1140728315
2	20	1	1162388093
1	21	1	1103615809
1	21	1	1119697197
1	21	1	1140918138
2	21	1	1143370486
2	21	1	1351290088
1	22	1	1103615809
1	22	1	1119697198
2	22	1	1140728216
6	22	1	1289950054
6	22	1	1291476984
6	22	1	1295305835
3	22	1	1327100838
7	22	1	1337662973
7	22	1	1342548817
7	22	1	1349131547
7	22	1	1360200899
1	23	1	1103615809
1	23	1	1119697198
1	23	1	1140918138
2	23	1	1143065502
2	23	1	1311962367
1	24	1	1103615809
1	24	1	1119697198
1	24	1	1140918138
2	24	1	1143065693
1	25	1	1103615809
1	25	1	1119697198
2	25	1	1143304049
1	26	1	1120388008
2	26	1	1143303244
1	27	1	1120388012
1	27	1	1122632972
1	27	1	1124492754
1	27	1	1125911613
1	27	1	1131574316
1	27	1	1133224691
1	27	1	1133297660
1	27	1	1133489378
1	27	1	1133495258
2	27	1	1140727469
2	27	1	1140727831
2	27	1	1140727861
2	27	1	1143065150
2	27	1	1149095292
2	27	1	1149095337
2	27	1	1162387959
2	27	1	1162388118
2	27	1	1311962248
2	27	1	1351290025
2	28	1	1131216134
2	28	1	1140446563
8	28	1	1261390746
2	28	1	1307826871
2	28	1	1311552856
2	28	1	1313528374
2	28	1	1338503907
2	28	1	1351289147
9	29	1	1133443690
9	30	1	1133443706
1	31	1	1133495255
2	31	1	1143305160
2	32	1	1140271262
2	32	1	1143222935
2	32	1	1311795953
2	32	1	1351290992
2	33	1	1140270855
2	33	1	1143222743
10	33	1	1263126365
2	33	1	1311795971
11	33	1	1384019923
2	34	1	1140298545
2	34	1	1143054065
2	34	1	1143054491
2	34	1	1147969700
2	34	1	1149095433
2	34	1	1159736246
2	34	1	1159736983
2	34	1	1311796593
2	34	1	1311962468
2	34	1	1311971098
12	35	1	1136146886
12	35	1	1441874951
12	36	1	1136146968
12	36	1	1198844980
13	36	1	1219764540
2	38	1	1140207850
2	38	1	1140267638
2	38	1	1140274123
2	38	1	1140274210
2	38	1	1140275371
2	39	1	1140208408
2	39	1	1140208431
2	39	1	1140208454
2	39	1	1140208480
2	39	1	1140208522
2	40	1	1140267520
2	40	1	1140267545
2	41	1	1140267808
2	42	1	1140268368
2	43	1	1140268825
2	44	1	1140269186
2	45	1	1140269413
2	45	1	1140269442
2	45	1	1140788375
2	46	1	1140271838
14	46	1	1324708890
15	46	1	1327271297
2	47	1	1140272310
2	48	1	1140272574
2	49	1	1140273396
2	50	1	1140273410
2	51	1	1140274017
2	52	1	1140274597
2	53	1	1140275007
2	53	1	1140277204
2	54	1	1140275227
2	54	1	1140275241
2	55	1	1140276065
2	56	1	1140276635
2	56	1	1150542042
2	56	1	1159736507
2	56	1	1159736517
2	57	1	1140438517
2	57	1	1143222578
2	57	1	1143222819
2	57	1	1146951258
2	57	1	1147967229
2	57	1	1159737044
2	57	1	1311795932
4	57	1	1347197325
2	57	1	1351291993
2	58	1	1140446017
12	58	1	1152573823
2	58	1	1311958863
2	58	1	1311958922
2	59	1	1140446618
16	59	1	1196581257
2	60	1	1140446651
2	61	1	1140543264
2	62	1	1140543343
2	63	1	1140869888
11	63	1	1267115334
17	63	1	1267962735
18	63	1	1267963539
19	63	1	1269501907
11	63	1	1282862340
11	63	1	1283071414
20	63	1	1309682044
11	63	1	1309821253
2	63	1	1311959080
2	63	1	1311959905
2	63	1	1351289874
11	63	1	1378671553
11	63	1	1378671909
2	64	1	1143054065
2	65	1	1143054646
2	66	1	1143057342
2	66	1	1143064812
2	66	1	1143064875
2	66	1	1143066240
2	66	1	1151271505
2	66	1	1159737882
2	66	1	1311787299
2	66	1	1311797201
2	66	1	1311813926
2	66	1	1311971010
2	67	1	1143066992
2	68	1	1143132310
2	68	1	1143293475
2	68	1	1311888912
2	69	1	1143290919
2	69	1	1159737925
2	69	1	1159737958
2	70	1	1143291257
2	71	1	1143291757
2	71	1	1143292426
2	72	1	1143292395
2	72	1	1152569665
2	72	1	1314935661
21	72	1	1362234463
2	73	1	1143292953
2	73	1	1143292965
2	73	1	1143292978
2	73	1	1311383556
2	73	1	1311888295
2	73	1	1314028895
2	73	1	1314028955
2	74	1	1143293180
2	75	1	1143293687
2	76	1	1143294152
2	77	1	1143294357
2	78	1	1143305328
2	78	1	1311960170
22	78	1	1461857917
2	79	1	1143306123
2	79	1	1159738103
2	79	1	1311787243
2	79	1	1311797234
2	80	1	1143306703
2	81	1	1146951657
2	81	1	1149073827
2	81	1	1149075071
2	81	1	1150542465
2	81	1	1150555128
2	81	1	1159736378
23	81	1	1219002036
2	81	1	1311796698
2	81	1	1351292209
12	82	1	1147278590
24	82	1	1489178601
12	83	1	1147278616
2	83	1	1147279169
2	84	1	1147967122
2	84	1	1311797166
2	84	1	1311970302
2	84	1	1311970470
2	85	1	1140447008
2	85	1	1149071402
2	85	1	1149075003
2	85	1	1150542525
2	85	1	1150542630
25	85	1	1185781634
16	85	1	1189655660
10	85	1	1253634536
26	85	1	1259493704
2	85	1	1311889948
2	86	1	1149071857
2	86	1	1149071985
2	86	1	1149075034
23	86	1	1219002026
2	87	1	1149073032
2	88	1	1149095167
26	88	1	1259443974
2	88	1	1311889715
2	89	1	1149096818
27	89	1	1313513201
2	90	1	1149363673
2	91	1	1150543002
2	92	1	1150548061
2	92	1	1311890087
2	92	1	1311890114
2	93	1	1152569766
28	93	1	1161513571
28	93	1	1162015260
28	93	1	1162015817
2	94	1	1159736517
2	95	1	1159737925
10	96	1	1253634348
2	96	1	1311383488
2	96	1	1311890123
29	97	1	1174440392
16	97	1	1206679037
30	97	1	1439837452
29	98	1	1174440588
29	99	1	1174440610
31	100	1	1175045575
32	100	1	1225245633
33	101	1	1176061529
34	102	1	1183043656
32	102	1	1277172939
32	102	1	1277174634
25	103	1	1185781306
35	104	1	1187985476
35	105	1	1187985641
36	106	1	1188133869
37	107	1	1189462412
16	108	1	1189656235
16	108	1	1190828569
16	110	1	1190828620
38	111	1	1190952517
38	111	1	1190952529
37	112	1	1191402644
32	113	1	1191964853
32	113	1	1319172944
32	113	1	1329450323
32	113	1	1329450753
39	114	1	1193179378
39	114	1	1199485916
40	115	1	1193182377
41	116	1	1196579827
42	117	1	1198415030
12	118	1	1198844296
12	119	1	1198844568
43	120	1	1200865366
43	121	1	1200865371
44	122	1	1200945630
44	123	1	1200945642
39	124	1	1205439710
39	124	1	1205441849
39	124	1	1205442783
45	125	1	1206617201
44	126	1	1208531901
44	126	1	1210098520
32	126	1	1225430385
46	127	1	1209743173
47	128	1	1212301119
48	129	1	1212797173
48	130	1	1212797554
49	131	1	1212891917
49	131	1	1217311891
49	131	1	1349135758
49	131	1	1349165501
49	131	1	1350138923
50	132	1	1213744013
50	132	1	1213787430
50	132	1	1293351733
50	132	1	1372515855
50	133	1	1214147063
51	134	1	1214365954
52	135	1	1218108924
53	136	1	1218482653
54	137	1	1219864691
32	137	1	1225529710
13	137	1	1234466101
32	138	1	1225169550
55	139	1	1225308595
55	140	1	1225313256
55	141	1	1225317547
32	142	1	1225327640
32	143	1	1225352047
55	144	1	1225364367
55	144	1	1226319610
55	145	1	1225379422
55	146	1	1225379540
55	147	1	1225454290
55	147	1	1225477148
55	147	1	1225585240
55	147	1	1225599104
55	147	1	1225652099
55	147	1	1225681773
55	147	1	1225725727
55	147	1	1225774105
55	147	1	1225833518
55	147	1	1225860152
55	147	1	1225877754
55	147	1	1226009376
55	147	1	1226378381
55	147	1	1226486072
55	147	1	1226498357
55	147	1	1226939667
55	147	1	1226946960
55	147	1	1226968404
55	147	1	1227102527
55	147	1	1227876611
55	147	1	1228203311
55	147	1	1229410636
55	147	1	1230225650
55	147	1	1230238662
55	147	1	1230767405
55	147	1	1231584805
55	147	1	1232067535
55	147	1	1232470874
55	147	1	1232479275
55	147	1	1233056129
55	147	1	1233097048
55	147	1	1233122269
55	147	1	1233208626
55	147	1	1233555850
55	147	1	1234448261
55	147	1	1234762765
55	147	1	1234766016
55	147	1	1234948232
55	147	1	1235326246
55	147	1	1235494666
55	147	1	1236127620
55	147	1	1237338930
55	147	1	1238043620
55	147	1	1238716787
55	147	1	1240462254
32	148	1	1225583828
32	149	1	1225678608
32	150	1	1225770618
32	151	1	1225860156
55	152	1	1225928658
55	153	1	1225941122
55	154	1	1225957862
55	154	1	1226309423
55	155	1	1226226976
32	156	1	1226471228
56	157	1	1226491665
56	158	1	1226503392
32	159	1	1227249584
32	160	1	1227883806
57	161	1	1229786562
32	162	1	1234149434
32	163	1	1234563884
32	164	1	1235275501
32	165	1	1235279763
55	166	1	1237300119
58	167	1	1237502139
32	168	1	1237616437
59	169	1	1238746459
59	170	1	1238746469
32	171	1	1239502239
32	172	1	1239579174
32	173	1	1239582579
32	174	1	1240007658
32	175	1	1240015629
32	176	1	1240078999
32	177	1	1240088181
60	178	1	1242925650
61	179	1	1246041706
62	179	1	1378119894
63	179	1	1444956176
12	179	1	1445548452
61	180	1	1246041713
61	181	1	1246041718
64	182	1	1246609204
65	182	1	1429224176
66	183	1	1248104295
32	184	1	1251833035
32	185	1	1252735096
32	186	1	1252742288
32	187	1	1252815646
67	188	1	1257188645
68	189	1	1259441318
26	189	1	1259495852
26	189	1	1275654591
68	190	1	1259441356
26	190	1	1259494480
69	191	1	1259868161
8	192	1	1261390746
8	193	1	1261390773
70	194	1	1261796564
70	195	1	1261796584
71	196	1	1262373349
10	197	1	1263126470
32	198	1	1264237173
32	199	1	1264292018
45	200	1	1264343437
32	201	1	1264389201
32	202	1	1264467272
32	203	1	1264473260
32	204	1	1264551874
32	205	1	1264720776
32	206	1	1264732016
32	207	1	1264919043
32	208	1	1264921496
32	209	1	1264923186
32	211	1	1266706469
32	211	1	1379473293
32	212	1	1266717346
72	213	1	1268601010
73	214	1	1269912706
74	215	1	1270200209
74	215	1	1379158538
74	216	1	1270468270
74	216	1	1379158541
74	217	1	1270656400
74	217	1	1379158545
32	218	1	1271126888
75	219	1	1274813134
76	220	1	1276237972
32	221	1	1276992334
32	222	1	1277066041
32	223	1	1277158827
32	224	1	1277167779
32	225	1	1277178731
32	226	1	1277180243
32	227	1	1277247139
32	228	1	1277578847
32	228	1	1289164499
77	228	1	1308758672
77	228	1	1309106045
77	228	1	1322674295
77	228	1	1356642076
77	228	1	1356692872
32	229	1	1280795522
32	230	1	1280799603
78	232	1	1280959852
78	232	1	1281005544
78	233	1	1281096595
32	234	1	1281148962
32	235	1	1281152978
32	236	1	1281154685
32	237	1	1281158086
78	238	1	1281177726
32	238	1	1289163221
77	238	1	1308798619
77	238	1	1309109808
77	238	1	1356642059
32	239	1	1281232483
32	240	1	1281234285
78	241	1	1281258149
79	242	1	1281993104
79	243	1	1281993115
32	244	1	1283020619
32	245	1	1283392980
6	246	1	1283393455
6	246	1	1284614185
80	246	1	1408317598
6	247	1	1283408542
81	248	1	1285019882
6	249	1	1285791260
6	249	1	1285791853
6	250	1	1286348826
32	251	1	1287259510
32	252	1	1287261214
32	253	1	1289159993
32	254	1	1289172609
79	255	1	1293738579
82	256	1	1294089141
32	257	1	1296442331
32	257	1	1333237128
83	257	1	1390289154
32	258	1	1296448467
32	259	1	1296528521
32	260	1	1296616832
32	261	1	1296783611
84	262	1	1297758079
32	263	1	1298435443
32	264	1	1301869598
6	265	1	1302754751
32	266	1	1302977760
79	266	1	1331471384
32	267	1	1302982300
32	268	1	1302994164
32	269	1	1303350689
32	270	1	1305156785
32	270	1	1333910871
85	271	1	1306228935
85	271	1	1314530100
6	272	1	1306446337
6	273	1	1306518511
86	274	1	1307396454
87	274	1	1332351163
2	275	1	1307877696
2	275	1	1313077714
2	275	1	1315256279
2	275	1	1315256287
2	276	1	1307877718
88	277	1	1308096752
2	278	1	1308264246
2	278	1	1308697780
2	278	1	1313346410
2	278	1	1314648925
77	279	1	1308808738
77	279	1	1308812625
77	280	1	1308812429
89	281	1	1309305654
89	281	1	1331452673
89	281	1	1401148798
89	281	1	1423193885
90	282	1	1309513034
90	283	1	1309526381
77	284	1	1309539505
77	285	1	1309541670
32	286	1	1309569921
32	287	1	1309578687
32	288	1	1309582764
32	289	1	1309622834
32	290	1	1309631747
91	291	1	1311111401
2	292	1	1311776808
2	292	1	1311777059
2	292	1	1311889845
2	293	1	1311779690
2	293	1	1311780948
2	294	1	1311787208
2	294	1	1311795870
2	294	1	1311971225
2	295	1	1311795971
2	296	1	1311796956
2	296	1	1311889794
2	296	1	1312759375
2	297	1	1311797038
2	297	1	1314651830
2	298	1	1311797121
2	299	1	1311811899
2	299	1	1311812455
2	299	1	1311812945
2	299	1	1311888982
2	299	1	1311970558
2	300	1	1311812174
2	301	1	1311812299
2	302	1	1311812325
2	303	1	1311812354
2	304	1	1311812542
2	305	1	1311813106
2	305	1	1311813536
2	306	1	1311813696
2	307	1	1311813731
2	308	1	1311813788
2	309	1	1311813874
2	309	1	1311889525
2	309	1	1311889580
62	309	1	1333645714
2	310	1	1311813969
2	311	1	1311887654
59	311	1	1313396816
2	312	1	1311887778
2	312	1	1311889814
59	312	1	1313396856
74	312	1	1424837018
2	313	1	1311887805
59	313	1	1313396836
59	313	1	1363390968
59	313	1	1363435585
59	313	1	1363435665
59	313	1	1363438060
59	313	1	1363440979
92	313	1	1391872660
2	314	1	1311889066
2	314	1	1311889350
59	314	1	1313396668
59	314	1	1363429531
59	314	1	1363441079
2	315	1	1311889137
2	315	1	1311889880
59	315	1	1313396716
93	315	1	1313831759
59	315	1	1363391918
2	316	1	1311889268
2	316	1	1311889332
2	317	1	1311889479
2	317	1	1311889520
59	317	1	1313396696
59	317	1	1363424930
59	317	1	1363437920
2	318	1	1311889637
59	318	1	1313396796
59	318	1	1363391538
2	319	1	1311889766
59	319	1	1313396776
59	319	1	1363432143
2	320	1	1311890146
59	320	1	1313396736
59	320	1	1363425442
59	320	1	1363436416
2	321	1	1311890202
59	321	1	1313396756
59	321	1	1363425462
2	322	1	1311958953
2	323	1	1311971157
2	324	1	1312162948
2	324	1	1314652007
2	324	1	1314652571
2	325	1	1312205604
2	326	1	1313078369
2	326	1	1313346306
2	326	1	1314027825
2	326	1	1314935698
94	327	1	1313485797
95	328	1	1313792124
2	329	1	1314028731
2	329	1	1314028831
2	329	1	1314028843
2	329	1	1314029714
2	329	1	1314030059
96	329	1	1352775376
97	329	1	1410632305
2	330	1	1314028831
2	331	1	1314029790
32	332	1	1314241008
32	332	1	1422211617
98	333	1	1314250892
98	333	1	1388859285
2	334	1	1314651454
2	334	1	1314651499
2	335	1	1315256707
32	336	1	1315762925
32	337	1	1315767484
32	338	1	1315771945
99	339	1	1316290999
87	340	1	1318461306
100	341	1	1318480950
32	342	1	1318973380
6	343	1	1319840862
6	343	1	1429212175
101	344	1	1319977489
102	344	1	1497567878
103	345	1	1320400176
32	345	1	1346638938
104	346	1	1320839789
104	347	1	1320839851
105	348	1	1321040324
106	349	1	1321067879
105	350	1	1321204963
105	351	1	1321204964
105	351	1	1321205176
32	352	1	1321762561
32	353	1	1321848002
32	354	1	1321919101
32	355	1	1321922730
32	355	1	1322092582
32	356	1	1321926960
32	356	1	1322094321
77	357	1	1321986337
77	358	1	1321992193
77	359	1	1322029878
32	360	1	1322096341
32	360	1	1322096498
32	361	1	1322097755
32	362	1	1322098955
15	363	1	1322262537
32	364	1	1323015167
32	365	1	1323046081
32	366	1	1323049794
87	367	1	1325893542
87	367	1	1325964753
6	368	1	1326327307
87	369	1	1328127385
32	370	1	1329069712
79	371	1	1329727495
87	372	1	1329743238
87	373	1	1329749231
3	373	1	1329752727
77	374	1	1329830138
77	375	1	1329834461
77	375	1	1356633787
72	376	1	1330559376
79	377	1	1330621003
79	378	1	1330702578
32	379	1	1332039229
107	380	1	1332077291
2	380	1	1351289473
107	381	1	1332077323
107	382	1	1332077353
32	383	1	1333243753
32	384	1	1333419035
62	385	1	1333645811
32	386	1	1333904676
32	387	1	1333906708
87	388	1	1334110695
32	389	1	1334509521
32	390	1	1336323139
108	391	1	1338000038
108	391	1	1436902360
108	392	1	1338012226
87	393	1	1338317546
109	394	1	1338438176
109	394	1	1338441158
109	394	1	1342490806
32	395	1	1338647572
32	396	1	1338649298
32	397	1	1338655636
32	398	1	1338659618
110	399	1	1338912902
110	399	1	1338914638
110	400	1	1338912905
110	401	1	1338933361
110	401	1	1338934429
110	402	1	1338933362
111	403	1	1339256635
32	404	1	1339378348
32	405	1	1339992760
87	406	1	1340664385
32	407	1	1341259066
32	407	1	1344109884
112	408	1	1342274667
32	408	1	1344218882
32	408	1	1344226261
32	409	1	1344111552
113	410	1	1344245169
32	411	1	1344379691
114	412	1	1345765382
115	413	1	1346356292
115	414	1	1346430785
116	414	1	1347097315
116	415	1	1346442244
32	416	1	1346627139
32	417	1	1346632884
32	418	1	1346636902
117	419	1	1348937022
49	420	1	1350138959
79	421	1	1351191032
79	422	1	1351239804
79	423	1	1351244097
79	424	1	1351244107
20	425	1	1354612768
20	426	1	1354743432
32	427	1	1355087678
32	428	1	1355091481
32	429	1	1355112690
118	430	1	1355252223
119	431	1	1355725230
13	431	1	1491303505
20	432	1	1357677959
20	432	1	1358608161
120	432	1	1358898425
20	432	1	1359576954
20	432	1	1363201535
20	432	1	1366777752
20	432	1	1367292439
20	432	1	1367345836
20	432	1	1369081454
20	432	1	1370308962
20	432	1	1371961076
20	432	1	1372940275
121	432	1	1372946831
20	432	1	1374584586
122	432	1	1374596509
20	432	1	1377024889
20	432	1	1379988824
20	432	1	1380910963
20	432	1	1381262046
20	432	1	1383680577
20	432	1	1384816347
123	432	1	1421041431
124	432	1	1463336300
125	433	1	1357838454
87	434	1	1359579012
87	435	1	1359579154
87	436	1	1359903870
87	437	1	1359906871
118	438	1	1359909776
32	439	1	1360030564
126	439	1	1417132051
126	439	1	1487247224
32	440	1	1360034907
87	441	1	1360698613
32	442	1	1361149593
32	443	1	1361155244
87	444	1	1361231554
21	445	1	1362226003
21	445	1	1384689399
21	445	1	1384689459
21	446	1	1362241655
21	446	1	1362242234
21	446	1	1362242795
21	447	1	1362241800
21	448	1	1362243276
21	448	1	1362243315
21	448	1	1362243451
21	449	1	1362243540
21	449	1	1362243624
21	449	1	1384689363
21	450	1	1362243688
21	450	1	1362243726
21	450	1	1362302422
21	450	1	1362324622
21	451	1	1362302123
21	451	1	1362302144
21	452	1	1362302209
21	453	1	1362302273
21	454	1	1362302596
21	455	1	1362302710
21	456	1	1362306562
21	456	1	1362425052
13	457	1	1459033995
21	458	1	1362324875
21	459	1	1362324972
21	460	1	1362325046
21	461	1	1362325106
21	462	1	1362335442
21	463	1	1362335525
21	464	1	1362336747
21	464	1	1384689293
21	465	1	1362425970
21	466	1	1362427180
21	466	1	1384689488
127	468	1	1363643191
128	469	1	1363796234
128	470	1	1363796245
87	471	1	1364090837
32	472	1	1364142306
32	473	1	1364143917
32	474	1	1364146394
32	475	1	1364172834
32	476	1	1364174684
129	476	1	1451502358
130	477	1	1365248177
131	478	1	1366078091
87	479	1	1367172441
132	480	1	1367352501
129	480	1	1451502329
133	481	1	1369322853
133	481	1	1376234412
32	481	1	1381706487
133	481	1	1384697482
133	481	1	1408419265
32	482	1	1370215696
133	483	1	1370606886
133	483	1	1376311634
133	483	1	1376311670
133	483	1	1382846590
133	483	1	1382860444
32	484	1	1372733535
32	485	1	1372820644
134	486	1	1373868164
32	486	1	1381682305
135	487	1	1374244618
133	488	1	1376237426
133	488	1	1382877646
133	488	1	1382931576
136	489	1	1376327965
137	490	1	1376680784
137	491	1	1377990464
74	492	1	1379159613
74	493	1	1379159614
32	494	1	1379280981
32	495	1	1379302417
129	495	1	1451505933
32	496	1	1379463696
32	497	1	1379467416
32	498	1	1379560707
32	499	1	1379562407
32	500	1	1379563753
32	501	1	1379897157
32	502	1	1379898953
32	503	1	1380159576
32	504	1	1380163808
32	505	1	1380395881
32	506	1	1380397259
32	507	1	1380400899
138	507	1	1385795362
138	507	1	1388051296
138	507	1	1391246544
32	507	1	1408626414
139	507	1	1411917907
140	507	1	1411919443
32	507	1	1413772349
32	507	1	1438465486
32	508	1	1380407466
138	508	1	1385473206
138	508	1	1386741947
138	508	1	1391654255
138	508	1	1393934351
141	508	1	1396526087
139	508	1	1411917908
140	508	1	1411919444
32	508	1	1414897872
142	509	1	1380486826
32	510	1	1381683777
32	511	1	1381723247
143	511	1	1450290222
144	513	1	1382941073
145	514	1	1383340007
21	515	1	1384689293
21	516	1	1384689399
146	517	1	1384698359
147	518	1	1384748008
148	518	1	1384785222
149	519	1	1385383436
150	520	1	1387293151
32	521	1	1390174819
151	521	1	1487198249
32	522	1	1390254098
32	523	1	1390265232
152	524	1	1390299561
153	525	1	1392387901
153	526	1	1392393387
32	527	1	1393563682
32	528	1	1393570966
148	529	1	1394756613
154	530	1	1395183821
154	530	1	1395426045
141	530	1	1396526086
154	530	1	1396576761
155	531	1	1396562491
156	532	1	1396596539
157	533	1	1396956677
158	534	1	1400531918
159	535	1	1402932700
158	536	1	1406328665
158	536	1	1494755375
80	537	1	1408317598
32	539	1	1409106257
32	540	1	1410622456
160	540	1	1447384116
32	541	1	1410709531
32	542	1	1411003481
160	542	1	1447384208
139	543	1	1411917908
110	543	1	1415695397
32	543	1	1420952091
139	544	1	1411917908
110	544	1	1415695402
32	544	1	1420958821
140	545	1	1411919443
140	546	1	1411919444
161	547	1	1413409611
161	547	1	1447343517
161	547	1	1447743576
32	548	1	1416713991
143	548	1	1472036074
143	548	1	1472121961
32	549	1	1416721115
143	549	1	1472036074
143	549	1	1472121961
162	550	1	1416984012
126	551	1	1417132050
126	552	1	1417132051
32	553	1	1417321073
32	554	1	1421017375
32	555	1	1421111508
32	556	1	1421115499
32	557	1	1421119558
32	557	1	1423374834
111	557	1	1424432055
123	558	1	1421214074
143	559	1	1422983138
143	559	1	1422986676
143	560	1	1422983139
143	560	1	1422986676
143	561	1	1422986676
143	562	1	1422986676
32	563	1	1423370501
32	564	1	1423377206
111	564	1	1424432055
32	565	1	1423708184
32	566	1	1423940272
32	567	1	1424392577
143	567	1	1438202210
111	568	1	1424432055
111	569	1	1424432055
32	570	1	1424582738
143	570	1	1438202207
32	571	1	1424584861
110	571	1	1438407279
158	572	1	1426631431
65	572	1	1429224175
158	572	1	1429245536
158	573	1	1426631431
65	573	1	1429224175
158	573	1	1429245536
158	574	1	1426631431
65	574	1	1429224175
158	574	1	1429245536
158	575	1	1426631431
65	575	1	1429224176
158	575	1	1429245536
158	576	1	1426631431
158	577	1	1426631431
65	577	1	1429224176
158	577	1	1429245536
158	578	1	1426631431
65	578	1	1429224176
158	578	1	1429245536
158	579	1	1426631432
65	579	1	1429224176
158	579	1	1429245536
158	580	1	1426631432
65	580	1	1429224176
158	580	1	1429245536
158	581	1	1426631436
65	581	1	1429224176
158	581	1	1429245536
158	582	1	1426631436
65	582	1	1429224176
158	582	1	1429245536
32	583	1	1426641761
163	584	1	1427705551
6	585	1	1429212176
143	586	1	1438202207
143	587	1	1438202210
164	588	1	1438644666
165	589	1	1441823295
166	590	1	1441830149
63	591	1	1442130444
63	591	1	1442131635
63	591	1	1442344559
164	592	1	1443815780
164	593	1	1443815780
164	594	1	1443815780
164	595	1	1443815780
164	596	1	1443815780
164	597	1	1443815781
164	598	1	1443815781
143	599	1	1450286618
143	600	1	1450290222
129	601	1	1451502329
129	602	1	1451502358
129	603	1	1451505933
167	604	1	1459042992
129	605	1	1462383708
168	606	1	1463819608
143	607	1	1472121961
143	608	1	1472121961
169	609	1	1481242395
151	610	1	1487198249
126	611	1	1487247224
102	612	1	1497567879
