1	2	1	1133064293
1	2	1	1133128152
1	2	1	1133454658
1	2	1	1133941212
1	2	1	1133941789
1	2	1	1133941878
1	2	1	1133942319
1	2	1	1133943148
1	2	1	1135167308
1	2	1	1135167330
1	2	1	1136322555
1	2	1	1136322586
1	2	1	1136332048
1	2	1	1136367323
1	2	1	1136369847
1	3	1	1131899743
1	3	1	1131899764
1	3	1	1131900229
2	3	1	1134726916
3	3	1	1137400043
1	3	1	1137489686
4	3	1	1156676886
4	3	1	1156677427
5	3	1	1172952786
6	3	1	1172996265
7	3	1	1174570847
7	3	1	1174572621
8	3	1	1175936984
4	3	1	1182601075
9	3	1	1234854606
9	3	1	1234855289
9	3	1	1235114370
10	3	1	1237021081
10	3	1	1237021216
10	3	1	1237021388
11	3	1	1237023646
12	3	1	1242717665
13	3	1	1243515475
13	3	1	1243932524
9	3	1	1243944375
9	3	1	1243944394
14	3	1	1297799995
15	3	1	1495133277
1	4	1	1132150842
1	4	1	1132151067
7	4	1	1174568795
1	5	1	1132151146
1	6	1	1132151310
1	6	1	1133165412
1	7	1	1133064427
1	7	1	1133064458
1	7	1	1133064516
1	7	1	1133941117
1	8	1	1133128450
1	8	1	1133941179
1	9	1	1133454774
1	9	1	1133478835
1	9	1	1133941169
16	9	1	1189870862
1	10	1	1133454838
1	10	1	1133941161
1	11	1	1133454919
1	11	1	1133941150
1	12	1	1133943970
1	13	1	1133943970
1	14	1	1133943974
1	15	1	1133943975
1	16	1	1133943979
1	17	1	1133943979
1	18	1	1133943982
1	19	1	1133944454
1	20	1	1133944458
1	21	1	1133944461
1	22	1	1133944468
15	22	1	1498038676
15	22	1	1498490415
1	23	1	1133944470
1	24	1	1133944481
1	25	1	1133944489
1	26	1	1133944495
1	27	1	1133946143
1	28	1	1133946146
1	29	1	1133946150
1	30	1	1133946154
1	31	1	1133946158
1	32	1	1133949543
1	33	1	1133949546
1	34	1	1133949551
1	35	1	1133949555
1	36	1	1133949557
17	36	1	1426058328
1	37	1	1133949561
4	37	1	1196964609
1	38	1	1133949563
1	39	1	1133949569
1	40	1	1133949575
1	41	1	1133949585
1	42	1	1133949590
1	43	1	1133949594
1	44	1	1133949596
4	45	1	1133986085
1	46	1	1135167368
1	46	1	1135167438
1	46	1	1136366149
1	46	1	1136368882
18	46	1	1136604370
18	46	1	1136736570
18	46	1	1136857802
18	46	1	1136929321
18	46	1	1136929522
18	46	1	1136929696
19	46	1	1137152603
19	46	1	1137153704
19	46	1	1137153960
19	46	1	1137154396
19	46	1	1137154598
1	46	1	1137228980
1	47	1	1136322640
1	47	1	1136322852
1	47	1	1136323713
1	47	1	1136366037
1	47	1	1136366213
1	47	1	1136368918
1	48	1	1136332129
1	48	1	1136366135
1	48	1	1136368900
1	49	1	1136367349
1	50	1	1136367371
1	51	1	1136367390
1	52	1	1136367409
1	53	1	1136367419
1	54	1	1136367438
1	55	1	1136367453
1	56	1	1136367468
18	56	1	1137025392
1	57	1	1136367491
1	58	1	1136367506
1	59	1	1136369907
1	59	1	1138079192
1	59	1	1138079242
1	59	1	1138079295
1	60	1	1136369938
1	61	1	1136369946
1	62	1	1136369984
1	63	1	1136370006
20	63	1	1137359536
20	63	1	1137359635
20	63	1	1137359718
20	63	1	1137359864
1	64	1	1136370028
1	65	1	1136370045
1	66	1	1137167990
1	66	1	1137168088
1	66	1	1137168536
1	66	1	1137225064
1	66	1	1137226467
1	66	1	1137226581
1	66	1	1137227207
1	66	1	1137227278
18	66	1	1137247350
18	66	1	1137248038
18	66	1	1137248127
18	66	1	1137248176
18	66	1	1137248347
2	66	1	1137280344
2	66	1	1137280521
2	66	1	1137280540
18	66	1	1137289666
1	66	1	1137395494
18	66	1	1137427347
18	66	1	1137427885
2	66	1	1137435461
1	66	1	1137489618
1	66	1	1137490815
2	67	1	1137280344
2	68	1	1137284346
1	68	1	1137489496
1	68	1	1137489639
3	69	1	1137401839
3	70	1	1137401839
3	71	1	1137401844
3	72	1	1137401845
1	74	1	1138079295
4	78	1	1156676743
4	78	1	1156677015
4	78	1	1156677322
4	78	1	1182600561
21	79	1	1171347573
21	80	1	1171347798
5	81	1	1172953030
6	82	1	1172996427
6	82	1	1172997463
6	82	1	1172998146
22	82	1	1173036337
23	82	1	1174592228
23	82	1	1174599927
23	82	1	1174609131
23	82	1	1174610329
23	82	1	1174610467
6	83	1	1172996587
24	83	1	1429224164
7	84	1	1174568730
7	85	1	1174570903
7	85	1	1174570947
7	86	1	1174572833
1	87	1	1174603275
23	88	1	1174610535
8	89	1	1175937072
25	89	1	1175937521
8	89	1	1175937734
8	89	1	1175937911
26	89	1	1175937949
4	90	1	1182601529
4	90	1	1182608020
4	90	1	1182608339
4	90	1	1182609686
4	90	1	1182609943
4	91	1	1182608383
4	92	1	1182609175
4	93	1	1182609625
4	93	1	1201474511
4	94	1	1182609686
27	95	1	1183043653
28	95	1	1277172937
28	95	1	1277174632
29	96	1	1187985473
29	97	1	1187985646
30	98	1	1269501466
31	98	1	1309682034
31	98	1	1319675872
31	98	1	1324472003
31	98	1	1326585779
31	98	1	1329058500
31	98	1	1338598223
31	98	1	1338919814
31	98	1	1340945181
31	98	1	1342727887
31	98	1	1346896315
31	98	1	1347282759
31	98	1	1350355672
31	98	1	1350492768
31	98	1	1357677951
31	98	1	1358608152
32	98	1	1358898422
31	98	1	1359576944
31	98	1	1363201523
31	98	1	1366777737
31	98	1	1367292427
31	98	1	1367345824
31	98	1	1369081441
31	98	1	1370308950
31	98	1	1371961064
31	98	1	1372940263
33	98	1	1372946803
31	98	1	1374584574
34	98	1	1374596505
31	98	1	1377024876
31	98	1	1379988809
31	98	1	1380910948
31	98	1	1381262030
31	98	1	1383680561
31	98	1	1384816337
35	98	1	1389854815
35	98	1	1392813025
35	98	1	1393020028
35	98	1	1393616666
35	98	1	1394747772
35	98	1	1396307079
35	98	1	1400531918
35	98	1	1400880585
35	98	1	1403214881
35	98	1	1408642520
35	98	1	1408659315
35	98	1	1409676738
35	98	1	1414346650
35	98	1	1415986496
35	98	1	1416593531
35	98	1	1416594937
35	98	1	1419620389
35	98	1	1423161024
35	98	1	1423251670
35	98	1	1424851099
35	98	1	1425249170
35	98	1	1425499301
35	98	1	1426276004
35	98	1	1428682324
35	98	1	1428695361
35	98	1	1429592829
35	98	1	1430711310
35	98	1	1431883696
35	98	1	1431887511
35	98	1	1433533552
35	98	1	1433546570
35	98	1	1434192258
35	98	1	1434196809
35	98	1	1434751237
35	98	1	1434755490
35	98	1	1437714473
35	98	1	1437719567
35	98	1	1438386175
35	98	1	1438395181
35	98	1	1439591305
35	98	1	1439597131
36	98	1	1439892533
35	98	1	1439939332
37	98	1	1439944233
35	98	1	1441217560
35	98	1	1441221255
35	98	1	1441399974
35	98	1	1441403742
35	98	1	1441815126
35	98	1	1442936893
35	98	1	1442955673
35	98	1	1443459379
35	98	1	1443463499
35	98	1	1446229090
35	98	1	1447106259
35	98	1	1447152526
35	98	1	1447796579
35	98	1	1448488152
35	98	1	1448980695
35	98	1	1450472289
35	98	1	1450475889
35	98	1	1451001969
35	98	1	1451958549
35	98	1	1453143967
35	98	1	1456521712
35	98	1	1459439242
35	98	1	1460927309
35	98	1	1466751880
35	98	1	1467566414
35	98	1	1467732315
35	98	1	1470765755
35	98	1	1473692212
35	98	1	1475266262
35	98	1	1475717711
35	98	1	1476553784
35	98	1	1479081565
35	98	1	1479082287
35	98	1	1481743914
35	98	1	1487190643
35	98	1	1489088623
35	98	1	1489813780
35	98	1	1491536192
35	98	1	1491932063
35	98	1	1493838866
35	98	1	1494253737
35	98	1	1494612393
35	98	1	1494945558
35	98	1	1494968915
35	98	1	1495573526
38	98	1	1496339747
39	99	1	1190973357
39	100	1	1190973418
40	100	1	1206679039
41	100	1	1439837367
39	101	1	1190973446
39	102	1	1191402513
42	103	1	1191809672
42	104	1	1191809682
42	104	1	1191809691
28	105	1	1191964880
28	105	1	1319172942
28	105	1	1329450321
28	105	1	1329450751
43	106	1	1193179338
43	106	1	1199485868
4	107	1	1195923246
4	107	1	1195923315
4	107	1	1195923411
4	108	1	1195923780
44	109	1	1196579823
4	110	1	1196964534
4	111	1	1196964653
45	112	1	1198415025
46	113	1	1200860317
46	114	1	1200860324
47	115	1	1200945595
47	116	1	1200945603
4	117	1	1201474258
4	117	1	1201474418
4	118	1	1201474333
48	118	1	1243928828
48	118	1	1243929230
48	118	1	1243929642
4	119	1	1201474759
24	119	1	1429224160
4	120	1	1201476330
40	121	1	1206333884
40	122	1	1206333890
49	123	1	1206617070
47	124	1	1208531758
47	124	1	1210098514
28	124	1	1225430378
50	125	1	1212301190
50	125	1	1212301218
51	126	1	1212796819
51	127	1	1212796898
52	128	1	1212891749
52	128	1	1217311660
52	128	1	1349135743
52	128	1	1349165486
52	128	1	1350138474
53	129	1	1213744035
53	129	1	1213788154
53	129	1	1293351463
53	129	1	1372515946
53	130	1	1214147050
54	132	1	1218482605
28	135	1	1225169541
28	136	1	1225245538
55	137	1	1225308388
55	138	1	1225313162
55	139	1	1225317406
28	140	1	1225327606
28	141	1	1225352042
55	142	1	1225364257
55	142	1	1226319584
55	143	1	1225379236
55	144	1	1225379323
55	145	1	1225454211
55	145	1	1225477096
55	145	1	1225585197
55	145	1	1225599077
55	145	1	1225652049
55	145	1	1225681741
55	145	1	1225725635
55	145	1	1225774074
55	145	1	1225833468
55	145	1	1225860120
55	145	1	1225877694
55	145	1	1226009337
55	145	1	1226378307
55	145	1	1226486025
55	145	1	1226498317
55	145	1	1226939652
55	145	1	1226946945
55	145	1	1226968391
55	145	1	1227102499
55	145	1	1227876577
55	145	1	1228203290
55	145	1	1229410591
55	145	1	1230225583
55	145	1	1230238621
55	145	1	1230767377
55	145	1	1231584750
55	145	1	1232067493
55	145	1	1232470791
55	145	1	1232479235
55	145	1	1233056082
55	145	1	1233097010
55	145	1	1233122229
55	145	1	1233208586
55	145	1	1233555824
55	145	1	1234448199
55	145	1	1234762751
55	145	1	1234766003
55	145	1	1234948169
55	145	1	1235326187
55	145	1	1235494627
55	145	1	1236127596
55	145	1	1237338903
55	145	1	1238043559
55	145	1	1238716748
55	145	1	1240462224
28	146	1	1225529706
28	147	1	1225583821
28	148	1	1225678603
28	149	1	1225770610
28	150	1	1225860151
55	151	1	1225928601
55	152	1	1225941093
55	152	1	1225942590
55	153	1	1225957834
55	153	1	1226309399
55	154	1	1226226943
28	155	1	1226471222
56	156	1	1226491643
56	157	1	1226503361
28	158	1	1227249580
28	159	1	1227883800
57	160	1	1229786396
58	161	1	1231041488
38	161	1	1309355080
28	162	1	1234149431
28	163	1	1234563876
9	164	1	1234857590
59	164	1	1234862708
60	164	1	1235035988
60	164	1	1235036902
61	164	1	1235037015
62	164	1	1235732393
62	164	1	1235732532
63	164	1	1237274417
9	164	1	1238752277
64	164	1	1242712704
59	164	1	1242809834
59	164	1	1242809900
59	164	1	1242810815
64	164	1	1242887127
65	164	1	1242900950
65	164	1	1242901235
66	164	1	1271404207
67	164	1	1274471301
66	164	1	1274699771
66	164	1	1274700701
66	164	1	1274701258
66	164	1	1274701275
68	164	1	1275047336
69	165	1	1234871459
70	165	1	1242822444
70	165	1	1242822796
70	165	1	1242826736
71	165	1	1297815748
72	166	1	1234871670
73	166	1	1236080762
60	167	1	1235038191
60	167	1	1236245148
60	167	1	1237456304
60	167	1	1237456520
60	167	1	1242812294
74	168	1	1235038388
65	169	1	1235038424
65	169	1	1236245721
65	169	1	1237453804
65	169	1	1237455620
65	169	1	1237457025
65	169	1	1237457633
65	169	1	1242900030
9	170	1	1235114568
9	170	1	1235115267
9	170	1	1235115578
9	170	1	1235116577
9	170	1	1235116960
9	170	1	1235117330
64	170	1	1236243547
9	170	1	1236324526
75	170	1	1237025379
9	171	1	1235115319
9	171	1	1235116617
9	171	1	1236328364
9	172	1	1235115636
76	172	1	1235118549
77	172	1	1236325682
77	172	1	1236327452
71	172	1	1236370428
78	172	1	1237025345
9	173	1	1235116617
9	174	1	1235117025
79	174	1	1236370054
80	174	1	1242811286
80	174	1	1243934153
80	174	1	1243946340
80	174	1	1243952852
80	174	1	1245227119
80	174	1	1249029868
80	174	1	1269588794
80	174	1	1269589412
80	174	1	1269589443
81	174	1	1270241415
9	175	1	1235117154
9	175	1	1235117322
9	176	1	1235117322
9	177	1	1235117480
82	177	1	1235118517
79	177	1	1236369919
71	177	1	1236370349
28	178	1	1235275497
28	179	1	1235279759
62	180	1	1235737181
59	180	1	1242809870
83	181	1	1235737606
83	181	1	1238155146
83	181	1	1238155399
59	181	1	1242817506
59	182	1	1236066644
63	182	1	1236069305
63	183	1	1236068045
63	183	1	1236068276
84	184	1	1236080877
84	184	1	1236080902
84	184	1	1236080923
84	184	1	1236080945
84	184	1	1236081002
84	184	1	1237286293
84	184	1	1242156575
84	184	1	1242156804
84	184	1	1242833842
84	184	1	1242891546
84	184	1	1242891699
84	184	1	1242891761
84	184	1	1242893235
85	185	1	1236081976
85	185	1	1242899619
64	186	1	1236245651
71	187	1	1236457136
71	187	1	1242091939
71	188	1	1236457144
71	188	1	1256247971
10	189	1	1237021262
86	189	1	1267255222
10	190	1	1237021591
10	191	1	1237022657
11	192	1	1237023935
55	193	1	1237300074
24	194	1	1429224164
28	195	1	1237616432
83	196	1	1238155399
70	197	1	1238156233
87	198	1	1238746432
87	199	1	1238746442
28	200	1	1239502234
28	201	1	1239579170
28	202	1	1239582575
28	203	1	1240007652
28	204	1	1240015625
28	205	1	1240078995
28	206	1	1240088177
11	207	1	1240648110
11	207	1	1240648142
11	207	1	1240648157
11	207	1	1240649654
66	207	1	1242640296
11	207	1	1243329491
11	207	1	1243329585
11	207	1	1243329672
88	207	1	1243345409
88	207	1	1243350702
88	207	1	1243426918
88	207	1	1243427082
88	207	1	1243427110
88	207	1	1243432779
67	207	1	1243855261
9	207	1	1252480235
89	207	1	1256709841
11	207	1	1261981852
11	207	1	1261982760
90	207	1	1274637070
90	207	1	1274683329
90	207	1	1277533184
11	208	1	1240648142
11	209	1	1240648201
11	209	1	1240649513
11	209	1	1240651760
11	209	1	1240651981
11	209	1	1240652060
77	209	1	1242381224
77	209	1	1242381394
11	210	1	1240649513
91	210	1	1323209333
11	211	1	1240652060
59	212	1	1242804629
59	212	1	1242807423
59	212	1	1242809042
92	213	1	1242806202
92	213	1	1242806938
92	213	1	1242809256
92	213	1	1242813702
84	214	1	1242807719
84	214	1	1242808014
93	214	1	1274765345
93	214	1	1274765373
93	214	1	1274765430
93	214	1	1274765482
93	214	1	1274775163
93	214	1	1274775635
93	214	1	1274775961
93	214	1	1274776063
93	214	1	1274776082
93	214	1	1274776117
93	214	1	1274776256
93	214	1	1274776310
93	214	1	1274776438
84	215	1	1242807936
94	215	1	1271263940
94	215	1	1271265490
94	215	1	1271404338
94	215	1	1271404529
94	215	1	1271917193
84	216	1	1242808371
84	216	1	1242811286
84	216	1	1242811337
84	216	1	1242811383
84	216	1	1242833654
84	216	1	1242841945
84	216	1	1242891438
84	216	1	1242891722
59	217	1	1242809870
60	218	1	1242814259
59	219	1	1242815392
59	220	1	1242817237
92	221	1	1242818612
60	222	1	1242819449
92	223	1	1242820752
92	224	1	1242820905
84	225	1	1242840305
84	225	1	1242840337
84	225	1	1242840433
84	225	1	1242842038
84	225	1	1242842125
84	225	1	1242891986
84	225	1	1242892033
84	225	1	1242892143
84	225	1	1242892183
84	225	1	1242892417
84	225	1	1242892759
84	225	1	1242893042
95	226	1	1242895914
95	226	1	1242896185
95	226	1	1242896247
96	227	1	1242896308
96	227	1	1242896708
97	228	1	1242896891
97	228	1	1242897005
97	228	1	1242897316
96	229	1	1242897708
95	230	1	1242898202
95	230	1	1242898252
95	230	1	1242899294
81	230	1	1297769389
81	230	1	1297769679
81	230	1	1297769780
96	231	1	1242898338
98	232	1	1242898427
98	232	1	1242898635
95	233	1	1242899211
98	234	1	1242899248
98	235	1	1242899664
85	236	1	1242900249
98	237	1	1242900347
85	238	1	1242900525
98	239	1	1242902028
98	240	1	1242902601
98	240	1	1242902728
97	241	1	1242903483
97	242	1	1242903998
99	243	1	1242925648
100	244	1	1242972964
101	246	1	1243240976
101	246	1	1243242103
101	246	1	1243242144
101	246	1	1243242164
101	246	1	1243242246
101	246	1	1243242341
101	247	1	1243242729
101	247	1	1243243883
101	247	1	1243243911
101	247	1	1243243939
101	247	1	1243244739
101	247	1	1243245130
101	247	1	1243245429
102	248	1	1243360750
66	250	1	1274700602
94	251	1	1271762924
101	252	1	1243505075
13	253	1	1243508996
13	253	1	1243514876
13	253	1	1243515042
13	253	1	1243515928
64	253	1	1243574220
64	253	1	1243574277
101	254	1	1243511850
101	254	1	1243511944
101	254	1	1243512060
101	254	1	1243512117
101	254	1	1243512192
101	254	1	1243512216
101	254	1	1243512263
66	254	1	1274700712
9	255	1	1243579531
9	255	1	1243581458
103	255	1	1243672345
103	255	1	1243672772
104	255	1	1244697395
9	256	1	1243579611
103	257	1	1243671672
103	257	1	1243675882
103	257	1	1243675977
13	257	1	1243929876
13	257	1	1243930451
13	257	1	1243931432
13	257	1	1243933242
9	257	1	1252480061
77	257	1	1277892661
9	258	1	1243684894
9	258	1	1243685036
9	258	1	1243685514
9	258	1	1243685578
9	258	1	1243686039
9	258	1	1243686217
9	258	1	1243687017
9	258	1	1243687498
9	258	1	1243687538
48	259	1	1243928933
48	260	1	1243929891
48	260	1	1243930814
48	261	1	1243929939
48	262	1	1243930032
48	262	1	1243930042
48	263	1	1243930090
48	264	1	1243930156
48	265	1	1243930192
13	266	1	1243932365
9	266	1	1246288046
9	266	1	1252479912
9	266	1	1259310126
13	267	1	1243932967
13	267	1	1245228579
105	267	1	1469023476
9	268	1	1243944422
9	268	1	1243944797
9	268	1	1243944999
9	268	1	1243945037
104	268	1	1244696267
104	268	1	1244697028
104	268	1	1244697187
104	268	1	1244697415
106	269	1	1246041676
107	269	1	1444956193
108	269	1	1445548438
106	270	1	1246041686
106	271	1	1246041694
109	272	1	1248104334
28	273	1	1251833028
9	274	1	1252480589
9	274	1	1255073017
9	274	1	1255073039
9	274	1	1255073344
94	274	1	1338449007
110	274	1	1387718261
110	274	1	1387718310
28	275	1	1252735091
28	276	1	1252742283
28	277	1	1252815641
9	278	1	1253602465
9	279	1	1255073017
9	280	1	1255409333
9	281	1	1255409389
80	281	1	1261475910
80	281	1	1261480846
80	281	1	1261480886
80	281	1	1261481423
80	281	1	1261481572
89	282	1	1256709877
89	283	1	1256709925
89	283	1	1256710157
111	283	1	1277389324
89	284	1	1256710012
89	285	1	1256710026
111	285	1	1277389961
112	286	1	1257188694
9	287	1	1259310578
113	288	1	1259868238
114	289	1	1260175640
77	290	1	1261737756
77	290	1	1261737872
77	290	1	1261737995
77	290	1	1261738080
77	290	1	1261738160
77	290	1	1261738238
77	290	1	1261738457
77	290	1	1261738700
77	290	1	1261738954
77	290	1	1261739038
77	290	1	1261739101
77	290	1	1261739198
77	290	1	1261739236
77	290	1	1261739439
77	290	1	1261740442
77	290	1	1261740644
77	290	1	1261741357
77	290	1	1261742305
77	290	1	1261742349
77	290	1	1261742500
77	290	1	1261742701
77	290	1	1261743532
77	290	1	1261743605
77	290	1	1261743698
77	290	1	1261744956
77	290	1	1261745373
77	290	1	1261745674
77	290	1	1261745872
77	290	1	1261745956
77	290	1	1261746156
77	290	1	1261816756
77	290	1	1261818889
77	290	1	1261819974
11	290	1	1261985754
77	291	1	1261745831
77	292	1	1261820920
67	293	1	1261825741
67	293	1	1261825872
67	293	1	1261825954
67	293	1	1261826779
67	293	1	1261826879
67	293	1	1261826995
67	293	1	1261827192
67	293	1	1261827440
67	293	1	1261827470
67	293	1	1261938816
67	293	1	1261983514
67	293	1	1261984843
77	294	1	1261826104
77	295	1	1261826505
77	295	1	1261826523
77	296	1	1261826553
71	297	1	1261938099
11	300	1	1261985654
68	301	1	1262110540
28	302	1	1264237172
28	303	1	1264292016
49	304	1	1264343409
28	305	1	1264389199
28	306	1	1264467270
28	307	1	1264473259
28	308	1	1264551872
28	309	1	1264720775
28	310	1	1264732014
28	311	1	1264919042
28	312	1	1264921495
28	313	1	1264923184
28	314	1	1266706467
28	314	1	1379473291
28	315	1	1266717344
86	316	1	1267258523
86	317	1	1267258545
115	318	1	1268601006
116	319	1	1269811587
117	320	1	1270200205
117	320	1	1379158570
81	321	1	1270241566
81	321	1	1270241596
81	321	1	1270242408
81	321	1	1270242438
81	322	1	1270241693
81	323	1	1270241762
81	324	1	1270241830
81	325	1	1270241888
81	326	1	1270241962
81	327	1	1270242081
81	328	1	1270242148
81	329	1	1270242237
81	330	1	1270242315
81	331	1	1270242542
117	332	1	1270468267
117	332	1	1379158574
117	333	1	1270656593
117	333	1	1379158578
90	334	1	1270920912
90	334	1	1270923556
90	334	1	1277533135
28	335	1	1271126886
94	336	1	1271262773
118	337	1	1272452797
118	337	1	1272453011
67	339	1	1274592023
67	339	1	1274592114
67	339	1	1274592131
67	339	1	1274592675
67	339	1	1274641223
119	339	1	1274697041
66	340	1	1274700602
66	341	1	1274700712
66	342	1	1274701077
120	343	1	1274793931
68	344	1	1275049347
121	345	1	1276238333
111	346	1	1276866562
111	346	1	1276866602
28	347	1	1276992333
28	348	1	1277066039
28	349	1	1277158825
28	350	1	1277167777
28	351	1	1277178730
28	352	1	1277180241
28	353	1	1277247137
90	354	1	1277533135
28	355	1	1277578845
28	355	1	1289164497
122	355	1	1308758645
122	355	1	1309106038
122	355	1	1322674276
122	355	1	1356642058
122	355	1	1356692854
77	356	1	1277893366
77	356	1	1277894828
28	357	1	1280795519
28	358	1	1280799601
123	359	1	1280959851
123	359	1	1281005541
123	360	1	1281096593
28	361	1	1281148960
28	362	1	1281152976
28	363	1	1281154683
28	364	1	1281158084
123	365	1	1281177723
28	365	1	1289163218
122	365	1	1308798611
122	365	1	1309109801
122	365	1	1356642041
28	366	1	1281232481
28	367	1	1281234283
123	368	1	1281258148
124	369	1	1281995065
124	370	1	1281995076
28	371	1	1283020617
28	372	1	1283392978
125	373	1	1283393454
125	373	1	1284614173
126	373	1	1408317628
125	374	1	1283408538
127	380	1	1285019968
125	383	1	1285791254
125	383	1	1285791841
125	384	1	1286348820
28	386	1	1289159990
28	387	1	1289172605
125	388	1	1289953761
125	388	1	1291476978
125	388	1	1295305829
128	388	1	1327100357
129	388	1	1337663216
129	388	1	1342549201
129	388	1	1349131751
129	388	1	1360201077
124	389	1	1293739217
130	390	1	1294089150
28	391	1	1296442329
28	391	1	1333237124
131	391	1	1390289141
28	392	1	1296448465
28	393	1	1296528518
28	394	1	1296616830
28	395	1	1296783609
81	396	1	1297757617
81	397	1	1297758345
81	397	1	1297758360
81	398	1	1297758581
81	399	1	1297758769
81	400	1	1297759514
14	401	1	1297799995
28	402	1	1298435442
132	403	1	1299508829
132	403	1	1388859283
28	404	1	1301869597
125	406	1	1302754745
28	407	1	1302977758
124	407	1	1331471345
28	408	1	1302982298
28	409	1	1302994162
28	410	1	1303350687
133	411	1	1303364708
28	411	1	1318377957
28	412	1	1305156783
28	412	1	1333910869
134	413	1	1306228942
134	413	1	1314529740
125	414	1	1306446331
125	415	1	1306518506
135	416	1	1307396444
136	416	1	1332351139
122	418	1	1308808732
122	418	1	1308812620
122	419	1	1308812414
137	420	1	1309301546
137	420	1	1331452660
137	420	1	1401148797
137	420	1	1423193883
138	421	1	1309513033
138	422	1	1309526373
122	423	1	1309539500
122	424	1	1309541664
28	425	1	1309569918
28	426	1	1309578686
28	427	1	1309582763
28	428	1	1309622832
28	429	1	1309631745
139	430	1	1311111394
140	431	1	1313792932
28	432	1	1314241006
28	432	1	1422211614
28	433	1	1315762923
28	434	1	1315767483
28	435	1	1315771943
141	436	1	1316290976
136	437	1	1318460816
28	438	1	1318973367
125	439	1	1319840859
125	439	1	1429211992
142	440	1	1319977442
143	440	1	1497567860
144	441	1	1320400096
28	441	1	1346638936
145	442	1	1320839789
145	443	1	1320839852
146	444	1	1321040322
147	445	1	1321068691
146	446	1	1321204960
146	447	1	1321204961
146	447	1	1321205175
28	448	1	1321762558
28	449	1	1321848000
28	450	1	1321919099
28	451	1	1321922729
28	451	1	1322092580
28	452	1	1321926959
28	452	1	1322094319
122	453	1	1321986320
122	454	1	1321992177
122	455	1	1322029861
28	456	1	1322096339
28	456	1	1322096496
28	457	1	1322097753
28	458	1	1322098953
148	459	1	1322262520
28	460	1	1323015164
28	461	1	1323046079
28	462	1	1323049793
136	463	1	1325893525
136	463	1	1325964736
125	464	1	1326327301
136	465	1	1328127368
149	466	1	1328451145
149	466	1	1328453336
149	466	1	1328466006
149	467	1	1328451155
149	467	1	1328452364
149	467	1	1328465178
28	468	1	1329069710
124	469	1	1329727486
136	470	1	1329743221
136	471	1	1329749213
128	471	1	1329752725
122	472	1	1329830121
122	473	1	1329834444
122	473	1	1356633768
115	475	1	1330559370
124	476	1	1330620973
124	477	1	1330702570
28	478	1	1332039227
28	479	1	1333243751
28	480	1	1333419033
28	481	1	1333499730
28	481	1	1333581949
28	482	1	1333586991
28	483	1	1333904674
28	484	1	1333906705
136	485	1	1334110678
28	486	1	1334509519
150	487	1	1335979026
28	488	1	1336323137
151	489	1	1338008498
151	490	1	1338014069
136	491	1	1338317528
94	492	1	1338402303
94	492	1	1338432601
94	492	1	1338434464
94	492	1	1338435551
94	492	1	1338435620
94	492	1	1338435762
94	492	1	1338449071
94	492	1	1338451175
94	492	1	1338649069
94	492	1	1338649188
152	493	1	1338438142
152	493	1	1338441123
152	493	1	1342490765
94	494	1	1338449301
94	495	1	1338451258
94	495	1	1338454842
94	495	1	1338454923
153	496	1	1382765817
28	497	1	1338649297
28	498	1	1338655634
28	499	1	1338659616
94	500	1	1338696181
94	500	1	1338696646
94	500	1	1338701753
94	500	1	1338702756
94	500	1	1338724303
94	500	1	1338724628
94	500	1	1338741945
94	500	1	1338742171
94	500	1	1338891006
94	500	1	1338899587
94	500	1	1338904768
94	500	1	1339043214
94	500	1	1339044298
94	500	1	1339053630
154	500	1	1432156284
94	501	1	1338696262
91	504	1	1338912897
91	504	1	1338914592
91	505	1	1338912898
91	506	1	1338933359
91	506	1	1338934397
91	507	1	1338933360
155	508	1	1339138093
28	509	1	1339378345
28	510	1	1339992758
136	511	1	1340664367
156	512	1	1341158928
28	513	1	1341259064
28	513	1	1344109882
157	514	1	1342274666
28	514	1	1344218880
28	514	1	1344226258
28	515	1	1344111550
158	516	1	1344244577
28	517	1	1344379689
159	519	1	1345765204
160	520	1	1346356280
160	521	1	1346430773
161	521	1	1347097405
161	522	1	1346442232
28	523	1	1346627136
28	524	1	1346632882
28	525	1	1346636900
52	526	1	1350138511
124	527	1	1351191026
124	528	1	1351239798
124	529	1	1351244071
124	530	1	1351244080
31	531	1	1354612763
31	532	1	1354743429
28	533	1	1355087675
28	534	1	1355091479
28	535	1	1355112689
162	536	1	1355252210
163	537	1	1355725220
38	537	1	1491302862
136	538	1	1359578993
136	539	1	1359579135
136	540	1	1359903851
136	541	1	1359906851
162	542	1	1359909762
28	543	1	1360030561
164	543	1	1417131911
164	543	1	1487247208
28	544	1	1360034906
28	545	1	1361149591
28	546	1	1361155242
136	547	1	1361231536
165	548	1	1363796148
165	549	1	1363796156
136	550	1	1364090819
28	551	1	1364142304
28	552	1	1364146392
28	553	1	1364172833
28	554	1	1364174682
166	554	1	1451502269
167	555	1	1365248174
168	556	1	1366078076
136	557	1	1367172422
169	558	1	1367352493
166	558	1	1451505781
170	559	1	1369322800
170	559	1	1376234331
28	559	1	1381706485
170	559	1	1384697472
170	559	1	1408419253
171	560	1	1369876625
28	560	1	1379897155
171	561	1	1369876655
28	561	1	1379898952
28	562	1	1370215693
170	563	1	1370873405
170	563	1	1376311703
170	563	1	1382846580
170	563	1	1382860436
172	564	1	1370963342
28	565	1	1372733532
28	566	1	1372820642
173	567	1	1373867988
28	567	1	1381682303
174	568	1	1374244585
170	570	1	1376237684
170	570	1	1382877639
170	570	1	1382931568
175	571	1	1376328044
176	572	1	1376459541
176	573	1	1376460334
177	574	1	1376680752
177	575	1	1377990431
117	576	1	1379159616
117	577	1	1379159617
28	578	1	1379280979
28	579	1	1379302415
166	579	1	1451502235
28	580	1	1379463694
28	581	1	1379467414
28	582	1	1379560705
28	583	1	1379562406
28	584	1	1379563751
28	585	1	1380159575
28	586	1	1380163806
28	587	1	1380395879
28	588	1	1380397257
28	589	1	1380400898
178	589	1	1385795355
178	589	1	1388051289
178	589	1	1391246532
28	589	1	1408626413
179	589	1	1411918008
180	589	1	1411919410
28	589	1	1413772344
28	589	1	1438465484
28	590	1	1380407465
178	590	1	1385473197
178	590	1	1386741937
178	590	1	1391654246
178	590	1	1393934343
179	590	1	1411918009
180	590	1	1411919411
28	590	1	1414897868
181	591	1	1380486721
28	592	1	1381683775
28	593	1	1381723245
182	593	1	1450290262
183	594	1	1382941064
184	595	1	1383339999
185	596	1	1384698356
186	597	1	1384747994
187	597	1	1384785218
188	598	1	1385383431
189	600	1	1387293147
28	601	1	1390174817
190	601	1	1487198230
28	602	1	1390254096
28	603	1	1390265230
191	604	1	1390299555
192	605	1	1392387891
192	606	1	1392391532
28	607	1	1393563680
28	608	1	1393570965
187	609	1	1394756609
193	610	1	1395183801
193	610	1	1395426035
193	610	1	1396576740
194	611	1	1396562488
195	612	1	1396596536
196	613	1	1396956625
197	614	1	1400072815
35	615	1	1400531919
126	616	1	1408317628
28	617	1	1409106256
28	618	1	1410622452
198	618	1	1447384190
28	619	1	1410709527
28	620	1	1411003477
198	620	1	1447384205
179	621	1	1411918009
91	621	1	1415695344
28	621	1	1420952088
179	622	1	1411918009
91	622	1	1415695352
28	622	1	1420958816
180	623	1	1411919410
180	624	1	1411919411
199	625	1	1413413084
199	625	1	1447343487
199	625	1	1447743556
28	626	1	1416713986
182	626	1	1472036064
182	626	1	1472121902
28	627	1	1416721112
182	627	1	1472036064
182	627	1	1472121902
164	628	1	1417131910
164	629	1	1417131911
28	630	1	1417321064
200	631	1	1418653359
28	632	1	1421017371
28	633	1	1421111505
28	634	1	1421115495
28	635	1	1421119555
28	635	1	1423374832
155	635	1	1424432055
182	636	1	1422983138
182	636	1	1422986693
182	637	1	1422983138
182	637	1	1422986693
182	638	1	1422986693
182	639	1	1422986693
28	640	1	1423370498
28	641	1	1423377203
155	641	1	1424432055
28	642	1	1423708181
28	643	1	1423940270
28	644	1	1424392574
182	644	1	1438202272
155	645	1	1424432055
155	646	1	1424432055
28	647	1	1424582736
182	647	1	1438202118
28	648	1	1424584859
91	648	1	1438407196
17	649	1	1426058328
35	650	1	1426631408
24	650	1	1429224159
35	650	1	1429245535
35	651	1	1426631408
24	651	1	1429224159
35	651	1	1429245535
35	652	1	1426631408
24	652	1	1429224159
35	652	1	1429245535
35	653	1	1426631409
24	653	1	1429224160
35	653	1	1429245535
35	654	1	1426631409
24	654	1	1429224159
35	654	1	1429245535
35	655	1	1426631409
24	655	1	1429224160
35	655	1	1429245535
35	656	1	1426631428
24	656	1	1429224159
35	656	1	1429245535
35	657	1	1426631428
35	658	1	1426631428
35	659	1	1426631428
24	659	1	1429224160
35	659	1	1429245535
35	660	1	1426631428
24	660	1	1429224164
35	660	1	1429245536
35	661	1	1426631428
24	661	1	1429224160
35	661	1	1429245536
35	662	1	1426631428
24	662	1	1429224164
35	662	1	1429245536
35	663	1	1426631428
24	663	1	1429224164
35	663	1	1429245536
35	664	1	1426631428
24	664	1	1429224164
35	664	1	1429245536
35	665	1	1426631429
24	665	1	1429224164
35	665	1	1429245536
35	666	1	1426631430
24	666	1	1429224164
35	666	1	1429245536
35	667	1	1426631430
24	667	1	1429224164
35	667	1	1429245536
35	668	1	1426631430
24	668	1	1429224164
35	668	1	1429245536
35	669	1	1426631430
24	669	1	1429224164
35	669	1	1429245543
35	670	1	1426631430
24	670	1	1429224164
35	670	1	1429245543
35	671	1	1426631430
24	671	1	1429224168
35	671	1	1429245543
35	672	1	1426631431
24	672	1	1429224168
35	672	1	1429245544
28	673	1	1426641759
125	674	1	1429211994
182	675	1	1438202119
182	676	1	1438202273
201	677	1	1438644664
202	679	1	1443187461
203	680	1	1443260663
108	681	1	1443260831
107	682	1	1443261074
201	683	1	1443815776
201	684	1	1443815776
201	685	1	1443815777
201	686	1	1443815777
201	687	1	1443815777
201	688	1	1443815777
201	689	1	1443815777
201	690	1	1443815777
182	691	1	1450290262
182	692	1	1450290263
166	693	1	1451502236
166	694	1	1451502269
166	695	1	1451505781
204	696	1	1456569042
182	696	1	1458899981
205	696	1	1458908995
205	698	1	1458908995
166	699	1	1462383685
105	700	1	1463819578
182	701	1	1472121902
182	702	1	1472121902
206	703	1	1473701370
207	704	1	1481242369
190	705	1	1487198230
164	706	1	1487247208
143	707	1	1497567860
