1	1	1	1347876885
2	2	1	1103616190
2	2	1	1119698076
2	2	1	1122634480
2	2	1	1124493975
2	2	1	1125913183
2	2	1	1131576552
2	2	1	1133299195
2	2	1	1133490723
2	2	1	1133496403
3	2	1	1145701820
4	2	1	1345115417
5	3	1	1124900696
5	3	1	1124900712
6	3	1	1126647838
7	3	1	1143000282
8	3	1	1143222269
8	3	1	1143223064
8	3	1	1143223093
8	3	1	1143223112
8	3	1	1143578001
8	3	1	1143578500
8	3	1	1143578512
8	3	1	1144359262
8	3	1	1144694749
8	3	1	1144696054
8	3	1	1144951468
8	3	1	1145034461
7	3	1	1145161776
7	3	1	1145161869
7	3	1	1145163081
7	3	1	1145163658
7	3	1	1145164682
7	3	1	1145164748
7	3	1	1145164857
7	3	1	1145164916
7	3	1	1145164996
7	3	1	1145165123
7	3	1	1145319222
5	4	1	1124900811
5	5	1	1124900856
5	5	1	1125026174
9	5	1	1126682126
9	5	1	1126682241
10	5	1	1128012770
11	5	1	1462728548
5	6	1	1124900916
6	7	1	1126647886
6	7	1	1126648362
4	7	1	1299428909
6	8	1	1126649720
6	8	1	1126650376
6	8	1	1126650871
6	8	1	1126650938
6	9	1	1126650119
6	10	1	1126650770
9	11	1	1126681874
9	12	1	1126682508
10	12	1	1128012380
10	12	1	1128013707
10	12	1	1128055031
9	12	1	1128957777
9	12	1	1128958516
9	12	1	1128959013
10	13	1	1128012187
12	14	1	1133533729
13	14	1	1134678777
13	14	1	1135349184
13	14	1	1136424646
13	14	1	1138292660
13	14	1	1138378573
14	14	1	1197252559
4	14	1	1299427533
15	14	1	1313701531
2	15	1	1133496403
3	15	1	1145701922
7	15	1	1265430972
7	15	1	1265431006
16	15	1	1365588423
12	16	1	1133533797
12	17	1	1133533812
7	18	1	1141277894
7	18	1	1141281952
7	18	1	1145160329
7	19	1	1141276395
7	19	1	1141276548
7	19	1	1141276709
17	19	1	1313774953
17	24	1	1281797190
7	26	1	1141274962
7	26	1	1141275214
7	26	1	1141275786
7	27	1	1141277588
7	27	1	1141278325
7	27	1	1141278364
7	27	1	1141278418
7	27	1	1141281093
7	28	1	1141278483
7	28	1	1141278510
7	28	1	1141278545
7	29	1	1141278622
7	30	1	1141278711
7	31	1	1141278905
7	31	1	1141278955
7	32	1	1141279150
7	33	1	1141279311
7	34	1	1141279344
7	35	1	1141279365
7	36	1	1141279514
7	36	1	1141281607
7	37	1	1141279559
7	38	1	1141279622
7	38	1	1141279627
7	38	1	1141281716
7	39	1	1141279662
7	40	1	1141279822
7	41	1	1141279873
7	41	1	1141279923
7	42	1	1141280168
7	42	1	1141280223
7	43	1	1141280298
7	43	1	1141280340
7	44	1	1141280405
7	45	1	1141281008
7	46	1	1141281162
7	47	1	1141282035
7	47	1	1141282137
7	48	1	1141282629
7	48	1	1141282960
7	49	1	1141283163
7	50	1	1141283557
7	50	1	1141283595
7	51	1	1141283755
7	52	1	1141283899
7	53	1	1141284023
7	54	1	1141284518
7	57	1	1141629833
7	58	1	1141629873
7	60	1	1141629424
7	61	1	1141629573
18	62	1	1142384241
19	62	1	1251677200
19	62	1	1418975688
20	62	1	1429228876
19	62	1	1495440143
7	64	1	1143000122
7	65	1	1143000238
4	65	1	1299429394
7	66	1	1143000122
7	66	1	1143000256
7	66	1	1143005119
7	66	1	1143005418
7	66	1	1143007007
7	66	1	1143012907
7	66	1	1143013068
7	66	1	1143013111
7	66	1	1143013176
7	66	1	1143013292
7	66	1	1143013438
7	66	1	1143027087
7	66	1	1143074938
7	66	1	1143075396
7	66	1	1143078591
7	66	1	1143086260
21	66	1	1213549395
22	66	1	1328962739
7	67	1	1143013533
7	67	1	1143013622
7	67	1	1143015610
7	67	1	1143015686
7	67	1	1143016831
7	67	1	1143016859
7	67	1	1143017917
7	67	1	1148514326
7	67	1	1148515809
7	67	1	1148516562
7	67	1	1148517489
7	68	1	1143013675
7	69	1	1143015261
7	69	1	1143017115
7	69	1	1143017733
7	69	1	1143017766
7	70	1	1143016085
7	71	1	1143017263
7	72	1	1143017279
7	73	1	1143017766
7	74	1	1143018606
7	75	1	1143018673
7	76	1	1143024068
7	76	1	1143025339
7	76	1	1143025379
7	76	1	1143026321
7	77	1	1143025667
7	77	1	1143025830
7	77	1	1143026367
7	77	1	1143026397
7	77	1	1143074013
7	77	1	1143074038
7	78	1	1143026044
7	78	1	1143074084
7	79	1	1143026203
7	79	1	1143026249
7	79	1	1143073772
7	80	1	1143026772
7	80	1	1143027034
7	80	1	1143073842
7	81	1	1143026931
7	81	1	1143028061
7	81	1	1143028109
7	81	1	1143074198
7	82	1	1143071710
7	82	1	1143074144
7	83	1	1143071968
7	83	1	1143073897
7	84	1	1143072438
7	84	1	1143072572
7	84	1	1143074244
7	85	1	1143072914
7	85	1	1143074292
7	86	1	1143073088
7	86	1	1143074337
7	87	1	1143073626
7	87	1	1143074405
7	88	1	1143075175
7	88	1	1143075293
7	88	1	1143076561
7	88	1	1143077841
7	88	1	1143078516
7	89	1	1143075293
7	90	1	1143078329
7	91	1	1143080051
7	92	1	1143080856
7	92	1	1143081449
7	93	1	1143080894
7	94	1	1143082019
7	94	1	1143082038
7	94	1	1143082066
7	95	1	1143082172
7	96	1	1143084118
7	96	1	1143084281
7	97	1	1143086145
7	98	1	1143086749
7	98	1	1143086819
7	98	1	1143090804
7	99	1	1143089045
7	99	1	1143089916
7	99	1	1143090013
7	99	1	1143090218
7	99	1	1143090554
7	99	1	1143091016
16	99	1	1364940722
7	100	1	1143089956
7	101	1	1143091840
7	101	1	1143092568
7	102	1	1143092662
7	102	1	1143093204
7	102	1	1143094872
7	103	1	1143094600
7	103	1	1143094628
7	104	1	1143102288
7	105	1	1143102692
7	105	1	1143112085
7	105	1	1143112366
7	105	1	1143113793
7	105	1	1143116076
7	105	1	1143116186
7	105	1	1143116242
19	105	1	1260956771
19	105	1	1348691829
8	106	1	1143222469
8	106	1	1143222481
8	106	1	1143647763
23	106	1	1145201714
8	106	1	1148391659
8	106	1	1148391693
8	107	1	1143222511
8	107	1	1148391704
16	107	1	1358956225
8	108	1	1143222767
8	108	1	1148391749
24	108	1	1350846900
16	108	1	1364461217
8	109	1	1143222858
8	109	1	1148391769
16	109	1	1359226621
8	110	1	1143222911
8	110	1	1143647694
8	110	1	1148391790
16	110	1	1358982468
8	111	1	1143222965
8	111	1	1143647789
8	111	1	1148391860
8	112	1	1143223000
8	112	1	1143647848
8	112	1	1148391872
16	113	1	1364773685
8	117	1	1143578068
23	117	1	1145201857
8	117	1	1148391911
8	118	1	1143578095
8	118	1	1148391899
8	119	1	1143578161
8	119	1	1143732716
8	119	1	1148391931
8	120	1	1143578230
8	120	1	1144075488
8	120	1	1148391944
8	121	1	1143578308
8	121	1	1144162423
8	121	1	1148391960
8	122	1	1143578363
8	122	1	1144259392
8	122	1	1148391974
8	123	1	1143578391
8	123	1	1148391986
25	124	1	1143684110
25	124	1	1442114803
25	125	1	1143684271
25	126	1	1143684427
26	126	1	1486195015
23	127	1	1145196857
8	127	1	1145284908
7	127	1	1145319222
8	128	1	1148392019
8	129	1	1148392028
8	130	1	1148392042
8	131	1	1148392054
8	132	1	1148392068
8	133	1	1148392084
8	134	1	1148392097
8	135	1	1144359297
8	135	1	1148392984
8	135	1	1148614424
8	135	1	1149100325
8	135	1	1149250049
8	135	1	1149283277
8	135	1	1149283329
8	135	1	1149965238
8	135	1	1149966157
8	135	1	1149966641
8	135	1	1149966790
8	135	1	1149967076
8	135	1	1149967370
8	135	1	1149967842
8	135	1	1149967976
8	135	1	1149968166
8	135	1	1149968310
8	135	1	1149968592
8	135	1	1149968910
8	135	1	1149969178
8	135	1	1151164197
8	135	1	1151843554
8	135	1	1151844799
8	135	1	1151844941
8	135	1	1151844956
8	135	1	1151845191
8	135	1	1151845354
8	135	1	1151845539
8	135	1	1151845812
8	135	1	1151845941
8	135	1	1151846129
8	135	1	1151846266
8	135	1	1151846397
8	135	1	1151846508
8	135	1	1151846620
8	135	1	1151846729
8	135	1	1151846846
8	135	1	1151847044
8	135	1	1151847251
8	135	1	1151873960
8	135	1	1151874038
8	135	1	1151874116
8	135	1	1151874244
8	135	1	1151874364
8	135	1	1151874465
8	135	1	1151874577
8	135	1	1151874704
8	135	1	1151874728
8	135	1	1151874911
8	135	1	1151875032
8	135	1	1151875197
8	135	1	1151875352
8	135	1	1151875471
8	135	1	1151875558
8	135	1	1151875760
8	135	1	1151875852
8	135	1	1151875988
8	135	1	1151876121
8	135	1	1151876251
8	135	1	1151876330
8	135	1	1151876444
8	135	1	1151876541
8	135	1	1151885061
8	135	1	1151885163
8	135	1	1152150841
8	135	1	1152586917
8	135	1	1160678596
27	135	1	1315850231
28	135	1	1315852015
16	135	1	1366714152
16	135	1	1381182488
29	135	1	1382287697
24	135	1	1499496504
8	136	1	1144359365
8	136	1	1146052116
8	136	1	1146052712
30	136	1	1331565536
30	136	1	1331565702
8	137	1	1144359427
8	137	1	1149793815
8	138	1	1144359448
8	138	1	1148392548
8	139	1	1144359480
8	139	1	1148392562
31	139	1	1381918845
26	139	1	1415619275
8	140	1	1144359507
8	140	1	1148392576
32	140	1	1387147517
8	141	1	1144359639
8	141	1	1148392524
8	142	1	1144359673
8	142	1	1148392357
8	143	1	1144359696
8	143	1	1148392374
8	144	1	1144359729
8	144	1	1148392402
33	144	1	1402324703
34	144	1	1418286509
34	144	1	1418286967
34	144	1	1418287037
34	144	1	1418287057
35	144	1	1430221842
36	144	1	1436294869
24	144	1	1472547524
8	145	1	1144359757
8	145	1	1148392416
30	145	1	1351618590
16	145	1	1365452412
8	146	1	1144359780
8	146	1	1148392444
8	147	1	1144359805
8	147	1	1148392431
8	148	1	1144359834
8	148	1	1148392458
8	149	1	1144359863
8	149	1	1148392469
8	150	1	1144359888
8	150	1	1148392485
8	151	1	1144359920
8	151	1	1148392499
8	152	1	1144359953
8	152	1	1148392514
37	152	1	1257031782
8	153	1	1144359995
8	153	1	1148392589
38	153	1	1352201997
39	153	1	1384508038
29	153	1	1384508424
26	153	1	1415884814
26	153	1	1415884907
26	153	1	1415884945
34	153	1	1418287023
8	154	1	1144360030
8	154	1	1148392601
16	154	1	1449611801
8	155	1	1144360054
8	155	1	1148392612
40	155	1	1400246990
40	155	1	1400247454
40	155	1	1400248432
26	155	1	1415619642
8	156	1	1144360075
8	156	1	1148392626
8	157	1	1144360099
8	157	1	1148392638
8	158	1	1144360119
8	158	1	1148392648
8	159	1	1144360158
8	159	1	1148392667
8	160	1	1144360230
8	160	1	1148392744
30	160	1	1347374758
35	160	1	1415890413
8	161	1	1144360253
8	161	1	1148392760
8	162	1	1144360280
8	162	1	1148392775
8	163	1	1144360306
8	163	1	1148392789
8	164	1	1144360335
8	164	1	1148392801
8	165	1	1144360362
8	165	1	1148392812
8	166	1	1144360391
8	166	1	1148392823
8	167	1	1144360414
8	167	1	1148392834
41	167	1	1205692904
42	167	1	1241270652
43	167	1	1273366397
44	167	1	1365520889
1	167	1	1379081001
1	167	1	1379935084
31	167	1	1399193392
40	167	1	1400247521
45	167	1	1410439729
45	167	1	1410439904
45	167	1	1410781618
29	167	1	1410952503
29	167	1	1410952535
29	167	1	1410954982
45	167	1	1410957244
45	167	1	1410960378
45	167	1	1410962815
45	167	1	1410963144
45	167	1	1411032019
45	167	1	1411455036
45	167	1	1417621729
26	167	1	1418754581
45	167	1	1419408712
45	167	1	1419409028
45	167	1	1419843139
16	167	1	1475411351
46	167	1	1492011652
8	168	1	1144360440
8	168	1	1148392846
37	168	1	1238003879
8	169	1	1144360467
8	169	1	1148392859
8	170	1	1144360507
8	170	1	1148392875
38	170	1	1352201996
26	170	1	1415708501
35	170	1	1415804995
44	170	1	1447367203
8	171	1	1144360533
8	171	1	1148392891
8	172	1	1144360554
8	172	1	1148392905
26	172	1	1415619256
8	173	1	1144360575
8	173	1	1148392916
17	173	1	1498062601
17	173	1	1498062690
17	173	1	1498062744
8	174	1	1144696125
8	174	1	1148321643
8	175	1	1144951559
47	175	1	1145808390
8	175	1	1148321659
8	175	1	1148321668
8	175	1	1155136622
8	175	1	1155136640
8	175	1	1155136705
8	175	1	1155230854
8	175	1	1155241415
8	176	1	1144951629
8	176	1	1149453412
8	177	1	1144951654
8	177	1	1148392945
8	178	1	1145366278
48	179	1	1265849706
49	179	1	1468061666
7	180	1	1145160438
50	180	1	1245472773
51	180	1	1375814953
16	180	1	1379116602
7	181	1	1145158694
7	181	1	1145158890
7	181	1	1145161115
7	181	1	1145488831
17	181	1	1246380544
7	182	1	1145158515
7	183	1	1145158718
7	184	1	1145158912
7	185	1	1145159070
52	185	1	1324710499
7	186	1	1145159204
50	186	1	1245472817
7	187	1	1145160295
4	187	1	1299429082
7	188	1	1145160499
53	188	1	1476845297
7	189	1	1145160579
7	190	1	1145160916
8	190	1	1148391444
8	190	1	1148391469
8	190	1	1153612345
54	190	1	1177725671
17	190	1	1313775808
7	191	1	1145160988
7	191	1	1148077752
8	191	1	1160062699
8	191	1	1160401175
55	191	1	1174436852
55	191	1	1174437276
55	191	1	1174437369
55	191	1	1174439684
55	191	1	1174439791
56	191	1	1199841312
54	191	1	1257876414
57	191	1	1287422682
58	191	1	1319450799
59	191	1	1327629004
7	192	1	1145163301
7	193	1	1145164780
7	194	1	1145164948
7	195	1	1145165010
23	196	1	1145180592
23	196	1	1145366979
20	196	1	1429228891
23	197	1	1145180617
60	197	1	1426650218
20	197	1	1429228891
60	197	1	1429245726
8	198	1	1145285402
23	198	1	1145294458
8	198	1	1145369365
8	198	1	1145382583
8	198	1	1145743371
8	198	1	1145743390
8	198	1	1145970566
8	198	1	1146066468
8	198	1	1146066493
8	198	1	1146071465
8	198	1	1146164809
8	198	1	1146172275
8	198	1	1146232062
8	198	1	1146248428
8	198	1	1146846450
8	198	1	1146847737
8	198	1	1147089901
8	198	1	1147107042
8	198	1	1147107747
8	198	1	1147107759
8	198	1	1147202189
8	198	1	1147291210
8	198	1	1148391542
8	198	1	1148498431
8	198	1	1148499113
8	198	1	1148570115
8	198	1	1148572405
8	198	1	1148676599
8	198	1	1148677816
8	198	1	1148679011
8	198	1	1148952621
8	198	1	1149088206
8	198	1	1149088445
8	198	1	1149091414
8	198	1	1149107060
8	198	1	1149108117
8	198	1	1149170203
8	198	1	1149179201
8	198	1	1149179428
8	198	1	1149179641
8	198	1	1149179745
8	198	1	1149453939
8	198	1	1149610746
8	198	1	1149613149
8	198	1	1149625016
8	198	1	1149627321
8	198	1	1149692956
8	198	1	1149693167
8	198	1	1149703705
8	198	1	1149714978
8	198	1	1149774724
8	198	1	1149803381
8	198	1	1153611709
8	198	1	1155671286
8	198	1	1158940727
8	198	1	1158940800
8	198	1	1161609705
54	198	1	1174400908
54	198	1	1174401195
54	198	1	1177184850
54	198	1	1177201810
54	198	1	1186428035
54	198	1	1192740088
54	198	1	1196288578
61	198	1	1203693913
62	198	1	1215350281
54	198	1	1220643991
54	198	1	1235417155
54	198	1	1249583129
24	198	1	1499502566
8	199	1	1148299477
7	200	1	1145319222
7	201	1	1145319222
23	202	1	1145368276
23	202	1	1145368630
8	203	1	1145382645
8	203	1	1145467158
8	203	1	1147107931
8	203	1	1147108014
8	203	1	1148321705
8	204	1	1145382734
8	204	1	1145400278
8	204	1	1148321716
8	204	1	1162415863
8	204	1	1162415890
8	204	1	1162415909
8	204	1	1166716949
8	205	1	1145467213
8	205	1	1148321744
8	206	1	1145624814
8	206	1	1145624893
8	206	1	1145624987
8	206	1	1145625001
8	206	1	1145625096
8	206	1	1145625174
8	206	1	1145625329
8	206	1	1145625354
8	206	1	1145625660
8	206	1	1145625895
8	206	1	1145627692
8	206	1	1145628077
8	206	1	1145628253
8	206	1	1148321821
8	207	1	1145624835
8	207	1	1148321849
8	208	1	1145624923
8	208	1	1148321965
8	209	1	1145625023
8	209	1	1148321862
8	210	1	1145625120
8	210	1	1148321919
8	211	1	1145625191
8	211	1	1148321835
8	212	1	1145625497
8	212	1	1148321880
8	213	1	1145625774
8	213	1	1145625795
8	213	1	1148321803
8	214	1	1145627303
8	214	1	1145627570
8	214	1	1145627593
8	214	1	1148321892
16	214	1	1364336428
8	215	1	1145627867
8	215	1	1148321906
8	216	1	1145628131
8	216	1	1148321934
8	217	1	1145628425
8	217	1	1148321948
8	218	1	1145743462
8	218	1	1148321685
47	219	1	1145808390
8	220	1	1145970708
8	220	1	1145970833
8	220	1	1145970976
8	220	1	1145971197
8	220	1	1147349573
8	222	1	1146052181
8	222	1	1146052694
8	223	1	1146052228
8	223	1	1146052679
8	224	1	1146052273
8	224	1	1146052663
8	225	1	1146052329
8	225	1	1146052648
8	226	1	1146052369
8	226	1	1146052630
8	227	1	1146052396
8	227	1	1146052612
8	228	1	1146052512
8	229	1	1146052572
8	230	1	1146052933
8	231	1	1146052980
8	232	1	1146053026
8	232	1	1146053042
8	233	1	1146053103
8	234	1	1146053165
8	235	1	1146053220
8	236	1	1146053302
8	237	1	1146053378
8	238	1	1146053424
8	239	1	1146053506
8	240	1	1146053600
40	240	1	1400247500
8	241	1	1146053671
8	242	1	1146066690
8	243	1	1146071490
8	243	1	1147349665
61	243	1	1259598262
16	243	1	1358894900
8	244	1	1146165031
8	244	1	1148319688
16	244	1	1364761874
16	244	1	1368986503
8	245	1	1146172311
8	245	1	1148320533
8	246	1	1146225315
8	247	1	1146225000
8	248	1	1146225113
8	249	1	1146225234
8	250	1	1146225412
8	251	1	1146225472
8	252	1	1146225553
8	253	1	1146225666
8	254	1	1146225741
8	255	1	1146225812
8	256	1	1146225873
8	257	1	1146225945
8	258	1	1146226006
8	259	1	1146226066
8	260	1	1146226118
8	260	1	1149967008
63	260	1	1395755208
8	261	1	1146226196
64	261	1	1177189258
8	262	1	1146226255
1	262	1	1379935058
8	263	1	1146226335
8	263	1	1146226357
8	263	1	1146226381
8	264	1	1146226486
8	265	1	1146226556
8	265	1	1146226586
8	265	1	1146610368
8	266	1	1146226677
8	267	1	1146248530
8	267	1	1148321366
8	268	1	1146248575
8	268	1	1148319794
8	269	1	1148319817
8	270	1	1148319862
8	271	1	1148319891
8	272	1	1148319915
8	273	1	1148319936
8	274	1	1148319955
8	275	1	1148319977
8	276	1	1148319994
8	277	1	1148320015
8	278	1	1148320035
8	279	1	1148320057
65	279	1	1275700853
8	280	1	1148320082
8	281	1	1148319735
8	282	1	1148319764
8	283	1	1148320444
8	284	1	1148320465
8	285	1	1148320112
8	286	1	1148320131
8	287	1	1148320149
8	288	1	1148320171
8	289	1	1148320190
8	290	1	1148320210
8	291	1	1148320231
8	292	1	1148320265
8	293	1	1146250718
8	293	1	1146250819
8	293	1	1148320487
23	294	1	1146399932
8	295	1	1146502222
8	295	1	1148320288
8	296	1	1146502300
8	296	1	1148320317
8	297	1	1146502331
8	297	1	1148320351
8	298	1	1146610593
8	299	1	1146610663
8	300	1	1146610759
8	301	1	1146611047
8	302	1	1146611142
8	303	1	1146611261
16	303	1	1364402994
16	303	1	1364403020
8	304	1	1146611327
8	305	1	1146611389
8	306	1	1146611448
8	307	1	1146611514
8	308	1	1146611598
8	309	1	1146611666
8	310	1	1146611760
8	311	1	1146611835
8	312	1	1146611938
8	313	1	1146612018
8	314	1	1146612089
8	315	1	1146612160
8	316	1	1146657322
8	317	1	1146657375
8	318	1	1146657419
8	319	1	1146657455
8	320	1	1146657499
8	321	1	1146657582
8	322	1	1146657661
57	322	1	1287422650
8	323	1	1146657726
8	324	1	1146657764
8	325	1	1146657811
8	326	1	1146657880
8	327	1	1146657945
8	327	1	1146657965
8	328	1	1146658097
8	329	1	1146658142
8	330	1	1146658217
8	331	1	1146658293
8	332	1	1146658370
8	333	1	1146658497
8	334	1	1146658563
8	335	1	1146685518
8	335	1	1148320376
8	336	1	1146685605
8	336	1	1148320419
8	337	1	1146685656
8	337	1	1148320397
66	337	1	1432103594
8	338	1	1146743418
8	338	1	1146743443
8	338	1	1146743460
8	339	1	1146743541
8	340	1	1146743653
8	340	1	1146743733
8	341	1	1146743825
8	342	1	1146743902
8	343	1	1146743951
8	344	1	1146743988
8	345	1	1146744029
8	346	1	1146744084
8	347	1	1146744133
8	348	1	1146744192
8	349	1	1146744233
8	350	1	1146744294
8	351	1	1146744342
8	352	1	1146744374
8	353	1	1146744416
8	354	1	1146744455
8	355	1	1146744493
8	356	1	1146744554
8	357	1	1146744615
8	358	1	1146744651
8	359	1	1146744688
8	360	1	1146744774
8	361	1	1146744870
8	362	1	1146744909
8	363	1	1146744939
8	364	1	1146846481
8	364	1	1146846640
8	364	1	1148321408
8	365	1	1146847883
8	365	1	1146848337
8	365	1	1148321341
8	366	1	1146847907
8	366	1	1148299497
8	367	1	1146847926
8	367	1	1148299511
8	368	1	1146847946
8	368	1	1148299527
8	369	1	1146848199
8	369	1	1148299542
8	370	1	1146848245
8	370	1	1148299559
8	371	1	1146848295
8	371	1	1148299573
8	372	1	1146848355
8	372	1	1148299590
8	373	1	1146848381
8	373	1	1148299604
8	374	1	1146848403
8	374	1	1148299628
42	374	1	1237074213
8	375	1	1146848423
8	375	1	1148299643
8	376	1	1146848443
8	376	1	1148299656
8	377	1	1146848470
8	377	1	1148299670
8	378	1	1146848490
8	378	1	1148299685
8	379	1	1146852095
8	379	1	1148299698
8	380	1	1146852121
8	380	1	1148299713
8	381	1	1146852150
8	381	1	1148299726
8	382	1	1146852175
8	382	1	1148299747
8	383	1	1146852195
8	383	1	1148299762
8	384	1	1146852522
8	384	1	1148299779
8	385	1	1146852555
8	385	1	1148299794
8	386	1	1146852585
8	386	1	1148299810
8	387	1	1146852604
8	387	1	1148299824
8	388	1	1146852627
8	388	1	1148299837
8	389	1	1146852648
8	389	1	1148299855
8	390	1	1146852672
8	390	1	1148299873
8	391	1	1146852693
8	391	1	1148299885
8	392	1	1146852713
8	392	1	1148299898
8	393	1	1146852739
8	393	1	1148299912
8	394	1	1146852766
8	394	1	1148299930
8	395	1	1146852784
8	395	1	1148299941
8	396	1	1146852814
8	396	1	1148299955
8	397	1	1146852843
8	397	1	1148299968
8	398	1	1146853676
8	398	1	1148300034
8	399	1	1146853694
8	399	1	1148300046
8	400	1	1146853716
8	400	1	1148300059
8	401	1	1146853733
8	401	1	1148300073
8	402	1	1146853764
8	402	1	1148300087
8	403	1	1146853782
8	403	1	1148300101
8	404	1	1146853801
8	404	1	1148300114
8	405	1	1146853821
8	405	1	1148300127
8	406	1	1146853838
8	406	1	1148300150
8	407	1	1146853867
8	407	1	1148300164
8	408	1	1146853885
8	408	1	1148300181
8	409	1	1146853902
8	409	1	1148300195
8	410	1	1146853921
8	411	1	1146853938
8	411	1	1148319249
8	412	1	1146853955
8	412	1	1148319264
16	412	1	1364414743
8	413	1	1146853970
8	413	1	1148319293
8	414	1	1146853990
8	414	1	1148319311
37	414	1	1257951784
8	415	1	1146854017
8	415	1	1148319330
8	416	1	1146854038
8	416	1	1148319345
8	417	1	1146854056
8	417	1	1148319361
8	418	1	1146854074
8	418	1	1148319384
8	419	1	1146854092
8	419	1	1148319400
8	420	1	1146854108
8	420	1	1148319416
8	421	1	1146854124
8	421	1	1148319437
8	422	1	1146854145
8	422	1	1148319461
8	423	1	1146854163
8	423	1	1148319477
8	424	1	1146854180
8	424	1	1148319491
8	425	1	1146854203
8	425	1	1148319511
8	426	1	1146854233
8	426	1	1148319526
8	427	1	1146854287
8	427	1	1148319542
8	428	1	1146854305
8	428	1	1148319557
8	429	1	1146854320
8	429	1	1148319570
8	430	1	1146854339
8	430	1	1148319586
8	431	1	1146854353
8	431	1	1148319602
8	432	1	1147090122
8	432	1	1148321777
8	432	1	1159190255
8	432	1	1159190269
8	433	1	1147102170
8	433	1	1147102229
8	433	1	1147102330
8	433	1	1147102377
8	433	1	1147102433
8	433	1	1147102492
8	433	1	1147102557
8	433	1	1148323985
8	433	1	1165352526
8	433	1	1167770411
8	433	1	1171058678
8	433	1	1175801239
8	434	1	1147102297
8	434	1	1148323996
8	435	1	1147102192
8	435	1	1147102276
8	435	1	1148324010
8	436	1	1147102258
8	436	1	1148324023
8	437	1	1147102355
8	437	1	1148324035
8	438	1	1147102397
8	438	1	1147102416
8	438	1	1148324047
8	439	1	1147102461
8	439	1	1148324061
8	440	1	1147102510
8	440	1	1147102539
8	440	1	1148324072
8	441	1	1147102583
8	441	1	1148324085
8	442	1	1147107118
8	442	1	1147107175
8	442	1	1147107228
8	442	1	1147107327
8	442	1	1147107402
8	442	1	1147107466
8	442	1	1147107551
8	442	1	1147107606
8	442	1	1147107663
8	442	1	1148321421
8	443	1	1147107152
8	443	1	1148321441
8	444	1	1147107206
8	444	1	1148321505
16	444	1	1364940652
8	445	1	1147107301
8	445	1	1148321521
8	446	1	1147107372
8	446	1	1148321536
8	447	1	1147107434
8	447	1	1148321549
8	448	1	1147107501
8	448	1	1148321563
8	449	1	1147107583
8	449	1	1148321585
8	450	1	1147107639
8	450	1	1148321597
8	451	1	1147107696
8	451	1	1148321610
8	452	1	1147202252
8	452	1	1147202560
8	452	1	1148320954
8	453	1	1147202303
8	453	1	1148320969
8	454	1	1147202618
8	454	1	1148320987
8	455	1	1147202666
8	455	1	1148321008
8	456	1	1147202720
8	456	1	1148321025
8	457	1	1147202762
8	457	1	1148321042
8	458	1	1147202811
8	458	1	1147202887
8	458	1	1148321057
8	459	1	1147202859
8	459	1	1148321083
8	460	1	1147202942
8	460	1	1148321100
8	461	1	1147202989
8	461	1	1148321114
8	462	1	1147203030
8	462	1	1147203071
8	462	1	1148321129
8	463	1	1147203091
8	463	1	1148321143
8	464	1	1147203135
8	464	1	1148321165
8	465	1	1147203178
8	465	1	1148321178
8	466	1	1147203224
8	466	1	1148321193
8	467	1	1147203277
8	467	1	1148321214
8	468	1	1147203349
8	468	1	1148321231
8	469	1	1147203392
8	469	1	1148321247
8	470	1	1147203442
8	470	1	1148321265
8	471	1	1147203489
8	471	1	1148321282
8	472	1	1147262394
67	472	1	1325523240
8	473	1	1147262435
8	474	1	1147262478
8	475	1	1147262550
8	476	1	1147262643
8	477	1	1147262712
8	478	1	1147262769
8	479	1	1147262809
8	480	1	1147262864
8	481	1	1147262938
8	482	1	1147263005
8	483	1	1147263065
8	484	1	1147263113
8	485	1	1147263162
68	485	1	1383021884
8	486	1	1147263193
68	486	1	1382910726
8	487	1	1147263216
68	487	1	1382901234
8	488	1	1147263269
68	488	1	1382884003
8	489	1	1147263300
68	489	1	1382875109
8	490	1	1147263327
68	490	1	1382901274
8	491	1	1147263362
68	491	1	1382913402
8	492	1	1147263392
68	492	1	1383022627
8	493	1	1147263420
68	493	1	1383018408
8	494	1	1147263449
68	494	1	1382913722
8	495	1	1147263488
68	495	1	1383022594
8	496	1	1147263511
68	496	1	1383022437
8	497	1	1147291235
8	497	1	1147291504
8	497	1	1148319659
16	497	1	1364403263
7	498	1	1148077840
7	498	1	1148078496
41	498	1	1205750748
7	499	1	1148077891
7	499	1	1148078682
41	499	1	1205750882
16	499	1	1364414980
7	500	1	1148077988
7	501	1	1148078037
7	502	1	1148078070
7	503	1	1148078137
7	504	1	1148078553
41	504	1	1205750879
16	504	1	1364414973
69	504	1	1458148918
7	505	1	1148078735
41	505	1	1205750875
16	505	1	1364414949
70	505	1	1426470751
8	506	1	1148391478
8	506	1	1148391646
8	506	1	1154447968
8	507	1	1148472653
68	507	1	1382913977
8	508	1	1148472698
8	509	1	1148472727
68	509	1	1382868250
8	510	1	1148472752
68	510	1	1382878083
8	511	1	1148472777
68	511	1	1383017402
24	511	1	1499496382
8	512	1	1148472804
68	512	1	1382874738
8	513	1	1148472840
68	513	1	1382889293
24	513	1	1499496822
8	514	1	1148472866
68	514	1	1382910309
8	515	1	1148472888
68	515	1	1382909193
8	516	1	1148472910
68	516	1	1383023754
8	517	1	1148472933
68	517	1	1383016222
8	518	1	1148472956
16	518	1	1358895854
8	519	1	1148472979
68	519	1	1382862644
8	520	1	1148498492
8	520	1	1148498535
8	520	1	1148498585
8	521	1	1148499161
8	521	1	1148499196
7	522	1	1148516244
7	522	1	1148516269
50	522	1	1245472797
7	523	1	1148516269
7	524	1	1148516496
7	525	1	1148516768
7	526	1	1148517007
7	526	1	1148517029
7	527	1	1148517029
7	528	1	1148517155
7	528	1	1148517173
7	529	1	1148517173
3	530	1	1148518562
3	531	1	1148518617
71	531	1	1408310142
8	532	1	1148558783
68	532	1	1382909639
8	533	1	1148558834
68	533	1	1382900008
8	534	1	1148558862
68	534	1	1382898451
8	535	1	1148558888
68	535	1	1382902756
8	536	1	1148558911
68	536	1	1383018176
8	537	1	1148558934
68	537	1	1383025799
8	538	1	1148558960
68	538	1	1382888417
8	539	1	1148558982
68	539	1	1382910658
8	540	1	1148559006
68	540	1	1382893339
8	541	1	1148559030
68	541	1	1383019288
8	542	1	1148559054
68	542	1	1382895850
8	543	1	1148559083
68	543	1	1383020751
8	544	1	1148559105
68	544	1	1382906629
45	544	1	1410440045
8	545	1	1148559140
68	545	1	1382874104
8	546	1	1148559186
68	546	1	1383016408
8	547	1	1148570162
8	547	1	1148570227
8	548	1	1148572437
8	548	1	1148572705
8	548	1	1148572772
8	548	1	1148593648
8	548	1	1148593725
8	548	1	1148593761
8	549	1	1148613871
68	549	1	1383018917
8	550	1	1148613904
68	550	1	1383025640
8	551	1	1148613938
68	551	1	1382875334
8	552	1	1148613962
68	552	1	1382888129
24	552	1	1499496294
8	553	1	1148613989
8	553	1	1150304243
8	553	1	1150304270
8	553	1	1150304289
8	553	1	1150304324
8	553	1	1150304347
68	553	1	1382871739
8	554	1	1148614015
68	554	1	1383018961
8	555	1	1148614044
8	555	1	1149965494
8	555	1	1149965529
8	555	1	1149965709
8	555	1	1149965734
8	555	1	1149965852
8	555	1	1149965889
8	555	1	1149965921
8	555	1	1149966049
8	555	1	1149966350
8	555	1	1149966394
8	555	1	1149966424
8	555	1	1149966464
8	555	1	1149966871
8	556	1	1148614101
68	556	1	1382877926
8	557	1	1148614124
68	557	1	1382891183
8	558	1	1148614147
68	558	1	1382911204
7	558	1	1400635229
8	559	1	1148614164
68	559	1	1383017909
8	560	1	1148614205
68	560	1	1382885376
8	561	1	1148614232
68	561	1	1383017423
8	562	1	1148614258
68	562	1	1382905464
8	563	1	1148614285
68	563	1	1383035554
8	564	1	1148614319
68	564	1	1382887323
8	565	1	1148614346
68	565	1	1382890584
8	566	1	1148676685
8	566	1	1148677999
8	567	1	1148677934
8	567	1	1148677981
8	568	1	1148679065
8	568	1	1148679102
8	569	1	1148952762
8	569	1	1148952893
8	570	1	1149088384
8	570	1	1149088427
8	571	1	1149091567
8	571	1	1149091617
8	572	1	1149091658
8	572	1	1149091700
8	573	1	1149091769
8	574	1	1149091794
8	574	1	1149094386
8	575	1	1149091815
8	575	1	1149094424
8	576	1	1149091836
8	576	1	1149094461
8	577	1	1149091857
8	577	1	1149094487
8	578	1	1149091881
8	578	1	1149094545
8	579	1	1149091904
8	579	1	1149094590
8	580	1	1149100347
8	580	1	1149100378
8	581	1	1149100421
8	582	1	1149100452
8	583	1	1149107115
8	583	1	1149107153
8	584	1	1149108175
8	584	1	1149108204
8	585	1	1149163491
68	585	1	1383017502
8	586	1	1149163700
68	586	1	1383016379
8	587	1	1149163757
68	587	1	1382909482
8	588	1	1149163849
68	588	1	1382874428
8	589	1	1149163906
68	589	1	1383022358
8	590	1	1149163970
68	590	1	1383016520
8	591	1	1149164028
68	591	1	1383019044
8	592	1	1149164100
68	592	1	1382875164
8	593	1	1149164164
68	593	1	1382881899
8	594	1	1149164237
16	594	1	1364579826
68	594	1	1383028457
8	595	1	1149164300
8	595	1	1149249073
68	595	1	1382893973
8	596	1	1149170611
8	596	1	1149170662
8	596	1	1149171853
8	597	1	1149170695
8	597	1	1149170722
8	598	1	1149170764
8	599	1	1149170851
8	600	1	1149170921
8	601	1	1149171079
8	602	1	1149171108
8	603	1	1149171148
8	604	1	1149171232
8	605	1	1149171285
8	606	1	1149171314
8	607	1	1149171335
8	608	1	1149171424
8	609	1	1149171619
8	610	1	1149171639
8	611	1	1149171669
8	612	1	1149171696
8	613	1	1149171743
8	614	1	1149171778
8	615	1	1149171826
8	616	1	1149179563
8	616	1	1149179589
8	617	1	1149179666
8	618	1	1149249104
68	618	1	1383016247
8	619	1	1149249209
68	619	1	1382868213
8	620	1	1149249269
8	620	1	1149249302
16	620	1	1359226390
68	620	1	1382864072
8	621	1	1149249410
68	621	1	1383024840
8	622	1	1149249481
68	622	1	1382876304
8	623	1	1149249610
68	623	1	1383023236
8	624	1	1149249716
16	624	1	1368037872
68	624	1	1382873985
8	625	1	1149249780
68	625	1	1382904186
8	626	1	1149249861
68	626	1	1382873580
72	626	1	1392385913
8	627	1	1149283340
23	628	1	1149428097
8	629	1	1149453589
8	629	1	1149453648
8	629	1	1160662409
8	629	1	1160662488
8	629	1	1161027227
8	629	1	1161192499
73	629	1	1267122161
8	630	1	1149454958
8	630	1	1149455081
8	631	1	1149610798
8	631	1	1149610850
8	632	1	1149627372
8	632	1	1149627410
8	633	1	1149693050
8	633	1	1149693101
8	634	1	1149693228
8	634	1	1149693358
8	635	1	1149704041
8	635	1	1149704081
61	635	1	1242656190
8	636	1	1149794044
8	636	1	1149794128
8	637	1	1149803425
8	637	1	1149803462
8	638	1	1149965306
8	638	1	1149965345
8	639	1	1149966189
8	639	1	1149966224
8	639	1	1149966318
68	639	1	1382891292
8	640	1	1149966706
68	640	1	1382864791
74	640	1	1447112434
8	641	1	1149966832
68	641	1	1383019134
8	642	1	1149967302
68	642	1	1382886749
8	643	1	1149967511
8	643	1	1150405816
8	643	1	1150405830
8	643	1	1150405852
68	643	1	1382869761
8	644	1	1149967906
68	644	1	1382863572
8	645	1	1149968061
68	645	1	1383016596
8	646	1	1149968229
8	646	1	1149968242
8	646	1	1149968259
68	646	1	1383019909
8	647	1	1149968401
8	647	1	1149968439
68	647	1	1383019252
8	648	1	1149968650
8	648	1	1149968676
8	648	1	1149968712
68	648	1	1383017275
8	649	1	1149969121
8	650	1	1150145042
8	650	1	1165352333
8	652	1	1151843741
8	652	1	1151843945
75	652	1	1254048868
24	652	1	1327241987
68	652	1	1383026322
24	652	1	1499500543
8	653	1	1151844864
68	653	1	1383020187
8	654	1	1151845042
68	654	1	1382886963
8	655	1	1151845245
68	655	1	1382905510
8	656	1	1151845395
8	656	1	1151845416
68	656	1	1382891148
8	657	1	1151845599
8	657	1	1151845707
68	657	1	1383021347
8	658	1	1151845883
68	658	1	1383018006
8	659	1	1151845987
68	659	1	1382869358
8	660	1	1151846169
68	660	1	1382892326
8	661	1	1151846317
68	661	1	1383026215
8	662	1	1151846459
68	662	1	1383016559
8	663	1	1151846566
68	663	1	1382869792
8	664	1	1151846664
68	664	1	1382907319
8	665	1	1151846792
68	665	1	1382914408
8	666	1	1151846953
68	666	1	1383020852
8	667	1	1151847175
68	667	1	1383023934
8	668	1	1151847323
68	668	1	1383018784
8	669	1	1151874167
68	669	1	1382894658
8	670	1	1151874311
68	670	1	1383018340
8	671	1	1151874412
68	671	1	1383016308
8	672	1	1151874514
68	672	1	1383016744
8	673	1	1151874658
68	673	1	1382912999
8	674	1	1151874769
68	674	1	1383016656
8	675	1	1151874970
68	675	1	1382876406
8	676	1	1151875109
68	676	1	1382914597
8	677	1	1151875253
68	677	1	1383016961
8	678	1	1151875392
68	678	1	1382895239
8	679	1	1151875507
68	679	1	1382903746
8	680	1	1151875640
68	680	1	1383029425
8	681	1	1151875801
68	681	1	1383016289
8	682	1	1151875934
68	682	1	1382888935
8	683	1	1151876072
68	683	1	1382904466
8	684	1	1151876198
68	684	1	1383019498
8	685	1	1151876293
68	685	1	1382874633
8	686	1	1151876372
68	686	1	1383021839
8	687	1	1151876476
68	687	1	1383018096
8	688	1	1151876629
68	688	1	1382899636
24	688	1	1499496573
8	689	1	1151884902
68	689	1	1383024439
8	690	1	1151885115
24	690	1	1319015191
8	691	1	1151885216
68	691	1	1382880216
8	692	1	1152151032
68	692	1	1383016205
61	693	1	1220987793
68	694	1	1383017320
8	695	1	1152587110
8	695	1	1152587151
8	697	1	1153611733
8	697	1	1153611781
8	697	1	1154007329
8	698	1	1153612230
17	698	1	1246380559
17	698	1	1246385270
17	698	1	1249739737
17	698	1	1249909752
17	698	1	1249909824
76	698	1	1292776129
77	698	1	1292776207
78	698	1	1292777268
79	698	1	1292779059
80	698	1	1292779361
81	698	1	1292779572
82	698	1	1292779722
83	698	1	1292779938
84	698	1	1292780137
77	698	1	1292788314
85	698	1	1298568149
86	698	1	1348682681
86	698	1	1348682704
86	698	1	1348682761
16	698	1	1358881640
16	698	1	1358889365
16	698	1	1359036898
16	698	1	1359036911
16	698	1	1359224630
16	698	1	1364928417
7	698	1	1394650942
8	699	1	1153613620
8	699	1	1153613772
8	699	1	1153613854
8	699	1	1153614100
8	699	1	1153614246
8	699	1	1154868758
8	700	1	1153613818
8	701	1	1153613905
8	702	1	1153614114
8	703	1	1153614260
8	704	1	1153659029
8	705	1	1153958836
8	710	1	1154447896
8	712	1	1155230947
8	713	1	1158940773
8	713	1	1158940829
8	713	1	1161610573
24	713	1	1499502141
8	714	1	1160062716
8	714	1	1160062832
8	714	1	1160401404
8	714	1	1160405638
8	714	1	1160493980
8	714	1	1160514883
8	714	1	1160581608
61	714	1	1222371290
8	715	1	1160401316
8	715	1	1160401359
8	715	1	1160401422
87	716	1	1206121985
8	717	1	1160679141
8	718	1	1160679241
8	719	1	1161609731
8	719	1	1161609879
8	719	1	1161610025
88	719	1	1190196820
88	719	1	1190201739
88	719	1	1190202006
88	719	1	1190203894
8	720	1	1161610045
8	721	1	1161610064
10	722	1	1164673204
10	722	1	1164673598
10	723	1	1164674468
10	724	1	1164675222
10	724	1	1164675234
68	725	1	1383016850
10	726	1	1165267839
10	726	1	1165267864
10	726	1	1165268181
10	726	1	1165268207
10	727	1	1165268288
10	728	1	1165268517
10	729	1	1165268667
8	730	1	1165352573
8	731	1	1165352708
8	732	1	1165352749
8	733	1	1165352840
10	734	1	1166726670
8	735	1	1168553129
8	735	1	1168553226
8	735	1	1168553268
8	736	1	1171058718
8	736	1	1171058757
47	738	1	1172543528
89	738	1	1205518462
16	738	1	1358951331
16	738	1	1358951682
42	738	1	1358951979
42	738	1	1358952005
16	738	1	1358952608
16	738	1	1358952643
16	738	1	1358955794
16	738	1	1358958352
90	738	1	1359160958
42	738	1	1364407849
16	738	1	1364412298
16	738	1	1364412548
17	738	1	1364413403
42	738	1	1364417599
16	738	1	1364463143
16	738	1	1364600292
16	738	1	1364600326
91	738	1	1424808540
91	738	1	1429436428
91	738	1	1457900861
91	738	1	1490118858
92	739	1	1173054400
92	740	1	1173054736
54	742	1	1174399171
93	742	1	1427253173
24	742	1	1499501062
55	743	1	1174437565
55	743	1	1174440235
53	743	1	1476845752
55	744	1	1174438108
55	744	1	1174438610
55	744	1	1174439048
55	744	1	1174439082
55	744	1	1174439123
55	744	1	1174439151
55	744	1	1174439241
55	744	1	1174439330
55	744	1	1174439354
55	744	1	1174440392
55	744	1	1174440443
55	744	1	1174440475
55	744	1	1174445423
55	744	1	1174572317
55	744	1	1174575993
55	744	1	1174576056
55	744	1	1174576085
55	744	1	1174838353
55	745	1	1174439822
55	745	1	1174439874
55	745	1	1174579433
55	745	1	1174835927
55	745	1	1175116129
54	746	1	1174508470
43	746	1	1318932422
24	746	1	1319015545
55	747	1	1174573571
55	747	1	1174573651
55	747	1	1174573711
55	747	1	1174573755
55	747	1	1174573790
55	747	1	1174573818
55	747	1	1174573876
55	747	1	1174573914
55	747	1	1174573936
55	747	1	1174573989
55	747	1	1174574022
55	747	1	1174574045
55	747	1	1174574069
55	747	1	1174574115
55	747	1	1174574138
55	747	1	1174574172
55	747	1	1174574199
55	747	1	1174574226
55	747	1	1174574244
55	747	1	1174574274
55	747	1	1174574345
55	747	1	1174574378
55	747	1	1174574572
55	747	1	1174695150
55	747	1	1174695179
55	747	1	1174695207
55	747	1	1174695231
55	747	1	1174695263
55	747	1	1174695292
55	747	1	1174695315
55	747	1	1174695344
55	747	1	1174695374
55	747	1	1174695409
55	747	1	1174695442
55	747	1	1174695495
55	747	1	1174695522
55	747	1	1174838388
55	748	1	1174579696
55	748	1	1174579722
55	748	1	1174579763
55	748	1	1174579787
55	748	1	1174579815
55	748	1	1174579850
55	748	1	1174579890
55	748	1	1174580053
55	748	1	1174580235
55	748	1	1174580352
55	748	1	1174580369
55	748	1	1174580663
55	748	1	1174599524
55	748	1	1174599732
55	748	1	1174599961
55	748	1	1174600151
55	748	1	1174600362
55	748	1	1174694095
55	748	1	1174694144
55	748	1	1174694181
55	748	1	1174694220
55	748	1	1174694264
55	748	1	1174694339
55	748	1	1174694373
55	748	1	1174694411
55	748	1	1174694449
55	748	1	1174694481
55	748	1	1174694503
55	748	1	1174694540
55	748	1	1174694583
55	748	1	1174694720
55	748	1	1174694765
55	748	1	1174838320
55	749	1	1174835975
55	749	1	1174836004
55	749	1	1174836204
55	749	1	1174836244
55	749	1	1174836296
55	749	1	1174836362
55	749	1	1174836415
55	749	1	1174836445
55	749	1	1174836482
55	749	1	1174836518
55	749	1	1174836545
55	749	1	1174836602
55	749	1	1174836624
55	749	1	1174836948
55	749	1	1174837320
55	749	1	1174837584
55	749	1	1174838098
55	749	1	1174839104
55	750	1	1175116199
55	750	1	1175116276
55	750	1	1175117217
55	750	1	1175117285
55	750	1	1175117326
55	750	1	1175117353
55	750	1	1175117376
55	750	1	1175117398
55	750	1	1175117415
55	750	1	1175117439
55	750	1	1175117457
55	750	1	1175117476
55	750	1	1175117499
55	750	1	1175117539
55	750	1	1175117555
55	750	1	1175117576
55	750	1	1175117600
55	750	1	1175117620
55	750	1	1175117639
55	750	1	1175117656
55	750	1	1175117682
55	750	1	1175117698
55	750	1	1175117717
55	750	1	1175117732
55	750	1	1175117751
55	750	1	1175117769
55	750	1	1175117798
55	750	1	1175117819
55	750	1	1175117839
55	750	1	1175117858
55	750	1	1175117876
55	750	1	1175117895
55	750	1	1175118027
94	751	1	1222259899
94	751	1	1222259973
95	751	1	1231101881
8	752	1	1175801330
8	752	1	1175801371
8	753	1	1175801612
54	754	1	1175803184
54	754	1	1175804031
54	754	1	1176231122
54	754	1	1208952454
54	755	1	1175803403
54	755	1	1175809846
54	756	1	1175803571
54	757	1	1175804087
54	757	1	1185130599
54	758	1	1175804996
54	759	1	1175809931
54	760	1	1176231323
54	761	1	1176231381
54	762	1	1177186824
54	763	1	1177202034
54	765	1	1177727378
16	765	1	1364940825
20	768	1	1429228891
60	769	1	1426650219
20	769	1	1429228891
60	769	1	1429245730
16	770	1	1358958735
54	771	1	1181680363
62	771	1	1181774156
54	771	1	1181993535
54	771	1	1181994531
54	772	1	1181677764
62	772	1	1181774143
16	772	1	1364415628
54	773	1	1181678051
54	774	1	1181679329
54	775	1	1181680263
16	775	1	1365009421
54	776	1	1181681841
54	777	1	1181766688
16	777	1	1364418223
16	777	1	1364418264
54	778	1	1181767312
54	779	1	1181768378
62	780	1	1181774143
62	781	1	1181774539
54	781	1	1182004583
8	781	1	1182453948
17	781	1	1249986561
17	781	1	1249991707
60	781	1	1426650142
20	781	1	1429228861
60	781	1	1429245650
54	782	1	1182003839
16	782	1	1364415596
54	783	1	1182009810
16	783	1	1364415582
54	784	1	1182104917
16	784	1	1364415568
54	785	1	1182105571
54	785	1	1182105980
16	785	1	1364415557
54	786	1	1182106826
16	786	1	1364415546
54	787	1	1182107239
16	787	1	1364415533
54	788	1	1182107661
16	788	1	1364415639
54	789	1	1182108565
16	789	1	1364415649
54	790	1	1182109105
16	790	1	1364415672
54	791	1	1182110322
16	791	1	1364415662
54	792	1	1182111427
16	792	1	1364415683
54	793	1	1182112178
16	793	1	1364839822
54	794	1	1182274047
16	794	1	1364839790
54	795	1	1182274888
16	795	1	1364839775
54	796	1	1182277169
54	796	1	1182280830
16	796	1	1364839763
54	797	1	1182279346
54	797	1	1182281052
16	797	1	1364839740
54	798	1	1182281460
16	798	1	1364839727
54	799	1	1182282030
16	799	1	1364838977
54	800	1	1182282207
16	800	1	1364838871
54	801	1	1182282403
16	801	1	1364837154
54	802	1	1182282508
16	802	1	1364836719
54	803	1	1182282634
16	803	1	1364837110
54	804	1	1182443380
16	804	1	1364837081
54	805	1	1182443877
16	805	1	1364837053
54	806	1	1182444183
16	806	1	1364837065
54	807	1	1182445122
16	807	1	1364837023
54	808	1	1182446180
16	808	1	1364836983
54	809	1	1182446403
16	809	1	1364836973
54	810	1	1182447025
16	810	1	1364836935
54	811	1	1182447731
54	812	1	1182449181
54	813	1	1182450009
54	814	1	1182450552
54	815	1	1182450932
16	815	1	1366051357
54	816	1	1182451234
54	817	1	1182451329
54	818	1	1182451474
54	819	1	1182451613
54	820	1	1182451717
16	820	1	1365018646
54	821	1	1182451833
16	821	1	1364853720
54	822	1	1182452076
16	822	1	1364505106
54	823	1	1182452148
54	823	1	1182452316
54	824	1	1182452239
54	825	1	1182452566
54	826	1	1182452733
54	827	1	1182452786
54	828	1	1182452896
54	829	1	1182453108
16	829	1	1365010380
54	830	1	1182453192
54	831	1	1182453237
54	832	1	1182453308
54	833	1	1182453632
96	834	1	1182658142
96	834	1	1182658589
97	834	1	1213141750
54	835	1	1182877256
54	836	1	1182878197
16	836	1	1366233154
54	837	1	1182878655
54	838	1	1182879144
16	838	1	1364940760
54	839	1	1182879328
54	840	1	1182879732
54	841	1	1182879888
54	842	1	1182881274
54	843	1	1182881763
54	844	1	1182882393
16	844	1	1364853652
54	845	1	1182882633
54	846	1	1182882833
54	847	1	1182883232
54	848	1	1182883349
54	849	1	1182883562
16	849	1	1364841001
54	850	1	1182883706
54	851	1	1182883856
54	852	1	1182884213
54	853	1	1182884358
16	853	1	1366056284
54	854	1	1182884502
54	855	1	1182884810
54	856	1	1182885037
54	857	1	1182885308
54	858	1	1182885687
98	859	1	1183046045
99	859	1	1277173000
99	859	1	1277174692
54	860	1	1184966773
54	861	1	1184966986
54	862	1	1185130927
100	864	1	1188320588
100	865	1	1188320730
54	866	1	1189039588
54	867	1	1189040869
88	868	1	1190196820
101	870	1	1190967427
54	871	1	1191872115
54	872	1	1191872732
24	872	1	1375535983
101	873	1	1192459208
54	874	1	1192739797
20	874	1	1429228861
54	875	1	1192740146
54	876	1	1192743213
54	877	1	1192743385
54	878	1	1192743662
54	879	1	1192744061
99	881	1	1192946461
99	881	1	1319173659
99	881	1	1329450821
102	882	1	1193155623
102	883	1	1193157356
102	883	1	1193157687
102	883	1	1193157844
103	884	1	1194211529
103	884	1	1200090748
54	885	1	1196289035
54	886	1	1196289430
54	886	1	1196291061
54	887	1	1196289563
54	888	1	1196289727
54	889	1	1196289819
54	890	1	1196289895
54	891	1	1196289994
54	892	1	1196290109
54	893	1	1196290178
54	894	1	1196290272
54	895	1	1196290355
54	896	1	1196290438
104	896	1	1439784704
54	897	1	1196290526
54	898	1	1196290590
54	899	1	1196290657
54	900	1	1196290720
54	901	1	1196290783
54	902	1	1196290853
54	903	1	1196291018
14	904	1	1196736093
105	907	1	1198364053
105	908	1	1198364060
106	910	1	1199116785
56	911	1	1199841622
56	911	1	1199842469
56	911	1	1200023108
31	911	1	1412193087
107	914	1	1200952768
107	915	1	1200952773
16	921	1	1365465676
16	933	1	1364416094
16	933	1	1364416161
16	934	1	1359122245
16	934	1	1359123167
16	936	1	1359491265
108	954	1	1203287488
108	955	1	1203288048
61	956	1	1203694067
61	956	1	1204064003
61	956	1	1204064274
61	956	1	1204064810
87	958	1	1203986723
87	958	1	1203987270
87	958	1	1204042436
87	958	1	1204042495
87	958	1	1204042514
87	958	1	1204045080
87	958	1	1204048455
87	958	1	1204627460
87	958	1	1206120929
87	958	1	1206120959
87	959	1	1203987169
87	959	1	1203987189
87	959	1	1203987209
87	960	1	1203988078
87	960	1	1204045033
87	960	1	1204047108
87	961	1	1204043318
87	961	1	1204044963
87	962	1	1204046623
87	963	1	1204048269
89	964	1	1205506577
1	964	1	1314708712
15	964	1	1338933588
89	965	1	1205506901
15	965	1	1205511968
15	965	1	1205972446
15	965	1	1206292347
15	965	1	1206296505
15	965	1	1206615372
1	965	1	1314708712
15	965	1	1338933586
15	965	1	1338934407
89	966	1	1205509155
15	966	1	1205510765
15	966	1	1206289090
15	966	1	1206616040
91	966	1	1218798843
15	966	1	1338913458
15	966	1	1338914607
15	967	1	1205513724
91	967	1	1218798843
15	967	1	1317843230
15	967	1	1338913464
89	968	1	1205549462
41	969	1	1205748990
41	969	1	1205749313
41	970	1	1205750081
41	971	1	1205750129
41	972	1	1205750226
41	972	1	1205750257
41	972	1	1205750278
41	973	1	1205750492
41	974	1	1205750669
41	975	1	1205750781
16	975	1	1364414960
15	976	1	1206074232
91	976	1	1218798843
55	977	1	1241636063
87	979	1	1206121333
109	980	1	1206627172
54	981	1	1208952868
54	982	1	1208953156
54	983	1	1208953854
54	983	1	1208954105
54	983	1	1296070617
54	984	1	1208953945
61	984	1	1209395575
54	985	1	1208954206
110	986	1	1209746679
61	987	1	1210168897
111	988	1	1210274910
111	989	1	1210274940
112	990	1	1211981397
113	991	1	1212282567
113	991	1	1212285907
114	992	1	1242773033
114	992	1	1242773154
16	992	1	1358881887
16	992	1	1364413409
115	993	1	1213744731
115	993	1	1213798449
115	993	1	1293351563
115	993	1	1372516096
115	994	1	1214152072
24	996	1	1499500224
116	998	1	1216120918
117	998	1	1245147354
116	999	1	1216121303
116	999	1	1216121317
116	999	1	1216121686
116	999	1	1216122308
116	999	1	1216122481
116	999	1	1216123028
116	1000	1	1216128235
116	1000	1	1216129029
50	1000	1	1245472705
116	1001	1	1216128290
116	1001	1	1216128444
116	1001	1	1216128682
37	1001	1	1241703028
116	1002	1	1216128327
91	1004	1	1218798843
91	1005	1	1218798843
91	1006	1	1218798843
15	1006	1	1313701526
15	1006	1	1317843254
118	1007	1	1219457189
119	1008	1	1219865085
99	1008	1	1225530276
54	1009	1	1220648400
54	1010	1	1220650092
54	1010	1	1220650787
54	1011	1	1220650527
16	1011	1	1371121435
54	1012	1	1220651015
54	1012	1	1220651399
54	1013	1	1220651368
61	1017	1	1236003790
61	1017	1	1236004768
61	1017	1	1236655918
107	1018	1	1221621053
99	1018	1	1225430687
120	1020	1	1222611102
54	1022	1	1222893296
54	1023	1	1224276693
54	1024	1	1224277712
16	1024	1	1365348639
54	1025	1	1224320294
54	1026	1	1224320491
54	1027	1	1224320734
54	1028	1	1224320861
54	1029	1	1224320963
54	1030	1	1224795089
54	1031	1	1224795602
54	1032	1	1224796893
54	1033	1	1224797230
54	1034	1	1224797592
16	1034	1	1366233066
54	1035	1	1224798034
121	1036	1	1225043366
99	1037	1	1225170047
54	1038	1	1225224624
54	1039	1	1225227795
99	1040	1	1225249013
122	1041	1	1225320455
122	1042	1	1225324691
99	1043	1	1225328503
99	1044	1	1225352587
122	1045	1	1225376165
122	1046	1	1225379581
122	1046	1	1226321979
122	1047	1	1225395141
122	1048	1	1225395162
54	1049	1	1225396386
54	1050	1	1225396740
54	1051	1	1225396919
54	1052	1	1225397081
54	1053	1	1225397292
122	1054	1	1225460529
122	1054	1	1225571695
122	1054	1	1225589825
122	1054	1	1225601548
122	1054	1	1225658297
122	1054	1	1225684307
122	1054	1	1225732033
122	1054	1	1225777125
122	1054	1	1225840734
122	1054	1	1225863995
122	1054	1	1225883075
122	1054	1	1226015304
122	1054	1	1226381617
122	1054	1	1226502262
122	1054	1	1226947713
122	1054	1	1226968903
122	1054	1	1227105784
122	1054	1	1227880083
122	1054	1	1228203977
122	1054	1	1229415680
122	1054	1	1230232903
122	1054	1	1230242374
122	1054	1	1230770646
122	1054	1	1231590453
122	1054	1	1232071300
122	1054	1	1232475457
122	1054	1	1232484538
122	1054	1	1233060030
122	1054	1	1233101160
122	1054	1	1233126119
122	1054	1	1233212336
122	1054	1	1233558231
122	1054	1	1234453857
122	1054	1	1234763359
122	1054	1	1234766526
122	1054	1	1234952815
122	1054	1	1235329968
122	1054	1	1235498565
122	1054	1	1236129921
122	1054	1	1237341539
122	1054	1	1238047573
122	1054	1	1238720381
122	1054	1	1240464917
123	1055	1	1241629136
24	1055	1	1499497574
99	1056	1	1225584139
99	1057	1	1225678908
99	1058	1	1225770967
99	1059	1	1225860515
124	1059	1	1379950486
122	1060	1	1225934383
122	1061	1	1225946043
122	1062	1	1225962822
122	1062	1	1226312951
122	1063	1	1226240084
54	1064	1	1226349190
54	1065	1	1226349895
99	1066	1	1226471455
125	1067	1	1226495880
99	1068	1	1227249786
99	1069	1	1227884036
24	1070	1	1473922809
126	1073	1	1229789532
17	1074	1	1498062744
99	1075	1	1234149624
99	1076	1	1234564084
127	1077	1	1234990044
99	1077	1	1264915795
99	1078	1	1235275663
99	1079	1	1235279908
54	1081	1	1235417784
42	1082	1	1237074213
122	1083	1	1237303938
99	1084	1	1237616590
37	1085	1	1238003907
37	1085	1	1242008015
37	1086	1	1238003917
37	1086	1	1257031867
16	1087	1	1358983599
128	1096	1	1238747464
128	1097	1	1238747474
99	1098	1	1239502429
99	1099	1	1239579325
99	1100	1	1239582720
99	1101	1	1240007837
99	1102	1	1240015786
99	1103	1	1240079162
99	1104	1	1240088326
123	1105	1	1241629161
129	1106	1	1242924715
117	1107	1	1245147354
130	1108	1	1245149591
16	1108	1	1364581452
131	1109	1	1245163055
131	1110	1	1245163518
131	1111	1	1245182194
50	1112	1	1245472491
132	1113	1	1246042775
133	1113	1	1444670595
133	1113	1	1444961565
25	1113	1	1445372037
132	1114	1	1246042783
132	1115	1	1246042788
17	1116	1	1246377362
17	1116	1	1246377386
17	1116	1	1246378437
17	1116	1	1246378464
17	1117	1	1246377416
17	1118	1	1246377483
17	1119	1	1246382639
17	1119	1	1246383184
17	1120	1	1246383249
17	1121	1	1246384586
17	1122	1	1246384653
17	1123	1	1246384677
17	1124	1	1246384767
17	1125	1	1246384883
17	1126	1	1246385196
17	1126	1	1246385217
17	1126	1	1246385251
134	1127	1	1246824931
20	1127	1	1429228876
135	1129	1	1247753104
135	1129	1	1247753312
135	1129	1	1247753336
135	1129	1	1247753399
135	1129	1	1247753563
135	1129	1	1247753645
135	1130	1	1247753645
135	1131	1	1247753894
135	1131	1	1247754528
135	1131	1	1247754549
135	1131	1	1247754567
24	1131	1	1499494376
24	1131	1	1499495125
135	1132	1	1247754485
136	1133	1	1248110043
54	1134	1	1249584525
54	1134	1	1249847934
54	1135	1	1249589756
54	1135	1	1249851295
17	1136	1	1249739062
17	1136	1	1249739087
17	1136	1	1249739099
17	1136	1	1249987919
137	1136	1	1326644600
137	1136	1	1329059441
137	1136	1	1338599567
137	1136	1	1338921006
137	1136	1	1340945464
137	1136	1	1342728961
137	1136	1	1346897105
137	1136	1	1347283788
137	1136	1	1350356711
137	1136	1	1350493858
137	1136	1	1357679212
137	1136	1	1358609462
138	1136	1	1358898806
137	1136	1	1359578400
137	1136	1	1363205357
137	1136	1	1366779689
137	1136	1	1367294117
137	1136	1	1367347521
137	1136	1	1369083353
137	1136	1	1370310627
137	1136	1	1371962795
137	1136	1	1372941879
139	1136	1	1372950020
137	1136	1	1374586344
140	1136	1	1374597999
137	1136	1	1377026772
137	1136	1	1379991174
137	1136	1	1380913087
137	1136	1	1381264403
137	1136	1	1383682795
137	1136	1	1384817859
141	1136	1	1388165692
141	1136	1	1388166877
141	1136	1	1388166921
141	1136	1	1388194974
141	1136	1	1388195067
141	1136	1	1390007447
71	1136	1	1407993798
17	1137	1	1249739099
17	1137	1	1249987890
17	1138	1	1249739175
17	1138	1	1249739187
17	1139	1	1249739221
17	1140	1	1249739241
17	1141	1	1249739266
17	1142	1	1249739292
17	1143	1	1249739314
17	1144	1	1249739327
17	1145	1	1249739452
17	1146	1	1249739481
17	1147	1	1249739540
17	1148	1	1249739594
17	1149	1	1249739611
17	1150	1	1249740289
17	1150	1	1249740329
17	1150	1	1249740347
17	1150	1	1249740378
17	1150	1	1250088592
17	1151	1	1249740683
17	1152	1	1249740711
17	1153	1	1249740857
17	1154	1	1249740905
17	1155	1	1249741058
17	1156	1	1249741084
17	1157	1	1249741144
17	1158	1	1249741177
17	1159	1	1249741249
17	1160	1	1249742017
17	1160	1	1249742061
17	1160	1	1249742078
17	1161	1	1249742362
17	1162	1	1249742412
17	1162	1	1249742435
17	1163	1	1249742435
17	1164	1	1249742518
17	1165	1	1249742543
17	1166	1	1249742665
17	1166	1	1249742706
17	1167	1	1249742730
17	1168	1	1249743007
16	1168	1	1358955047
16	1168	1	1359824152
16	1168	1	1359824364
16	1168	1	1359824403
16	1168	1	1359824428
16	1168	1	1359824476
16	1168	1	1359824493
16	1168	1	1364461631
17	1169	1	1249743026
17	1170	1	1249743094
17	1171	1	1249743169
17	1172	1	1249743315
17	1173	1	1249743578
17	1173	1	1249743655
17	1174	1	1249743762
17	1175	1	1249743986
17	1176	1	1249744160
17	1177	1	1249744274
17	1178	1	1249744308
17	1179	1	1249744348
17	1180	1	1249744375
17	1180	1	1249744416
17	1180	1	1249744426
17	1180	1	1249744525
17	1181	1	1249744441
17	1182	1	1249744457
17	1183	1	1249744477
17	1184	1	1249744532
17	1185	1	1249744565
17	1186	1	1249744704
54	1187	1	1249851127
54	1188	1	1249929303
54	1189	1	1249931770
54	1190	1	1249932113
54	1191	1	1249932772
54	1192	1	1249933464
54	1193	1	1249936982
17	1194	1	1249987890
15	1194	1	1313701536
17	1195	1	1249988193
17	1196	1	1249988258
17	1196	1	1249988272
17	1197	1	1249988304
17	1198	1	1249988341
17	1198	1	1249988453
17	1198	1	1249988484
17	1198	1	1249988529
7	1198	1	1394651566
17	1199	1	1249988659
16	1199	1	1364336794
17	1200	1	1249988733
17	1201	1	1249988780
17	1202	1	1249988809
17	1202	1	1249988830
16	1202	1	1359225842
16	1202	1	1364415077
16	1202	1	1364415142
16	1202	1	1364423965
142	1202	1	1489646539
17	1203	1	1249988855
17	1204	1	1249989368
17	1205	1	1249989404
17	1206	1	1250088564
17	1206	1	1250088613
60	1206	1	1426650159
20	1206	1	1429228864
60	1206	1	1429245651
99	1207	1	1251833922
99	1208	1	1252735268
99	1209	1	1252743773
99	1210	1	1252815809
143	1213	1	1257185977
54	1214	1	1257877031
54	1215	1	1257879472
144	1216	1	1258799578
145	1217	1	1260049618
37	1218	1	1260804602
24	1218	1	1473922623
37	1219	1	1261846038
146	1220	1	1264127495
99	1221	1	1264237256
99	1222	1	1264292099
109	1223	1	1264356007
99	1224	1	1264389294
99	1225	1	1264467355
99	1226	1	1264473348
99	1227	1	1264551972
99	1228	1	1264720850
99	1229	1	1264732154
147	1230	1	1264850780
147	1231	1	1264850788
99	1232	1	1264919107
99	1233	1	1264921565
99	1234	1	1264923252
7	1235	1	1265194755
7	1235	1	1265195940
7	1235	1	1265196107
7	1235	1	1265196277
7	1235	1	1265196517
7	1235	1	1265196716
7	1235	1	1265196803
7	1235	1	1265197117
7	1235	1	1265198268
7	1235	1	1265198383
7	1235	1	1265198496
7	1235	1	1265425789
17	1235	1	1265665790
7	1235	1	1265800072
7	1235	1	1265800166
7	1235	1	1265800199
7	1235	1	1265850294
148	1235	1	1410632305
7	1236	1	1265194858
7	1237	1	1265194901
7	1238	1	1265195018
7	1239	1	1265195104
7	1240	1	1265195642
7	1241	1	1265195736
7	1242	1	1265195895
7	1243	1	1265196012
7	1244	1	1265196903
128	1244	1	1363428861
149	1244	1	1424891657
7	1245	1	1265198108
7	1246	1	1265198152
7	1247	1	1265198191
16	1247	1	1364463570
16	1247	1	1364463613
7	1248	1	1265425297
7	1248	1	1265425368
7	1248	1	1265882193
7	1249	1	1265425504
7	1249	1	1265425517
7	1249	1	1265425557
7	1250	1	1265425608
7	1251	1	1265425891
7	1251	1	1265425921
7	1251	1	1265426036
7	1251	1	1265426079
7	1251	1	1265426147
7	1251	1	1265426192
7	1252	1	1265800951
7	1252	1	1265802509
7	1252	1	1265802594
7	1253	1	1265803237
150	1254	1	1266544002
99	1255	1	1266706534
99	1255	1	1379473359
99	1256	1	1266717415
73	1257	1	1268242222
151	1258	1	1268601564
152	1259	1	1269194521
153	1260	1	1270201008
153	1260	1	1379192186
153	1261	1	1270469218
153	1261	1	1379192190
153	1262	1	1270657024
153	1262	1	1379192193
99	1263	1	1271126947
43	1265	1	1273366397
86	1268	1	1274793690
154	1269	1	1276238302
99	1270	1	1277066101
99	1271	1	1277158884
99	1272	1	1277167838
99	1273	1	1277178781
99	1274	1	1277180294
99	1275	1	1277247202
99	1276	1	1277578909
99	1276	1	1289164567
155	1276	1	1308761572
155	1276	1	1309106722
155	1276	1	1322676804
155	1276	1	1356644551
155	1276	1	1356695380
99	1277	1	1280795595
99	1278	1	1280799661
156	1279	1	1280959914
156	1279	1	1281005634
156	1280	1	1281096669
99	1281	1	1281149031
99	1282	1	1281153036
99	1283	1	1281154743
99	1284	1	1281158148
156	1285	1	1281177834
99	1285	1	1289163306
155	1285	1	1308799688
155	1285	1	1309110495
155	1285	1	1356644553
99	1286	1	1281232544
99	1287	1	1281234341
156	1288	1	1281258204
157	1289	1	1281994950
157	1290	1	1281994961
158	1291	1	1282093927
159	1291	1	1422986834
158	1292	1	1282093938
159	1292	1	1422986835
99	1293	1	1283020671
99	1294	1	1283393052
32	1294	1	1395594555
160	1295	1	1283393508
160	1295	1	1284614399
124	1295	1	1408317624
160	1296	1	1283408683
16	1297	1	1365588853
161	1298	1	1285021097
16	1299	1	1361576915
16	1299	1	1365016326
160	1300	1	1285792063
160	1301	1	1286349025
99	1303	1	1287259577
99	1304	1	1287261264
99	1306	1	1289160086
99	1307	1	1289172704
160	1308	1	1289950168
160	1308	1	1291477188
160	1308	1	1295306039
162	1308	1	1327433635
163	1308	1	1337663305
163	1308	1	1342549277
163	1308	1	1349131827
163	1308	1	1360201143
17	1309	1	1290223135
17	1309	1	1290223419
164	1312	1	1292352731
77	1312	1	1292352812
24	1312	1	1473923160
157	1313	1	1293739156
165	1314	1	1294091270
54	1315	1	1295696968
54	1316	1	1295698208
54	1317	1	1295699026
54	1318	1	1295699782
54	1318	1	1295700877
166	1319	1	1295969603
166	1319	1	1295969900
24	1319	1	1472546832
24	1319	1	1472547438
54	1320	1	1296070786
54	1321	1	1296071070
54	1322	1	1296071186
54	1323	1	1296071411
54	1324	1	1296071532
99	1325	1	1296442382
99	1325	1	1333237255
167	1325	1	1390292589
99	1326	1	1296534763
99	1327	1	1296616903
99	1328	1	1296783684
168	1329	1	1297757030
169	1330	1	1298414590
169	1330	1	1330306722
99	1331	1	1298435497
170	1333	1	1300978346
170	1334	1	1300978420
170	1335	1	1300978444
99	1336	1	1301869658
160	1337	1	1302754955
99	1338	1	1302977823
157	1338	1	1331476390
99	1339	1	1302982354
99	1340	1	1302994217
99	1341	1	1303350760
99	1342	1	1305156844
99	1342	1	1333910961
171	1343	1	1306312602
171	1343	1	1314538186
160	1344	1	1306446541
160	1345	1	1306518716
172	1346	1	1307397338
173	1346	1	1332355591
155	1348	1	1308809675
155	1348	1	1308813816
155	1349	1	1308813689
174	1350	1	1309230218
174	1350	1	1331457997
174	1350	1	1401150081
174	1350	1	1423195001
175	1351	1	1309513741
175	1352	1	1309526653
155	1353	1	1309540072
155	1354	1	1309542199
99	1355	1	1309569996
99	1356	1	1309578750
99	1357	1	1309582835
99	1358	1	1309622887
157	1358	1	1321453194
99	1359	1	1309631803
24	1360	1	1313766682
17	1361	1	1313774984
17	1361	1	1313774998
128	1361	1	1363436191
153	1361	1	1424845210
17	1362	1	1313777743
176	1363	1	1313792595
99	1364	1	1314241080
99	1364	1	1422211720
177	1365	1	1314250701
177	1365	1	1388778027
1	1366	1	1314708712
1	1367	1	1314708712
1	1368	1	1314709346
1	1368	1	1316862753
16	1369	1	1363810562
16	1369	1	1363810600
16	1369	1	1363810673
99	1370	1	1315762997
99	1371	1	1315767554
99	1372	1	1315772010
173	1374	1	1318457448
178	1375	1	1318481368
99	1376	1	1318974431
24	1377	1	1319015479
24	1378	1	1319015545
58	1379	1	1319450829
160	1380	1	1319840966
160	1380	1	1429212135
179	1381	1	1319993770
180	1381	1	1497569327
181	1382	1	1320841202
181	1383	1	1320841333
182	1384	1	1321040395
183	1385	1	1321063889
182	1386	1	1321205055
182	1387	1	1321205056
182	1387	1	1321205228
157	1388	1	1321453194
184	1389	1	1321534122
184	1389	1	1349173645
184	1389	1	1352419262
99	1390	1	1321762640
99	1391	1	1321848066
99	1392	1	1321919162
99	1393	1	1321922787
99	1393	1	1322092660
99	1394	1	1321927025
99	1394	1	1322094386
155	1395	1	1321999339
99	1396	1	1322096561
99	1397	1	1322097808
99	1398	1	1322099013
185	1399	1	1322264803
186	1400	1	1322395201
99	1400	1	1346639012
99	1401	1	1323015250
99	1402	1	1323046142
99	1403	1	1323049855
187	1404	1	1325902346
187	1404	1	1325902656
187	1404	1	1325902672
187	1404	1	1325902721
173	1405	1	1325910269
173	1405	1	1325967119
99	1406	1	1326049016
160	1407	1	1326327525
24	1408	1	1327241987
59	1409	1	1327628283
59	1410	1	1327629119
59	1410	1	1327641021
59	1410	1	1327641112
59	1411	1	1327640276
173	1412	1	1328130224
188	1413	1	1328452282
188	1413	1	1328466087
188	1414	1	1328452291
188	1414	1	1328465258
99	1415	1	1329069781
99	1416	1	1329082530
157	1417	1	1329728544
173	1418	1	1329745564
173	1419	1	1329759539
155	1420	1	1329832431
155	1421	1	1329836792
155	1421	1	1356636395
157	1422	1	1330631046
157	1423	1	1330704345
99	1424	1	1332039300
99	1425	1	1333243816
16	1426	1	1364414922
99	1427	1	1333419102
99	1428	1	1333499796
99	1428	1	1333582027
99	1429	1	1333587053
99	1430	1	1333904770
99	1431	1	1333906804
173	1432	1	1334113064
99	1433	1	1334509591
151	1434	1	1335650976
99	1435	1	1336323201
99	1436	1	1336325628
189	1436	1	1446462712
16	1437	1	1358885133
190	1438	1	1338006785
190	1439	1	1338013505
173	1440	1	1338320796
191	1441	1	1338443299
191	1441	1	1342493364
99	1442	1	1338649368
99	1443	1	1338655702
99	1444	1	1338659732
99	1445	1	1339378428
99	1446	1	1339992825
173	1447	1	1340666852
99	1448	1	1341259130
99	1448	1	1344109962
192	1449	1	1342275951
99	1449	1	1344218959
99	1449	1	1344226265
54	1450	1	1343418103
53	1451	1	1476845457
24	1453	1	1473923063
24	1453	1	1499496120
99	1454	1	1344111612
193	1455	1	1344244070
99	1456	1	1344379757
194	1457	1	1344658391
195	1458	1	1346356664
195	1459	1	1346431161
196	1459	1	1347097495
196	1460	1	1346442597
99	1461	1	1346627214
99	1462	1	1346632942
99	1463	1	1346636966
32	1464	1	1347883390
197	1465	1	1348937533
16	1467	1	1358947622
198	1469	1	1351087807
157	1471	1	1351192096
157	1472	1	1351240648
157	1473	1	1351247844
157	1474	1	1351247853
184	1475	1	1352419433
16	1478	1	1358884677
16	1479	1	1358884593
16	1479	1	1365009126
137	1480	1	1354613473
99	1481	1	1355087768
99	1482	1	1355091540
99	1483	1	1355105548
99	1484	1	1355108910
99	1485	1	1355112749
199	1486	1	1355255824
200	1487	1	1355726645
19	1487	1	1491323064
16	1489	1	1358881723
16	1489	1	1358951949
16	1489	1	1358951986
16	1489	1	1361900324
16	1489	1	1364336672
16	1489	1	1364403096
16	1489	1	1364403375
16	1489	1	1364404041
16	1489	1	1364404067
16	1489	1	1364415336
16	1489	1	1364462766
16	1489	1	1364504824
16	1489	1	1364600631
16	1489	1	1364928258
16	1490	1	1358897290
16	1491	1	1358954863
16	1491	1	1364402747
16	1491	1	1364462532
16	1492	1	1358955231
16	1492	1	1364461594
16	1493	1	1358956689
16	1494	1	1359035963
16	1494	1	1359035999
16	1494	1	1359036076
16	1494	1	1359036256
16	1494	1	1361898816
7	1494	1	1394650838
7	1494	1	1394650857
7	1494	1	1394651711
16	1495	1	1359038105
16	1495	1	1359040415
16	1495	1	1359040473
16	1495	1	1361899750
16	1496	1	1359038984
16	1496	1	1364403469
16	1496	1	1364928478
16	1497	1	1359116309
16	1497	1	1359116322
16	1497	1	1359116399
16	1497	1	1361898613
16	1498	1	1359116466
16	1499	1	1359226601
16	1500	1	1359375987
16	1500	1	1359376086
173	1501	1	1359581611
173	1502	1	1359581719
16	1503	1	1359824083
16	1504	1	1359824338
199	1505	1	1359911297
99	1506	1	1360030646
85	1506	1	1417132143
85	1506	1	1487250735
99	1507	1	1360034976
99	1510	1	1361149666
99	1511	1	1361155312
16	1512	1	1361576803
16	1512	1	1361576829
173	1513	1	1361234123
16	1514	1	1361576803
16	1515	1	1361898619
16	1516	1	1361899176
16	1517	1	1361899207
16	1518	1	1361899253
16	1519	1	1361899292
16	1520	1	1361899352
201	1521	1	1361932452
16	1522	1	1362265349
16	1522	1	1362265559
16	1522	1	1362265570
16	1522	1	1362265766
16	1522	1	1364483808
16	1523	1	1362265516
16	1523	1	1362265534
16	1523	1	1362265670
16	1523	1	1362265723
19	1523	1	1437615759
16	1524	1	1362265723
16	1525	1	1362266333
16	1525	1	1362528539
16	1525	1	1362528554
16	1526	1	1362267051
202	1527	1	1363884591
202	1528	1	1363884609
173	1529	1	1364093304
99	1530	1	1364142386
99	1531	1	1364146459
99	1532	1	1364172900
99	1533	1	1364174751
189	1533	1	1451502269
16	1534	1	1364336492
16	1535	1	1364336809
16	1535	1	1364337155
16	1536	1	1364336971
16	1536	1	1364337036
16	1537	1	1364402795
16	1538	1	1364402825
16	1539	1	1364402890
16	1540	1	1364402913
16	1540	1	1364402960
16	1540	1	1364462843
16	1541	1	1364403536
16	1542	1	1364403594
16	1543	1	1364403637
16	1544	1	1364403690
16	1545	1	1364403736
16	1546	1	1364403792
16	1547	1	1364403836
16	1548	1	1364403862
16	1549	1	1364412975
16	1550	1	1364413227
16	1551	1	1364413245
16	1552	1	1364413550
16	1552	1	1364413606
16	1553	1	1364413704
16	1554	1	1364413841
16	1555	1	1364414052
16	1556	1	1364414743
16	1557	1	1364415196
19	1557	1	1437615767
16	1558	1	1364418264
16	1559	1	1364461834
16	1560	1	1364461907
16	1561	1	1364461957
16	1562	1	1364462251
16	1563	1	1364462300
16	1563	1	1364462352
16	1563	1	1364462613
16	1564	1	1364462399
16	1565	1	1364462503
16	1566	1	1364462553
16	1567	1	1364462874
16	1568	1	1364463372
16	1569	1	1364463408
16	1569	1	1364463430
19	1569	1	1437615783
16	1570	1	1364483773
16	1571	1	1364504219
16	1572	1	1364504270
16	1573	1	1364504377
16	1574	1	1364504424
16	1575	1	1364504469
16	1576	1	1364504535
16	1577	1	1364504571
16	1578	1	1364504600
16	1579	1	1364504647
16	1580	1	1364505232
16	1581	1	1364505307
16	1582	1	1364505410
16	1583	1	1364505455
16	1584	1	1364505498
16	1585	1	1364505527
16	1586	1	1364505570
16	1587	1	1364564742
16	1588	1	1364564804
16	1589	1	1364566762
16	1590	1	1364566796
16	1591	1	1364566830
16	1592	1	1364566879
16	1593	1	1364566906
16	1594	1	1364566992
16	1595	1	1364567151
16	1596	1	1364567180
16	1597	1	1364567310
16	1598	1	1364567705
16	1599	1	1364567794
16	1600	1	1364567972
16	1601	1	1364568021
16	1602	1	1364568172
16	1603	1	1364568214
16	1604	1	1364581754
16	1605	1	1364581825
16	1606	1	1364581862
16	1607	1	1364581890
16	1608	1	1364581912
16	1609	1	1364581948
16	1610	1	1364581982
16	1611	1	1364582060
16	1612	1	1364582159
16	1613	1	1364582199
16	1614	1	1364582283
16	1615	1	1364582403
16	1616	1	1364582486
16	1617	1	1364582505
16	1618	1	1364582598
16	1619	1	1364582677
16	1620	1	1364671758
16	1621	1	1364671925
16	1622	1	1364672020
16	1623	1	1364672513
16	1624	1	1364672569
16	1625	1	1364853838
16	1625	1	1364853853
16	1626	1	1364853925
16	1627	1	1364854002
16	1628	1	1364854029
16	1629	1	1364928226
16	1630	1	1364928318
16	1631	1	1364928350
16	1632	1	1364928386
16	1633	1	1366051184
203	1634	1	1366085069
173	1635	1	1367175072
204	1636	1	1367354421
189	1636	1	1451505842
16	1637	1	1368698370
16	1638	1	1368708715
16	1639	1	1368709415
16	1639	1	1368709494
16	1640	1	1368709741
16	1641	1	1368709793
16	1642	1	1368709950
16	1643	1	1369334448
16	1644	1	1369439929
205	1645	1	1369577806
205	1645	1	1380347479
99	1645	1	1381706544
205	1645	1	1384698570
205	1645	1	1408420423
16	1646	1	1369853278
16	1647	1	1369853349
16	1648	1	1369853487
16	1649	1	1369853513
16	1650	1	1369853533
99	1651	1	1370217432
99	1652	1	1372733612
99	1653	1	1372820712
24	1655	1	1375536159
206	1656	1	1376683330
206	1657	1	1377991891
153	1658	1	1379191801
153	1659	1	1379191803
99	1660	1	1379281049
99	1661	1	1379302473
189	1661	1	1451502268
99	1662	1	1379463763
99	1663	1	1379467478
99	1665	1	1379560764
99	1666	1	1379562456
99	1667	1	1379563800
99	1668	1	1379897221
99	1669	1	1379899004
99	1671	1	1380159632
99	1672	1	1380163861
99	1674	1	1380395935
99	1675	1	1380397312
99	1676	1	1380400949
207	1676	1	1385796096
207	1676	1	1388052116
207	1676	1	1391247777
99	1676	1	1408626470
208	1676	1	1411917875
209	1676	1	1411919410
99	1676	1	1413772515
99	1676	1	1438465555
99	1677	1	1380407516
207	1677	1	1385474042
207	1677	1	1386742721
207	1677	1	1391655248
207	1677	1	1393935147
208	1677	1	1411917876
209	1677	1	1411919411
99	1677	1	1414898046
99	1681	1	1381683838
99	1682	1	1381700145
205	1682	1	1382878470
205	1682	1	1382932343
99	1683	1	1381723301
159	1683	1	1450290267
205	1685	1	1382847460
205	1685	1	1382861288
210	1686	1	1382905321
211	1687	1	1383038540
212	1688	1	1388062611
26	1688	1	1415708558
213	1689	1	1384645428
214	1689	1	1402230686
215	1690	1	1384698811
216	1691	1	1384786246
217	1693	1	1385383785
218	1695	1	1387293418
214	1697	1	1387877733
214	1697	1	1387877749
141	1698	1	1388166045
141	1698	1	1388166082
141	1698	1	1388166125
219	1699	1	1388837804
219	1699	1	1424687988
99	1700	1	1390174892
220	1700	1	1487201521
99	1701	1	1390254150
99	1702	1	1390265288
221	1703	1	1390299999
222	1704	1	1392389359
222	1705	1	1392392132
99	1706	1	1393563743
99	1707	1	1393571014
223	1708	1	1393705652
224	1709	1	1394618256
7	1710	1	1394650858
216	1711	1	1394756998
225	1712	1	1395184965
225	1712	1	1395426948
225	1712	1	1396578186
32	1713	1	1395594555
63	1714	1	1395755407
63	1714	1	1395755470
226	1715	1	1396562850
214	1716	1	1396596922
60	1720	1	1403183361
16	1721	1	1406378006
124	1722	1	1408317625
99	1723	1	1409106436
99	1724	1	1410622594
227	1724	1	1447384084
99	1725	1	1410709672
99	1726	1	1411003629
227	1726	1	1447384114
208	1727	1	1411917876
15	1727	1	1415696496
99	1727	1	1420952237
208	1728	1	1411917876
15	1728	1	1415696509
99	1728	1	1420958976
209	1729	1	1411919411
209	1730	1	1411919411
228	1732	1	1413412876
228	1732	1	1447356203
228	1732	1	1447791881
99	1733	1	1416714158
159	1733	1	1472038878
159	1733	1	1472131707
99	1734	1	1416721262
159	1734	1	1472038878
159	1734	1	1472131708
85	1735	1	1417132143
85	1736	1	1417132144
99	1737	1	1417321375
99	1738	1	1421017580
99	1739	1	1421111648
99	1740	1	1421115634
99	1741	1	1421119688
99	1741	1	1423374919
194	1741	1	1424432059
159	1742	1	1422986835
159	1743	1	1422986835
99	1744	1	1423370579
99	1745	1	1423377287
194	1745	1	1424432059
99	1746	1	1423708274
99	1747	1	1423940368
99	1748	1	1424392681
159	1748	1	1438202272
194	1749	1	1424432059
194	1750	1	1424432059
99	1751	1	1424582843
159	1751	1	1438202119
99	1752	1	1424584960
15	1752	1	1438451220
99	1753	1	1426641897
60	1754	1	1426650141
20	1754	1	1429228861
60	1754	1	1429245650
60	1755	1	1426650142
20	1755	1	1429228861
60	1755	1	1429245650
60	1756	1	1426650142
20	1756	1	1429228861
60	1756	1	1429245650
60	1757	1	1426650143
20	1757	1	1429228861
60	1757	1	1429245650
60	1758	1	1426650144
20	1758	1	1429228861
60	1758	1	1429245650
60	1759	1	1426650144
20	1759	1	1429228861
60	1759	1	1429245650
60	1760	1	1426650144
20	1760	1	1429228861
60	1760	1	1429245650
60	1761	1	1426650144
20	1761	1	1429228861
60	1761	1	1429245650
60	1762	1	1426650144
20	1762	1	1429228861
60	1762	1	1429245650
60	1763	1	1426650155
20	1763	1	1429228862
60	1763	1	1429245650
60	1764	1	1426650155
20	1764	1	1429228862
60	1764	1	1429245650
60	1765	1	1426650156
20	1765	1	1429228862
60	1765	1	1429245650
60	1766	1	1426650156
20	1766	1	1429228862
60	1766	1	1429245650
60	1767	1	1426650157
20	1767	1	1429228862
60	1767	1	1429245650
60	1768	1	1426650158
20	1768	1	1429228862
60	1768	1	1429245650
60	1769	1	1426650158
20	1769	1	1429228862
60	1769	1	1429245650
60	1770	1	1426650158
20	1770	1	1429228862
60	1770	1	1429245650
60	1771	1	1426650158
20	1771	1	1429228862
60	1771	1	1429245651
60	1772	1	1426650159
20	1772	1	1429228862
60	1772	1	1429245651
60	1773	1	1426650159
20	1773	1	1429228864
60	1773	1	1429245651
60	1774	1	1426650160
20	1774	1	1429228864
60	1774	1	1429245651
60	1775	1	1426650160
20	1775	1	1429228864
60	1775	1	1429245651
60	1776	1	1426650160
20	1776	1	1429228864
60	1776	1	1429245651
60	1777	1	1426650160
20	1777	1	1429228866
60	1777	1	1429245651
60	1778	1	1426650160
20	1778	1	1429228864
60	1778	1	1429245651
60	1779	1	1426650161
20	1779	1	1429228865
60	1779	1	1429245651
60	1780	1	1426650161
20	1780	1	1429228864
60	1780	1	1429245651
60	1781	1	1426650161
20	1781	1	1429228864
60	1781	1	1429245651
60	1782	1	1426650161
20	1782	1	1429228865
60	1782	1	1429245651
60	1783	1	1426650161
20	1783	1	1429228866
60	1783	1	1429245651
60	1784	1	1426650162
20	1784	1	1429228865
60	1784	1	1429245651
60	1785	1	1426650163
20	1785	1	1429228865
60	1785	1	1429245651
60	1786	1	1426650163
20	1786	1	1429228865
60	1786	1	1429245651
60	1787	1	1426650163
20	1787	1	1429228865
60	1787	1	1429245654
60	1788	1	1426650163
20	1788	1	1429228866
60	1788	1	1429245654
60	1789	1	1426650164
20	1789	1	1429228866
60	1789	1	1429245654
60	1790	1	1426650167
20	1790	1	1429228866
60	1790	1	1429245655
60	1791	1	1426650167
20	1791	1	1429228866
60	1791	1	1429245655
60	1792	1	1426650167
20	1792	1	1429228867
60	1792	1	1429245656
60	1793	1	1426650167
20	1793	1	1429228867
60	1793	1	1429245656
60	1794	1	1426650168
20	1794	1	1429228867
60	1794	1	1429245657
60	1795	1	1426650168
20	1795	1	1429228868
60	1795	1	1429245656
60	1796	1	1426650168
20	1796	1	1429228867
60	1796	1	1429245661
60	1797	1	1426650173
20	1797	1	1429228867
60	1797	1	1429245661
60	1798	1	1426650173
20	1798	1	1429228867
60	1798	1	1429245662
60	1799	1	1426650173
20	1799	1	1429228868
60	1799	1	1429245662
60	1800	1	1426650173
20	1800	1	1429228870
60	1800	1	1429245662
60	1801	1	1426650173
20	1801	1	1429228867
60	1801	1	1429245662
60	1802	1	1426650173
20	1802	1	1429228867
60	1802	1	1429245662
60	1803	1	1426650173
20	1803	1	1429228870
60	1803	1	1429245663
60	1804	1	1426650173
20	1804	1	1429228870
60	1804	1	1429245662
60	1805	1	1426650173
20	1805	1	1429228870
60	1805	1	1429245664
60	1806	1	1426650173
20	1806	1	1429228870
60	1806	1	1429245664
60	1807	1	1426650173
20	1807	1	1429228870
60	1807	1	1429245664
60	1808	1	1426650173
20	1808	1	1429228870
60	1808	1	1429245664
60	1809	1	1426650173
20	1809	1	1429228870
60	1809	1	1429245664
60	1810	1	1426650173
20	1810	1	1429228870
60	1810	1	1429245664
60	1811	1	1426650174
60	1812	1	1426650175
60	1813	1	1426650175
20	1813	1	1429228873
60	1813	1	1429245667
60	1814	1	1426650175
20	1814	1	1429228873
60	1814	1	1429245664
60	1815	1	1426650175
20	1815	1	1429228873
60	1815	1	1429245667
60	1816	1	1426650175
20	1816	1	1429228873
60	1816	1	1429245667
60	1817	1	1426650175
20	1817	1	1429228873
60	1817	1	1429245667
60	1818	1	1426650175
20	1818	1	1429228873
60	1818	1	1429245667
60	1819	1	1426650175
20	1819	1	1429228873
60	1819	1	1429245668
60	1820	1	1426650175
20	1820	1	1429228873
60	1820	1	1429245668
60	1821	1	1426650183
20	1821	1	1429228873
60	1821	1	1429245669
60	1822	1	1426650183
20	1822	1	1429228873
60	1822	1	1429245669
60	1823	1	1426650183
20	1823	1	1429228876
60	1823	1	1429245673
60	1824	1	1426650194
20	1824	1	1429228875
60	1824	1	1429245676
60	1825	1	1426650194
20	1825	1	1429228876
60	1825	1	1429245676
60	1826	1	1426650195
20	1826	1	1429228875
60	1826	1	1429245677
60	1827	1	1426650195
20	1827	1	1429228875
60	1827	1	1429245677
60	1828	1	1426650195
20	1828	1	1429228875
60	1828	1	1429245677
60	1829	1	1426650203
20	1829	1	1429228876
60	1829	1	1429245677
60	1830	1	1426650203
20	1830	1	1429228876
60	1830	1	1429245677
60	1831	1	1426650203
20	1831	1	1429228876
60	1831	1	1429245677
60	1832	1	1426650203
20	1832	1	1429228876
60	1832	1	1429245681
60	1833	1	1426650203
20	1833	1	1429228879
60	1833	1	1429245682
60	1834	1	1426650204
20	1834	1	1429228879
60	1834	1	1429245682
60	1835	1	1426650204
20	1835	1	1429228879
60	1835	1	1429245682
60	1836	1	1426650204
20	1836	1	1429228879
60	1836	1	1429245686
60	1837	1	1426650204
20	1837	1	1429228879
60	1837	1	1429245687
60	1838	1	1426650204
20	1838	1	1429228879
60	1838	1	1429245687
60	1839	1	1426650204
20	1839	1	1429228879
60	1839	1	1429245687
60	1840	1	1426650204
20	1840	1	1429228879
60	1840	1	1429245687
60	1841	1	1426650204
20	1841	1	1429228879
60	1841	1	1429245687
60	1842	1	1426650204
20	1842	1	1429228879
60	1842	1	1429245699
60	1843	1	1426650204
20	1843	1	1429228883
60	1843	1	1429245700
60	1844	1	1426650205
20	1844	1	1429228883
60	1844	1	1429245700
60	1845	1	1426650205
20	1845	1	1429228883
60	1845	1	1429245700
60	1846	1	1426650205
20	1846	1	1429228883
60	1846	1	1429245700
60	1847	1	1426650205
20	1847	1	1429228883
60	1847	1	1429245703
60	1848	1	1426650205
20	1848	1	1429228883
60	1848	1	1429245704
60	1849	1	1426650205
20	1849	1	1429228883
60	1849	1	1429245703
60	1850	1	1426650205
20	1850	1	1429228883
60	1850	1	1429245707
60	1851	1	1426650205
20	1851	1	1429228883
60	1851	1	1429245707
60	1852	1	1426650205
20	1852	1	1429228883
60	1852	1	1429245707
60	1853	1	1426650206
20	1853	1	1429228887
60	1853	1	1429245708
60	1854	1	1426650216
20	1854	1	1429228887
60	1854	1	1429245708
60	1855	1	1426650216
20	1855	1	1429228887
60	1855	1	1429245709
60	1856	1	1426650217
20	1856	1	1429228887
60	1856	1	1429245714
60	1857	1	1426650217
20	1857	1	1429228887
60	1857	1	1429245714
60	1858	1	1426650217
20	1858	1	1429228887
60	1858	1	1429245709
60	1859	1	1426650217
20	1859	1	1429228887
60	1859	1	1429245715
60	1860	1	1426650218
20	1860	1	1429228887
60	1860	1	1429245714
60	1861	1	1426650218
20	1861	1	1429228887
60	1861	1	1429245721
60	1862	1	1426650218
20	1862	1	1429228887
60	1862	1	1429245721
60	1863	1	1426650218
20	1863	1	1429228891
60	1863	1	1429245721
60	1864	1	1426650218
20	1864	1	1429228891
60	1864	1	1429245726
60	1865	1	1426650219
20	1865	1	1429228891
60	1865	1	1429245729
60	1866	1	1426650221
20	1866	1	1429228891
60	1866	1	1429245730
60	1867	1	1426650221
20	1867	1	1429228891
60	1867	1	1429245731
160	1868	1	1429212136
159	1870	1	1438202120
159	1871	1	1438202273
229	1872	1	1438644922
230	1873	1	1442453886
230	1874	1	1442453887
230	1875	1	1442453887
230	1876	1	1442453887
230	1877	1	1442470740
230	1878	1	1442470740
230	1879	1	1442470741
230	1880	1	1442470741
230	1881	1	1442470741
230	1882	1	1442470741
230	1883	1	1442470741
230	1884	1	1442470741
230	1885	1	1442470741
230	1886	1	1442470741
133	1887	1	1442610398
231	1888	1	1442612199
231	1888	1	1442612811
232	1889	1	1442613521
232	1889	1	1442613920
229	1890	1	1443816343
229	1891	1	1443816343
229	1892	1	1443816343
229	1893	1	1443816343
229	1894	1	1443816343
229	1895	1	1443816344
229	1896	1	1443816344
189	1898	1	1446462712
159	1899	1	1450290263
159	1900	1	1450290267
189	1901	1	1451502268
189	1902	1	1451502269
189	1903	1	1451505842
189	1904	1	1462383639
233	1905	1	1463822188
159	1907	1	1472131707
159	1908	1	1472131708
24	1909	1	1472546832
24	1910	1	1472547524
220	1913	1	1487201521
85	1914	1	1487250735
142	1916	1	1489646660
180	1917	1	1497569327
17	1918	1	1498062744
17	1919	1	1498062744
24	1920	1	1499497088
24	1921	1	1499497574
24	1922	1	1499502141
