1	1	1	1098742767
2	5	1	1285488899
2	5	1	1285488919
2	5	1	1285488982
1	6	1	1099764401
2	6	1	1284628885
3	7	1	1172993757
3	7	1	1172996376
3	7	1	1174196505
3	7	1	1174196569
4	7	1	1185553038
2	7	1	1284628878
1	8	1	1098674234
3	8	1	1172997106
1	9	1	1098674256
1	10	1	1098674894
5	10	1	1137162295
1	11	1	1098820950
1	12	1	1099764377
2	12	1	1284628335
1	13	1	1099764391
2	13	1	1284628364
2	13	1	1298227839
2	13	1	1298227852
6	15	1	1102671920
6	15	1	1102672002
2	15	1	1282679257
6	16	1	1106060887
5	17	1	1136123950
5	17	1	1137162190
7	18	1	1135758774
8	18	1	1444569078
7	19	1	1135758787
9	21	1	1159757934
9	21	1	1163310699
3	22	1	1170655555
3	22	1	1170656366
3	22	1	1172995208
3	22	1	1173071181
10	22	1	1206512790
2	22	1	1284627391
2	22	1	1284627510
2	22	1	1284627529
2	22	1	1284627659
3	23	1	1170743784
3	23	1	1172996276
10	23	1	1206513495
2	23	1	1282648782
2	23	1	1282648862
11	23	1	1288854374
2	23	1	1288869246
3	24	1	1172996861
3	25	1	1172997027
2	25	1	1284627620
3	26	1	1173060625
10	26	1	1206506653
10	26	1	1206512276
2	26	1	1282245599
2	26	1	1282245665
2	26	1	1282326871
2	26	1	1288869491
2	26	1	1288869565
3	27	1	1173072428
2	27	1	1282988853
2	27	1	1282988992
2	27	1	1287938506
12	28	1	1183048240
13	28	1	1277173058
13	28	1	1277174749
4	29	1	1185553404
4	29	1	1185553524
2	29	1	1284628850
2	30	1	1284628980
2	31	1	1284628958
4	32	1	1185635097
14	32	1	1383734933
15	33	1	1188584538
15	34	1	1188584552
16	35	1	1189025435
17	36	1	1189465379
17	37	1	1190960969
18	37	1	1206681740
2	37	1	1284629003
2	37	1	1284629407
2	37	1	1284629426
19	37	1	1340186395
20	37	1	1439991028
21	38	1	1192304235
21	38	1	1192304252
22	39	1	1195029870
22	39	1	1217594157
17	40	1	1196760364
23	41	1	1198288544
24	42	1	1200958429
25	43	1	1200964229
25	44	1	1200964238
26	45	1	1204462529
18	46	1	1206214194
18	47	1	1206214200
10	48	1	1206505937
27	48	1	1429233437
28	49	1	1206546419
29	49	1	1316375786
30	49	1	1338933850
28	50	1	1206547332
30	50	1	1206615366
29	50	1	1316375786
30	50	1	1338933847
30	50	1	1338934416
30	51	1	1206583432
31	51	1	1218869786
32	51	1	1334501492
30	51	1	1338913786
30	52	1	1206583436
30	52	1	1206616035
31	52	1	1218869785
30	52	1	1338913782
30	52	1	1338914620
30	53	1	1206583437
31	53	1	1218869786
33	54	1	1206632656
34	55	1	1212216610
35	56	1	1212803693
35	57	1	1212803864
36	58	1	1213745367
36	58	1	1213795161
36	58	1	1293352198
36	58	1	1372516086
36	59	1	1214158099
31	60	1	1218869785
28	60	1	1338914286
31	61	1	1218869786
31	62	1	1218869786
32	62	1	1334501473
13	63	1	1225170498
13	64	1	1225249299
13	65	1	1225329176
13	66	1	1225352817
37	67	1	1225381738
37	68	1	1225384852
37	69	1	1225392257
37	70	1	1225392528
37	70	1	1226323969
13	71	1	1225430900
37	72	1	1225445425
37	73	1	1225445706
37	74	1	1225466661
37	74	1	1225578030
37	74	1	1225593385
37	74	1	1225603977
37	74	1	1225663508
37	74	1	1225686400
37	74	1	1225737210
37	74	1	1225780283
37	74	1	1225845431
37	74	1	1225867516
37	74	1	1226019459
37	74	1	1226384945
37	74	1	1226505597
37	74	1	1226948745
37	74	1	1226969420
37	74	1	1227110043
37	74	1	1227883718
37	74	1	1228204647
37	74	1	1229420051
37	74	1	1230239018
37	74	1	1230245455
37	74	1	1230774007
37	74	1	1231595477
37	74	1	1232074739
37	74	1	1232479447
37	74	1	1232486978
37	74	1	1233062465
37	74	1	1233104812
37	74	1	1233129893
37	74	1	1233216515
37	74	1	1233560609
37	74	1	1234457331
37	74	1	1234764381
37	74	1	1234766974
37	74	1	1234956706
37	74	1	1235332118
37	74	1	1235501102
37	74	1	1236131853
37	74	1	1237343564
37	74	1	1238051235
37	74	1	1238723750
37	74	1	1240467312
13	75	1	1225530424
13	76	1	1225584377
13	77	1	1225679163
13	78	1	1225771283
13	79	1	1225860754
38	79	1	1381717596
38	79	1	1422286899
37	80	1	1225937034
37	81	1	1225948027
37	82	1	1225967081
37	82	1	1226314874
37	83	1	1226244424
13	84	1	1226471660
39	85	1	1226497774
13	86	1	1227249990
13	87	1	1227884241
40	88	1	1229797622
41	89	1	1231039658
42	89	1	1309354993
13	90	1	1234149813
13	91	1	1234564249
13	92	1	1235275806
13	93	1	1235280032
37	94	1	1237307463
13	95	1	1237616734
43	96	1	1238748459
43	97	1	1238748469
13	98	1	1239506268
13	99	1	1239579466
13	100	1	1239582855
13	101	1	1240008011
13	102	1	1240015940
13	103	1	1240079313
13	104	1	1240088464
44	105	1	1242923852
45	106	1	1251135821
45	106	1	1251135874
45	106	1	1251135920
45	106	1	1251219501
45	106	1	1251219568
45	106	1	1251219648
45	106	1	1251224790
45	106	1	1251225092
45	106	1	1251225611
45	106	1	1252241403
45	106	1	1256473362
46	106	1	1265518203
2	106	1	1282222462
2	106	1	1282222761
2	106	1	1282223208
2	106	1	1282223228
2	106	1	1282223247
2	106	1	1282246804
2	106	1	1282247385
2	106	1	1282420193
2	106	1	1282649145
2	106	1	1282989322
2	106	1	1282989358
2	106	1	1282989437
2	106	1	1282989480
2	106	1	1285860025
45	107	1	1251225632
45	107	1	1252146084
45	107	1	1252146186
45	107	1	1252146223
45	107	1	1252146245
45	107	1	1252146288
45	107	1	1255630129
45	107	1	1255630253
46	107	1	1282329636
46	107	1	1282329651
46	107	1	1282329675
2	107	1	1282366742
2	107	1	1283531141
2	107	1	1284628870
47	108	1	1246043807
2	108	1	1284628941
2	108	1	1287396994
48	108	1	1444669568
49	108	1	1444770703
7	108	1	1445383774
47	109	1	1246043815
47	110	1	1246043819
50	111	1	1246816587
27	111	1	1429233437
51	112	1	1248115754
52	113	1	1250155460
45	114	1	1251135993
45	115	1	1251136034
2	115	1	1282333389
2	115	1	1283109223
2	115	1	1284629032
2	115	1	1284629054
45	116	1	1251136107
13	117	1	1251835394
45	118	1	1255629277
2	119	1	1298226542
2	120	1	1287938351
2	120	1	1298226245
2	121	1	1287938305
46	122	1	1265518875
2	123	1	1287938321
2	123	1	1308816065
2	123	1	1308816176
2	124	1	1287938311
13	125	1	1252735459
13	126	1	1252744341
13	127	1	1252815971
45	128	1	1255629441
45	128	1	1255629785
45	128	1	1255630032
45	128	1	1255870219
46	128	1	1265518417
2	128	1	1284661070
2	128	1	1284722841
2	128	1	1287680521
53	128	1	1309756403
45	129	1	1255630346
45	129	1	1255630356
45	129	1	1256473472
46	129	1	1260114886
46	129	1	1271567413
2	129	1	1282248330
2	129	1	1282248352
2	129	1	1282248400
2	129	1	1284628752
45	130	1	1255630370
45	131	1	1255870338
54	131	1	1282329815
2	131	1	1282479193
2	131	1	1282479214
2	131	1	1309020463
45	132	1	1256473510
46	132	1	1265518503
46	132	1	1266914438
55	133	1	1257182724
56	134	1	1260074084
46	135	1	1260115137
46	135	1	1260115276
46	135	1	1265518530
2	135	1	1284626865
57	136	1	1260125719
13	137	1	1264237325
13	138	1	1264292158
13	139	1	1264389378
33	140	1	1264403780
13	141	1	1264467452
13	142	1	1264473404
13	143	1	1264552105
46	144	1	1264682568
13	145	1	1264721363
13	146	1	1264732217
13	147	1	1264919167
13	148	1	1264921623
13	149	1	1264923308
46	150	1	1265518237
2	150	1	1287937977
13	151	1	1266706588
13	151	1	1379473406
13	152	1	1266717475
58	153	1	1268602066
59	154	1	1269811922
60	155	1	1270201519
60	155	1	1379266270
60	156	1	1270469768
60	156	1	1379266273
60	157	1	1270657729
60	157	1	1379266277
13	158	1	1271127008
61	159	1	1273684800
61	159	1	1370962787
62	160	1	1274813108
63	161	1	1276238244
13	162	1	1276992433
13	163	1	1277066157
13	164	1	1277158939
13	165	1	1277167897
13	166	1	1277178832
13	167	1	1277180340
13	168	1	1277247262
13	169	1	1277578968
13	169	1	1289164632
64	169	1	1308763947
64	169	1	1309107334
64	169	1	1322678868
64	169	1	1356646617
64	169	1	1356697475
13	170	1	1280795663
13	171	1	1280799717
65	172	1	1280959974
65	172	1	1281005708
65	173	1	1281096735
13	174	1	1281149099
13	175	1	1281153097
13	176	1	1281154798
13	177	1	1281158211
65	178	1	1281177916
13	178	1	1289163383
64	178	1	1308800564
64	178	1	1309111087
64	178	1	1356646615
13	179	1	1281232600
13	180	1	1281234395
65	181	1	1281258255
2	182	1	1281796924
46	182	1	1281800952
46	182	1	1281801008
46	182	1	1281801230
46	182	1	1281801266
2	182	1	1282222627
53	182	1	1309327152
46	183	1	1281801160
46	184	1	1281801193
66	185	1	1281994742
66	186	1	1281994753
67	187	1	1282093719
68	187	1	1422986725
67	188	1	1282093730
68	188	1	1422986726
2	189	1	1282244250
2	189	1	1282244345
2	189	1	1282244557
2	189	1	1285270290
2	189	1	1285270520
2	190	1	1282244316
2	190	1	1282244330
2	190	1	1282244574
2	190	1	1285270315
2	190	1	1285270378
2	191	1	1282244419
2	191	1	1282244529
2	191	1	1285270305
2	191	1	1285270370
69	191	1	1294060820
2	191	1	1296212371
2	192	1	1282244721
2	193	1	1282244738
2	193	1	1287938010
69	193	1	1294062354
2	194	1	1282244920
2	194	1	1287937994
2	195	1	1282245056
2	195	1	1282245149
2	195	1	1282245204
2	195	1	1287938166
2	196	1	1282246066
2	196	1	1285869242
2	196	1	1285869342
69	196	1	1288085543
70	196	1	1359082177
71	196	1	1392717345
2	197	1	1282246182
2	197	1	1282246220
2	197	1	1282246248
2	197	1	1285869270
2	197	1	1285869313
2	198	1	1282246353
2	198	1	1285489107
53	198	1	1309170299
42	198	1	1391299712
2	199	1	1282246677
2	199	1	1282246709
2	199	1	1282246732
2	199	1	1285869225
2	199	1	1309026706
2	199	1	1309026726
2	200	1	1282247308
2	200	1	1282247942
2	200	1	1282248074
2	200	1	1282248217
2	200	1	1282248368
2	200	1	1282248466
2	200	1	1282309121
2	200	1	1282327959
46	200	1	1282329572
2	200	1	1282332348
2	200	1	1282334030
2	200	1	1282339604
2	200	1	1282366608
2	200	1	1282369006
2	200	1	1282369233
2	200	1	1282369324
2	200	1	1282374935
2	200	1	1282374975
2	200	1	1283334056
2	200	1	1284630278
2	200	1	1284630286
2	200	1	1285076410
2	200	1	1285092215
2	200	1	1287416992
2	200	1	1287417061
2	200	1	1287581811
2	200	1	1288556817
2	200	1	1291552666
69	200	1	1291644811
2	200	1	1294343068
2	200	1	1294408791
2	200	1	1294409570
42	200	1	1294795765
2	200	1	1319870621
2	201	1	1282307457
2	201	1	1282307822
2	201	1	1282308298
2	201	1	1282308336
2	201	1	1282328535
2	201	1	1282328577
2	201	1	1282328596
2	201	1	1282328615
2	201	1	1282328801
2	201	1	1284628808
2	201	1	1288556186
2	201	1	1288556387
2	201	1	1288556714
2	201	1	1294409243
2	201	1	1294409458
2	201	1	1319870672
2	202	1	1282307571
2	202	1	1282307797
2	202	1	1282328451
2	202	1	1282681176
2	202	1	1282681203
2	202	1	1284628823
2	202	1	1288556357
2	202	1	1288556461
2	202	1	1288556473
2	202	1	1288556486
2	202	1	1288556794
2	202	1	1319870641
2	203	1	1282307632
2	203	1	1282307810
2	203	1	1282308991
2	203	1	1282309103
2	203	1	1284628815
2	203	1	1288555973
2	203	1	1288556429
2	203	1	1288556446
2	203	1	1288556752
2	203	1	1291552596
2	203	1	1291552641
2	203	1	1294409298
2	203	1	1294409494
2	203	1	1319870657
2	204	1	1282308281
2	205	1	1282308885
2	206	1	1282326871
2	207	1	1282327757
2	207	1	1282327835
2	207	1	1282419918
2	207	1	1282989716
2	207	1	1284628790
2	207	1	1284883504
2	207	1	1308208972
2	207	1	1309018955
2	207	1	1309019036
2	207	1	1309020757
2	207	1	1309020900
2	207	1	1314344355
2	208	1	1282328280
2	208	1	1285845406
2	209	1	1282328314
54	210	1	1282329630
54	210	1	1282549812
54	210	1	1282637123
2	211	1	1282333490
2	212	1	1282333543
2	213	1	1282333584
2	214	1	1282333644
2	215	1	1282333691
2	215	1	1282333724
2	216	1	1282333779
2	217	1	1282333801
2	217	1	1284753068
2	218	1	1282333857
54	219	1	1282367626
54	220	1	1282367812
54	221	1	1282368116
2	222	1	1282368503
2	222	1	1282368877
2	222	1	1284628800
2	222	1	1284742285
69	222	1	1291386380
72	222	1	1387720341
2	223	1	1282419998
2	223	1	1282420122
2	223	1	1284628833
2	224	1	1282478058
2	225	1	1282478139
2	226	1	1282479046
54	226	1	1282486159
2	226	1	1282488829
2	227	1	1282569163
2	227	1	1282569300
2	227	1	1287938198
2	227	1	1287938228
52	227	1	1440189432
2	228	1	1282647147
2	228	1	1282647193
2	228	1	1282647293
2	228	1	1287938140
2	229	1	1282648782
2	230	1	1282648904
2	231	1	1282648954
2	232	1	1282649080
73	232	1	1309300974
2	233	1	1282649108
2	234	1	1282649145
74	234	1	1463324993
2	235	1	1282679257
2	236	1	1282988853
2	237	1	1282989423
2	237	1	1285489512
69	237	1	1294667981
2	238	1	1282989943
2	238	1	1282990238
2	238	1	1282990296
2	238	1	1282990315
2	238	1	1282991025
2	238	1	1282991038
2	238	1	1282991049
2	238	1	1287938561
2	238	1	1309020392
2	238	1	1309020838
2	239	1	1282990011
2	239	1	1284628717
75	239	1	1487322430
2	240	1	1282990423
2	240	1	1282990437
2	240	1	1282990465
2	240	1	1283061995
2	240	1	1283074315
2	240	1	1287938553
2	240	1	1309020091
2	241	1	1282990670
2	241	1	1287938538
2	241	1	1309018551
2	241	1	1309019981
2	241	1	1310231207
2	242	1	1282990726
2	242	1	1284643332
2	242	1	1284801898
76	242	1	1284807204
77	242	1	1284808539
77	242	1	1284808551
2	242	1	1284883117
2	242	1	1285158454
2	242	1	1287938534
2	242	1	1309020025
78	242	1	1361728429
2	243	1	1282990790
2	244	1	1282990836
2	244	1	1284628894
2	245	1	1282990915
2	245	1	1284628928
2	246	1	1282990931
2	246	1	1284628935
79	246	1	1425216456
2	247	1	1282990967
13	248	1	1283020721
2	249	1	1283061362
2	249	1	1283061931
2	249	1	1284628741
2	250	1	1283061580
2	250	1	1284628951
2	251	1	1283061617
2	251	1	1283074409
2	252	1	1283061642
2	252	1	1283061772
2	252	1	1310231271
2	252	1	1310231302
2	253	1	1283061880
2	253	1	1310231333
2	254	1	1283061931
54	255	1	1283170195
2	255	1	1287938460
80	255	1	1377541524
81	255	1	1415569734
11	256	1	1283232576
54	256	1	1283256924
11	257	1	1283232723
11	258	1	1283232772
2	258	1	1298225181
11	259	1	1283232825
11	260	1	1283234297
11	261	1	1283234439
11	261	1	1283234465
11	262	1	1283234505
2	263	1	1283278935
2	263	1	1284628762
82	263	1	1491975271
2	264	1	1283279016
2	264	1	1285869496
2	264	1	1285869510
69	264	1	1293540056
2	264	1	1297509522
13	265	1	1283393124
83	266	1	1283396810
83	266	1	1284614599
38	266	1	1408317671
83	267	1	1283411856
53	268	1	1283514499
53	268	1	1283514635
2	268	1	1283594874
53	268	1	1309184509
2	269	1	1283942491
2	269	1	1287938423
69	269	1	1294667856
2	270	1	1284403071
2	270	1	1284404659
2	270	1	1284545349
2	270	1	1284545584
2	270	1	1284625466
2	270	1	1285258256
2	270	1	1285863377
2	270	1	1285863429
2	270	1	1285864391
2	270	1	1285865441
2	271	1	1284545367
2	272	1	1284545392
2	273	1	1284545420
2	274	1	1284545461
2	275	1	1284545493
2	276	1	1284545528
2	278	1	1284627391
2	279	1	1284628166
2	279	1	1284628235
2	280	1	1284628220
2	280	1	1285489733
2	281	1	1284628596
2	282	1	1284629054
2	282	1	1342543379
2	283	1	1284629426
19	283	1	1340186473
2	284	1	1284629532
2	284	1	1287937912
2	285	1	1284629612
2	286	1	1284630169
2	287	1	1284630628
2	288	1	1284630775
2	288	1	1309020358
2	289	1	1284652366
2	290	1	1284652394
2	291	1	1284652447
2	291	1	1284652873
2	292	1	1284659283
2	292	1	1284659427
2	292	1	1284659524
2	292	1	1284659638
2	292	1	1284660182
2	292	1	1284660629
2	292	1	1284660720
2	292	1	1284722861
2	292	1	1287841591
69	292	1	1293543940
2	293	1	1284659416
2	293	1	1284659668
2	293	1	1284659710
2	293	1	1284659737
2	293	1	1284660650
2	293	1	1284661151
2	293	1	1284722929
2	293	1	1287841623
2	294	1	1284722629
2	295	1	1284722696
2	296	1	1284722754
2	297	1	1284753092
2	297	1	1287938045
2	298	1	1284897052
2	298	1	1284897101
2	298	1	1287938092
53	298	1	1309183599
2	299	1	1284897101
32	299	1	1334501518
2	299	1	1335086565
2	300	1	1284920016
2	300	1	1284920080
2	300	1	1284920212
2	300	1	1284920391
2	300	1	1284920445
2	300	1	1284920616
79	300	1	1425216557
2	301	1	1284920533
13	301	1	1379890598
2	302	1	1284920566
53	302	1	1309183978
2	303	1	1284920653
2	304	1	1284920667
38	304	1	1408317671
2	305	1	1284920678
2	306	1	1284921052
2	306	1	1284921071
2	307	1	1284921105
2	307	1	1284921143
2	308	1	1284921152
2	309	1	1284921193
2	310	1	1284921251
2	311	1	1284921280
2	312	1	1284921304
2	313	1	1284921335
2	314	1	1284921354
2	315	1	1284981652
2	315	1	1284982309
2	315	1	1285489581
69	315	1	1294668108
84	316	1	1285022294
85	317	1	1285070352
85	317	1	1285070442
85	317	1	1285070487
85	317	1	1285070843
2	317	1	1289894770
2	317	1	1289896046
2	317	1	1309020617
2	318	1	1285076217
2	319	1	1285076237
2	320	1	1285092294
2	321	1	1285270115
2	322	1	1285270443
2	323	1	1285270473
54	324	1	1285311824
54	325	1	1285311842
54	325	1	1285312803
54	325	1	1285312851
2	325	1	1287938602
2	325	1	1288869639
54	326	1	1285311910
54	327	1	1285312382
54	328	1	1285312582
54	329	1	1285312746
86	330	1	1103616467
86	330	1	1119698946
2	330	1	1285355394
2	330	1	1285852923
2	331	1	1285355708
86	332	1	1133497410
2	332	1	1285356823
2	332	1	1298225591
86	333	1	1151781265
2	333	1	1285357439
86	334	1	1103616467
86	334	1	1119698946
86	334	1	1120400967
86	334	1	1122635932
86	334	1	1124495100
86	334	1	1125914623
86	334	1	1131578655
86	334	1	1133300515
86	334	1	1133491916
86	334	1	1133497413
86	334	1	1135237658
86	334	1	1151781266
2	334	1	1285359731
85	334	1	1327670752
2	335	1	1285358894
2	336	1	1285359813
2	337	1	1285359831
2	338	1	1285489037
2	339	1	1285489390
2	340	1	1285489490
69	340	1	1294667432
2	340	1	1298225070
2	341	1	1285489530
2	341	1	1287258297
69	341	1	1294668330
2	341	1	1294678524
2	342	1	1285489735
2	343	1	1285489741
2	344	1	1285489782
2	345	1	1285489788
2	346	1	1285489799
2	347	1	1285489808
2	348	1	1285489818
2	349	1	1285489823
2	350	1	1285489832
2	351	1	1285489838
2	352	1	1285489843
2	353	1	1285489851
2	354	1	1285489866
2	355	1	1285489899
69	355	1	1293540235
69	355	1	1294040821
83	356	1	1285792255
2	357	1	1285845246
2	357	1	1285845342
2	358	1	1285845288
2	359	1	1285845312
2	359	1	1285845452
2	360	1	1285845499
52	360	1	1440189420
86	361	1	1103616467
86	361	1	1119698945
86	361	1	1151781264
2	361	1	1285851602
85	361	1	1327670680
85	361	1	1346176961
87	361	1	1496609685
2	362	1	1285851744
2	362	1	1287256436
32	362	1	1338109462
32	362	1	1345114649
32	362	1	1345115080
85	362	1	1365684394
32	362	1	1422304686
32	362	1	1422305481
88	362	1	1490473828
2	363	1	1285851832
2	363	1	1287255144
2	363	1	1287255555
85	363	1	1327670755
2	364	1	1285852117
2	364	1	1294407152
2	365	1	1285852601
2	366	1	1285852669
2	367	1	1285853030
32	367	1	1345114736
88	367	1	1478383243
2	368	1	1285853064
2	369	1	1285853139
2	370	1	1285853218
85	370	1	1327670671
2	371	1	1285853282
2	372	1	1285853349
2	373	1	1285860274
2	374	1	1285860338
2	375	1	1285860377
2	376	1	1285860459
2	376	1	1285860471
2	376	1	1285860495
2	377	1	1285860591
86	378	1	1103616467
86	378	1	1119698946
2	378	1	1285861200
2	379	1	1285861323
2	380	1	1285861434
88	380	1	1472172148
2	381	1	1285868944
69	381	1	1294059766
2	382	1	1286129228
2	383	1	1286215162
2	383	1	1286215346
2	383	1	1287938261
69	383	1	1294060348
83	384	1	1286349217
89	385	1	1286739667
69	385	1	1291914812
2	385	1	1291982379
69	385	1	1292853898
2	385	1	1292872269
69	385	1	1292924289
52	385	1	1298977698
2	385	1	1299004399
90	385	1	1307198244
53	385	1	1308745487
2	385	1	1308748111
64	385	1	1324575041
91	386	1	1287102652
92	386	1	1310200253
93	386	1	1415986494
94	386	1	1466752499
95	386	1	1469255604
91	387	1	1287102730
91	388	1	1287102804
2	389	1	1287255441
85	389	1	1327670676
96	389	1	1483841187
88	389	1	1490473823
2	390	1	1287256016
2	390	1	1287256545
2	390	1	1287257093
2	390	1	1288525925
85	390	1	1327670749
96	390	1	1483841192
2	391	1	1287257206
2	392	1	1287257309
96	392	1	1483841189
2	393	1	1287257798
13	394	1	1287259622
2	395	1	1287303733
2	395	1	1287396082
2	395	1	1287396404
2	396	1	1287304048
2	397	1	1287304380
2	397	1	1294407197
2	397	1	1294407265
85	397	1	1327670670
2	398	1	1287395991
2	399	1	1287396022
2	399	1	1287396063
2	399	1	1287396381
2	400	1	1287396125
85	400	1	1327670751
2	401	1	1287396482
2	402	1	1287396505
2	403	1	1287396526
69	403	1	1294042005
2	404	1	1287478362
2	404	1	1287478497
2	404	1	1287478511
2	404	1	1287478698
53	404	1	1309698604
2	405	1	1287478382
2	405	1	1287478702
2	406	1	1287495041
2	406	1	1287495070
2	406	1	1287938390
2	406	1	1288556307
2	406	1	1309020153
2	407	1	1287495118
2	407	1	1287938567
2	407	1	1288556131
2	407	1	1309020068
2	408	1	1287495171
2	408	1	1287938528
2	408	1	1288555870
2	408	1	1309020184
2	409	1	1287495197
2	409	1	1287495242
2	409	1	1288555918
2	409	1	1288556008
2	409	1	1309020184
2	410	1	1287495318
2	410	1	1288556336
2	410	1	1289895960
2	410	1	1291547577
2	410	1	1309020109
2	411	1	1287495358
2	411	1	1288556163
2	411	1	1309020053
2	412	1	1287496965
2	413	1	1287570330
2	413	1	1287570342
2	414	1	1287570381
2	414	1	1287570402
2	415	1	1287571008
2	416	1	1287571057
2	417	1	1287571102
2	418	1	1287581230
2	419	1	1287581304
85	419	1	1327670727
2	420	1	1287581394
85	420	1	1327670683
2	421	1	1287581472
2	421	1	1287581485
2	422	1	1287581505
2	423	1	1287581554
2	424	1	1287581566
2	425	1	1287680407
2	426	1	1287680430
69	427	1	1287825676
69	427	1	1289663354
69	427	1	1294390425
69	427	1	1295784317
69	428	1	1287826878
69	428	1	1287827002
2	428	1	1287842192
69	428	1	1287914235
2	428	1	1287916424
69	428	1	1287917474
2	429	1	1287841497
69	429	1	1294060163
69	430	1	1287914077
2	431	1	1287916347
2	431	1	1291647496
69	431	1	1291652509
2	431	1	1291717631
69	431	1	1291914592
2	431	1	1294678659
2	431	1	1294679191
69	432	1	1287923962
2	432	1	1287937230
2	432	1	1287937320
69	432	1	1288003461
69	432	1	1288003532
69	432	1	1288004891
69	432	1	1294059938
69	432	1	1294655990
2	433	1	1287928048
2	433	1	1287928189
2	433	1	1294057529
69	433	1	1294667201
2	434	1	1287928408
2	435	1	1287937247
2	436	1	1287937571
85	436	1	1327670746
2	437	1	1287937930
2	437	1	1287937954
2	438	1	1287938058
2	439	1	1287938108
2	440	1	1287938180
69	440	1	1294667166
2	441	1	1287938275
2	442	1	1287938476
2	443	1	1287938489
2	444	1	1287938522
2	445	1	1287938615
69	446	1	1288002642
2	446	1	1288015148
2	446	1	1288021886
69	447	1	1288004257
69	448	1	1288004335
69	449	1	1288093146
69	449	1	1294060050
69	449	1	1294656039
46	450	1	1288504567
46	450	1	1288504584
69	450	1	1288507484
2	450	1	1288525664
2	451	1	1288525543
2	452	1	1288525560
2	453	1	1288525741
69	454	1	1288699528
2	454	1	1288700377
69	454	1	1288796124
69	454	1	1294060606
42	454	1	1305106791
2	455	1	1288869639
13	456	1	1289160160
13	457	1	1289172786
2	458	1	1289215919
85	458	1	1327670755
2	459	1	1289215955
85	459	1	1327670754
2	460	1	1289216269
2	461	1	1289216289
69	462	1	1289569426
69	462	1	1290928493
69	463	1	1289569558
69	463	1	1289660782
69	463	1	1290928477
69	463	1	1293541425
69	463	1	1293542635
69	464	1	1289569665
69	464	1	1290928466
69	465	1	1289569745
69	465	1	1290928453
69	466	1	1289569847
69	466	1	1290928434
69	467	1	1289569981
69	467	1	1290928422
69	468	1	1289570053
69	468	1	1290928337
2	469	1	1289574523
69	469	1	1289913822
69	469	1	1294655649
52	469	1	1440189577
2	470	1	1289574536
69	470	1	1289660866
69	471	1	1289658860
69	471	1	1290872271
69	472	1	1289659617
69	473	1	1289659619
69	474	1	1289659623
69	475	1	1289660717
69	475	1	1289716813
69	475	1	1289828836
2	475	1	1289894222
69	475	1	1289913391
69	475	1	1289914762
69	475	1	1290320050
69	475	1	1290864410
69	475	1	1290864602
69	475	1	1290872871
69	475	1	1290928362
69	475	1	1290929754
69	475	1	1291040105
69	475	1	1291122281
69	475	1	1291125180
69	475	1	1291390849
69	475	1	1291453318
69	475	1	1291453772
2	475	1	1291547488
69	475	1	1291645004
69	475	1	1292849061
69	475	1	1293537651
69	475	1	1293789014
69	475	1	1294136537
2	475	1	1309020495
97	475	1	1352918337
97	475	1	1387040080
69	476	1	1289814631
2	476	1	1309028758
69	477	1	1289814878
69	478	1	1289814987
69	479	1	1289815070
69	480	1	1289815245
69	481	1	1289828718
69	481	1	1290871776
69	481	1	1293540965
69	482	1	1289830095
2	482	1	1289894355
2	482	1	1289894574
69	482	1	1294061105
69	482	1	1294667120
69	482	1	1294667916
2	482	1	1294678966
2	482	1	1298226275
2	482	1	1309020325
53	482	1	1309681637
2	483	1	1289894501
2	484	1	1289894561
69	485	1	1289905720
69	485	1	1289905997
69	485	1	1290929161
69	485	1	1292765992
69	486	1	1289905980
69	486	1	1290929292
69	486	1	1290930704
69	486	1	1290958932
69	486	1	1291122184
69	486	1	1292766100
69	486	1	1293541367
69	487	1	1289906314
69	487	1	1290929297
69	487	1	1292766019
69	488	1	1289913579
69	488	1	1294041884
69	489	1	1289913833
69	489	1	1294655842
69	490	1	1289913855
83	491	1	1289953965
83	491	1	1291477384
83	491	1	1295306231
85	491	1	1327670744
98	491	1	1337663063
98	491	1	1342549038
98	491	1	1349131625
98	491	1	1360200973
69	492	1	1290342227
69	493	1	1290342246
69	494	1	1290687395
2	494	1	1292105105
69	495	1	1290687432
2	495	1	1292105041
69	496	1	1290687439
2	496	1	1292105126
69	497	1	1290687458
2	497	1	1292105143
69	498	1	1290687471
2	498	1	1292105178
69	499	1	1290784710
2	499	1	1292105189
69	500	1	1290784727
2	500	1	1292105200
69	501	1	1290784733
2	501	1	1292105213
69	502	1	1290784736
2	502	1	1292105223
69	503	1	1290863843
69	504	1	1290863852
69	505	1	1290863881
2	505	1	1292105255
69	506	1	1290863888
69	506	1	1291122243
2	506	1	1292105268
69	507	1	1290863896
69	508	1	1290863908
69	508	1	1290865736
2	508	1	1292105009
69	509	1	1290863923
2	509	1	1292104995
69	510	1	1290863929
69	510	1	1290868102
2	510	1	1292104964
69	511	1	1290863983
69	511	1	1294655668
69	512	1	1290864002
69	512	1	1294655640
69	513	1	1290864018
69	513	1	1294655514
69	514	1	1290864358
69	514	1	1294057765
69	515	1	1290864375
69	515	1	1294058369
69	516	1	1290865321
69	517	1	1290865649
69	518	1	1290873148
69	518	1	1292947662
69	519	1	1290873159
69	519	1	1294043618
69	520	1	1290873493
69	520	1	1292766682
69	521	1	1290873502
69	521	1	1294655607
69	522	1	1290928227
69	522	1	1292766805
69	523	1	1290928234
69	523	1	1292766801
69	524	1	1290928238
2	524	1	1292104913
69	525	1	1290928246
69	525	1	1292766807
69	526	1	1290928251
69	526	1	1292766816
69	527	1	1290928285
69	527	1	1294655615
69	528	1	1290929354
69	528	1	1292765938
69	529	1	1290929357
69	529	1	1292766135
69	530	1	1290930649
69	530	1	1293540956
69	531	1	1291039482
69	531	1	1292766037
69	532	1	1291039585
69	532	1	1292766150
69	533	1	1291124829
69	534	1	1291124834
2	534	1	1292104803
69	535	1	1291124840
69	535	1	1291731818
69	536	1	1291124847
69	537	1	1291124920
69	537	1	1294041427
69	538	1	1291380809
69	539	1	1291381166
2	539	1	1292104858
69	539	1	1293534432
69	539	1	1293541634
69	539	1	1293541680
69	539	1	1294321718
69	540	1	1291381170
2	540	1	1292104881
99	540	1	1431299207
69	541	1	1291381177
2	541	1	1292104898
69	542	1	1291381182
69	543	1	1291381186
69	544	1	1291381190
69	545	1	1291381194
69	546	1	1291467261
2	546	1	1292104742
69	547	1	1291467267
2	547	1	1292104763
2	548	1	1291549939
2	548	1	1291550015
2	549	1	1291550546
2	549	1	1291550751
2	549	1	1291550779
2	549	1	1294056709
2	550	1	1291552473
69	551	1	1291646738
69	552	1	1291646748
69	552	1	1294043442
69	553	1	1292600807
69	553	1	1292939983
69	553	1	1294666785
2	553	1	1319870789
100	553	1	1410260105
100	553	1	1410260296
101	553	1	1421432383
52	553	1	1426952409
52	553	1	1426952432
102	553	1	1430233902
81	553	1	1497042107
81	553	1	1497042192
69	554	1	1292765802
69	554	1	1294042040
103	555	1	1292778647
103	555	1	1292778828
2	555	1	1309098192
2	556	1	1292847039
2	556	1	1292847055
69	557	1	1292847363
69	558	1	1292847375
69	559	1	1292847390
69	560	1	1292847399
69	561	1	1292847408
69	562	1	1292847416
69	562	1	1292937325
69	563	1	1292847424
69	564	1	1292847430
69	565	1	1292847440
69	566	1	1292847449
69	567	1	1292847466
69	568	1	1292847478
69	568	1	1292850608
69	568	1	1292854715
69	569	1	1292847489
69	569	1	1292852040
69	569	1	1292936863
104	569	1	1352396090
69	570	1	1292847502
69	571	1	1292847510
69	572	1	1292847546
69	573	1	1292847551
69	574	1	1292847555
2	574	1	1292872624
69	575	1	1292847559
69	575	1	1292938521
69	575	1	1292939476
69	576	1	1292847567
69	577	1	1292847573
69	578	1	1292847577
69	578	1	1292939356
69	579	1	1292847582
2	579	1	1292873012
69	580	1	1292847588
2	580	1	1292872877
69	580	1	1292945561
69	581	1	1292847598
2	581	1	1292872603
69	582	1	1292847601
2	582	1	1292873232
69	583	1	1292847623
69	583	1	1294059445
69	584	1	1292847628
69	584	1	1294057910
69	585	1	1292847634
69	585	1	1294058597
69	586	1	1292847639
69	586	1	1294058481
69	587	1	1292847644
69	587	1	1294059349
69	588	1	1292847649
69	588	1	1294059142
69	589	1	1292847653
69	589	1	1294059039
69	590	1	1292847659
69	590	1	1294057527
69	591	1	1292847663
69	591	1	1294059228
69	592	1	1292847668
69	592	1	1294058697
69	593	1	1292847673
69	594	1	1292847678
69	594	1	1294655427
69	595	1	1292847687
69	595	1	1294655624
69	596	1	1292847691
69	596	1	1294655485
69	597	1	1292847695
69	597	1	1294655658
69	598	1	1292847701
69	598	1	1294655676
69	599	1	1292850191
69	600	1	1292850458
69	601	1	1292851966
2	602	1	1292872820
2	603	1	1292873175
2	604	1	1292931367
69	605	1	1292938464
69	606	1	1292939243
69	607	1	1293534327
69	607	1	1293540940
69	608	1	1293535443
69	609	1	1293536245
69	609	1	1293540929
69	610	1	1293536463
69	610	1	1293542869
53	610	1	1309327894
53	610	1	1309327929
69	611	1	1293537001
69	611	1	1293540915
69	612	1	1293537361
53	612	1	1309327974
69	613	1	1293537467
69	613	1	1293987230
69	614	1	1293538846
69	614	1	1293540893
69	615	1	1293539178
69	615	1	1293541089
53	615	1	1309327947
105	615	1	1384096298
69	616	1	1293539798
69	616	1	1293540793
69	617	1	1293539834
69	617	1	1293539857
53	617	1	1309327726
69	618	1	1293713258
69	619	1	1293713442
69	619	1	1294058263
66	620	1	1293739046
69	621	1	1293978545
69	621	1	1294041144
69	622	1	1293978779
69	622	1	1294041148
92	622	1	1310234926
2	622	1	1310235514
105	622	1	1384096301
69	623	1	1293979054
69	623	1	1294041152
69	624	1	1293979314
69	624	1	1294041157
69	625	1	1293979506
69	625	1	1294041160
69	626	1	1293979599
69	626	1	1294040893
69	627	1	1293982488
69	627	1	1293982528
106	627	1	1447352830
69	628	1	1293987546
69	628	1	1294040555
69	628	1	1294040751
69	628	1	1294057195
69	628	1	1294057230
69	629	1	1293987575
69	629	1	1293987677
69	629	1	1294040330
69	630	1	1293987662
69	630	1	1294043833
69	630	1	1294045504
69	631	1	1293987700
69	631	1	1294043866
69	631	1	1294045489
69	632	1	1294040459
2	632	1	1298225142
69	633	1	1294040773
69	634	1	1294040933
69	635	1	1294040996
69	636	1	1294041022
69	636	1	1294043882
69	636	1	1294045484
69	637	1	1294041234
2	637	1	1298225020
69	638	1	1294041511
69	639	1	1294041537
69	639	1	1294043843
69	639	1	1294045500
69	640	1	1294041692
2	640	1	1298225161
69	641	1	1294042069
69	641	1	1294043800
69	641	1	1294045509
69	642	1	1294042167
2	642	1	1298225083
69	643	1	1294043478
69	644	1	1294043509
69	644	1	1294043854
69	644	1	1294045495
69	645	1	1294043513
69	645	1	1294043815
69	645	1	1294045544
69	646	1	1294043565
2	646	1	1298225100
69	647	1	1294043671
69	648	1	1294043721
2	648	1	1298225172
2	649	1	1294054582
2	649	1	1294055361
69	649	1	1294667563
2	650	1	1294055135
2	651	1	1294055875
2	651	1	1294055903
69	651	1	1294667550
2	652	1	1294056059
2	652	1	1294056088
69	652	1	1294667534
2	653	1	1294056289
69	653	1	1294667585
2	654	1	1294056316
2	655	1	1294056853
2	656	1	1294056930
2	657	1	1294056996
69	657	1	1294667041
52	657	1	1440189630
2	658	1	1294057048
2	659	1	1294057122
2	659	1	1294057165
2	660	1	1294057252
2	661	1	1294057412
2	662	1	1294057437
2	662	1	1294679672
69	663	1	1294057573
104	663	1	1352396118
69	664	1	1294057590
2	665	1	1294057692
69	665	1	1294135415
2	665	1	1294159822
69	665	1	1294213810
2	665	1	1294215752
69	665	1	1294317190
69	665	1	1294317220
69	665	1	1294318777
69	665	1	1294320885
2	665	1	1294340752
69	665	1	1294398413
2	665	1	1294406687
69	665	1	1294562053
69	666	1	1294057724
2	666	1	1298225114
69	667	1	1294057826
69	668	1	1294058001
69	669	1	1294058022
69	670	1	1294058060
2	670	1	1298225151
69	671	1	1294058398
69	672	1	1294058418
69	673	1	1294058427
69	674	1	1294058543
69	675	1	1294058646
69	676	1	1294058659
69	677	1	1294058733
69	678	1	1294058743
69	679	1	1294059103
69	680	1	1294059115
69	681	1	1294059179
69	681	1	1294059190
69	682	1	1294059284
69	683	1	1294059294
69	684	1	1294059307
69	685	1	1294059411
69	686	1	1294059491
69	687	1	1294059507
69	688	1	1294059833
69	689	1	1294059981
69	690	1	1294060107
69	691	1	1294060224
69	692	1	1294060367
69	692	1	1294666728
52	692	1	1440189595
69	693	1	1294060648
69	694	1	1294060726
42	694	1	1305106794
69	695	1	1294060737
69	696	1	1294061288
107	697	1	1294092443
69	698	1	1294135034
69	698	1	1294136479
69	699	1	1294135049
69	700	1	1294135054
69	701	1	1294135059
69	702	1	1294135065
69	703	1	1294135070
69	704	1	1294136410
69	705	1	1294308650
69	705	1	1294314272
69	705	1	1294314301
69	705	1	1294383442
69	705	1	1294385203
69	705	1	1294385225
69	706	1	1294308745
69	707	1	1294309007
69	708	1	1294312086
69	708	1	1294318457
69	708	1	1294322717
2	708	1	1294342971
69	709	1	1294312398
69	709	1	1294319341
69	709	1	1294390865
69	710	1	1294312925
69	710	1	1294317812
69	711	1	1294315894
69	711	1	1294316284
69	711	1	1294317436
69	711	1	1294317614
69	711	1	1294318346
69	711	1	1294318565
69	711	1	1294319546
69	711	1	1294319873
69	711	1	1294391396
69	711	1	1294666924
69	712	1	1294317591
69	713	1	1294385397
69	714	1	1294385496
69	715	1	1294385829
69	716	1	1294386038
69	717	1	1294386295
69	718	1	1294389546
69	718	1	1294391046
69	719	1	1294389626
69	720	1	1294389708
69	721	1	1294390314
2	722	1	1294406954
32	722	1	1422304801
2	723	1	1294407590
2	723	1	1294408218
2	723	1	1294408280
2	724	1	1294407609
2	725	1	1294407631
2	726	1	1294407651
2	727	1	1294407672
2	728	1	1294407693
2	729	1	1294407717
2	730	1	1294407767
2	730	1	1294407782
2	731	1	1294408260
108	731	1	1318204381
108	731	1	1318205077
108	731	1	1318205119
108	731	1	1318205127
108	731	1	1318205137
2	732	1	1294408314
2	733	1	1294408336
2	734	1	1294408428
2	734	1	1294408491
2	735	1	1294408510
42	735	1	1333539128
2	736	1	1294408590
2	737	1	1294408654
2	738	1	1294409322
2	738	1	1294409376
69	739	1	1294655790
69	740	1	1294655795
69	741	1	1294655801
69	742	1	1294655805
69	743	1	1294655811
69	744	1	1294655815
69	745	1	1294655819
69	746	1	1294655823
69	747	1	1294655828
69	748	1	1294655833
69	749	1	1294655838
69	750	1	1294655889
69	750	1	1294656145
69	751	1	1294656060
69	752	1	1294666646
69	753	1	1294667289
69	754	1	1294667673
69	755	1	1294668039
69	756	1	1294668215
2	757	1	1294679443
2	757	1	1294679703
2	758	1	1294679526
2	759	1	1294679614
2	760	1	1294679672
2	760	1	1298224781
2	761	1	1294679703
2	761	1	1298224931
2	762	1	1294679929
2	763	1	1294679993
2	764	1	1294680055
52	764	1	1440189620
2	765	1	1294680113
2	766	1	1294680917
2	767	1	1294681048
2	768	1	1294681107
2	769	1	1294681209
2	770	1	1294681262
2	771	1	1294681313
2	772	1	1294681360
2	773	1	1294681414
2	774	1	1294681474
57	775	1	1295975039
2	776	1	1296212607
2	776	1	1296212734
2	777	1	1296212660
2	778	1	1296213250
2	778	1	1296213372
2	778	1	1296213418
2	779	1	1296213294
13	780	1	1296442427
13	780	1	1333237361
109	780	1	1390294088
13	781	1	1296448552
13	782	1	1296528634
13	783	1	1296616963
13	784	1	1296783745
110	785	1	1297757276
2	786	1	1298226245
13	787	1	1298435546
2	788	1	1298470796
53	790	1	1300214759
53	790	1	1309276576
2	791	1	1301317581
2	792	1	1301317623
2	792	1	1308409797
2	793	1	1301317717
2	794	1	1301317861
2	795	1	1301317936
13	796	1	1301869711
83	797	1	1302755147
13	798	1	1302977877
66	798	1	1331480647
13	799	1	1302982404
13	800	1	1302994263
13	801	1	1303350822
13	802	1	1305156894
13	802	1	1333911035
83	803	1	1306446703
83	804	1	1306518878
111	805	1	1306559406
111	805	1	1314548818
53	806	1	1309171007
53	806	1	1309171147
53	806	1	1309171171
112	807	1	1307398101
113	807	1	1332358827
2	808	1	1308208878
2	808	1	1308409139
46	808	1	1308419429
46	808	1	1308419471
69	808	1	1308462657
114	808	1	1308658228
54	808	1	1308725963
53	808	1	1308744943
2	808	1	1308767773
103	808	1	1308969372
2	808	1	1309018123
2	808	1	1309018771
2	808	1	1309019329
2	808	1	1309019993
115	809	1	1308334717
2	810	1	1308409700
2	810	1	1308409815
2	811	1	1308409904
2	811	1	1308409928
2	812	1	1308410049
2	813	1	1308410157
2	814	1	1308410268
2	815	1	1308410349
2	816	1	1308410481
2	817	1	1308410601
2	818	1	1308410718
2	819	1	1308410779
2	820	1	1308410880
2	821	1	1308410960
116	821	1	1430605269
2	822	1	1308411018
2	823	1	1308411171
2	823	1	1308411229
2	824	1	1308411319
2	825	1	1308748219
2	826	1	1308767436
2	827	1	1308767561
2	828	1	1308767618
2	828	1	1308818685
2	828	1	1308818724
64	829	1	1308810422
64	829	1	1308814725
64	830	1	1308814682
103	831	1	1308968996
2	832	1	1309019993
2	833	1	1309020053
2	833	1	1319870510
2	834	1	1309020068
2	835	1	1309020109
2	836	1	1309020153
2	837	1	1309020184
2	838	1	1309020184
2	839	1	1309026258
2	840	1	1309026352
2	840	1	1309026385
2	841	1	1309026455
2	842	1	1309026696
2	843	1	1309026703
2	844	1	1309026909
2	845	1	1309026974
2	846	1	1309027273
2	846	1	1309027513
2	847	1	1309027346
2	847	1	1309027406
2	848	1	1309027633
2	849	1	1309027714
2	850	1	1309027802
2	851	1	1309027924
2	852	1	1309028056
2	852	1	1309028099
2	853	1	1309028205
2	854	1	1309028316
2	855	1	1309112623
92	855	1	1310224048
2	856	1	1309112701
117	857	1	1309112803
53	858	1	1309169305
53	858	1	1309169500
53	858	1	1309327757
53	859	1	1309169606
53	860	1	1309169758
53	860	1	1309170795
53	860	1	1309170951
53	860	1	1309170967
53	861	1	1309169954
53	861	1	1309171124
53	861	1	1309171190
118	861	1	1382792123
53	862	1	1309170201
53	863	1	1309170247
53	864	1	1309170422
53	864	1	1309170590
53	865	1	1309170545
53	866	1	1309183599
53	867	1	1309184509
53	868	1	1309260276
53	869	1	1309276163
53	869	1	1309276183
73	870	1	1309300934
73	870	1	1331458563
73	870	1	1401150753
73	870	1	1423195624
53	871	1	1309327507
53	871	1	1309327554
53	872	1	1309327643
53	872	1	1309327691
53	872	1	1309327776
53	873	1	1309328129
53	874	1	1309328358
119	875	1	1309514011
119	876	1	1309526861
64	877	1	1309540549
64	878	1	1309542640
13	879	1	1309570061
13	880	1	1309578799
13	881	1	1309582894
53	882	1	1309604548
13	883	1	1309622941
13	884	1	1309631856
53	885	1	1309680533
53	886	1	1309680645
53	887	1	1309695505
53	888	1	1309695810
53	889	1	1309696004
53	889	1	1309696023
53	890	1	1309696289
53	891	1	1309696362
53	892	1	1309696541
53	893	1	1309696759
53	893	1	1309696775
53	894	1	1309696875
53	894	1	1309696900
53	895	1	1309696990
53	896	1	1309697377
53	897	1	1309697557
53	898	1	1309697621
53	899	1	1309697707
53	900	1	1309697827
53	901	1	1309698235
53	902	1	1309698355
53	903	1	1309698577
53	904	1	1309698735
53	905	1	1309698790
53	906	1	1309698848
53	907	1	1309699021
53	907	1	1309699092
53	908	1	1309699197
53	909	1	1309699348
53	910	1	1309699411
53	911	1	1309699457
53	912	1	1309755814
53	912	1	1309755850
53	913	1	1309755988
53	914	1	1309756301
53	915	1	1309756324
53	915	1	1309756336
53	916	1	1309756431
53	917	1	1309756493
53	918	1	1309849712
53	919	1	1309849808
53	920	1	1309850089
53	921	1	1309850444
53	921	1	1309853883
53	921	1	1309854756
53	921	1	1309855009
53	922	1	1309851120
53	922	1	1309851222
53	923	1	1309853746
92	923	1	1309868992
92	923	1	1309870527
92	923	1	1309870643
92	923	1	1309872149
92	923	1	1309892403
53	924	1	1309854020
53	925	1	1309854059
53	926	1	1309854121
53	927	1	1309854176
53	928	1	1309854260
53	929	1	1309854318
92	930	1	1309862511
92	931	1	1309863077
92	931	1	1309871127
92	931	1	1309871477
92	931	1	1309872229
92	931	1	1309872401
92	931	1	1309872452
92	931	1	1309872495
92	931	1	1309872674
92	932	1	1309869286
53	933	1	1309871501
92	934	1	1309871559
92	934	1	1309871734
92	935	1	1309871641
92	936	1	1309872325
92	937	1	1309872597
92	938	1	1309872743
92	939	1	1309872825
92	939	1	1309873366
92	939	1	1309880193
92	940	1	1309881780
92	941	1	1309881844
92	941	1	1309881864
53	942	1	1309888341
92	943	1	1310142521
92	943	1	1310142578
92	944	1	1310142546
92	945	1	1310142557
92	946	1	1310142578
120	947	1	1310143556
92	947	1	1310143608
120	948	1	1310143987
92	948	1	1310144021
120	949	1	1310146516
92	949	1	1310146576
120	949	1	1310146652
92	949	1	1310146678
120	950	1	1310146672
92	950	1	1310146705
120	951	1	1310146692
92	951	1	1310146731
120	952	1	1310146712
92	952	1	1310146746
120	953	1	1310146732
92	953	1	1310146773
120	953	1	1310148552
92	953	1	1310148710
120	954	1	1310146752
92	954	1	1310146792
120	955	1	1310146772
92	955	1	1310146809
120	956	1	1310146792
92	956	1	1310146830
120	957	1	1310146812
92	957	1	1310146839
120	958	1	1310146832
92	958	1	1310146858
120	958	1	1310147602
92	958	1	1310148400
120	959	1	1310146852
92	959	1	1310146886
120	960	1	1310146872
92	960	1	1310146911
92	960	1	1310146933
120	960	1	1310148312
92	960	1	1310148348
120	961	1	1310146891
92	961	1	1310146960
120	962	1	1310146901
92	962	1	1310147043
120	963	1	1310146911
92	963	1	1310147026
120	964	1	1310146921
92	964	1	1310146988
120	964	1	1310148202
92	964	1	1310148362
120	965	1	1310146931
92	965	1	1310146999
120	966	1	1310146941
92	966	1	1310147096
120	967	1	1310146954
92	967	1	1310147105
120	968	1	1310146961
92	968	1	1310147143
120	969	1	1310146971
92	969	1	1310147187
120	970	1	1310146981
92	970	1	1310147201
120	971	1	1310146991
92	971	1	1310147227
120	972	1	1310147001
92	972	1	1310147237
120	973	1	1310147011
92	973	1	1310147246
120	974	1	1310147024
92	974	1	1310147257
120	975	1	1310147031
92	975	1	1310147284
120	976	1	1310147041
92	976	1	1310147292
120	977	1	1310147051
92	977	1	1310147327
120	978	1	1310147061
92	978	1	1310147345
120	979	1	1310147071
92	979	1	1310147376
120	980	1	1310147081
92	980	1	1310147386
120	981	1	1310147091
92	981	1	1310147397
120	982	1	1310147101
92	982	1	1310147425
120	983	1	1310147111
92	983	1	1310147434
120	984	1	1310147121
92	984	1	1310147440
120	985	1	1310147131
92	985	1	1310147460
120	986	1	1310147141
92	986	1	1310147472
120	987	1	1310147151
92	987	1	1310147521
120	988	1	1310147161
92	988	1	1310147532
120	989	1	1310147171
92	989	1	1310147579
120	990	1	1310147181
92	990	1	1310147617
120	991	1	1310147191
92	991	1	1310147631
120	992	1	1310147201
92	992	1	1310147643
120	993	1	1310147211
92	993	1	1310147659
120	994	1	1310147221
92	994	1	1310147690
120	995	1	1310147231
92	995	1	1310147704
120	996	1	1310147241
92	996	1	1310147769
120	997	1	1310147251
92	997	1	1310147798
120	998	1	1310147261
92	998	1	1310147813
120	999	1	1310147271
92	999	1	1310147826
120	1000	1	1310147281
92	1000	1	1310147835
120	1001	1	1310147291
92	1001	1	1310147845
120	1002	1	1310147301
92	1002	1	1310147853
120	1003	1	1310147311
92	1003	1	1310147870
120	1004	1	1310147321
92	1004	1	1310147899
120	1005	1	1310147331
92	1005	1	1310147915
120	1006	1	1310147341
92	1006	1	1310147924
120	1007	1	1310147360
92	1007	1	1310147938
120	1008	1	1310147361
92	1008	1	1310147947
120	1009	1	1310147371
92	1009	1	1310147980
120	1010	1	1310147381
92	1010	1	1310148027
92	1010	1	1310148051
120	1011	1	1310147391
92	1011	1	1310148122
120	1012	1	1310147401
120	1013	1	1310147421
92	1013	1	1310148145
120	1014	1	1310147431
92	1014	1	1310148170
120	1015	1	1310147441
92	1015	1	1310148185
120	1016	1	1310147452
120	1017	1	1310147462
92	1017	1	1310148231
120	1018	1	1310147472
92	1018	1	1310148240
120	1019	1	1310147482
92	1019	1	1310148253
120	1020	1	1310147492
92	1020	1	1310148270
120	1021	1	1310147502
92	1021	1	1310148283
120	1022	1	1310147512
92	1022	1	1310148294
120	1023	1	1310147522
92	1023	1	1310148453
120	1024	1	1310147532
92	1024	1	1310148487
120	1025	1	1310147542
92	1025	1	1310148495
120	1026	1	1310147552
92	1026	1	1310148502
120	1027	1	1310147562
92	1027	1	1310148509
120	1028	1	1310147572
92	1028	1	1310148520
120	1029	1	1310147582
92	1029	1	1310148528
120	1030	1	1310147592
92	1030	1	1310148539
120	1031	1	1310147612
92	1031	1	1310148607
120	1032	1	1310147622
92	1032	1	1310148614
120	1033	1	1310147632
92	1033	1	1310148623
120	1034	1	1310147642
92	1034	1	1310148635
120	1035	1	1310147652
92	1035	1	1310148655
120	1036	1	1310147662
92	1036	1	1310148665
120	1037	1	1310147672
92	1037	1	1310148673
120	1038	1	1310147682
92	1038	1	1310148682
120	1039	1	1310147692
92	1039	1	1310148767
120	1040	1	1310147712
92	1040	1	1310148794
120	1041	1	1310147722
92	1041	1	1310148825
120	1042	1	1310147732
92	1042	1	1310148840
120	1043	1	1310147742
92	1043	1	1310148856
120	1044	1	1310147752
92	1044	1	1310148867
120	1045	1	1310147762
92	1045	1	1310148876
121	1045	1	1447114206
120	1046	1	1310147772
92	1046	1	1310148888
120	1047	1	1310147782
92	1047	1	1310148953
120	1048	1	1310147792
92	1048	1	1310148964
120	1049	1	1310147802
92	1049	1	1310148983
120	1050	1	1310147812
92	1050	1	1310149000
120	1051	1	1310147822
92	1051	1	1310149013
120	1052	1	1310147832
92	1052	1	1310149030
120	1053	1	1310147842
92	1053	1	1310149038
120	1054	1	1310147852
92	1054	1	1310149049
120	1055	1	1310147862
92	1055	1	1310149062
120	1056	1	1310147872
92	1056	1	1310149072
120	1057	1	1310147882
92	1057	1	1310149124
120	1058	1	1310147892
92	1058	1	1310149150
120	1059	1	1310147902
92	1059	1	1310149179
120	1060	1	1310147912
120	1061	1	1310147922
92	1061	1	1310149194
120	1062	1	1310147932
92	1062	1	1310149206
120	1063	1	1310147942
92	1063	1	1310149250
120	1064	1	1310147952
92	1064	1	1310149271
120	1065	1	1310147962
92	1065	1	1310149298
120	1066	1	1310147972
92	1066	1	1310149303
120	1067	1	1310147982
92	1067	1	1310149321
120	1068	1	1310147992
92	1068	1	1310149336
120	1069	1	1310148002
92	1069	1	1310149358
120	1070	1	1310148012
92	1070	1	1310149390
120	1071	1	1310148022
92	1071	1	1310149435
120	1072	1	1310148032
92	1072	1	1310149454
120	1073	1	1310148042
92	1073	1	1310149462
120	1074	1	1310148052
92	1074	1	1310149470
120	1075	1	1310148062
92	1075	1	1310149483
120	1076	1	1310148072
92	1076	1	1310149503
120	1077	1	1310148082
92	1077	1	1310149519
120	1078	1	1310148092
92	1078	1	1310149533
120	1079	1	1310148102
92	1079	1	1310149593
120	1080	1	1310148112
92	1080	1	1310149604
120	1081	1	1310148122
92	1081	1	1310149614
120	1082	1	1310148132
92	1082	1	1310149630
120	1083	1	1310148142
92	1083	1	1310149643
120	1084	1	1310148152
92	1084	1	1310149659
120	1085	1	1310148162
92	1085	1	1310149676
120	1086	1	1310148172
92	1086	1	1310149684
120	1087	1	1310148182
120	1088	1	1310148192
92	1088	1	1310149722
120	1089	1	1310148212
92	1089	1	1310149792
120	1090	1	1310148222
92	1090	1	1310149806
120	1091	1	1310148232
92	1091	1	1310149819
120	1092	1	1310148242
92	1092	1	1310149832
120	1093	1	1310148252
92	1093	1	1310149843
120	1094	1	1310148262
92	1094	1	1310149872
120	1095	1	1310148272
92	1095	1	1310149884
120	1096	1	1310148282
92	1096	1	1310149895
120	1097	1	1310148292
92	1097	1	1310149906
120	1098	1	1310148302
92	1098	1	1310149917
120	1099	1	1310148322
92	1099	1	1310149973
120	1100	1	1310148332
92	1100	1	1310149981
120	1101	1	1310148342
92	1101	1	1310149997
120	1102	1	1310148355
92	1102	1	1310150007
92	1102	1	1310150021
120	1103	1	1310148362
92	1103	1	1310150031
120	1104	1	1310148372
92	1104	1	1310150040
120	1105	1	1310148382
92	1105	1	1310150047
120	1106	1	1310148392
92	1106	1	1310150058
120	1107	1	1310148402
92	1107	1	1310150121
120	1108	1	1310148412
120	1109	1	1310148422
92	1109	1	1310150287
120	1110	1	1310148432
92	1110	1	1310150311
120	1111	1	1310148442
92	1111	1	1310150325
120	1112	1	1310148452
92	1112	1	1310150354
120	1113	1	1310148462
92	1113	1	1310150363
120	1114	1	1310148472
92	1114	1	1310150380
120	1115	1	1310148482
92	1115	1	1310150391
120	1116	1	1310148492
92	1116	1	1310150396
120	1117	1	1310148502
92	1117	1	1310150405
120	1118	1	1310148512
92	1118	1	1310150459
120	1119	1	1310148522
92	1119	1	1310150473
120	1120	1	1310148532
92	1120	1	1310150489
120	1121	1	1310148542
92	1121	1	1310150508
120	1122	1	1310148562
92	1122	1	1310150517
120	1123	1	1310148572
92	1123	1	1310150551
120	1124	1	1310148582
92	1124	1	1310150560
120	1125	1	1310148592
92	1125	1	1310150569
120	1126	1	1310148602
92	1126	1	1310150578
120	1127	1	1310148615
92	1127	1	1310150606
120	1128	1	1310148622
92	1128	1	1310150615
120	1129	1	1310148632
92	1129	1	1310150622
2	1130	1	1310220658
2	1130	1	1310241642
92	1130	1	1310272468
92	1130	1	1310272550
2	1130	1	1310276937
92	1130	1	1310277531
2	1130	1	1310284795
2	1131	1	1310220729
2	1132	1	1310231575
2	1133	1	1310231589
92	1134	1	1310234922
2	1134	1	1310235498
120	1135	1	1310239425
120	1135	1	1310239516
120	1135	1	1310239979
120	1135	1	1310272144
120	1135	1	1310272225
120	1135	1	1310272294
120	1135	1	1310272358
120	1135	1	1310277484
92	1136	1	1310239694
120	1137	1	1310295981
120	1137	1	1313691312
120	1137	1	1313691649
92	1137	1	1313691672
120	1138	1	1310295989
120	1138	1	1313691673
120	1139	1	1310295999
92	1139	1	1310296237
120	1139	1	1313691688
120	1140	1	1310296009
120	1140	1	1313691708
120	1141	1	1310296019
120	1141	1	1313691728
120	1142	1	1310296029
92	1142	1	1310296269
120	1142	1	1313691745
120	1143	1	1310296039
120	1143	1	1313691755
120	1144	1	1310296049
92	1144	1	1310296606
120	1144	1	1313691766
120	1145	1	1310296059
92	1145	1	1310296777
92	1145	1	1310296818
120	1145	1	1313691776
120	1146	1	1310296071
120	1146	1	1313691786
120	1147	1	1310296081
92	1147	1	1310297111
120	1147	1	1313691798
92	1147	1	1313691942
120	1148	1	1310296091
92	1148	1	1310297051
120	1148	1	1313691807
92	1148	1	1313692002
120	1149	1	1310296099
120	1149	1	1313691816
120	1150	1	1310296109
120	1150	1	1313691827
120	1151	1	1310296121
120	1151	1	1313691836
120	1152	1	1310296129
120	1152	1	1313691848
120	1153	1	1310296141
120	1153	1	1313691858
120	1154	1	1310296149
120	1154	1	1313691867
120	1155	1	1310296159
120	1155	1	1313691878
120	1156	1	1310296171
120	1156	1	1313691900
120	1157	1	1310296179
120	1157	1	1313691904
120	1158	1	1310296189
120	1158	1	1313691912
120	1159	1	1310296202
120	1159	1	1313691924
120	1160	1	1310296212
120	1160	1	1313691934
120	1161	1	1310296219
120	1161	1	1313691944
120	1162	1	1310296229
120	1162	1	1313691954
120	1163	1	1310296239
120	1163	1	1313691965
120	1164	1	1310296251
120	1164	1	1313691978
120	1165	1	1310296259
120	1165	1	1313691984
120	1166	1	1310296271
120	1166	1	1313691992
120	1167	1	1313696157
120	1167	1	1313696317
120	1167	1	1313696451
120	1167	1	1313696962
120	1168	1	1313696175
120	1168	1	1313696491
120	1168	1	1313696970
120	1169	1	1313696533
120	1169	1	1313696982
120	1170	1	1313696558
120	1170	1	1313696990
120	1171	1	1313696588
120	1171	1	1313697002
120	1172	1	1313696623
120	1172	1	1313697015
120	1173	1	1313696648
120	1173	1	1313697020
120	1174	1	1313696678
120	1174	1	1313697032
120	1175	1	1313696690
120	1175	1	1313697046
120	1176	1	1313696700
120	1176	1	1313697052
120	1177	1	1313696712
120	1177	1	1313697063
120	1178	1	1313696720
120	1178	1	1313697072
120	1179	1	1313696728
120	1179	1	1313697082
120	1180	1	1313696738
120	1180	1	1313697090
120	1181	1	1313696754
120	1181	1	1313697102
122	1182	1	1313792754
13	1183	1	1314241141
13	1183	1	1422211806
13	1184	1	1315764573
13	1185	1	1315767617
13	1186	1	1315772076
123	1187	1	1316294288
29	1188	1	1316375786
29	1189	1	1316375786
13	1190	1	1318378041
113	1191	1	1318457699
13	1192	1	1318974914
13	1193	1	1319253498
13	1193	1	1329450889
83	1194	1	1319841071
83	1194	1	1429212181
124	1195	1	1319998012
125	1195	1	1497570615
126	1196	1	1320841219
126	1197	1	1320841355
127	1198	1	1321041926
128	1199	1	1321067292
127	1200	1	1321205136
127	1201	1	1321205137
127	1201	1	1321205270
129	1202	1	1321638027
129	1202	1	1349214654
129	1202	1	1360565670
13	1203	1	1321762713
13	1204	1	1321848120
13	1205	1	1321919211
13	1206	1	1321922832
13	1206	1	1322092725
13	1207	1	1321927076
13	1207	1	1322094440
13	1208	1	1322096613
13	1209	1	1322097850
13	1210	1	1322099059
13	1211	1	1323015318
13	1212	1	1323046190
13	1213	1	1323049904
113	1214	1	1325969109
13	1215	1	1326049082
83	1216	1	1326327716
113	1218	1	1328132313
13	1219	1	1329069846
13	1220	1	1329082587
70	1221	1	1329669628
13	1221	1	1344219017
13	1221	1	1344227769
66	1222	1	1329729276
113	1223	1	1329747513
113	1224	1	1329761505
64	1225	1	1329834365
64	1226	1	1329838739
64	1226	1	1356638585
130	1227	1	1330233991
13	1227	1	1346639066
66	1228	1	1330671339
66	1229	1	1330705483
13	1230	1	1332039359
13	1231	1	1333243867
13	1232	1	1333419156
13	1233	1	1333499850
13	1233	1	1333582090
13	1234	1	1333587103
13	1235	1	1333904853
13	1236	1	1333906885
113	1237	1	1334115066
13	1238	1	1334509647
131	1239	1	1335158467
58	1240	1	1335652380
13	1241	1	1336323254
132	1242	1	1338006852
132	1243	1	1338013523
113	1244	1	1338322930
133	1245	1	1338445434
133	1245	1	1342496120
13	1246	1	1338649429
13	1247	1	1338655754
13	1248	1	1338659826
13	1249	1	1339378698
19	1250	1	1340186481
113	1251	1	1340668931
134	1252	1	1341158850
13	1253	1	1341259180
13	1253	1	1344110021
13	1254	1	1344111659
135	1255	1	1344244127
13	1256	1	1344379809
136	1257	1	1345557288
137	1258	1	1346357053
137	1259	1	1346431461
138	1259	1	1347097565
138	1260	1	1346442879
13	1261	1	1346627592
13	1262	1	1346632987
13	1263	1	1346637013
66	1265	1	1351193172
66	1266	1	1351241365
66	1267	1	1351250988
66	1268	1	1351250999
78	1269	1	1351350533
139	1269	1	1367601466
140	1269	1	1385728119
93	1269	1	1426840722
13	1272	1	1355091600
13	1273	1	1355112795
141	1274	1	1355256868
142	1275	1	1355727994
42	1275	1	1491325609
113	1277	1	1359583780
113	1278	1	1359583852
141	1279	1	1359912653
13	1280	1	1360030710
118	1280	1	1417132137
118	1280	1	1487253494
13	1281	1	1360035028
129	1282	1	1360565696
13	1283	1	1361149722
13	1284	1	1361155363
113	1285	1	1361236341
143	1286	1	1362926288
143	1286	1	1362926631
113	1288	1	1364095388
13	1289	1	1364142444
13	1290	1	1364146507
13	1292	1	1364172950
13	1293	1	1364174800
144	1293	1	1451502422
145	1294	1	1366114246
113	1295	1	1367177286
146	1296	1	1367357193
144	1296	1	1451505993
147	1297	1	1369584406
147	1297	1	1380478696
13	1297	1	1381706589
147	1297	1	1384699400
147	1297	1	1408421451
148	1298	1	1369958165
13	1299	1	1370217493
13	1300	1	1372733669
13	1301	1	1372820763
149	1302	1	1374242950
150	1303	1	1376685479
150	1304	1	1377992314
60	1305	1	1379265495
60	1306	1	1379265496
13	1307	1	1379281099
13	1308	1	1379302515
144	1308	1	1451502421
13	1309	1	1379463813
13	1310	1	1379467524
13	1311	1	1379560806
13	1312	1	1379562493
13	1313	1	1379563835
13	1314	1	1379897267
13	1315	1	1379899040
13	1316	1	1380159675
13	1317	1	1380163901
13	1318	1	1380395975
13	1319	1	1380397352
13	1320	1	1380400986
151	1320	1	1385796704
151	1320	1	1388052843
151	1320	1	1391248940
13	1320	1	1408626527
152	1320	1	1411917941
153	1320	1	1411919434
13	1320	1	1413772635
13	1320	1	1438465609
13	1321	1	1380407552
151	1321	1	1385474753
151	1321	1	1386743345
151	1321	1	1391656038
151	1321	1	1393935808
152	1321	1	1411917942
153	1321	1	1411919434
13	1321	1	1414898177
13	1322	1	1381683886
13	1323	1	1381700184
147	1323	1	1382879236
147	1323	1	1382932991
38	1324	1	1381718075
38	1325	1	1381718078
147	1326	1	1382862106
154	1327	1	1382905949
155	1328	1	1383039347
156	1329	1	1384699223
157	1330	1	1384786190
158	1331	1	1384786573
159	1332	1	1385384089
160	1334	1	1387293648
13	1340	1	1390174946
161	1340	1	1487203882
13	1341	1	1390254189
13	1342	1	1390265326
162	1343	1	1390300342
163	1347	1	1411820754
164	1347	1	1413112803
165	1347	1	1413170180
42	1368	1	1402404773
42	1382	1	1497892879
166	1385	1	1391854596
166	1386	1	1391854620
93	1386	1	1426840708
166	1387	1	1391862036
71	1388	1	1392390033
71	1389	1	1392392699
13	1390	1	1393563787
13	1391	1	1393571050
167	1392	1	1393633212
168	1393	1	1393652010
158	1394	1	1394757327
169	1396	1	1395185872
169	1396	1	1395428110
169	1396	1	1396579151
170	1397	1	1396563158
171	1398	1	1396597276
93	1399	1	1397123125
93	1400	1	1397123126
93	1402	1	1403183363
172	1403	1	1404164775
38	1404	1	1408317671
38	1405	1	1408317671
13	1406	1	1409106496
13	1407	1	1410622694
173	1407	1	1447384237
13	1409	1	1410709776
13	1410	1	1411003738
173	1410	1	1447384247
152	1411	1	1411917942
30	1411	1	1415697185
13	1411	1	1420952352
152	1412	1	1411917942
30	1412	1	1415697190
13	1412	1	1420959092
153	1413	1	1411919434
153	1414	1	1411919434
164	1415	1	1413130880
164	1415	1	1416967426
174	1416	1	1413412013
174	1416	1	1447366124
174	1416	1	1447798106
13	1417	1	1416714278
68	1417	1	1472040757
68	1417	1	1472139416
13	1418	1	1416721391
68	1418	1	1472040757
68	1418	1	1472139416
118	1419	1	1417132137
118	1420	1	1417132138
13	1421	1	1417321607
13	1422	1	1421017764
13	1423	1	1421111757
13	1424	1	1421115727
13	1425	1	1421119782
13	1425	1	1423374982
136	1425	1	1424432173
101	1426	1	1421433222
68	1428	1	1422986725
68	1429	1	1422986726
13	1430	1	1423370636
13	1431	1	1423377346
136	1431	1	1424432174
13	1432	1	1423708352
13	1433	1	1423940438
175	1434	1	1424204961
13	1435	1	1424392778
68	1435	1	1438202274
136	1436	1	1424432173
136	1437	1	1424432174
13	1438	1	1424582939
68	1438	1	1438202272
13	1439	1	1424585052
30	1439	1	1438220910
13	1440	1	1426642022
93	1441	1	1426840688
27	1441	1	1429233437
93	1441	1	1429245763
93	1442	1	1426840688
27	1442	1	1429233437
93	1442	1	1429245763
93	1443	1	1426840695
27	1443	1	1429233437
93	1443	1	1429245763
93	1444	1	1426840699
27	1444	1	1429233437
93	1444	1	1429245763
93	1445	1	1426840700
27	1445	1	1429233437
93	1445	1	1429245763
93	1446	1	1426840700
27	1446	1	1429233437
93	1446	1	1429245764
93	1447	1	1426840700
27	1447	1	1429233437
93	1447	1	1429245764
93	1448	1	1426840707
93	1449	1	1426840707
93	1450	1	1426840708
27	1450	1	1429233437
93	1450	1	1429245764
93	1451	1	1426840710
27	1451	1	1429233437
93	1451	1	1429245767
93	1452	1	1426840711
27	1452	1	1429233441
93	1452	1	1429245768
93	1453	1	1426840722
27	1453	1	1429233441
93	1453	1	1429245769
93	1454	1	1426840725
27	1454	1	1429233441
93	1454	1	1429245769
93	1455	1	1426840725
27	1455	1	1429233441
93	1455	1	1429245769
83	1456	1	1429212182
68	1459	1	1438202272
68	1460	1	1438202274
176	1461	1	1438645161
52	1462	1	1440189481
8	1463	1	1440442061
8	1463	1	1443325201
48	1464	1	1442196774
49	1465	1	1442197150
49	1465	1	1442413389
176	1466	1	1443816858
176	1467	1	1443816859
176	1468	1	1443816859
176	1469	1	1443816859
176	1470	1	1443816859
176	1471	1	1443816859
176	1472	1	1443816860
176	1473	1	1443816860
121	1474	1	1447114165
106	1475	1	1447353527
106	1475	1	1447502212
106	1475	1	1447502867
106	1475	1	1447502973
106	1475	1	1448049488
106	1475	1	1449239033
106	1475	1	1451895593
106	1475	1	1458752384
106	1475	1	1482747851
106	1475	1	1482747888
106	1475	1	1482748238
144	1476	1	1451502422
144	1477	1	1451502422
144	1478	1	1451505993
106	1480	1	1451981362
106	1480	1	1451981392
106	1480	1	1451981446
106	1480	1	1482747492
144	1481	1	1462383711
177	1482	1	1463824199
82	1483	1	1468697737
82	1483	1	1468697883
68	1484	1	1472139416
68	1485	1	1472139416
161	1488	1	1487203882
118	1489	1	1487253494
81	1490	1	1489261853
82	1491	1	1491915984
82	1491	1	1491916261
82	1491	1	1491974863
82	1491	1	1491974992
82	1491	1	1491975209
82	1491	1	1491975378
82	1491	1	1491975522
82	1491	1	1493668543
82	1491	1	1493669078
82	1491	1	1493670074
82	1491	1	1493670455
82	1491	1	1493671193
82	1491	1	1498981402
82	1491	1	1498982155
82	1491	1	1499060818
82	1491	1	1499060835
82	1491	1	1499061025
82	1491	1	1499061316
82	1491	1	1499062147
82	1491	1	1499062799
82	1491	1	1499062853
82	1491	1	1499063989
82	1491	1	1499064007
82	1491	1	1499070036
178	1492	1	1495573816
125	1493	1	1497570615
