1	1	1	1119380782
1	1	1	1119380926
1	1	1	1119380963
1	1	1	1119381004
1	1	1	1119381055
1	1	1	1119381221
1	1	1	1119382268
1	1	1	1119382297
1	1	1	1119382579
1	1	1	1119382664
1	1	1	1119382908
1	1	1	1119382978
1	1	1	1119384685
1	1	1	1119386445
1	1	1	1119386483
2	1	1	1125421836
3	1	1	1157570898
4	1	1	1171178385
4	1	1	1171178424
4	1	1	1171178602
4	1	1	1171178613
5	1	1	1171179262
5	1	1	1171179377
6	1	1	1189470361
6	1	1	1199737426
1	2	1	1119380319
7	2	1	1260657563
7	2	1	1261240730
1	3	1	1119381189
1	4	1	1119381347
1	5	1	1119382545
1	6	1	1119383447
1	6	1	1119384195
1	6	1	1119384607
8	6	1	1134672261
7	6	1	1257879281
7	6	1	1261240789
7	6	1	1261240840
1	7	1	1119384144
1	8	1	1119384567
1	9	1	1119384652
1	9	1	1119423432
1	9	1	1119423470
1	9	1	1119423501
7	9	1	1260657680
7	9	1	1263862902
9	10	1	1429222877
1	12	1	1119423384
1	13	1	1119423798
7	13	1	1261240666
7	13	1	1261240698
7	13	1	1261240866
2	15	1	1125421887
2	16	1	1125421934
10	16	1	1229028339
2	17	1	1125422151
10	17	1	1229022254
10	17	1	1229028434
2	18	1	1133298788
10	18	1	1229028443
11	19	1	1133616668
11	20	1	1133616692
12	22	1	1135912118
12	22	1	1212795729
12	23	1	1135912188
12	23	1	1212795802
13	24	1	1136146868
13	24	1	1193352690
13	25	1	1136146951
7	26	1	1261240918
7	26	1	1261240987
7	26	1	1261241012
14	26	1	1309307960
10	27	1	1229028451
5	29	1	1161748464
4	29	1	1171178781
5	29	1	1171178977
15	30	1	1167692068
15	31	1	1167692093
6	32	1	1168553239
5	33	1	1171179766
16	34	1	1183046464
17	34	1	1277172922
17	34	1	1277174617
18	35	1	1186422811
19	36	1	1187982498
19	37	1	1187982607
20	38	1	1188041082
20	38	1	1188041203
20	38	1	1188291290
21	38	1	1206677973
20	39	1	1188291335
20	40	1	1188292832
22	41	1	1190726325
23	41	1	1279354642
22	42	1	1190726465
22	42	1	1190726473
20	43	1	1191098386
17	44	1	1191898760
17	44	1	1319172727
17	44	1	1329450303
17	44	1	1329450738
24	45	1	1192746622
24	45	1	1198975007
25	46	1	1195395032
26	47	1	1196573957
27	48	1	1198370793
6	49	1	1199737426
28	50	1	1200369192
28	51	1	1200369195
29	52	1	1200941518
29	53	1	1200941523
21	54	1	1206036701
21	55	1	1206036707
30	56	1	1206318982
31	57	1	1206615947
29	58	1	1208481145
29	58	1	1210092627
17	58	1	1225429949
7	59	1	1261240789
7	59	1	1261240840
32	60	1	1212304349
32	60	1	1250282797
33	61	1	1212726605
33	62	1	1212726743
34	63	1	1212788238
34	63	1	1217148811
35	64	1	1213743624
35	64	1	1213798779
35	64	1	1293352137
36	65	1	1213954809
17	65	1	1277247121
35	66	1	1214143115
37	67	1	1219243875
37	67	1	1231415553
38	68	1	1223549573
17	69	1	1225169434
17	70	1	1225245350
39	71	1	1225305012
39	72	1	1225309735
39	73	1	1225313575
17	74	1	1225327360
17	75	1	1225351992
39	76	1	1225361533
39	76	1	1226318909
39	77	1	1225370711
39	78	1	1225375087
39	79	1	1225452603
39	79	1	1225475263
39	79	1	1225583535
39	79	1	1225598296
39	79	1	1225650271
39	79	1	1225681041
39	79	1	1225723851
39	79	1	1225773158
39	79	1	1225831767
39	79	1	1225859315
39	79	1	1225876269
39	79	1	1226007602
39	79	1	1226377245
39	79	1	1226403501
39	79	1	1226484281
39	79	1	1226497123
39	79	1	1226939491
39	79	1	1226946684
39	79	1	1226968268
39	79	1	1227101736
39	79	1	1227875767
39	79	1	1228203113
39	79	1	1229409499
39	79	1	1230223229
39	79	1	1230237509
39	79	1	1230766611
39	79	1	1231583238
39	79	1	1232066299
39	79	1	1232469591
39	79	1	1232477996
39	79	1	1233054973
39	79	1	1233095915
39	79	1	1233121157
39	79	1	1233207505
39	79	1	1233555067
39	79	1	1234446490
39	79	1	1234762607
39	79	1	1234765878
39	79	1	1234946561
39	79	1	1235324584
39	79	1	1235493568
39	79	1	1236126916
39	79	1	1237333486
39	79	1	1237338146
39	79	1	1238042385
39	79	1	1238715579
39	79	1	1240461428
17	80	1	1225529620
17	81	1	1225583765
17	82	1	1225678530
17	83	1	1225770478
17	84	1	1225860090
39	85	1	1225927113
39	86	1	1225939673
39	86	1	1225941979
39	87	1	1225956594
39	87	1	1226308766
39	88	1	1226219466
17	89	1	1226471173
40	90	1	1226491039
40	91	1	1226502493
17	92	1	1227249529
17	93	1	1227883753
41	94	1	1229785651
17	95	1	1234149392
17	96	1	1234563836
17	97	1	1235275460
17	98	1	1235279726
39	99	1	1237294516
17	100	1	1237616397
42	101	1	1237741758
43	102	1	1238746185
43	103	1	1238746195
17	104	1	1239502196
17	105	1	1239579135
17	106	1	1239582541
44	107	1	1239651348
17	108	1	1240007592
17	109	1	1240015589
17	110	1	1240078959
17	111	1	1240088143
45	112	1	1242926130
46	113	1	1243474021
46	114	1	1243474024
23	115	1	1243519877
23	116	1	1243519910
47	117	1	1244733321
48	118	1	1246041448
48	119	1	1246041456
48	120	1	1246041461
49	121	1	1248103356
17	122	1	1251832473
17	123	1	1252735048
17	124	1	1252741949
17	125	1	1252815600
50	126	1	1252817818
17	126	1	1264237155
51	127	1	1257082532
52	128	1	1257189416
53	129	1	1257309709
7	130	1	1257879292
54	131	1	1259858388
7	132	1	1261239793
7	132	1	1261239921
7	132	1	1261239957
7	132	1	1261240007
7	132	1	1261240051
7	132	1	1261315672
7	133	1	1261240840
7	134	1	1261240918
7	135	1	1261315681
7	135	1	1261315688
55	136	1	1263775605
55	136	1	1270158771
31	137	1	1264309272
17	138	1	1264467252
17	139	1	1264473245
17	140	1	1264551854
17	141	1	1264720758
17	142	1	1264732001
17	143	1	1264919026
17	144	1	1264921479
17	145	1	1264923168
17	146	1	1266706449
17	147	1	1266717328
56	148	1	1268582738
56	149	1	1268600807
57	150	1	1269293441
58	151	1	1270200001
58	152	1	1270468058
58	153	1	1270656598
17	154	1	1271126870
59	155	1	1274813100
60	156	1	1276237925
17	157	1	1276992319
17	158	1	1277066023
17	159	1	1277158809
17	160	1	1277167762
17	161	1	1277178717
17	162	1	1277180228
17	163	1	1277578830
17	163	1	1289164480
61	163	1	1308757762
61	163	1	1309105838
23	164	1	1279354642
17	165	1	1280795499
17	166	1	1280799585
62	167	1	1280959834
62	167	1	1281005520
62	168	1	1281096576
17	169	1	1281148942
17	170	1	1281152960
17	171	1	1281154667
17	172	1	1281158068
62	173	1	1281177697
17	173	1	1289163198
61	173	1	1308798232
61	173	1	1309109605
17	174	1	1281232466
17	175	1	1281234268
62	176	1	1281258134
63	177	1	1282432712
17	178	1	1283020604
64	179	1	1283391344
64	179	1	1284613804
64	179	1	1284614065
25	179	1	1408317609
17	180	1	1283392960
17	181	1	1283395730
64	182	1	1283408502
17	183	1	1283476921
65	184	1	1284220842
66	185	1	1285019767
64	186	1	1285791200
64	186	1	1285791733
64	187	1	1286348766
67	188	1	1287686118
17	189	1	1289159962
17	190	1	1289172575
64	191	1	1289953731
64	191	1	1291476924
64	191	1	1295305775
68	191	1	1331925633
69	192	1	1294088216
17	193	1	1296442315
17	193	1	1333237095
17	194	1	1296616813
17	195	1	1296783591
70	196	1	1297756519
17	197	1	1298435427
71	198	1	1299509160
72	199	1	1300989429
17	200	1	1301869581
64	201	1	1302754691
17	202	1	1302977742
17	203	1	1302982284
17	204	1	1302994149
17	205	1	1303350668
73	206	1	1304162766
17	207	1	1304813497
17	207	1	1333910847
74	208	1	1306224948
64	209	1	1306518457
75	210	1	1307396179
61	210	1	1332471271
23	211	1	1308067989
76	212	1	1308096431
76	212	1	1308096448
7	213	1	1261240698
77	213	1	1308568888
61	214	1	1308808482
61	214	1	1308812370
61	215	1	1308811796
61	215	1	1308812091
78	216	1	1309303982
79	217	1	1309512837
79	218	1	1309526309
79	219	1	1309536603
61	220	1	1309541499
17	221	1	1309569900
17	222	1	1309578671
17	223	1	1309582746
17	224	1	1309622817
17	225	1	1309631730
80	226	1	1313251494
80	227	1	1313251804
81	228	1	1313792160
23	229	1	1314044780
82	229	1	1410353360
17	230	1	1314240989
17	230	1	1422211590
17	231	1	1315762900
17	232	1	1315764490
17	233	1	1315766357
17	234	1	1315771923
17	235	1	1318972660
64	236	1	1319840830
64	236	1	1429211993
17	237	1	1323132833
17	238	1	1326048943
17	239	1	1329069696
17	240	1	1329082457
83	241	1	1329304764
83	242	1	1329304774
17	243	1	1333904649
17	244	1	1333906685
17	245	1	1336323121
25	246	1	1408317609
17	247	1	1421017299
17	248	1	1423708158
17	249	1	1424392542
84	249	1	1438202210
17	250	1	1424582703
84	250	1	1438202207
17	251	1	1424584827
85	252	1	1426618672
9	252	1	1429222872
85	252	1	1429245500
85	253	1	1426618672
9	253	1	1429222872
85	253	1	1429245500
85	254	1	1426618672
85	255	1	1426618672
9	255	1	1429222873
85	255	1	1429245500
85	256	1	1426618684
9	256	1	1429222872
85	256	1	1429245500
85	257	1	1426618684
9	257	1	1429222872
85	257	1	1429245500
85	258	1	1426618684
85	259	1	1426618685
85	260	1	1426618685
9	260	1	1429222872
85	260	1	1429245500
85	261	1	1426618685
9	261	1	1429222872
85	261	1	1429245500
85	262	1	1426618685
9	262	1	1429222873
85	262	1	1429245500
85	263	1	1426618686
9	263	1	1429222873
85	263	1	1429245500
85	264	1	1426618686
9	264	1	1429222877
85	264	1	1429245500
17	265	1	1426641716
64	266	1	1429211994
84	267	1	1438202208
84	268	1	1438202210
86	269	1	1438644574
86	270	1	1443815585
86	271	1	1443815585
86	272	1	1443815585
86	273	1	1443815586
86	274	1	1443815586
86	275	1	1443815586
86	276	1	1443815586
