1	1	1	1107025407
2	1	1	1107156134
3	1	1	1114869095
3	1	1	1114892885
3	1	1	1129572156
3	1	1	1130073376
3	1	1	1130087112
3	1	1	1130087982
3	1	1	1130088034
3	1	1	1131138640
3	1	1	1132960706
3	1	1	1134508318
4	1	1	1154278339
5	1	1	1210726160
6	1	1	1212799007
7	1	1	1249911414
3	3	1	1110641670
3	3	1	1131038574
3	3	1	1131038677
3	3	1	1131039057
8	3	1	1336422118
9	11	1	1320229534
10	11	1	1320671147
3	14	1	1113948314
3	14	1	1113948783
3	14	1	1113948880
3	14	1	1113950375
3	14	1	1114090871
3	14	1	1114092740
3	14	1	1114093095
11	14	1	1411898535
3	15	1	1114869906
3	15	1	1114870040
3	15	1	1114870633
3	15	1	1114873899
3	15	1	1114873961
3	15	1	1114878164
3	15	1	1114891313
3	15	1	1114891423
3	15	1	1114892248
3	15	1	1128183462
3	16	1	1114870246
3	16	1	1114874000
3	17	1	1114874022
3	17	1	1114877071
3	17	1	1114877565
3	17	1	1114879798
3	17	1	1114886834
3	17	1	1114891111
3	18	1	1114878636
3	18	1	1114878658
3	18	1	1114878739
3	19	1	1114878876
3	20	1	1114879848
3	21	1	1114880060
3	21	1	1114880136
3	22	1	1114880319
3	23	1	1114881662
3	24	1	1114882949
3	24	1	1114889927
3	24	1	1114890058
3	25	1	1114883246
3	25	1	1114889674
3	26	1	1114888363
3	26	1	1114889235
3	26	1	1114889338
3	26	1	1114889478
3	26	1	1114893913
3	26	1	1114894895
3	26	1	1115115828
3	27	1	1114889550
3	28	1	1114893334
3	29	1	1114893687
3	29	1	1114893774
3	30	1	1114897981
3	31	1	1122155026
3	31	1	1122155243
3	31	1	1122221338
3	31	1	1122223119
3	31	1	1130087211
3	31	1	1130087636
3	31	1	1130274435
3	32	1	1123531480
3	32	1	1123531650
3	32	1	1123532036
3	32	1	1123618037
3	32	1	1123618597
3	32	1	1125006769
3	32	1	1125008499
9	32	1	1320229528
10	32	1	1320671149
3	33	1	1124018506
3	33	1	1124018534
3	34	1	1124019463
3	35	1	1124019930
3	36	1	1124022519
3	36	1	1124059313
3	37	1	1124059133
3	38	1	1125004883
3	38	1	1125006130
3	38	1	1125006367
3	38	1	1125006382
3	38	1	1125008278
3	38	1	1126002161
3	38	1	1126019842
3	38	1	1126130149
3	38	1	1127058914
3	39	1	1125005610
3	39	1	1125005676
3	39	1	1125005906
3	40	1	1125006661
3	41	1	1125006951
3	41	1	1125998327
3	42	1	1125008374
3	42	1	1125181659
3	42	1	1125181692
3	43	1	1125008572
3	43	1	1125008592
3	44	1	1125008736
3	45	1	1125149904
3	46	1	1125159757
3	46	1	1125176925
3	47	1	1125159982
3	47	1	1126011246
3	48	1	1125178517
3	49	1	1125179382
3	50	1	1125181510
3	51	1	1125181557
3	52	1	1125997936
3	52	1	1126002129
3	52	1	1126014993
3	52	1	1126023083
3	52	1	1126129842
3	52	1	1126130061
3	52	1	1126131423
3	52	1	1126216785
3	52	1	1126220260
3	52	1	1126222041
3	52	1	1126555068
3	52	1	1126555311
3	52	1	1126555501
3	52	1	1126555661
3	52	1	1126555705
3	52	1	1126555970
3	52	1	1126817683
3	52	1	1127058997
3	52	1	1127059045
3	52	1	1127077579
3	52	1	1127078483
3	52	1	1127078667
3	52	1	1127078714
3	52	1	1127078865
3	52	1	1127078973
3	52	1	1127079122
3	52	1	1127079494
3	52	1	1127494199
3	52	1	1127569560
3	52	1	1127661162
3	52	1	1128373892
3	52	1	1128879200
3	52	1	1129482224
3	52	1	1129486138
3	52	1	1130073218
3	52	1	1130085148
3	52	1	1130363918
3	52	1	1130364422
3	52	1	1130597555
3	52	1	1130597608
3	52	1	1130597640
3	52	1	1130597670
3	52	1	1130597851
3	52	1	1130597933
3	52	1	1130598059
3	52	1	1130598228
3	52	1	1130598273
3	52	1	1130598546
3	52	1	1131139424
3	52	1	1131139928
3	52	1	1131139974
3	52	1	1131140028
3	52	1	1131140095
3	53	1	1126555111
3	53	1	1126645774
3	53	1	1126645948
3	53	1	1126649890
3	53	1	1126890188
3	53	1	1127659378
3	53	1	1130083591
3	53	1	1130086249
3	53	1	1130270995
3	54	1	1126555367
3	54	1	1126647114
3	54	1	1126647240
3	54	1	1127064618
3	54	1	1130270933
3	55	1	1126555539
3	55	1	1126649968
3	55	1	1126650524
3	55	1	1126994068
3	55	1	1126994763
3	55	1	1130083766
3	55	1	1130270869
3	56	1	1126555738
3	56	1	1126997674
3	56	1	1127076749
3	56	1	1128352191
3	56	1	1130083846
3	56	1	1130270811
3	57	1	1126556047
3	57	1	1127076826
3	57	1	1130083947
3	57	1	1130270752
3	58	1	1127077591
3	58	1	1130084041
3	58	1	1130270692
3	59	1	1127078507
3	59	1	1127082338
3	59	1	1127082360
3	59	1	1127082469
3	59	1	1127085686
3	59	1	1127254662
3	59	1	1130084137
3	59	1	1130084178
3	59	1	1130270588
3	60	1	1127078745
3	60	1	1127503893
3	60	1	1127504632
3	60	1	1127504671
3	60	1	1130084277
3	60	1	1130088559
3	60	1	1130089040
3	60	1	1130270464
3	61	1	1127078883
3	61	1	1127502581
3	61	1	1130084376
3	61	1	1130270396
12	61	1	1195760182
13	61	1	1196103881
12	61	1	1197023870
14	61	1	1205980067
12	61	1	1206570940
3	62	1	1127078992
3	62	1	1127495588
3	62	1	1130084538
3	62	1	1130270329
3	63	1	1127079144
3	63	1	1127494134
3	63	1	1130084623
3	63	1	1130270221
3	64	1	1127570190
3	64	1	1127570214
3	64	1	1127570229
15	64	1	1134660858
3	64	1	1134678957
3	64	1	1134680926
3	64	1	1134681472
3	64	1	1134681577
3	64	1	1136409199
16	64	1	1426644988
17	64	1	1429227357
16	64	1	1429245616
3	65	1	1128376284
3	65	1	1128878118
3	65	1	1128879109
3	65	1	1130084915
3	65	1	1130269830
3	65	1	1130270083
3	66	1	1129578361
3	66	1	1129579609
3	66	1	1136409240
17	66	1	1429227357
3	67	1	1129578465
3	67	1	1129578656
3	68	1	1129578538
3	69	1	1129578582
3	70	1	1129578750
3	71	1	1129578819
3	72	1	1129578861
3	73	1	1129578906
3	74	1	1129578973
3	75	1	1129579054
18	75	1	1196581248
3	76	1	1129579107
3	77	1	1129579211
3	78	1	1129579257
3	79	1	1129579315
3	80	1	1129579358
3	81	1	1129579393
3	82	1	1129579476
3	83	1	1129579555
3	84	1	1129581086
3	85	1	1130073234
3	85	1	1130084722
3	85	1	1130269986
3	86	1	1130073394
3	86	1	1131138811
3	86	1	1131138880
3	87	1	1130084991
3	87	1	1130270122
3	87	1	1130443346
3	88	1	1130085201
3	88	1	1130269743
3	88	1	1130443946
3	88	1	1130619605
3	89	1	1130085303
3	89	1	1130442831
3	90	1	1130085353
3	90	1	1130269651
3	90	1	1130444323
3	91	1	1130085484
3	91	1	1130269529
3	92	1	1130087159
3	92	1	1130087664
3	93	1	1130087693
3	93	1	1130087778
3	93	1	1131297098
3	93	1	1131297380
19	93	1	1234711915
3	94	1	1131139039
3	95	1	1132961261
3	95	1	1132961317
3	95	1	1132961341
3	95	1	1133027628
3	96	1	1132964656
3	96	1	1132965290
3	96	1	1132965577
3	96	1	1132965724
3	96	1	1133009481
3	96	1	1133009528
3	96	1	1133010010
3	96	1	1133010428
3	96	1	1133011351
3	96	1	1133012917
3	96	1	1133013790
3	96	1	1133015356
3	96	1	1133015583
3	96	1	1133015703
3	96	1	1133015739
3	96	1	1133016838
3	96	1	1133016864
3	96	1	1133019338
3	96	1	1133019404
3	96	1	1133019748
3	96	1	1133023309
3	96	1	1133027584
3	96	1	1133028119
3	97	1	1133017048
3	97	1	1133017288
3	97	1	1133017359
3	97	1	1133017866
3	97	1	1133027057
3	97	1	1133027160
3	97	1	1133027507
3	97	1	1133027997
3	97	1	1133028014
3	98	1	1133018563
3	98	1	1133018592
3	98	1	1133026227
3	98	1	1133026818
3	98	1	1133027932
3	98	1	1133028057
3	99	1	1133027389
3	99	1	1133027406
3	100	1	1133027647
3	100	1	1133027741
3	100	1	1133027842
3	100	1	1133028159
3	100	1	1133028289
3	100	1	1133052234
3	100	1	1133052796
3	100	1	1133052941
3	100	1	1133053264
3	100	1	1133805097
3	100	1	1133811984
3	100	1	1133812145
3	100	1	1133812526
3	100	1	1133812586
3	100	1	1133815094
3	101	1	1133027758
3	102	1	1133027860
3	102	1	1133906122
20	103	1	1133628461
20	104	1	1133628487
3	105	1	1133807031
3	105	1	1133906090
3	105	1	1133906159
3	106	1	1133807284
3	107	1	1133809183
3	107	1	1133811765
3	107	1	1133906236
3	108	1	1133905427
3	108	1	1133905445
3	109	1	1133905512
3	110	1	1133905635
3	111	1	1133905655
3	112	1	1133905676
3	113	1	1133905703
3	114	1	1133905747
3	115	1	1133905779
3	116	1	1133905801
3	117	1	1133905821
3	118	1	1133905872
3	119	1	1133905895
3	120	1	1133905915
3	121	1	1133905940
3	122	1	1133906259
3	122	1	1133906313
15	123	1	1134660525
3	124	1	1134768596
3	124	1	1134768620
21	125	1	1136815752
4	126	1	1154278339
13	127	1	1170642515
18	127	1	1206680674
13	128	1	1170642951
22	128	1	1225247098
23	129	1	1183046624
22	129	1	1277172975
22	129	1	1277174669
24	130	1	1188247568
24	131	1	1188247694
12	132	1	1188301729
12	133	1	1188301751
25	134	1	1190417526
25	134	1	1190417533
25	134	1	1192482992
25	135	1	1190467475
26	136	1	1269502126
27	136	1	1309683087
27	136	1	1319676892
27	136	1	1324472686
27	136	1	1326586463
27	136	1	1329059084
27	136	1	1338599037
27	136	1	1338920552
27	136	1	1340945366
27	136	1	1342728547
27	136	1	1346896791
27	136	1	1347283399
27	136	1	1350356315
27	136	1	1350493453
27	136	1	1357678751
27	136	1	1358608977
28	136	1	1358898731
27	136	1	1359577866
27	136	1	1363204721
27	136	1	1366778930
27	136	1	1367293469
27	136	1	1367346862
27	136	1	1369082599
27	136	1	1370309965
27	136	1	1371962104
27	136	1	1372941236
29	136	1	1372948757
27	136	1	1374585624
30	136	1	1374597426
31	136	1	1375241924
27	136	1	1377025975
27	136	1	1379990200
27	136	1	1380912166
27	136	1	1381263409
27	136	1	1383681877
27	136	1	1384817302
16	136	1	1389854844
16	136	1	1392813054
16	136	1	1393020003
16	136	1	1393616659
16	136	1	1394747764
16	136	1	1396307088
16	136	1	1400880567
16	136	1	1403214894
16	136	1	1408642516
16	136	1	1408659326
16	136	1	1409676728
16	136	1	1414346726
16	136	1	1415986611
16	136	1	1416593532
16	136	1	1416594938
16	136	1	1419620385
12	137	1	1191917049
32	138	1	1191987704
32	139	1	1191987708
22	140	1	1192839854
22	140	1	1319173411
22	140	1	1329450369
22	140	1	1329450788
33	141	1	1193788428
33	141	1	1199613397
18	142	1	1196579381
18	143	1	1196579390
34	144	1	1196634886
35	145	1	1198876334
36	146	1	1200951413
36	147	1	1200951421
37	148	1	1204461824
14	149	1	1205980117
38	150	1	1206624232
39	151	1	1209745232
40	152	1	1212291913
6	153	1	1212798622
6	154	1	1212798728
41	155	1	1213744517
41	155	1	1213791064
41	155	1	1293352167
41	155	1	1372516558
41	156	1	1214149895
42	157	1	1218640663
43	158	1	1219864824
22	158	1	1225530116
22	159	1	1225169776
44	160	1	1225315411
44	161	1	1225320451
44	162	1	1225324987
22	163	1	1225328047
22	164	1	1225352311
44	165	1	1225375474
44	165	1	1226321020
44	166	1	1225389100
44	167	1	1225389132
22	168	1	1225430568
36	168	1	1236651343
44	169	1	1225457639
44	169	1	1225569362
44	169	1	1225587952
44	169	1	1225600507
44	169	1	1225655801
44	169	1	1225683349
44	169	1	1225729222
44	169	1	1225775490
44	169	1	1225837903
44	169	1	1225862374
44	169	1	1225880935
44	169	1	1226013107
44	169	1	1226380217
44	169	1	1226500617
44	169	1	1226940213
44	169	1	1226947298
44	169	1	1226968686
44	169	1	1227104230
44	169	1	1227878324
44	169	1	1228203681
44	169	1	1229413422
44	169	1	1230229693
44	169	1	1230240754
44	169	1	1230768819
44	169	1	1231587904
44	169	1	1232069721
44	169	1	1232473904
44	169	1	1232481696
44	169	1	1233058331
44	169	1	1233099437
44	169	1	1233124420
44	169	1	1233210733
44	169	1	1233557201
44	169	1	1234451640
44	169	1	1234763116
44	169	1	1234766303
44	169	1	1234950952
44	169	1	1235328598
44	169	1	1235496984
44	169	1	1236128960
44	169	1	1237340493
44	169	1	1238045859
44	169	1	1238718805
44	169	1	1240463771
22	170	1	1225584035
22	171	1	1225678817
22	172	1	1225770827
22	173	1	1225860334
44	174	1	1225932643
44	175	1	1225945148
44	176	1	1225960924
44	176	1	1226310644
44	177	1	1226232751
22	178	1	1226471346
45	179	1	1226494971
45	180	1	1226505050
22	181	1	1227249688
22	182	1	1227883946
46	183	1	1229788178
47	184	1	1233646542
22	185	1	1234149544
22	186	1	1234563996
19	187	1	1234711767
19	187	1	1236386266
19	188	1	1234711968
22	189	1	1235275590
22	190	1	1235279847
44	191	1	1237302200
22	192	1	1237616524
48	193	1	1238747026
48	194	1	1238747036
22	195	1	1239502344
22	196	1	1239579260
22	197	1	1239582660
22	198	1	1240007751
22	199	1	1240015719
22	200	1	1240079093
22	201	1	1240088264
49	202	1	1242925040
50	203	1	1246042318
51	203	1	1394532368
50	204	1	1246042326
50	205	1	1246042330
52	206	1	1246819059
17	206	1	1429227361
53	207	1	1248106699
22	208	1	1251833220
22	209	1	1252735201
22	210	1	1252742797
22	211	1	1252815747
54	212	1	1257187044
55	213	1	1259718559
56	214	1	1259897575
55	215	1	1261011649
22	216	1	1264237212
22	217	1	1264292071
38	218	1	1264352440
22	219	1	1264389238
22	220	1	1264467321
22	221	1	1264473314
22	222	1	1264551939
22	223	1	1264720815
22	224	1	1264732060
22	225	1	1264919080
22	226	1	1264921535
22	227	1	1264923224
22	228	1	1266706506
22	228	1	1379473334
22	229	1	1266717386
57	230	1	1268601293
58	231	1	1270200491
58	231	1	1379169506
58	232	1	1270468829
58	232	1	1379169509
58	233	1	1270656798
58	233	1	1379169514
59	234	1	1270818869
22	235	1	1271126923
60	236	1	1274812911
61	237	1	1276238071
22	238	1	1276992364
22	239	1	1277066079
22	240	1	1277158862
22	241	1	1277167815
22	242	1	1277178761
22	243	1	1277180272
22	244	1	1277247177
22	245	1	1277578885
22	245	1	1289164541
62	245	1	1308760282
62	245	1	1309106424
62	245	1	1322675745
62	245	1	1356643479
62	245	1	1356694293
63	246	1	1279029228
22	247	1	1280795566
22	248	1	1280799639
64	249	1	1280959891
64	249	1	1281005590
64	250	1	1281096634
22	251	1	1281149003
22	252	1	1281153014
22	253	1	1281154721
22	254	1	1281158124
64	255	1	1281177787
22	255	1	1289163275
62	255	1	1308799220
62	255	1	1309110199
62	255	1	1356643467
22	256	1	1281232520
22	257	1	1281234319
64	258	1	1281258183
65	259	1	1281993370
65	260	1	1281993381
66	261	1	1282093147
67	261	1	1422986802
66	262	1	1282093157
67	262	1	1422986802
22	263	1	1283020651
68	264	1	1283391409
68	264	1	1284614317
69	264	1	1408317627
22	265	1	1283393020
68	266	1	1283408626
4	267	1	1285022808
68	268	1	1285791386
68	268	1	1285791985
68	269	1	1286348946
22	270	1	1289160051
22	271	1	1289172667
68	272	1	1289953803
68	272	1	1291477110
68	272	1	1295305961
70	272	1	1327430439
71	272	1	1337663011
71	272	1	1342548988
71	272	1	1349131579
71	272	1	1360200930
65	273	1	1293738746
72	274	1	1294089485
22	275	1	1296442362
22	275	1	1333237200
73	275	1	1390290101
73	275	1	1390291926
22	276	1	1296448496
22	277	1	1296528559
22	278	1	1296616871
22	279	1	1296783654
74	280	1	1297757256
22	281	1	1298435477
75	282	1	1299509041
22	283	1	1301869635
68	284	1	1302754877
22	285	1	1302977797
65	285	1	1331474216
22	286	1	1302982332
22	287	1	1302994195
22	288	1	1303350731
22	289	1	1305156820
22	289	1	1333910926
76	290	1	1306294406
76	290	1	1314535270
68	291	1	1306446463
68	292	1	1306518638
77	293	1	1307396951
78	293	1	1332353712
62	294	1	1308809278
62	294	1	1308813327
62	295	1	1308813051
79	296	1	1309303883
79	296	1	1331457458
79	296	1	1331457469
79	296	1	1401149546
80	297	1	1309513621
80	298	1	1309526549
62	299	1	1309539819
62	300	1	1309541961
22	301	1	1309569968
22	302	1	1309578722
22	303	1	1309582803
22	304	1	1309622865
22	305	1	1309631781
81	306	1	1313792295
22	307	1	1314241052
22	307	1	1422211678
22	308	1	1315767519
22	309	1	1315771987
82	310	1	1316291709
83	311	1	1317671256
78	312	1	1318456150
84	313	1	1318481184
22	314	1	1318973577
68	315	1	1319840926
68	315	1	1429211996
85	316	1	1319992312
67	316	1	1497568697
86	317	1	1320839800
86	318	1	1320839981
87	319	1	1321040365
88	320	1	1321069000
89	320	1	1327373127
89	320	1	1327852348
89	320	1	1327852772
87	321	1	1321205017
87	322	1	1321205018
87	322	1	1321205208
90	323	1	1321457239
90	323	1	1349152231
90	323	1	1349170329
90	323	1	1351372623
22	324	1	1321762606
22	325	1	1321848040
22	326	1	1321919138
22	327	1	1321922764
22	327	1	1322092628
22	328	1	1321927000
22	328	1	1322094360
62	329	1	1321987672
62	330	1	1321993412
62	331	1	1322031198
22	332	1	1322096535
22	333	1	1322097786
22	334	1	1322098990
91	335	1	1322263833
92	336	1	1322393471
22	336	1	1346638983
22	337	1	1323046118
22	338	1	1323049831
78	339	1	1325894901
78	339	1	1325966106
68	340	1	1326327447
89	341	1	1327373310
89	342	1	1327374471
89	342	1	1327806901
78	343	1	1328129022
93	344	1	1328451438
93	344	1	1328453427
93	344	1	1328466517
93	345	1	1328451447
93	345	1	1328452454
93	345	1	1328465691
22	346	1	1329069751
65	347	1	1329728146
78	348	1	1329744570
78	349	1	1329758543
62	350	1	1329831447
62	351	1	1329835795
62	351	1	1356635273
94	352	1	1330395277
22	352	1	1344218929
22	352	1	1344231005
57	353	1	1330560020
65	354	1	1330623291
65	355	1	1330703289
22	356	1	1332039271
22	357	1	1333243789
22	358	1	1333419075
22	359	1	1333499770
22	359	1	1333581996
22	360	1	1333587027
22	361	1	1333904733
22	362	1	1333906766
78	363	1	1334112043
22	364	1	1334509562
22	365	1	1336323176
95	366	1	1338008988
95	367	1	1338014345
78	368	1	1338319535
96	369	1	1338439459
96	369	1	1338442372
96	369	1	1342492291
22	370	1	1338649339
22	371	1	1338655675
22	372	1	1338659689
97	373	1	1338913277
97	373	1	1338914590
97	374	1	1338913278
97	375	1	1338933485
97	375	1	1338934395
97	376	1	1338933486
22	377	1	1339378395
22	378	1	1339992798
78	379	1	1340665803
22	380	1	1341259104
22	380	1	1344109930
22	381	1	1341261856
98	382	1	1342189029
22	383	1	1344111587
99	384	1	1344244901
22	385	1	1344379729
100	386	1	1346356517
100	387	1	1346431014
101	387	1	1347097995
101	388	1	1346442461
22	389	1	1346627183
22	390	1	1346632919
22	391	1	1346636939
102	392	1	1346780273
102	393	1	1346856407
103	394	1	1348937293
65	395	1	1351191661
65	396	1	1351240297
65	397	1	1351246217
65	398	1	1351246226
90	399	1	1351372696
104	400	1	1351646586
27	401	1	1354613208
27	402	1	1354743601
22	403	1	1355087734
22	404	1	1355091517
22	405	1	1355112726
105	406	1	1355255310
106	407	1	1355726003
78	408	1	1359580506
78	409	1	1359580625
105	410	1	1359910664
22	411	1	1360030613
107	411	1	1417132052
107	411	1	1487249158
22	412	1	1360034948
22	413	1	1361149636
22	414	1	1361155285
78	415	1	1361233017
108	416	1	1363889210
108	417	1	1363889218
22	418	1	1364142354
22	419	1	1364146433
22	420	1	1364172874
22	421	1	1364174723
109	421	1	1451502384
110	422	1	1365254015
111	423	1	1366082205
78	424	1	1367173952
112	425	1	1367354017
109	425	1	1451502365
113	426	1	1369405206
113	426	1	1378043976
22	426	1	1381706520
113	426	1	1384698155
113	426	1	1408419939
22	427	1	1370217398
22	428	1	1372733581
22	429	1	1372820685
114	430	1	1375239368
22	430	1	1381682343
114	431	1	1375241025
114	431	1	1375241059
31	431	1	1375241933
69	432	1	1375273755
69	432	1	1418741225
115	433	1	1376682307
115	434	1	1377991695
116	435	1	1378041605
113	436	1	1378218282
113	436	1	1382847076
113	436	1	1382860921
58	437	1	1379167567
58	438	1	1379167570
22	439	1	1379281022
22	440	1	1379302449
109	440	1	1451502384
22	441	1	1379463737
22	442	1	1379467453
22	443	1	1379560741
22	444	1	1379562436
22	445	1	1379563781
22	446	1	1379897199
22	447	1	1379898985
22	448	1	1380159611
22	449	1	1380163840
22	450	1	1380395913
22	451	1	1380397291
22	452	1	1380400928
117	452	1	1385795794
117	452	1	1388051775
117	452	1	1391247248
22	452	1	1408626448
118	452	1	1411917929
119	452	1	1411919479
22	452	1	1413772447
22	452	1	1438465528
22	453	1	1380407497
117	453	1	1385473687
117	453	1	1386742433
117	453	1	1391654801
117	453	1	1393934797
118	453	1	1411917929
119	453	1	1411919479
22	453	1	1414897965
22	454	1	1381683812
22	455	1	1381700123
113	455	1	1382878112
113	455	1	1382932015
22	456	1	1381723280
67	456	1	1450290262
120	457	1	1382942315
8	457	1	1383002230
121	458	1	1383338181
122	459	1	1384698590
8	460	1	1384786100
123	461	1	1385383638
124	462	1	1387293305
22	463	1	1390174862
67	463	1	1487200229
22	464	1	1390254128
22	465	1	1390265266
125	466	1	1390299811
126	467	1	1392384814
126	468	1	1392401855
22	469	1	1393563718
22	470	1	1393570995
127	471	1	1393651350
51	472	1	1394532320
128	473	1	1394755151
129	474	1	1395184426
129	474	1	1395426545
129	474	1	1396577698
130	475	1	1396562697
131	476	1	1396596762
132	477	1	1396957927
16	478	1	1400531918
69	479	1	1408317627
22	480	1	1409106318
22	481	1	1410622540
133	481	1	1447384207
22	482	1	1410709612
22	483	1	1411003567
133	483	1	1447384224
118	484	1	1411917929
97	484	1	1415696098
22	484	1	1420952178
118	485	1	1411917930
97	485	1	1415696112
22	485	1	1420958918
119	486	1	1411919479
119	487	1	1411919479
134	488	1	1413410488
22	489	1	1413766684
22	490	1	1416714097
67	490	1	1472037774
67	490	1	1472127252
22	491	1	1416721203
67	491	1	1472037774
67	491	1	1472127252
107	492	1	1417132051
107	493	1	1417132053
22	494	1	1417321257
135	495	1	1418654463
22	496	1	1421017490
22	497	1	1421111592
22	498	1	1421115581
22	499	1	1421119635
22	499	1	1423374885
98	499	1	1424432171
67	500	1	1422986802
67	501	1	1422986802
22	502	1	1423377250
98	502	1	1424432172
22	503	1	1423708235
22	504	1	1423940327
22	505	1	1424392635
67	505	1	1438202028
98	506	1	1424432171
98	507	1	1424432172
22	508	1	1424582797
67	508	1	1438202021
22	509	1	1424584915
22	510	1	1426641835
16	511	1	1426644983
17	511	1	1429227357
16	511	1	1429245602
16	512	1	1426644983
17	512	1	1429227357
16	512	1	1429245603
16	513	1	1426644983
17	513	1	1429227357
16	513	1	1429245603
16	514	1	1426644984
17	514	1	1429227357
16	514	1	1429245613
16	515	1	1426644984
17	515	1	1429227357
16	515	1	1429245603
16	516	1	1426644984
17	516	1	1429227357
16	516	1	1429245614
16	517	1	1426644984
16	518	1	1426644988
17	518	1	1429227357
16	518	1	1429245615
16	519	1	1426644988
16	520	1	1426644988
17	520	1	1429227361
16	520	1	1429245616
16	521	1	1426644988
17	521	1	1429227357
16	521	1	1429245616
16	522	1	1426644988
17	522	1	1429227361
16	522	1	1429245616
16	523	1	1426644988
17	523	1	1429227361
16	523	1	1429245616
16	524	1	1426644989
17	524	1	1429227361
16	524	1	1429245616
16	525	1	1426644989
17	525	1	1429227361
16	525	1	1429245616
16	526	1	1426644989
17	526	1	1429227361
16	526	1	1429245622
16	527	1	1426644989
17	527	1	1429227361
16	527	1	1429245622
68	528	1	1429211997
67	529	1	1438202023
67	530	1	1438202028
136	531	1	1438644804
137	532	1	1442468431
137	533	1	1442468431
137	534	1	1442468431
137	535	1	1442468431
137	536	1	1442468431
137	537	1	1442468431
137	538	1	1442468432
137	539	1	1442468432
137	540	1	1442468432
137	541	1	1442468432
137	542	1	1442509683
137	543	1	1442509683
137	544	1	1442509683
137	545	1	1442509683
137	546	1	1442509683
137	547	1	1442509683
137	548	1	1442509683
137	549	1	1442509683
137	550	1	1442509683
136	551	1	1443816092
136	552	1	1443816092
136	553	1	1443816092
136	554	1	1443816093
136	555	1	1443816093
136	556	1	1443816093
136	557	1	1443816093
67	558	1	1450290250
67	559	1	1450290262
109	560	1	1451502365
109	561	1	1451502384
109	562	1	1451502384
109	563	1	1462387260
67	564	1	1472127252
67	565	1	1472127252
67	566	1	1487200229
107	567	1	1487249158
67	568	1	1497568698
