1	1	1	1181664449
1	1	1	1181664501
1	1	1	1181664815
2	1	1	1193495120
3	2	1	1133534966
3	3	1	1133534999
4	4	1	1135874974
4	4	1	1442068587
4	5	1	1135874995
4	5	1	1136899897
4	5	1	1140645312
4	5	1	1140646329
4	5	1	1140692054
4	5	1	1140707672
4	6	1	1136899402
4	6	1	1137281580
4	6	1	1140389249
4	7	1	1137281558
4	8	1	1137614267
5	8	1	1312608753
6	8	1	1456542721
4	9	1	1140691816
4	9	1	1140691843
7	10	1	1142148434
7	10	1	1142152060
7	10	1	1142152653
7	11	1	1142150565
7	12	1	1142151191
8	12	1	1265763590
9	12	1	1468063218
7	13	1	1142151328
7	14	1	1142152094
4	14	1	1145140308
1	14	1	1183214381
10	14	1	1188498186
2	14	1	1193674124
2	14	1	1193952554
11	14	1	1271484499
12	14	1	1308190438
13	14	1	1343664828
13	14	1	1343664972
14	14	1	1346510240
14	14	1	1351588074
14	14	1	1351589946
14	14	1	1351601641
14	14	1	1351779876
14	14	1	1351818442
14	14	1	1351839212
15	14	1	1352552173
14	14	1	1354111522
16	14	1	1354798026
14	14	1	1354800781
17	14	1	1354991252
14	14	1	1355062074
16	14	1	1355072266
14	14	1	1355076235
16	14	1	1355081092
14	14	1	1355306423
18	14	1	1355347576
14	14	1	1355367393
18	14	1	1355388297
14	14	1	1355391737
18	14	1	1355391936
14	14	1	1355393975
18	14	1	1355394503
14	14	1	1355394857
18	14	1	1355395228
14	14	1	1355400145
16	14	1	1355400760
14	14	1	1355401690
16	14	1	1355402453
14	14	1	1374643723
16	14	1	1378627669
19	14	1	1449918205
19	14	1	1449918655
19	14	1	1449918713
19	14	1	1449918736
19	14	1	1449918775
19	14	1	1449918853
19	14	1	1449983395
19	14	1	1449986054
19	14	1	1449986109
19	14	1	1449986205
19	14	1	1449986260
19	14	1	1449986272
19	14	1	1449986308
19	14	1	1449986425
19	14	1	1449986488
19	14	1	1449986512
19	14	1	1449986531
19	14	1	1449987654
19	14	1	1449987692
19	14	1	1449987831
19	14	1	1449987891
19	14	1	1449988197
19	14	1	1449988239
19	14	1	1449993292
19	14	1	1449993303
19	14	1	1449993315
19	14	1	1449993324
19	14	1	1450863783
19	14	1	1450863793
19	14	1	1450863807
19	14	1	1450863817
19	14	1	1450863832
19	14	1	1450863850
4	15	1	1145137509
7	16	1	1160898557
7	16	1	1160924079
7	17	1	1160923862
20	17	1	1436703362
1	18	1	1180553820
1	18	1	1180554002
1	18	1	1184441238
14	18	1	1351841307
1	19	1	1180553905
1	19	1	1180995499
21	19	1	1429230152
1	20	1	1180554704
1	20	1	1184440830
22	20	1	1185782093
22	20	1	1185782221
23	20	1	1259439653
24	20	1	1450279678
1	21	1	1180986595
1	21	1	1184440792
1	22	1	1180986643
1	23	1	1180986686
2	23	1	1193673981
1	24	1	1180986723
1	24	1	1184440721
2	24	1	1193673819
1	25	1	1180995605
2	25	1	1193940687
14	25	1	1351841201
15	25	1	1352489698
1	26	1	1180995680
23	26	1	1259439640
14	26	1	1351841136
1	27	1	1180995905
14	27	1	1351841037
1	28	1	1181059013
1	28	1	1181059114
1	28	1	1184440745
1	29	1	1181059093
1	29	1	1184441030
14	29	1	1351840933
14	30	1	1355067206
1	32	1	1181072521
1	32	1	1184441134
2	32	1	1193896939
1	33	1	1181072586
1	33	1	1184441100
1	34	1	1181072772
1	34	1	1184441056
19	34	1	1449992211
1	35	1	1181072898
1	35	1	1181072916
1	35	1	1184440876
14	35	1	1351840523
19	35	1	1449917512
19	35	1	1449995053
19	35	1	1449995073
19	35	1	1449995101
19	35	1	1449995139
19	35	1	1449995157
19	35	1	1449995176
19	35	1	1449995188
19	35	1	1449995213
19	35	1	1449995224
1	36	1	1181073134
1	36	1	1184440964
2	36	1	1193488426
1	37	1	1182976478
1	37	1	1182976520
1	37	1	1182976712
23	37	1	1259439625
25	37	1	1440707394
19	37	1	1449992318
26	38	1	1183048221
27	38	1	1277173019
27	38	1	1277174711
1	39	1	1184440507
1	39	1	1184440514
14	39	1	1355066863
19	39	1	1449992419
22	40	1	1185780975
10	41	1	1187076403
10	41	1	1188498119
10	42	1	1188498120
28	43	1	1188583466
28	44	1	1188583620
29	45	1	1189410774
29	46	1	1190966103
30	46	1	1206681243
31	46	1	1439988124
32	47	1	1192405682
32	47	1	1192405692
32	48	1	1192405700
27	49	1	1193072090
27	49	1	1319252704
27	49	1	1329450841
2	50	1	1193488208
27	50	1	1264732173
21	50	1	1429230156
33	51	1	1119698341
29	52	1	1194549811
34	53	1	1194824251
34	53	1	1217589400
35	54	1	1196821774
36	55	1	1198367672
36	56	1	1198367677
37	57	1	1199659156
38	58	1	1200963082
38	59	1	1200963089
39	60	1	1204462076
40	61	1	1206044867
40	61	1	1206044992
40	61	1	1206045085
40	61	1	1206045133
30	62	1	1206417710
30	63	1	1206417715
41	64	1	1206629253
42	65	1	1209748260
43	66	1	1212274832
44	67	1	1212802453
44	68	1	1212802545
45	69	1	1213745124
45	69	1	1213797142
45	69	1	1293351693
45	69	1	1372516156
45	70	1	1214153651
46	71	1	1219265519
47	72	1	1219865257
27	72	1	1225530325
38	73	1	1221622335
27	73	1	1225430763
27	74	1	1225170184
27	75	1	1225249101
48	76	1	1225323908
27	77	1	1225328661
27	78	1	1225352674
48	79	1	1225377415
48	80	1	1225382798
48	81	1	1225383901
48	81	1	1226322591
48	82	1	1225401315
48	83	1	1225401390
48	84	1	1225462549
48	84	1	1225574616
48	84	1	1225590891
48	84	1	1225602221
48	84	1	1225659894
48	84	1	1225684839
48	84	1	1225733588
48	84	1	1225778166
48	84	1	1225842180
48	84	1	1225864808
48	84	1	1226016575
48	84	1	1226382775
48	84	1	1226503308
48	84	1	1226948079
48	84	1	1226969068
48	84	1	1227107118
48	84	1	1227881141
48	84	1	1228204191
48	84	1	1229416969
48	84	1	1230234769
48	84	1	1230243332
48	84	1	1230771699
48	84	1	1231592019
48	84	1	1232072286
48	84	1	1232476571
48	84	1	1232485295
48	84	1	1233060884
48	84	1	1233102417
48	84	1	1233127193
48	84	1	1233213570
48	84	1	1233558878
48	84	1	1234454933
48	84	1	1234763535
48	84	1	1234766670
48	84	1	1234954032
48	84	1	1235330580
48	84	1	1235499550
48	84	1	1236130491
48	84	1	1237342141
48	84	1	1238048717
48	84	1	1238721400
48	84	1	1240465625
27	85	1	1225584230
27	86	1	1225678986
27	87	1	1225771074
27	88	1	1225860585
48	89	1	1225935334
48	89	1	1226292624
48	90	1	1225946784
48	91	1	1225964418
48	91	1	1226313515
48	92	1	1226241457
27	93	1	1226471526
49	94	1	1226496416
50	95	1	1226497772
50	95	1	1226498682
50	96	1	1226498892
27	97	1	1227249863
19	98	1	1449992167
19	98	1	1449994937
19	98	1	1449994949
19	98	1	1449994984
27	99	1	1227884103
51	100	1	1229796176
27	101	1	1234149682
27	102	1	1234564141
27	103	1	1235275710
27	104	1	1235279950
48	105	1	1237304939
27	106	1	1237616641
52	107	1	1238747842
52	108	1	1238747852
27	109	1	1239506150
27	110	1	1239579373
27	111	1	1239582766
27	112	1	1240007894
27	113	1	1240015839
27	114	1	1240079215
27	115	1	1240088374
53	116	1	1242924358
54	117	1	1246043082
55	117	1	1386660191
56	117	1	1444984319
4	117	1	1445474450
54	118	1	1246043090
54	119	1	1246043095
57	120	1	1248111022
27	121	1	1251834073
27	122	1	1252735335
27	123	1	1252744224
27	124	1	1252815869
58	125	1	1257184954
59	126	1	1259434942
23	126	1	1259495902
23	126	1	1275654663
59	127	1	1259435801
59	127	1	1259435818
23	127	1	1259495662
60	128	1	1259718480
61	129	1	1260063153
62	130	1	1261974079
27	130	1	1379473373
63	131	1	1262372461
11	132	1	1262723514
11	132	1	1262723592
27	133	1	1264237277
27	134	1	1264292120
27	135	1	1264389319
41	136	1	1264396613
27	137	1	1264467399
27	138	1	1264473371
27	139	1	1264551995
27	140	1	1264720870
27	141	1	1264919127
27	142	1	1264921584
27	143	1	1264923271
27	144	1	1266717435
64	145	1	1268601722
65	146	1	1270201105
65	146	1	1379256800
65	147	1	1270469384
65	147	1	1379256802
65	148	1	1270657122
65	148	1	1379256809
66	149	1	1270845718
27	150	1	1271126968
11	151	1	1271319045
14	151	1	1355066626
11	152	1	1271326099
11	152	1	1271326660
11	152	1	1271327700
11	152	1	1271484651
11	152	1	1271485476
19	152	1	1449992276
67	153	1	1274813026
68	154	1	1276238411
27	155	1	1276992401
27	156	1	1277066120
27	157	1	1277158904
27	158	1	1277167859
27	159	1	1277178796
27	160	1	1277180309
27	161	1	1277247222
27	162	1	1277578929
27	162	1	1289164590
69	162	1	1308762280
69	162	1	1309106897
69	162	1	1322677418
69	162	1	1356645174
69	162	1	1356696033
27	163	1	1280795619
27	164	1	1280799681
70	165	1	1280959936
70	165	1	1281005659
70	166	1	1281096692
27	167	1	1281149055
27	168	1	1281153056
27	169	1	1281154762
27	170	1	1281158173
70	171	1	1281177863
27	171	1	1289163332
69	171	1	1308799935
69	171	1	1309110667
69	171	1	1356645174
27	172	1	1281232563
27	173	1	1281234360
70	174	1	1281258221
71	175	1	1281995366
71	176	1	1281995377
72	177	1	1282094367
73	177	1	1422986686
72	178	1	1282094377
73	178	1	1422986687
27	179	1	1283020689
74	180	1	1283391462
74	180	1	1284614473
75	180	1	1408317626
27	181	1	1283393075
74	182	1	1283408726
76	183	1	1285021355
74	184	1	1285792129
74	185	1	1286349091
27	186	1	1289160112
27	187	1	1289172734
74	188	1	1289953899
74	188	1	1291477254
74	188	1	1295306105
77	188	1	1327612213
78	188	1	1337663058
78	188	1	1342549034
78	188	1	1349131621
78	188	1	1360200969
71	189	1	1293739386
79	190	1	1294090944
27	191	1	1296442396
27	191	1	1333237288
80	191	1	1390293050
27	192	1	1296448524
27	193	1	1296528597
27	194	1	1296616919
27	195	1	1296783702
27	196	1	1298435511
25	197	1	1299509048
25	197	1	1388777659
27	198	1	1301869674
74	199	1	1302755021
27	200	1	1302977839
71	200	1	1331477635
27	201	1	1302982369
27	202	1	1302994231
27	203	1	1303350780
81	204	1	1304264254
81	205	1	1304264314
27	206	1	1305156859
27	206	1	1333910985
74	207	1	1306446589
82	208	1	1306474534
82	208	1	1314544437
74	209	1	1306518763
14	209	1	1351818633
83	210	1	1307397566
84	210	1	1332356646
69	212	1	1308809910
69	212	1	1308814091
69	213	1	1308813998
85	214	1	1309304092
85	214	1	1331458122
85	214	1	1390181474
85	214	1	1401150090
85	214	1	1423195010
86	215	1	1309513821
86	216	1	1309526717
69	217	1	1309540212
69	218	1	1309542330
27	219	1	1309570015
27	220	1	1309578764
27	221	1	1309582854
27	222	1	1309622902
27	223	1	1309631817
87	224	1	1313792878
27	225	1	1314241099
27	225	1	1422211743
27	226	1	1315763023
27	227	1	1315767570
27	228	1	1315772028
88	229	1	1316292572
84	230	1	1318459354
89	231	1	1318481553
27	232	1	1318974520
74	233	1	1319841000
74	233	1	1429212130
90	234	1	1319959792
91	235	1	1319994832
92	235	1	1497569721
93	236	1	1320841204
93	237	1	1320841336
94	238	1	1321040410
95	239	1	1321069340
94	240	1	1321205086
94	241	1	1321205087
94	241	1	1321205240
96	242	1	1321551171
96	242	1	1321551197
96	242	1	1349209935
96	242	1	1354332547
27	243	1	1321762660
27	244	1	1321848082
27	245	1	1321919177
27	246	1	1321922800
27	246	1	1322092679
27	247	1	1321927040
27	247	1	1322094402
69	248	1	1321999886
27	249	1	1322096577
27	250	1	1322097820
27	251	1	1322099027
97	252	1	1322265385
98	253	1	1322396094
27	253	1	1346639029
27	254	1	1323015271
27	255	1	1323046156
27	256	1	1323049870
84	257	1	1325910858
84	257	1	1325967711
27	258	1	1326049036
74	259	1	1326327583
84	260	1	1328130862
27	261	1	1329069801
27	262	1	1329082548
71	263	1	1329728758
84	264	1	1329746148
84	265	1	1329760130
69	266	1	1329833012
69	267	1	1329837377
69	267	1	1356637072
71	268	1	1330632331
71	269	1	1330704663
27	270	1	1332039318
27	271	1	1333243830
27	272	1	1333419119
27	273	1	1333499813
27	273	1	1333582046
27	274	1	1333587068
27	275	1	1333904796
27	276	1	1333906830
84	277	1	1334113668
27	278	1	1334509609
64	279	1	1335651444
27	280	1	1336323216
99	281	1	1337999764
99	282	1	1338012177
84	283	1	1338321445
100	284	1	1338438431
100	284	1	1338441413
100	284	1	1342491109
27	285	1	1338649388
27	286	1	1338655718
27	287	1	1338659760
101	288	1	1338913521
101	288	1	1338914630
101	289	1	1338913523
101	290	1	1338933671
101	290	1	1338934424
101	291	1	1338933673
27	292	1	1339378555
27	293	1	1339992839
84	294	1	1340667473
27	295	1	1341259145
27	295	1	1344109979
102	296	1	1342276039
27	296	1	1344218975
27	296	1	1344226262
27	297	1	1344111625
103	298	1	1344117803
104	299	1	1344245076
27	300	1	1344379773
105	301	1	1345362228
106	302	1	1346356754
106	303	1	1346431253
107	303	1	1347097635
107	304	1	1346442687
27	305	1	1346627233
27	306	1	1346632956
27	307	1	1346636981
14	308	1	1347882483
14	308	1	1351589521
14	308	1	1351918622
15	308	1	1352552300
14	308	1	1354037099
9	308	1	1468063269
108	308	1	1491901751
14	309	1	1347883347
109	310	1	1348940521
71	311	1	1351192412
71	312	1	1351240869
71	313	1	1351248778
71	314	1	1351248792
14	315	1	1351589840
14	316	1	1351771042
14	316	1	1351771574
15	316	1	1352490242
15	316	1	1352490337
14	316	1	1374643845
15	316	1	1471799366
14	317	1	1351771420
14	318	1	1351771495
14	318	1	1351771665
14	319	1	1351771665
14	320	1	1351771711
14	320	1	1351772519
15	320	1	1352490388
15	320	1	1352490473
14	321	1	1351772765
14	321	1	1351773340
15	321	1	1471799552
14	322	1	1351773431
14	323	1	1351873086
14	323	1	1351873407
14	323	1	1351873533
14	323	1	1351873606
14	323	1	1351873754
14	323	1	1354712009
17	323	1	1354990665
110	323	1	1355066933
110	323	1	1355066963
110	323	1	1355066977
110	323	1	1355067544
16	323	1	1355072346
16	323	1	1355081312
18	323	1	1355349976
14	323	1	1355367762
18	323	1	1355388985
111	323	1	1356335432
111	323	1	1356335446
112	323	1	1356368888
112	323	1	1356368919
113	323	1	1415986491
24	323	1	1450286788
114	323	1	1450528775
115	323	1	1450530960
19	323	1	1450534004
114	323	1	1450616706
19	323	1	1450864079
116	323	1	1455641851
113	323	1	1466751883
6	323	1	1499310748
15	324	1	1352490243
15	325	1	1352490388
14	326	1	1353075945
96	327	1	1354332615
17	328	1	1354990647
110	329	1	1355067392
16	330	1	1355081230
14	330	1	1355132768
14	330	1	1355133026
14	330	1	1355133061
16	331	1	1355081279
27	332	1	1355087787
27	333	1	1355091554
27	334	1	1355112763
14	335	1	1355132752
14	335	1	1355133096
16	335	1	1355396061
117	336	1	1355256126
18	337	1	1355350051
118	338	1	1355727054
119	338	1	1491267677
84	339	1	1359582264
84	340	1	1359582361
117	341	1	1359911661
27	342	1	1360030667
120	342	1	1417131908
120	342	1	1487251649
27	343	1	1360034992
27	344	1	1361149684
27	345	1	1361155328
84	346	1	1361234783
121	347	1	1362173138
84	348	1	1364093925
27	349	1	1364142404
27	350	1	1364146474
27	351	1	1364172916
27	352	1	1364174766
122	352	1	1451502391
123	353	1	1366087119
124	354	1	1366152267
84	355	1	1367175732
125	356	1	1367354675
122	356	1	1451502302
126	357	1	1369580337
126	357	1	1380375329
27	357	1	1381706558
126	357	1	1384698830
126	357	1	1408420709
27	358	1	1370217451
127	359	1	1371138257
27	360	1	1372733629
27	361	1	1372820728
128	362	1	1376683944
128	363	1	1377992009
65	364	1	1379254028
65	365	1	1379254031
27	366	1	1379281064
27	367	1	1379302485
122	367	1	1451502389
129	368	1	1379412472
19	368	1	1449992305
19	368	1	1449992330
129	369	1	1379413039
27	370	1	1379463779
27	371	1	1379467492
27	372	1	1379560777
27	373	1	1379562468
27	374	1	1379563811
27	375	1	1379897234
27	376	1	1379899015
27	377	1	1380159645
27	378	1	1380163873
27	379	1	1380395948
27	380	1	1380397324
27	381	1	1380400961
130	381	1	1385796269
130	381	1	1388052323
130	381	1	1391248077
27	381	1	1408626486
131	381	1	1411917940
132	381	1	1411919413
27	381	1	1413772553
27	381	1	1438465571
27	382	1	1380407527
130	382	1	1385474242
130	382	1	1386742906
130	382	1	1391655544
130	382	1	1393935333
131	382	1	1411917940
132	382	1	1411919414
27	382	1	1414898085
27	383	1	1381683852
27	384	1	1381700157
126	384	1	1382878745
126	384	1	1382932535
126	385	1	1382861524
133	386	1	1382905498
134	387	1	1383038777
135	388	1	1383340714
136	389	1	1384646136
137	390	1	1384698942
138	391	1	1384786336
139	392	1	1385383872
55	393	1	1386660138
140	394	1	1387293481
27	395	1	1390174911
141	395	1	1487202204
27	396	1	1390254162
27	397	1	1390265299
142	398	1	1390300101
143	399	1	1392385256
143	400	1	1392392288
27	401	1	1393563758
27	402	1	1393571025
144	403	1	1393705718
138	404	1	1394757090
145	405	1	1395185230
145	405	1	1395427287
145	405	1	1396578474
146	406	1	1396562943
147	407	1	1396597013
113	408	1	1400531917
24	409	1	1450579054
75	410	1	1408317626
27	411	1	1409106462
27	412	1	1410622621
148	412	1	1447384113
27	413	1	1410709700
27	414	1	1411003662
148	414	1	1447384142
131	415	1	1411917940
101	415	1	1415696716
27	415	1	1420952274
131	416	1	1411917940
101	416	1	1415696726
27	416	1	1420959012
132	417	1	1411919414
132	418	1	1411919414
149	419	1	1413413269
149	419	1	1447359517
149	419	1	1447793775
27	420	1	1416714198
73	420	1	1472039452
73	420	1	1472133849
27	421	1	1416721311
73	421	1	1472039452
73	421	1	1472133850
120	422	1	1417131907
120	423	1	1417131909
27	424	1	1417321443
150	425	1	1419869172
27	425	1	1423940390
27	426	1	1421017644
27	427	1	1421111682
27	428	1	1421115662
27	429	1	1421119716
27	429	1	1423374939
105	429	1	1424432179
151	430	1	1422286216
151	430	1	1422286472
73	431	1	1422986687
73	432	1	1422986687
27	433	1	1423370596
27	434	1	1423377305
105	434	1	1424432180
27	435	1	1423708302
152	436	1	1424204988
27	438	1	1424392714
73	438	1	1438202361
105	439	1	1424432180
105	440	1	1424432180
27	441	1	1424582876
73	441	1	1438202272
27	442	1	1424584990
101	442	1	1438459925
27	443	1	1426641941
113	444	1	1426652646
21	444	1	1429230152
113	444	1	1429245683
113	445	1	1426652647
21	445	1	1429230152
113	445	1	1429245683
113	446	1	1426652647
21	446	1	1429230152
113	446	1	1429245684
113	447	1	1426652647
21	447	1	1429230152
113	447	1	1429245684
113	448	1	1426652656
21	448	1	1429230152
113	448	1	1429245684
113	449	1	1426652656
21	449	1	1429230152
113	449	1	1429245684
113	450	1	1426652656
21	450	1	1429230152
113	450	1	1429245684
113	451	1	1426652656
113	452	1	1426652657
113	453	1	1426652657
21	453	1	1429230152
113	453	1	1429245684
113	454	1	1426652657
21	454	1	1429230152
113	454	1	1429245684
113	455	1	1426652657
21	455	1	1429230156
113	455	1	1429245699
113	456	1	1426652657
21	456	1	1429230156
113	456	1	1429245700
113	457	1	1426652657
21	457	1	1429230156
113	457	1	1429245700
113	458	1	1426652658
21	458	1	1429230156
113	458	1	1429245701
113	459	1	1426652659
21	459	1	1429230156
113	459	1	1429245703
113	460	1	1426652659
21	460	1	1429230156
113	460	1	1429245703
113	461	1	1426652659
21	461	1	1429230156
113	461	1	1429245704
74	462	1	1429212130
73	463	1	1438202272
73	464	1	1438202361
153	465	1	1438645000
154	466	1	1440409585
154	466	1	1442105697
56	467	1	1441121794
56	467	1	1442241454
155	468	1	1441761067
153	469	1	1443816508
153	470	1	1443816508
153	471	1	1443816508
153	472	1	1443816508
153	473	1	1443816509
153	474	1	1443816509
153	475	1	1443816509
116	476	1	1446276377
156	476	1	1463925720
116	477	1	1446949529
116	477	1	1446950507
116	477	1	1446950597
116	478	1	1446950446
116	478	1	1446951303
116	478	1	1446954115
116	479	1	1446955248
116	479	1	1446955303
116	479	1	1446955327
116	479	1	1446955356
157	480	1	1447112822
116	481	1	1448020024
116	481	1	1448020265
116	481	1	1448868056
19	482	1	1449918252
19	482	1	1449918536
19	482	1	1449986830
19	482	1	1449987043
19	482	1	1449987088
19	482	1	1449987326
19	482	1	1449987338
19	482	1	1449987478
19	482	1	1449987619
19	482	1	1449987764
19	482	1	1449987788
19	482	1	1449992933
19	483	1	1449918918
19	484	1	1449918977
19	485	1	1449919030
19	486	1	1449919074
19	487	1	1449919143
19	487	1	1449919181
19	488	1	1449919167
19	489	1	1449919241
19	490	1	1449919293
19	491	1	1449919354
19	492	1	1449919407
19	493	1	1449919459
19	494	1	1449977812
19	495	1	1449986691
19	496	1	1449987130
19	496	1	1449987150
19	497	1	1449987264
114	498	1	1450442469
24	498	1	1450579653
114	498	1	1450692056
114	499	1	1450443138
114	499	1	1450703343
24	500	1	1450580078
24	500	1	1450686832
24	500	1	1450687143
24	500	1	1450709411
24	500	1	1450843399
24	500	1	1451014843
24	500	1	1451017078
24	501	1	1450580407
24	501	1	1450581086
115	502	1	1450595588
158	502	1	1456245885
115	502	1	1460690732
19	503	1	1450599473
19	503	1	1450599583
19	503	1	1450599678
19	503	1	1450863896
19	503	1	1450863910
19	503	1	1450863963
19	503	1	1450864005
19	503	1	1450864043
114	504	1	1450616969
24	504	1	1450686300
114	505	1	1450617164
24	505	1	1450686275
114	506	1	1450618819
24	506	1	1450620091
114	506	1	1450622722
24	506	1	1450686514
24	506	1	1450686676
114	506	1	1450690738
24	506	1	1450695305
159	506	1	1458024315
159	506	1	1458067648
159	506	1	1458783649
24	507	1	1450686639
24	508	1	1450687032
24	508	1	1450858124
24	508	1	1450924631
24	509	1	1450687421
24	510	1	1450687912
24	511	1	1450687914
114	511	1	1450691000
24	511	1	1450699687
114	512	1	1450702248
114	513	1	1450702440
114	514	1	1450702738
24	515	1	1450710854
24	516	1	1450710880
24	517	1	1450793047
24	517	1	1450793434
24	517	1	1450793786
24	517	1	1450793910
24	517	1	1450793930
24	518	1	1450793403
24	519	1	1450793500
24	519	1	1450793680
24	520	1	1450793537
24	521	1	1450793692
24	522	1	1450793727
24	523	1	1450793850
24	524	1	1450803776
24	524	1	1450803966
24	524	1	1450804027
24	525	1	1450840164
160	525	1	1450970463
160	525	1	1450970502
160	525	1	1458578414
160	525	1	1459330117
160	525	1	1460629247
115	525	1	1460690919
24	526	1	1450841357
24	527	1	1450843885
24	527	1	1450843923
24	528	1	1450887293
24	529	1	1450888462
24	529	1	1450888784
24	529	1	1451017321
24	530	1	1450888755
24	531	1	1450889918
24	532	1	1451015154
19	532	1	1451103196
19	532	1	1451103218
24	533	1	1451015463
24	534	1	1451017870
24	535	1	1451018049
24	535	1	1451018107
24	536	1	1451018210
24	537	1	1451018422
24	538	1	1451018505
24	539	1	1451018546
24	540	1	1451018632
24	541	1	1451018677
24	542	1	1451018704
19	543	1	1451102915
19	543	1	1451103583
19	543	1	1451103593
19	543	1	1451103614
19	543	1	1451103632
19	543	1	1451103757
19	543	1	1451103804
19	543	1	1451103818
115	543	1	1451659129
115	543	1	1451659178
19	544	1	1451102959
19	544	1	1451104106
19	544	1	1451104192
19	545	1	1451102997
19	545	1	1451104033
19	545	1	1451104069
19	545	1	1451104158
116	546	1	1451191348
116	546	1	1451195005
116	546	1	1451195231
19	546	1	1451279090
116	546	1	1455579874
116	546	1	1455579892
116	546	1	1455581576
116	546	1	1455581617
116	546	1	1455653427
116	546	1	1455653923
116	546	1	1455653947
116	546	1	1455655537
116	546	1	1455662520
122	547	1	1451502303
122	548	1	1451502389
122	549	1	1451502391
24	550	1	1451622619
24	551	1	1451623029
24	552	1	1451623093
6	553	1	1451842580
161	553	1	1492783958
161	553	1	1492783985
161	553	1	1492783996
162	554	1	1451908262
19	555	1	1451917720
19	555	1	1451917792
19	555	1	1451918171
19	555	1	1451918313
19	555	1	1451918358
19	556	1	1451917826
19	556	1	1451917999
6	557	1	1451922142
6	557	1	1451923077
6	557	1	1451923156
6	558	1	1451923752
6	558	1	1453110275
6	558	1	1453110588
6	558	1	1453110709
6	558	1	1453110736
6	558	1	1453110752
6	558	1	1453110808
6	558	1	1453110844
6	558	1	1453111134
6	558	1	1453111316
6	558	1	1453111340
24	559	1	1451963055
24	560	1	1451963129
24	561	1	1451963597
24	562	1	1452998453
24	562	1	1452998465
24	562	1	1452998536
6	563	1	1453111659
6	564	1	1453112072
163	564	1	1462785617
19	565	1	1453120944
19	565	1	1453120967
19	565	1	1453120989
19	565	1	1453172314
19	565	1	1453172342
19	565	1	1453198568
19	565	1	1453198602
19	565	1	1453198683
19	565	1	1453198788
19	565	1	1453198799
19	565	1	1453198902
19	565	1	1453199016
19	565	1	1453204275
19	565	1	1453204526
19	566	1	1453121122
19	566	1	1453171730
19	567	1	1453169077
19	568	1	1453169149
19	569	1	1453170780
19	570	1	1453171656
19	571	1	1453198702
19	572	1	1453204879
19	573	1	1453204938
19	573	1	1453205309
19	573	1	1453205327
19	574	1	1453205451
19	574	1	1453255478
19	574	1	1453255550
19	575	1	1453205489
19	576	1	1453206452
19	577	1	1453206492
19	578	1	1453206533
19	578	1	1453284984
19	578	1	1453285315
19	578	1	1453285363
19	578	1	1453290516
19	578	1	1453290555
19	578	1	1453290581
19	578	1	1453290645
19	578	1	1453290669
19	578	1	1453290704
19	578	1	1453290914
19	578	1	1453291015
19	578	1	1453291061
19	578	1	1453291071
19	578	1	1453291084
19	578	1	1453341999
19	578	1	1453342081
19	578	1	1453342268
19	578	1	1453464096
19	578	1	1453464206
19	578	1	1453548630
19	578	1	1453548796
19	578	1	1453548846
19	578	1	1453604581
19	578	1	1453604746
19	578	1	1453604874
19	578	1	1453604928
19	578	1	1453605197
19	578	1	1453605360
19	578	1	1453605397
19	578	1	1453605456
19	578	1	1453605591
19	578	1	1453605862
19	578	1	1453605911
19	578	1	1453605935
19	578	1	1453605947
19	578	1	1453605967
19	578	1	1453606013
19	578	1	1454145960
19	578	1	1454759511
19	578	1	1454759755
19	578	1	1454761965
19	578	1	1458871183
19	578	1	1458871349
19	578	1	1498113543
19	579	1	1453206553
19	580	1	1453255378
19	581	1	1453255619
19	582	1	1453255774
19	582	1	1454759165
19	583	1	1453255826
19	584	1	1453255845
19	585	1	1453255868
19	586	1	1453255885
19	587	1	1453255933
19	588	1	1453255937
19	589	1	1453258343
19	590	1	1453258383
19	591	1	1453290763
19	591	1	1453290889
19	592	1	1453290806
19	593	1	1453291197
6	594	1	1453480306
6	594	1	1453480392
6	595	1	1453480522
6	595	1	1453480547
108	595	1	1491901951
6	596	1	1453480660
6	597	1	1453480785
19	598	1	1453548516
6	599	1	1453944180
6	599	1	1453944811
6	599	1	1453944856
6	599	1	1453944943
164	599	1	1469520400
6	600	1	1453944298
6	601	1	1453944503
6	601	1	1453944527
6	602	1	1453944743
19	603	1	1454146020
6	604	1	1454426180
6	604	1	1470553192
158	605	1	1456245885
6	606	1	1456542360
6	607	1	1456542485
6	607	1	1456542520
6	608	1	1456542615
122	609	1	1462383623
165	610	1	1463822781
73	611	1	1472133849
73	612	1	1472133850
166	614	1	1481245130
141	615	1	1487202204
120	616	1	1487251649
108	617	1	1491902108
108	618	1	1491904152
108	619	1	1491904255
108	620	1	1491904376
108	621	1	1491904438
108	622	1	1491904598
108	623	1	1491904673
108	624	1	1491904808
108	625	1	1491904969
108	626	1	1491905110
108	626	1	1491905955
108	627	1	1491905152
108	628	1	1491905266
108	629	1	1491905518
108	630	1	1491905718
108	631	1	1491906093
108	632	1	1491906193
108	633	1	1491906279
108	634	1	1491906357
108	635	1	1491906457
108	636	1	1491906568
108	637	1	1491906672
108	638	1	1491906751
108	639	1	1491906831
108	640	1	1491906949
108	641	1	1491907060
108	642	1	1491907144
108	643	1	1491907228
108	644	1	1491907433
108	645	1	1491907523
108	646	1	1491907631
108	647	1	1491907727
108	648	1	1491907904
108	649	1	1491908017
108	650	1	1491908128
108	651	1	1491908245
108	652	1	1491908343
108	653	1	1491908444
108	653	1	1491908468
108	654	1	1491908610
108	655	1	1491908743
167	656	1	1492272111
92	657	1	1497569721
