1	1	1	1090915475
1	1	1	1090915564
1	1	1	1093353326
1	1	1	1097503876
2	1	1	1103218803
2	1	1	1103223323
2	1	1	1103288586
2	1	1	1103475178
2	1	1	1103495991
2	1	1	1103496313
2	1	1	1103496344
1	1	1	1104170430
3	1	1	1116284310
1	1	1	1119472503
1	1	1	1129928284
1	1	1	1129929328
4	1	1	1133362653
1	1	1	1138280928
5	1	1	1215782279
6	1	1	1220468889
6	1	1	1220470869
6	1	1	1226933963
6	1	1	1226938355
6	1	1	1226956633
7	1	1	1255525882
8	1	1	1260798094
9	1	1	1270640230
5	1	1	1402242252
5	1	1	1402242337
5	1	1	1402242605
5	1	1	1402242691
10	1	1	1429379711
10	1	1	1429379924
10	1	1	1429380378
10	1	1	1430886686
10	1	1	1434192721
10	1	1	1434199130
10	1	1	1434209520
10	1	1	1434270404
10	1	1	1434276421
10	1	1	1434280028
10	1	1	1434280049
10	1	1	1434290888
10	1	1	1434290901
10	1	1	1434290948
10	1	1	1434291022
10	1	1	1435516518
10	1	1	1435516650
10	1	1	1435516731
10	1	1	1435516890
10	1	1	1435516985
10	1	1	1435522801
10	1	1	1436156740
10	1	1	1436202832
10	1	1	1436434023
10	1	1	1441463881
10	1	1	1443365500
10	1	1	1443903033
10	1	1	1444156078
10	1	1	1445245606
10	1	1	1445248106
10	1	1	1445269700
10	1	1	1445423310
10	1	1	1445525299
10	1	1	1445525541
10	1	1	1447093928
10	1	1	1450467745
1	2	1	1090915939
1	2	1	1090916488
1	2	1	1090922756
1	2	1	1091099917
1	2	1	1091102404
1	2	1	1091183186
1	2	1	1091399229
1	2	1	1091831847
1	2	1	1092346368
1	2	1	1092400634
1	2	1	1092434426
1	2	1	1093290845
1	2	1	1093291627
1	2	1	1093293785
1	2	1	1093371892
1	2	1	1093387694
1	2	1	1093387919
1	2	1	1093443622
1	2	1	1093598676
1	2	1	1093980228
1	2	1	1094330573
1	2	1	1096066823
1	2	1	1097427982
1	2	1	1097433165
1	2	1	1097479035
1	2	1	1097496300
1	2	1	1097503769
1	2	1	1097676022
1	2	1	1102941414
2	2	1	1103288164
1	2	1	1103631414
1	2	1	1104168810
1	2	1	1115134931
1	2	1	1129921005
1	2	1	1129930244
1	2	1	1129930851
1	2	1	1129931555
1	2	1	1130336475
1	2	1	1130337077
1	2	1	1130345295
1	2	1	1137501719
1	2	1	1137501893
1	2	1	1150551231
1	2	1	1150552973
1	2	1	1160748094
6	2	1	1220471356
6	2	1	1226912244
11	2	1	1244240715
11	2	1	1244241000
12	2	1	1274885036
10	2	1	1443804153
10	2	1	1443814375
10	2	1	1443815876
10	2	1	1443903529
1	3	1	1090916051
1	3	1	1107189360
1	4	1	1090916175
1	4	1	1091118054
1	4	1	1093443787
1	4	1	1097430644
1	4	1	1097432013
1	4	1	1104168974
1	4	1	1129923876
1	4	1	1130359167
1	4	1	1160748386
6	4	1	1226916040
10	4	1	1443814415
1	5	1	1090916269
1	5	1	1103052117
10	5	1	1443814415
1	6	1	1090917570
2	7	1	1103286410
1	8	1	1090917810
1	9	1	1090917879
1	10	1	1090919512
1	10	1	1130337637
6	10	1	1220468364
8	10	1	1260798697
1	11	1	1090922476
1	11	1	1158447952
1	11	1	1224583432
13	11	1	1429225364
1	12	1	1091098436
1	12	1	1091117372
1	12	1	1091119021
1	12	1	1097497202
1	12	1	1101155946
1	12	1	1104169045
1	12	1	1130101151
1	12	1	1130358506
1	12	1	1130358587
6	12	1	1226912361
10	12	1	1443814426
10	12	1	1444046137
1	13	1	1093341327
1	13	1	1093344248
1	13	1	1093349126
1	13	1	1093352463
1	13	1	1093373549
1	13	1	1093878036
1	13	1	1102417192
1	13	1	1102798461
1	13	1	1102864309
1	13	1	1102885472
2	13	1	1103288060
1	13	1	1104166840
1	13	1	1104170062
1	13	1	1129931505
1	13	1	1130076952
1	13	1	1130361636
1	13	1	1138296503
1	13	1	1138297638
1	13	1	1138297909
1	13	1	1138298760
1	13	1	1138303413
1	13	1	1138304902
1	13	1	1138305799
1	13	1	1138307797
1	13	1	1138314049
1	13	1	1138459360
1	13	1	1138459408
1	13	1	1138459645
1	13	1	1138484222
1	13	1	1139137000
1	13	1	1139265648
1	13	1	1140871907
1	13	1	1140889708
1	13	1	1155034394
1	13	1	1160766647
14	13	1	1234011206
10	13	1	1443803132
10	13	1	1443804308
10	13	1	1443897548
10	13	1	1443903361
1	14	1	1091399976
1	14	1	1091868068
1	14	1	1091868239
1	14	1	1092604719
1	14	1	1092685171
1	14	1	1094301979
1	14	1	1097676571
1	14	1	1097738529
1	14	1	1104169808
6	14	1	1226912618
6	14	1	1226946496
10	14	1	1443815421
10	14	1	1443815480
1	15	1	1090970658
10	15	1	1443815422
1	16	1	1091101655
1	16	1	1091113662
1	16	1	1091116728
1	16	1	1091116927
1	16	1	1091186154
1	16	1	1091186294
1	16	1	1091189402
1	16	1	1091384065
1	16	1	1091386935
1	16	1	1091398886
1	16	1	1091827861
1	16	1	1092342605
1	16	1	1092342986
1	16	1	1097478940
1	16	1	1097501535
1	16	1	1101156194
1	16	1	1104169277
1	16	1	1130359874
6	16	1	1220471541
15	16	1	1344770283
10	16	1	1443814621
1	17	1	1091103343
1	17	1	1091829580
1	17	1	1091865643
1	17	1	1092342865
1	17	1	1092344550
1	17	1	1092344604
1	17	1	1092399829
1	17	1	1104169318
1	17	1	1130359944
6	17	1	1226916103
10	17	1	1443814631
1	18	1	1091184964
1	18	1	1091401164
1	18	1	1091450475
1	18	1	1091459358
1	18	1	1092665276
1	18	1	1092665445
1	18	1	1092684569
1	18	1	1104169898
1	18	1	1129930679
6	18	1	1220471478
1	19	1	1091383376
1	19	1	1091383739
1	20	1	1091462173
1	20	1	1091824176
1	20	1	1091824597
1	20	1	1091825462
1	20	1	1091827392
1	20	1	1092343375
1	20	1	1092397784
1	20	1	1092400339
1	20	1	1130358443
6	20	1	1226916178
10	20	1	1443814591
1	21	1	1092397057
1	21	1	1092397567
1	22	1	1092408633
1	22	1	1092408804
1	23	1	1092409069
1	23	1	1092409307
1	23	1	1092409375
1	23	1	1130336191
1	23	1	1130358275
6	23	1	1226916155
10	23	1	1443814600
1	24	1	1092419408
1	24	1	1092419649
1	24	1	1092419943
1	24	1	1092420023
1	25	1	1092434867
1	25	1	1092436102
1	25	1	1092483910
1	25	1	1092491412
1	25	1	1092492351
1	25	1	1092572131
1	25	1	1092600409
1	25	1	1092602816
1	25	1	1097427712
1	25	1	1104169360
1	25	1	1130360055
6	25	1	1226916010
10	25	1	1443814646
1	26	1	1092597214
1	27	1	1092597311
1	28	1	1092597375
1	29	1	1092597455
1	30	1	1092597510
1	31	1	1092597563
1	32	1	1092597619
1	33	1	1092597694
1	34	1	1093291074
1	34	1	1093371568
1	34	1	1093602016
1	34	1	1130358150
6	34	1	1226912797
10	34	1	1443814610
1	35	1	1093292679
1	35	1	1093434832
1	35	1	1093440996
1	35	1	1104169471
1	35	1	1130360178
6	35	1	1226916085
10	35	1	1443814664
1	36	1	1093293218
1	36	1	1093387526
1	36	1	1104169539
1	36	1	1130360281
6	36	1	1226912403
10	36	1	1443814692
1	37	1	1093341438
1	37	1	1093341839
1	37	1	1093450031
1	37	1	1102189696
6	37	1	1220471570
10	37	1	1443803444
1	38	1	1093343307
1	38	1	1093451907
1	38	1	1102190480
1	38	1	1102890174
1	38	1	1102933935
1	38	1	1104167662
1	38	1	1138484065
1	38	1	1138486130
1	38	1	1138486756
1	38	1	1139480928
1	38	1	1139486325
1	38	1	1139497355
1	38	1	1139497536
16	38	1	1186499619
6	38	1	1220471597
10	38	1	1443803177
10	38	1	1443903401
10	38	1	1443903554
1	39	1	1093346994
1	39	1	1105894911
1	39	1	1105899509
1	39	1	1137525831
1	39	1	1137677905
1	39	1	1137678069
1	39	1	1137683849
1	39	1	1137854227
1	39	1	1137857376
1	39	1	1137857443
1	39	1	1138046059
1	39	1	1138050948
1	39	1	1138053305
1	39	1	1138198476
1	39	1	1138198975
1	39	1	1138199528
1	39	1	1138278039
1	39	1	1138290353
1	39	1	1138293997
1	39	1	1138296361
1	39	1	1138296399
1	39	1	1138483777
17	39	1	1381088701
10	39	1	1443803434
1	40	1	1093348312
1	40	1	1093348582
1	40	1	1093377638
1	40	1	1138635185
1	40	1	1154982411
17	40	1	1381088711
10	40	1	1443803199
10	40	1	1443903419
10	40	1	1443903571
1	41	1	1093348393
1	41	1	1093364813
1	42	1	1093350133
1	42	1	1138468087
17	42	1	1381088694
10	42	1	1443803209
10	42	1	1443903428
10	42	1	1443903580
1	43	1	1093351050
1	43	1	1093352247
1	43	1	1138481941
17	43	1	1381088699
10	43	1	1443803383
1	44	1	1093351335
1	45	1	1093351439
1	46	1	1093351648
1	47	1	1093351779
1	48	1	1093352092
1	49	1	1093352983
17	49	1	1381088683
10	49	1	1443803425
1	50	1	1093379120
1	50	1	1093379222
1	51	1	1093434944
1	51	1	1093441672
1	52	1	1093435035
1	52	1	1093441751
1	53	1	1093435384
1	53	1	1093441825
1	54	1	1093435455
1	54	1	1093441894
1	55	1	1093439011
1	56	1	1093439840
1	57	1	1093441262
1	58	1	1093441353
1	59	1	1093441424
1	60	1	1093441495
1	61	1	1093602148
1	62	1	1093602241
1	63	1	1093877711
1	63	1	1130076529
1	63	1	1130076856
17	63	1	1381088696
10	63	1	1443803479
1	64	1	1096065851
1	64	1	1097253014
1	64	1	1125259308
1	64	1	1125259878
1	64	1	1130361043
6	64	1	1226912326
18	64	1	1359723394
10	64	1	1443814809
1	65	1	1093978929
1	65	1	1094301353
1	65	1	1097529100
1	65	1	1097584064
1	65	1	1104169426
1	65	1	1130360130
6	65	1	1226912691
10	65	1	1443814655
1	66	1	1094317290
1	66	1	1094330139
1	66	1	1130360785
1	66	1	1150553121
6	66	1	1226912490
10	66	1	1443814756
1	67	1	1094329423
1	68	1	1094329501
1	69	1	1094329573
1	70	1	1096066149
6	70	1	1226916129
10	70	1	1443815392
10	70	1	1443897171
1	71	1	1096123398
1	71	1	1096128554
1	71	1	1101151606
1	71	1	1101154161
1	71	1	1101552733
1	71	1	1102019453
1	71	1	1130361094
6	71	1	1226912446
10	71	1	1443815369
1	72	1	1097482616
1	73	1	1097494593
1	73	1	1097495967
1	73	1	1097672122
1	73	1	1104169658
1	73	1	1130077303
1	73	1	1130360980
1	73	1	1139503861
6	73	1	1226912664
10	73	1	1443814800
1	74	1	1097496487
1	74	1	1097675827
1	74	1	1097702287
1	74	1	1130360371
6	74	1	1226912736
10	74	1	1443814709
1	75	1	1097529031
1	76	1	1097674269
1	76	1	1097674614
1	77	1	1097674306
1	78	1	1100035072
1	78	1	1130361188
6	78	1	1226912423
10	78	1	1443815381
1	79	1	1130360919
6	79	1	1220471505
10	79	1	1443814769
1	80	1	1101151452
1	81	1	1101153778
1	82	1	1102510558
1	82	1	1102974478
6	82	1	1220547433
10	82	1	1443803415
1	83	1	1102625074
1	84	1	1102625214
1	85	1	1102625975
1	86	1	1102626007
1	87	1	1102626108
1	88	1	1102626324
1	89	1	1102626374
1	90	1	1102626403
1	91	1	1102626444
1	92	1	1102626484
1	93	1	1102626641
1	94	1	1102626734
1	95	1	1102626786
1	96	1	1102626903
1	97	1	1102628983
1	98	1	1102636718
1	98	1	1102636718
1	98	1	1102636718
1	98	1	1102707384
1	98	1	1102719019
1	98	1	1102792917
1	98	1	1102796995
1	98	1	1102802280
1	98	1	1104167551
1	98	1	1134686100
19	98	1	1296307814
17	98	1	1381088673
10	98	1	1443803454
1	99	1	1102793182
6	99	1	1220547500
1	100	1	1102793260
17	100	1	1381088642
1	101	1	1102793305
17	101	1	1381088651
1	102	1	1102793349
17	102	1	1381088653
1	103	1	1102793402
1	103	1	1104167852
17	103	1	1381088655
1	104	1	1102793446
17	104	1	1381088658
1	105	1	1102793500
17	105	1	1381088660
1	106	1	1102793547
17	106	1	1381088663
1	107	1	1102793591
17	107	1	1381088665
1	108	1	1102793635
6	108	1	1220547522
1	109	1	1102793679
17	109	1	1381088334
17	109	1	1381088502
17	109	1	1381088627
1	110	1	1102793740
17	110	1	1381088379
17	110	1	1381088491
17	110	1	1381088630
1	111	1	1102793785
17	111	1	1381088381
17	111	1	1381088476
17	111	1	1381088632
1	112	1	1102793828
17	112	1	1381088383
17	112	1	1381088466
17	112	1	1381088634
1	113	1	1102793872
17	113	1	1381088638
1	114	1	1102797199
1	114	1	1104167682
17	114	1	1381088667
1	115	1	1102797306
1	115	1	1104167711
17	115	1	1381088669
1	116	1	1102797410
17	116	1	1381088715
1	117	1	1102894122
1	117	1	1103024089
1	117	1	1138304701
1	117	1	1138487018
1	117	1	1139265851
20	117	1	1227175145
20	117	1	1227175194
20	117	1	1227175225
20	117	1	1227175257
20	117	1	1227177079
20	117	1	1227177197
20	117	1	1227177943
20	117	1	1227178469
20	117	1	1227178646
20	117	1	1227178686
20	117	1	1227178858
6	117	1	1227183445
17	117	1	1381088679
10	117	1	1443803189
10	117	1	1443903410
10	117	1	1443903563
1	118	1	1102933137
1	119	1	1102933186
1	120	1	1102933270
2	121	1	1103212741
8	121	1	1249828575
21	121	1	1319383659
10	121	1	1436884122
2	122	1	1103286410
2	123	1	1103287690
2	124	1	1103287885
6	124	1	1219688954
2	125	1	1103301702
2	125	1	1103301736
13	125	1	1429225364
2	126	1	1103302266
22	126	1	1426641189
13	126	1	1429225364
22	126	1	1429245585
2	127	1	1103303577
6	127	1	1220466530
6	127	1	1220467840
2	128	1	1103494837
2	129	1	1103501347
1	130	1	1103632563
1	130	1	1130360431
6	130	1	1226912464
10	130	1	1443814720
1	131	1	1103633342
1	131	1	1130360605
1	131	1	1150553276
6	131	1	1226912712
10	131	1	1443814736
1	132	1	1104166515
23	132	1	1445186856
1	133	1	1104166559
23	133	1	1445186860
1	134	1	1104166598
23	134	1	1445186870
1	135	1	1104166615
23	135	1	1445186865
1	136	1	1104166638
23	136	1	1445186867
1	137	1	1104166661
23	137	1	1445186854
1	138	1	1104166682
23	138	1	1445186858
1	139	1	1104166734
23	139	1	1445186863
1	140	1	1104167076
1	141	1	1104167093
1	142	1	1104167123
1	143	1	1104167141
1	144	1	1104167160
1	145	1	1104167176
1	146	1	1104167192
1	147	1	1104167205
1	148	1	1104167227
1	149	1	1104167244
1	150	1	1104167259
1	151	1	1104167275
1	152	1	1104167294
1	153	1	1104167314
1	154	1	1104167326
1	155	1	1104167346
1	156	1	1104167364
1	157	1	1104167388
1	158	1	1104167957
23	158	1	1445186841
1	159	1	1104167957
23	159	1	1445186885
1	160	1	1104168015
23	160	1	1445186815
1	161	1	1104168037
23	161	1	1445186850
1	162	1	1104168053
23	162	1	1445186848
1	163	1	1104168166
23	163	1	1445186839
1	164	1	1104168193
23	164	1	1445186833
1	165	1	1104168209
23	165	1	1445186844
1	166	1	1104168222
23	166	1	1445186818
1	167	1	1104168236
23	167	1	1445186837
1	168	1	1104168248
23	168	1	1445186824
1	169	1	1104168270
23	169	1	1445186835
1	170	1	1104168281
23	170	1	1445186826
1	171	1	1104168303
10	171	1	1444045978
1	172	1	1104168315
23	172	1	1445186830
1	173	1	1104168330
23	173	1	1445186813
1	174	1	1104168347
23	174	1	1445186822
1	175	1	1104168364
23	175	1	1445186820
1	176	1	1104168381
23	176	1	1445186846
1	177	1	1104168396
23	177	1	1445186828
1	178	1	1104168400
23	178	1	1445186882
1	179	1	1104168414
24	180	1	1104467727
24	180	1	1104468473
24	180	1	1104468777
24	180	1	1104468949
24	180	1	1104469050
24	180	1	1104469138
24	180	1	1104469378
24	180	1	1104469445
24	180	1	1104469995
1	180	1	1104592459
1	180	1	1134686052
6	180	1	1226918335
17	180	1	1381120817
10	180	1	1443804177
10	180	1	1443898646
10	180	1	1443898689
10	180	1	1443898815
24	181	1	1104469885
24	181	1	1104472504
1	181	1	1124438297
6	181	1	1226922305
6	181	1	1226925352
6	181	1	1226925400
17	181	1	1381120877
10	181	1	1443898715
1	182	1	1104610052
2	183	1	1104780829
3	184	1	1115389791
3	184	1	1115390389
3	184	1	1115393478
3	184	1	1115567691
3	184	1	1115567868
3	184	1	1116261554
3	184	1	1116283589
3	184	1	1116283741
3	184	1	1117067935
3	184	1	1117067984
3	184	1	1117074349
3	184	1	1117074464
3	184	1	1117074492
3	184	1	1117074547
3	184	1	1117074846
3	184	1	1117075126
3	184	1	1117075220
3	184	1	1117075371
6	184	1	1226926728
10	184	1	1445099576
25	185	1	1116261708
25	185	1	1116261798
25	185	1	1116262665
3	185	1	1116262799
3	185	1	1116265181
3	185	1	1116266679
3	185	1	1116266732
3	185	1	1116268597
3	185	1	1116270194
3	185	1	1116271198
25	185	1	1116545003
25	185	1	1116546573
25	185	1	1116546635
25	185	1	1116547222
25	185	1	1116547439
25	185	1	1117660409
17	185	1	1381120021
10	185	1	1435869062
10	185	1	1435869670
3	186	1	1116268226
3	186	1	1116268925
3	186	1	1116269838
25	186	1	1116279352
25	186	1	1116279502
25	186	1	1116279672
25	186	1	1116279785
25	186	1	1116279811
25	186	1	1116280212
25	186	1	1116280262
25	186	1	1116280323
25	186	1	1116280746
25	186	1	1116281078
3	186	1	1116281654
3	186	1	1116281731
3	186	1	1116281812
3	186	1	1116282215
3	186	1	1116282569
25	186	1	1116530070
25	186	1	1116543774
25	186	1	1116544117
25	186	1	1116544379
25	186	1	1116544460
25	186	1	1116703093
25	186	1	1116704728
25	186	1	1116704799
25	186	1	1116706521
25	186	1	1116708380
25	186	1	1116708913
25	186	1	1116711828
25	186	1	1116713163
25	186	1	1116716603
25	186	1	1116717063
25	186	1	1116717344
25	186	1	1116717504
25	186	1	1116717511
25	186	1	1116717663
25	186	1	1116717780
25	186	1	1116718120
25	186	1	1116718244
25	186	1	1117564177
25	186	1	1117564356
25	186	1	1117564665
25	186	1	1117566012
25	186	1	1117566883
25	186	1	1117567287
25	186	1	1117567506
25	186	1	1117567530
25	186	1	1117567952
25	186	1	1117629780
25	186	1	1117631804
25	186	1	1117631949
25	186	1	1117634201
17	186	1	1381120029
26	186	1	1394923613
10	186	1	1435869069
3	187	1	1116270306
3	187	1	1116283995
3	188	1	1116271341
25	189	1	1116279063
25	190	1	1116279126
25	191	1	1116280565
25	192	1	1116281021
3	193	1	1116286428
27	193	1	1116289220
27	193	1	1116289400
27	193	1	1116289908
3	193	1	1116363699
3	193	1	1116364414
3	193	1	1116421082
3	193	1	1116421495
3	193	1	1116421934
3	193	1	1116425026
3	193	1	1116425085
3	193	1	1116425209
3	193	1	1116425223
28	193	1	1162709490
6	193	1	1219773732
29	193	1	1271139144
30	193	1	1356851393
10	193	1	1443804188
3	194	1	1116287095
3	194	1	1117074288
25	196	1	1116543234
25	197	1	1116543353
25	198	1	1116702355
25	199	1	1116703215
25	200	1	1116703594
25	201	1	1116705252
25	202	1	1116705978
25	203	1	1116706410
25	204	1	1116708265
25	205	1	1116708859
16	206	1	1186499680
16	206	1	1186499688
10	206	1	1443803178
25	207	1	1116711790
25	208	1	1116713134
25	209	1	1117631684
25	210	1	1117634158
25	211	1	1117741786
3	211	1	1117799641
17	211	1	1381120023
10	211	1	1435869075
1	212	1	1138482924
31	212	1	1244286800
31	212	1	1244286865
31	212	1	1244287055
31	212	1	1244288532
31	212	1	1244288569
31	212	1	1244288961
31	212	1	1244289002
31	212	1	1244295159
31	212	1	1244295360
31	212	1	1244296865
31	212	1	1244296988
31	212	1	1244297239
31	212	1	1244297361
31	212	1	1244297393
31	212	1	1244297458
31	212	1	1244297534
31	212	1	1244297680
31	212	1	1244298304
32	212	1	1366805854
17	212	1	1381088713
10	212	1	1443803393
1	213	1	1270389521
17	213	1	1381120881
10	213	1	1443898744
10	213	1	1443898834
1	214	1	1124439098
1	215	1	1160765766
17	215	1	1381088709
10	215	1	1443803465
1	216	1	1129925094
33	216	1	1160995651
6	216	1	1220466395
6	216	1	1220467792
6	216	1	1220469042
6	216	1	1226926235
34	216	1	1324709278
10	216	1	1435517747
10	216	1	1435517763
10	216	1	1435517901
10	216	1	1435517938
10	216	1	1443899836
10	216	1	1443902887
10	216	1	1443903082
10	216	1	1443903211
35	216	1	1476216034
1	217	1	1129925848
1	217	1	1129926192
6	217	1	1220466338
6	217	1	1220467742
6	217	1	1226919316
6	217	1	1226920522
6	217	1	1226921207
6	217	1	1226921276
1	218	1	1129926158
33	218	1	1160995716
33	218	1	1160995872
33	218	1	1160996178
6	218	1	1220466365
6	218	1	1220467765
6	218	1	1220468685
1	218	1	1223028679
1	218	1	1223028779
1	218	1	1223028948
1	219	1	1129928152
1	219	1	1132007338
1	219	1	1132419803
1	219	1	1132606358
1	219	1	1133101529
33	219	1	1145516372
33	219	1	1145556140
33	219	1	1145556165
33	219	1	1145556188
33	219	1	1146195979
33	219	1	1146331071
33	219	1	1146331694
33	219	1	1146349304
33	219	1	1159091677
1	219	1	1160747032
33	219	1	1160995933
36	219	1	1177452336
36	219	1	1177453543
36	219	1	1177454446
33	219	1	1180784114
33	219	1	1181049713
37	219	1	1184096110
33	219	1	1190739881
33	219	1	1190749201
6	219	1	1219679753
6	219	1	1219692430
6	219	1	1220466257
6	219	1	1220467696
6	219	1	1220468795
6	219	1	1220468951
6	219	1	1226926029
7	219	1	1241638606
1	219	1	1253803139
6	219	1	1261127833
5	219	1	1314984906
1	220	1	1130234973
38	220	1	1133579044
38	220	1	1134278423
39	220	1	1138095323
1	220	1	1138278241
40	220	1	1175176935
8	220	1	1260798890
41	220	1	1287637526
41	220	1	1326586023
41	220	1	1329058707
41	220	1	1338598489
41	220	1	1338920080
41	220	1	1340945252
41	220	1	1342728121
41	220	1	1346896416
41	220	1	1347282965
41	220	1	1350355883
41	220	1	1350493000
41	220	1	1357678198
41	220	1	1358608423
42	220	1	1358898471
41	220	1	1359577220
41	220	1	1363202055
41	220	1	1366778141
41	220	1	1367292779
41	220	1	1367346171
41	220	1	1369081832
41	220	1	1370309311
41	220	1	1371961426
41	220	1	1372940610
43	220	1	1372947504
41	220	1	1374584942
44	220	1	1374596827
41	220	1	1377025283
41	220	1	1379989315
41	220	1	1380911357
41	220	1	1381262541
41	220	1	1383681014
41	220	1	1384816710
22	220	1	1389854820
22	220	1	1392813037
22	220	1	1393020021
22	220	1	1393616663
45	220	1	1394379214
22	220	1	1394747813
22	220	1	1396307087
22	220	1	1400880564
22	220	1	1403183358
22	220	1	1403214868
22	220	1	1408642530
22	220	1	1408659323
22	220	1	1409676720
22	220	1	1414346651
22	220	1	1415986491
22	220	1	1416593533
22	220	1	1416594941
22	220	1	1419620391
22	220	1	1423161022
22	220	1	1423251670
22	220	1	1424851099
22	220	1	1425249170
22	220	1	1425499301
22	220	1	1426275933
22	220	1	1428682329
22	220	1	1428695309
22	220	1	1429592829
22	220	1	1430711311
22	220	1	1431883695
22	220	1	1431887413
22	220	1	1433533604
22	220	1	1433546569
10	220	1	1434127093
22	220	1	1434192282
10	220	1	1434192509
10	220	1	1434277642
10	220	1	1434399738
22	220	1	1434751236
22	220	1	1434765936
10	220	1	1434783648
22	220	1	1439939334
22	220	1	1439943744
46	220	1	1439944706
46	220	1	1439944712
10	220	1	1443900113
1	221	1	1130337637
1	222	1	1130345187
1	222	1	1137501276
6	222	1	1226912765
15	222	1	1344770356
15	222	1	1344770417
10	222	1	1443815411
10	222	1	1443897208
1	223	1	1130353633
1	223	1	1130353882
1	223	1	1130353931
1	223	1	1130354027
1	223	1	1130356508
1	223	1	1130359142
6	223	1	1220466015
6	223	1	1220467338
6	223	1	1220468069
10	223	1	1443896769
10	223	1	1443896863
10	223	1	1443896936
10	223	1	1444324177
1	224	1	1130358027
1	224	1	1130359534
1	225	1	1130358930
6	225	1	1220466045
6	225	1	1220467372
6	225	1	1220468080
1	226	1	1130359081
6	226	1	1220466071
6	226	1	1220467401
6	226	1	1220468094
33	227	1	1160915046
33	227	1	1160915744
33	227	1	1160918426
33	227	1	1160918812
33	227	1	1160919496
33	227	1	1160919692
33	227	1	1160919808
33	227	1	1160921221
33	227	1	1160921723
33	227	1	1160922016
33	227	1	1160922050
33	227	1	1160922334
6	227	1	1220471233
45	227	1	1395238423
26	227	1	1395373112
1	228	1	1132420566
1	228	1	1132421008
1	228	1	1132425274
1	228	1	1132428868
1	228	1	1132603876
1	228	1	1132605831
1	228	1	1132605859
1	228	1	1132606070
1	228	1	1133101032
17	228	1	1381120500
10	228	1	1441463624
1	229	1	1133101208
17	229	1	1381120477
38	230	1	1133579245
38	231	1	1133579267
1	232	1	1134685729
47	232	1	1149844903
1	232	1	1155046436
1	232	1	1173438834
48	232	1	1355274170
5	232	1	1402052929
49	232	1	1424807666
49	232	1	1429433349
10	232	1	1434188520
10	232	1	1443902523
10	232	1	1444323918
49	232	1	1457900050
10	232	1	1457959117
5	232	1	1483571109
5	232	1	1483572152
5	232	1	1483572174
49	232	1	1490118405
1	233	1	1134686178
50	234	1	1136143339
50	234	1	1198845017
50	235	1	1136143354
50	235	1	1441876223
1	236	1	1138294657
17	236	1	1381088708
10	236	1	1443803272
10	236	1	1443903470
10	236	1	1443903624
1	237	1	1138294846
17	237	1	1381088681
10	237	1	1443803282
10	237	1	1443903481
10	237	1	1443903632
1	238	1	1138295375
17	238	1	1381088704
10	238	1	1443803262
10	238	1	1443903462
10	238	1	1443903615
1	239	1	1138295507
1	239	1	1138297044
1	239	1	1138459306
17	239	1	1381088706
51	239	1	1401728090
10	239	1	1443803218
10	239	1	1443903436
10	239	1	1443903589
1	240	1	1138295626
1	240	1	1138300468
1	240	1	1138634360
1	240	1	1139136908
1	240	1	1139137038
1	240	1	1165250847
16	240	1	1186498024
17	240	1	1381088692
10	240	1	1443803229
10	240	1	1443903446
10	240	1	1443903598
1	241	1	1138295997
1	241	1	1138312882
1	241	1	1138314359
52	241	1	1188291781
17	241	1	1381088690
10	241	1	1443803251
10	241	1	1443903454
10	241	1	1443903607
1	242	1	1138298142
17	242	1	1381088717
10	242	1	1443803303
1	243	1	1138298215
17	243	1	1381088698
10	243	1	1443803358
1	244	1	1138298421
1	244	1	1138315136
1	244	1	1138315200
17	244	1	1381088677
10	244	1	1443803313
1	245	1	1138298433
17	245	1	1381088687
10	245	1	1443803322
1	246	1	1138298476
1	246	1	1138314885
1	246	1	1138314924
6	246	1	1220471669
10	246	1	1443803293
10	246	1	1443903493
10	246	1	1443903640
1	247	1	1138298500
1	247	1	1138315404
17	247	1	1381088686
10	247	1	1443803334
1	248	1	1138303379
17	248	1	1381088675
10	248	1	1443803348
1	249	1	1138306593
1	249	1	1138459817
1	249	1	1138459860
6	249	1	1220547467
53	249	1	1263149862
53	249	1	1263149985
53	249	1	1263150056
53	249	1	1263150134
53	249	1	1263150190
53	249	1	1263150214
10	249	1	1443803489
1	251	1	1139136908
23	251	1	1445186852
1	252	1	1139137940
1	252	1	1139140277
1	252	1	1139265472
52	252	1	1188295437
17	252	1	1381088689
10	252	1	1443803374
1	253	1	1139496572
1	253	1	1139496752
1	254	1	1140880333
1	254	1	1140888763
1	254	1	1140889481
1	254	1	1140889652
1	254	1	1154961616
1	254	1	1154961697
1	254	1	1154961822
1	254	1	1154962026
6	254	1	1220471646
10	254	1	1443803406
33	255	1	1145515834
33	255	1	1145516122
33	255	1	1145516174
33	255	1	1145516287
33	255	1	1145516591
33	255	1	1145516624
33	255	1	1145516688
33	255	1	1145516725
33	255	1	1145517131
33	255	1	1145517213
33	255	1	1145517396
33	255	1	1145517494
33	255	1	1145543372
33	255	1	1145543444
33	255	1	1145543499
33	255	1	1145544550
33	255	1	1145545047
33	255	1	1145551687
33	255	1	1145551799
33	255	1	1145554465
33	255	1	1145554539
33	255	1	1145555737
33	255	1	1145836889
33	255	1	1145843446
33	255	1	1145843562
33	255	1	1146328085
33	255	1	1146328709
33	255	1	1146328728
33	255	1	1146329262
33	255	1	1146502501
33	255	1	1146503127
33	255	1	1146504629
33	255	1	1156773663
33	255	1	1156774756
33	255	1	1157473629
33	255	1	1157481658
33	255	1	1157541997
33	255	1	1157542208
33	255	1	1160396648
1	255	1	1160746026
33	255	1	1160837860
33	255	1	1160838363
33	255	1	1160993127
33	255	1	1160993720
33	255	1	1160993864
33	255	1	1161006685
33	255	1	1161006724
1	255	1	1161031522
33	255	1	1171095834
33	255	1	1181066946
6	255	1	1226918433
6	255	1	1226918482
6	255	1	1226930850
10	255	1	1443804225
10	255	1	1443899342
33	256	1	1145516976
33	256	1	1146330119
33	256	1	1146330142
33	256	1	1160992777
1	256	1	1161032683
1	256	1	1161032885
17	256	1	1381121195
10	256	1	1443899171
10	256	1	1443899435
33	257	1	1145517227
33	257	1	1156773351
1	257	1	1160757342
1	257	1	1160757440
33	257	1	1160992489
17	257	1	1381121186
10	257	1	1443899160
10	257	1	1443899424
33	258	1	1145517579
33	258	1	1146330422
33	258	1	1146330489
33	258	1	1160992038
33	258	1	1160992356
1	258	1	1161032245
33	258	1	1170694470
33	258	1	1170694896
17	258	1	1381121178
10	258	1	1443899121
10	258	1	1443899397
33	259	1	1145544473
33	259	1	1160992221
33	259	1	1160992452
33	259	1	1171096108
17	259	1	1381121193
10	259	1	1443899140
10	259	1	1443899416
33	260	1	1145545621
33	260	1	1145545902
33	260	1	1145547077
33	260	1	1145547113
33	260	1	1145547934
33	260	1	1145548197
33	260	1	1145548229
33	260	1	1145548303
33	260	1	1145548343
33	260	1	1145549018
33	260	1	1157471908
33	260	1	1157473325
33	260	1	1159291947
33	260	1	1160993524
1	260	1	1161033223
17	260	1	1381121198
10	260	1	1443899213
10	260	1	1443899462
33	261	1	1145549208
33	261	1	1145550047
33	261	1	1145550096
33	261	1	1145552071
33	261	1	1145552086
33	261	1	1146418147
33	261	1	1146418162
33	261	1	1157731807
33	261	1	1157960154
33	261	1	1157960303
33	261	1	1161194956
1	261	1	1161290212
33	261	1	1170693393
33	261	1	1170695147
33	261	1	1180876396
33	261	1	1180981269
33	261	1	1180981526
33	261	1	1180981636
33	261	1	1181070067
33	261	1	1181071855
33	261	1	1181487725
33	261	1	1187622929
10	261	1	1436157062
10	261	1	1436157111
33	262	1	1145554369
33	263	1	1145557080
33	263	1	1145557164
33	263	1	1157482264
33	263	1	1160993400
1	263	1	1161032820
17	263	1	1381121190
10	263	1	1443899203
10	263	1	1443899448
33	264	1	1145836904
33	264	1	1145837164
33	264	1	1145843256
33	264	1	1145844141
33	264	1	1146505806
33	264	1	1146506018
33	264	1	1160395958
33	264	1	1160396330
33	264	1	1160396464
33	264	1	1160396479
33	264	1	1160993748
17	264	1	1381121164
10	264	1	1443899262
10	264	1	1444130856
33	265	1	1146196306
33	265	1	1146196878
33	266	1	1146196810
33	266	1	1146196863
33	266	1	1146197503
33	266	1	1146197553
33	266	1	1146199778
33	266	1	1146199799
33	266	1	1146200115
33	266	1	1146200831
33	266	1	1146200863
33	266	1	1146202207
33	266	1	1146202314
33	266	1	1146202394
54	266	1	1413967250
10	266	1	1435501164
10	266	1	1435501702
10	266	1	1435501722
33	267	1	1146212557
33	268	1	1146330659
17	268	1	1381121180
33	269	1	1146330849
17	269	1	1381121182
33	270	1	1146332004
33	270	1	1146349340
6	270	1	1220548597
33	271	1	1146332142
33	271	1	1146336671
33	271	1	1146336690
33	271	1	1146336881
33	271	1	1146342720
33	271	1	1146343352
33	271	1	1146344307
33	271	1	1146349274
33	271	1	1146373360
33	271	1	1146387944
33	271	1	1146387965
33	271	1	1146388041
33	271	1	1146393851
33	271	1	1146415901
47	271	1	1146416189
33	271	1	1146418933
33	271	1	1146418953
6	271	1	1220549019
6	271	1	1226910340
6	271	1	1226911899
17	271	1	1381119581
10	271	1	1435264805
10	271	1	1435264906
10	271	1	1435265675
33	272	1	1146376599
33	273	1	1146377635
33	274	1	1146379320
33	275	1	1146383000
33	276	1	1146385501
33	277	1	1146386143
33	278	1	1146387889
33	279	1	1146467475
33	279	1	1146954902
33	279	1	1157479799
33	279	1	1159092132
33	279	1	1159092903
33	279	1	1159135210
33	280	1	1146504569
33	280	1	1157473854
33	280	1	1157474079
33	280	1	1157474886
33	280	1	1157475004
33	280	1	1157478671
33	280	1	1157479721
33	280	1	1160991924
33	280	1	1160992329
1	280	1	1161032180
6	280	1	1273141917
17	280	1	1381121171
10	280	1	1443899111
10	280	1	1443899388
33	281	1	1146504854
33	281	1	1146505123
33	282	1	1146505515
1	282	1	1161034066
10	282	1	1444130882
33	283	1	1146505590
17	283	1	1381121562
33	284	1	1146505841
33	284	1	1146505884
10	284	1	1444130893
1	285	1	1150552909
1	285	1	1150553183
1	285	1	1150553229
6	285	1	1226912380
10	285	1	1443814746
55	286	1	1152957239
56	287	1	1153902603
13	287	1	1429225361
56	288	1	1153915884
1	288	1	1153937638
10	288	1	1443814809
56	289	1	1153916474
1	289	1	1153938014
10	289	1	1443814426
47	290	1	1154432467
47	290	1	1154432982
10	290	1	1435501164
10	290	1	1435501750
57	291	1	1154595650
57	291	1	1154597384
1	291	1	1154688915
1	291	1	1160748905
6	291	1	1220547742
10	291	1	1434956824
10	291	1	1434957342
10	291	1	1434957354
10	291	1	1435129336
10	291	1	1435129383
57	292	1	1154596027
57	293	1	1154596368
57	294	1	1154597877
13	294	1	1429225372
57	295	1	1154597933
33	296	1	1156772452
1	296	1	1160764088
33	296	1	1160992128
33	296	1	1160992430
1	296	1	1161032310
33	296	1	1170695519
33	296	1	1170695551
33	296	1	1170695874
17	296	1	1381121184
10	296	1	1443899130
10	296	1	1443899407
33	297	1	1157474597
33	298	1	1157478086
33	299	1	1157478179
33	300	1	1157478333
33	301	1	1157478439
33	302	1	1157478863
33	303	1	1157479201
33	304	1	1157544321
33	304	1	1157545146
33	304	1	1157545190
33	304	1	1160060585
33	304	1	1160060666
33	304	1	1160125913
33	304	1	1160126059
1	304	1	1160746317
1	304	1	1161033624
17	304	1	1381121175
10	304	1	1443899229
33	305	1	1157731461
33	305	1	1158237763
1	305	1	1160746349
1	305	1	1161033788
1	305	1	1161033864
17	305	1	1381121119
10	305	1	1443899239
33	306	1	1157732534
33	306	1	1158325343
33	306	1	1158325470
33	306	1	1160126813
33	306	1	1162989523
33	306	1	1162989896
33	306	1	1162990786
33	306	1	1162990921
33	306	1	1162991471
33	306	1	1162991488
33	306	1	1162991713
33	306	1	1162991954
33	306	1	1162992007
33	306	1	1162992033
33	306	1	1162992154
33	306	1	1162992424
33	306	1	1162992632
33	306	1	1162992769
33	306	1	1162993065
33	306	1	1162993240
6	306	1	1219689523
6	306	1	1220544652
6	306	1	1220548093
10	306	1	1435264315
10	306	1	1435264420
10	306	1	1435264509
10	306	1	1436884409
10	306	1	1444045493
33	307	1	1157962029
33	307	1	1157962056
33	307	1	1157962411
33	307	1	1157962616
33	307	1	1157962940
33	307	1	1157981081
6	307	1	1220548196
6	307	1	1220548548
33	308	1	1157963047
33	308	1	1157973097
33	308	1	1158325485
33	308	1	1159738008
6	308	1	1219689480
6	308	1	1220548294
6	308	1	1220548464
6	308	1	1220548634
33	309	1	1157974052
33	309	1	1157976251
33	309	1	1157979236
33	309	1	1157979580
33	309	1	1157981155
6	309	1	1220548169
6	309	1	1220548522
33	310	1	1158236737
1	310	1	1160747609
33	310	1	1160838015
33	311	1	1158344176
6	311	1	1220466774
58	312	1	1158422821
58	312	1	1158422943
58	312	1	1158423001
58	312	1	1158423224
1	312	1	1158448507
33	312	1	1159085626
33	312	1	1159090510
33	312	1	1159090840
33	312	1	1159091276
33	312	1	1159091388
33	312	1	1159091513
33	312	1	1159091584
6	312	1	1220548794
6	312	1	1220548986
6	312	1	1231853604
10	312	1	1435263976
10	312	1	1435264284
10	312	1	1436884420
58	313	1	1158415841
58	313	1	1158415954
58	313	1	1158416450
58	313	1	1158416947
58	313	1	1158416983
58	313	1	1158416995
58	313	1	1158417008
58	313	1	1158417620
58	314	1	1158416066
58	314	1	1158416198
58	314	1	1158416469
58	314	1	1158416702
33	315	1	1159090796
6	315	1	1220548795
10	315	1	1435263976
1	316	1	1159780861
1	316	1	1159781331
1	316	1	1159782572
1	316	1	1159906396
1	316	1	1159909982
1	316	1	1160053129
1	316	1	1160658370
1	316	1	1160829787
1	316	1	1161165971
17	316	1	1381120479
1	317	1	1159780949
1	318	1	1160053313
1	318	1	1160061645
1	318	1	1160063164
1	318	1	1160146018
1	318	1	1160146824
1	318	1	1160148022
1	318	1	1160148219
1	318	1	1160653123
1	318	1	1160654791
1	318	1	1160654978
1	318	1	1160655523
1	318	1	1160663874
1	318	1	1161031458
17	318	1	1381120491
10	318	1	1471561533
1	319	1	1160061315
1	320	1	1160061348
1	321	1	1160061386
1	322	1	1160061423
1	323	1	1160146541
1	324	1	1160146577
1	325	1	1160146602
33	326	1	1160396076
33	326	1	1160396137
17	326	1	1381121329
10	326	1	1444130904
33	327	1	1160400187
33	327	1	1160400239
33	327	1	1160402901
33	327	1	1160404061
33	327	1	1160405469
33	327	1	1160838555
33	327	1	1160839180
1	327	1	1161033994
17	327	1	1381121161
10	327	1	1443899248
1	328	1	1160743266
1	328	1	1160828424
1	328	1	1160829631
1	328	1	1161031337
1	328	1	1161166378
1	328	1	1161166821
1	328	1	1161167054
17	328	1	1381120487
1	329	1	1160748227
1	329	1	1160748320
6	329	1	1226916059
10	329	1	1443814403
10	329	1	1443897006
1	330	1	1160757853
1	330	1	1160759733
10	330	1	1443899141
33	331	1	1160837883
33	331	1	1160991778
33	331	1	1160992270
1	331	1	1161031831
17	331	1	1381121174
10	331	1	1443899101
10	331	1	1443899368
33	332	1	1160919530
1	332	1	1160942849
1	332	1	1160942916
1	332	1	1160943040
1	332	1	1160943126
1	332	1	1160943280
1	332	1	1160943474
1	332	1	1160943592
1	332	1	1160943980
6	332	1	1219741872
45	332	1	1395238244
26	332	1	1395372989
33	333	1	1160919593
6	333	1	1219741926
45	333	1	1395238270
26	333	1	1395373064
33	334	1	1160919645
6	334	1	1219741950
45	334	1	1395238249
26	334	1	1395373029
33	335	1	1160919704
6	335	1	1219741997
45	335	1	1395238259
26	335	1	1395373078
33	336	1	1160929412
1	336	1	1160933450
1	336	1	1160933486
10	336	1	1443803465
1	337	1	1160943917
33	337	1	1160991458
1	337	1	1161009496
45	337	1	1395238245
26	337	1	1395372989
1	338	1	1160944715
1	339	1	1161036342
33	339	1	1161193416
10	339	1	1443899229
1	340	1	1161167136
1	340	1	1161167348
17	340	1	1381120482
17	341	1	1381120485
33	342	1	1161186418
1	342	1	1161289607
6	342	1	1226934969
22	342	1	1426641189
13	342	1	1429225364
22	342	1	1429245585
28	343	1	1162709296
13	343	1	1429225367
1	344	1	1165250756
6	345	1	1219741973
45	345	1	1395238256
26	345	1	1395373041
6	346	1	1219741897
45	346	1	1395238254
26	346	1	1395373053
55	347	1	1169751856
33	348	1	1170693843
33	349	1	1170695229
33	349	1	1170695246
33	349	1	1171096160
6	349	1	1220466648
6	349	1	1220467857
1	350	1	1174918296
1	350	1	1174918834
6	350	1	1220541905
10	350	1	1435130792
59	351	1	1177242563
36	352	1	1177453436
36	352	1	1177453505
1	352	1	1178304644
1	352	1	1178305205
1	352	1	1178305255
1	352	1	1178305937
36	353	1	1177453579
36	353	1	1177454059
36	353	1	1177454548
1	353	1	1178305798
1	353	1	1178306366
1	353	1	1178308792
6	353	1	1220542233
10	353	1	1435500383
10	353	1	1435500535
10	353	1	1436146841
1	354	1	1178305364
1	354	1	1178305415
1	355	1	1178305993
1	355	1	1178306588
10	355	1	1435500882
33	356	1	1180784647
33	356	1	1180816785
33	356	1	1180816865
33	356	1	1180816909
33	356	1	1181073955
6	356	1	1220471031
11	356	1	1239622380
10	356	1	1443804199
33	357	1	1180785545
33	357	1	1180788199
33	357	1	1180792853
33	357	1	1180805203
33	357	1	1180808985
33	357	1	1180811367
33	357	1	1180816301
33	357	1	1180816605
33	357	1	1180964562
33	357	1	1180964581
33	357	1	1180968630
33	357	1	1181049456
33	357	1	1181050043
33	357	1	1181064083
33	357	1	1181064144
33	357	1	1181067177
33	357	1	1181067536
33	357	1	1181068268
33	357	1	1181069905
33	357	1	1181072654
33	357	1	1181072953
33	357	1	1181074202
33	357	1	1181074777
33	357	1	1181079010
33	357	1	1181079312
33	357	1	1181085846
33	357	1	1181130459
33	357	1	1181137987
33	357	1	1181140091
33	357	1	1181141190
33	357	1	1181141923
33	357	1	1181148322
33	357	1	1181149953
33	357	1	1181212062
33	357	1	1181212247
33	357	1	1181212331
33	357	1	1181213191
33	357	1	1181216348
33	357	1	1181217750
33	357	1	1181395251
33	357	1	1181396079
33	357	1	1181396384
33	357	1	1181399591
33	357	1	1181403328
33	357	1	1181425910
33	357	1	1181425931
33	357	1	1181426337
33	357	1	1181426423
33	357	1	1181486385
33	357	1	1181486419
33	357	1	1181487202
33	357	1	1181495024
33	357	1	1181495094
33	357	1	1181495360
33	357	1	1181495457
33	357	1	1181495539
33	357	1	1181495584
33	357	1	1181496225
33	357	1	1181496524
33	357	1	1181496823
33	357	1	1181496874
33	357	1	1181497493
33	357	1	1181497582
33	357	1	1181498322
33	357	1	1181498970
33	357	1	1181499021
33	357	1	1181499040
33	357	1	1181499122
33	357	1	1181499577
33	357	1	1181499852
33	357	1	1181501711
33	357	1	1182076236
33	357	1	1182077961
33	357	1	1182079349
33	357	1	1182079405
35	357	1	1192989960
33	358	1	1180786865
33	358	1	1181065215
33	358	1	1181065246
33	358	1	1181065272
33	358	1	1181065321
33	358	1	1181065385
33	358	1	1181065429
33	358	1	1181065476
33	358	1	1181065509
33	358	1	1181080390
33	358	1	1181080529
33	358	1	1181080846
33	358	1	1181081110
33	358	1	1181081307
33	358	1	1181081885
33	358	1	1181082056
33	358	1	1181083131
33	358	1	1181083967
33	358	1	1181084043
33	358	1	1181084199
33	358	1	1181486612
33	358	1	1181487016
33	358	1	1181487166
33	358	1	1181495290
33	358	1	1181495762
60	358	1	1379060346
33	359	1	1180787556
33	359	1	1181484747
33	359	1	1181484832
33	359	1	1181484859
33	359	1	1181485124
33	359	1	1181485212
33	359	1	1181485466
33	359	1	1181485999
33	359	1	1181486247
33	359	1	1181486339
33	359	1	1181486353
33	359	1	1181495180
33	359	1	1181495222
60	359	1	1379060390
33	360	1	1180792213
33	360	1	1180792304
33	360	1	1180792506
33	360	1	1180792803
33	360	1	1181085815
33	360	1	1181211433
60	360	1	1379060403
61	360	1	1410032886
33	361	1	1180808538
33	361	1	1181065599
33	361	1	1181149752
33	361	1	1181149888
33	361	1	1181211343
33	361	1	1181425214
60	361	1	1379060406
61	361	1	1402862279
33	362	1	1180810841
33	362	1	1180810996
33	362	1	1180811209
33	362	1	1181065662
33	362	1	1181079221
33	362	1	1181079254
33	362	1	1181211692
33	362	1	1181477949
33	362	1	1181478026
33	362	1	1181478059
33	362	1	1181484504
33	362	1	1181484592
33	362	1	1182074966
33	362	1	1182075059
60	362	1	1379060352
33	363	1	1180815629
33	363	1	1181065793
33	363	1	1181211895
33	363	1	1181425414
33	363	1	1181469515
33	363	1	1181469643
33	363	1	1181469825
33	363	1	1181470369
33	363	1	1181470656
33	363	1	1181470672
33	363	1	1181472657
33	363	1	1181472740
33	363	1	1181473235
33	363	1	1181473524
33	363	1	1181473776
33	363	1	1181473790
33	363	1	1181473817
33	363	1	1181473991
33	363	1	1181474832
33	363	1	1181474960
33	363	1	1181475283
33	363	1	1181475317
33	363	1	1181476604
33	363	1	1181476683
33	363	1	1181476744
33	363	1	1181476833
33	363	1	1181476851
33	363	1	1181476935
33	363	1	1181477041
33	363	1	1181477156
33	363	1	1181477732
60	363	1	1379060417
33	364	1	1180877048
33	364	1	1180877849
33	364	1	1180877986
33	364	1	1180878709
33	364	1	1180878996
33	364	1	1180879317
33	364	1	1180879679
33	364	1	1180880008
33	364	1	1180880197
33	364	1	1180881581
33	364	1	1180881614
33	364	1	1180881864
33	364	1	1180882029
33	364	1	1180882088
33	364	1	1180882136
33	364	1	1180882356
33	364	1	1180882561
33	364	1	1180882595
33	364	1	1180882783
33	364	1	1180882824
33	364	1	1180882862
33	364	1	1180883157
33	364	1	1180883399
33	364	1	1180883794
33	364	1	1180886257
33	364	1	1180886540
33	364	1	1180886639
33	364	1	1180886654
33	364	1	1180887007
33	364	1	1180887125
33	364	1	1180887672
33	364	1	1180888581
33	364	1	1180942664
33	364	1	1180942734
33	364	1	1180942806
33	364	1	1180942878
33	364	1	1180942924
33	364	1	1180942964
33	364	1	1180943326
33	364	1	1180943564
33	364	1	1180944035
33	364	1	1180944278
33	364	1	1180944873
33	364	1	1180945098
33	364	1	1180945446
33	364	1	1180946080
33	364	1	1180946103
33	364	1	1180947895
33	364	1	1189468052
33	364	1	1189468898
33	364	1	1189469445
35	364	1	1239201729
33	365	1	1180981300
33	365	1	1180981506
33	366	1	1180981693
33	366	1	1180982050
33	366	1	1180982285
33	366	1	1180984428
33	366	1	1181065119
33	366	1	1181065148
33	367	1	1180981792
33	368	1	1180984351
33	369	1	1181049528
33	369	1	1181053830
33	369	1	1181053997
33	369	1	1181054195
33	369	1	1181054977
33	369	1	1181055069
33	369	1	1181055148
33	369	1	1181055193
33	369	1	1181055207
33	369	1	1181056407
33	369	1	1181056539
33	369	1	1181056559
33	369	1	1181058092
33	369	1	1181058351
33	369	1	1181058897
33	369	1	1181058914
33	369	1	1181061594
33	369	1	1181061923
33	369	1	1181061966
33	369	1	1181061992
33	369	1	1181062352
33	369	1	1181062455
33	369	1	1181063263
33	369	1	1181063758
33	369	1	1181066644
33	369	1	1181085279
33	369	1	1181085432
33	369	1	1181085480
33	369	1	1181085577
33	369	1	1181085627
6	369	1	1219741541
10	369	1	1434919594
33	370	1	1181049868
33	370	1	1181050000
6	370	1	1220471117
33	371	1	1181049930
33	371	1	1181049968
33	371	1	1181050130
33	371	1	1181050188
33	371	1	1181050288
33	371	1	1181064211
33	371	1	1181072974
33	371	1	1181072984
33	371	1	1181073007
33	371	1	1181074824
33	371	1	1181074840
33	371	1	1181078875
33	371	1	1181084465
33	371	1	1181085700
33	371	1	1181498998
6	371	1	1219741472
33	372	1	1181071650
33	372	1	1181073190
33	372	1	1181073274
33	372	1	1181073746
33	372	1	1181073911
33	372	1	1181074483
33	372	1	1181074621
33	372	1	1181488031
33	372	1	1181489572
33	372	1	1182093835
33	373	1	1181072294
33	373	1	1181141692
33	373	1	1181141791
6	373	1	1220466309
6	373	1	1220467725
1	373	1	1223029199
33	374	1	1181072839
33	374	1	1181141723
6	374	1	1220465954
6	374	1	1220467572
1	374	1	1223029265
33	375	1	1181135833
33	375	1	1181138955
33	375	1	1181138981
33	375	1	1181140048
33	375	1	1181211124
33	375	1	1181212629
33	375	1	1181217403
33	375	1	1181217461
33	375	1	1181217488
33	375	1	1181391762
33	375	1	1181391865
33	375	1	1181391908
33	375	1	1181393899
33	375	1	1181394383
33	375	1	1181394507
33	375	1	1181395156
33	375	1	1181395721
33	375	1	1181423868
33	375	1	1181423922
33	376	1	1181212175
33	376	1	1181425540
60	376	1	1379060410
33	377	1	1181391584
33	378	1	1181395603
33	378	1	1181395650
33	378	1	1181401563
33	378	1	1181401864
33	378	1	1181402866
33	378	1	1181402909
33	378	1	1181403117
33	378	1	1181403208
33	378	1	1181416346
33	378	1	1181417246
33	378	1	1181417286
60	378	1	1379060353
33	379	1	1181396150
33	379	1	1181397294
33	379	1	1181399438
33	379	1	1181400571
33	379	1	1181400626
33	379	1	1181400930
33	379	1	1181403063
33	379	1	1181415270
33	379	1	1181421756
33	379	1	1181422582
33	379	1	1181424101
33	379	1	1181490845
33	379	1	1181491934
33	379	1	1181492141
33	379	1	1181492243
33	379	1	1181493000
33	379	1	1181493235
33	379	1	1181493338
33	379	1	1181493972
33	379	1	1181494708
33	379	1	1181494726
60	379	1	1379060386
33	380	1	1181489684
33	380	1	1181490332
33	380	1	1181490473
60	380	1	1379060403
33	381	1	1181501664
60	381	1	1379060356
33	382	1	1182077907
33	382	1	1182078432
33	382	1	1182078772
33	382	1	1182078859
33	382	1	1182078885
33	382	1	1182079271
33	382	1	1182095719
33	382	1	1182095780
33	382	1	1182095831
33	382	1	1182183013
33	382	1	1182183761
33	382	1	1182183793
33	382	1	1182184449
60	382	1	1379060382
62	383	1	1183046617
63	383	1	1277172948
63	383	1	1277174643
37	384	1	1184096699
37	384	1	1184096812
37	384	1	1184096947
37	384	1	1184096992
37	384	1	1184157722
37	384	1	1184157847
37	384	1	1184158564
37	384	1	1184158948
37	384	1	1184161319
37	384	1	1184315577
37	384	1	1184315780
37	384	1	1184315827
37	384	1	1184315933
37	384	1	1184316042
37	384	1	1184572808
37	384	1	1184572842
37	384	1	1184572948
37	384	1	1184573053
37	384	1	1184573199
37	384	1	1184573239
37	384	1	1184573280
37	384	1	1184751612
37	384	1	1184751662
37	384	1	1184751676
37	384	1	1184751713
37	384	1	1184751743
37	384	1	1184751756
37	384	1	1184751809
37	384	1	1185187350
37	384	1	1185187374
37	384	1	1185187402
37	384	1	1185203939
37	384	1	1185204037
37	384	1	1185204161
37	384	1	1185205562
37	384	1	1185205658
37	384	1	1185797041
17	384	1	1381121301
51	384	1	1399193405
10	384	1	1434899423
10	384	1	1435867995
10	384	1	1435868052
10	384	1	1435947759
37	385	1	1184316985
37	385	1	1184317049
37	385	1	1184317410
37	385	1	1184317436
37	385	1	1184318516
37	385	1	1184318644
37	385	1	1184318873
37	385	1	1184319024
37	385	1	1184319313
37	385	1	1184319384
37	385	1	1184319576
37	385	1	1184319757
37	385	1	1184319816
37	385	1	1184319860
37	385	1	1184398210
37	385	1	1184398251
37	385	1	1184398386
37	385	1	1184398585
37	385	1	1184401092
37	385	1	1184401136
37	385	1	1184401165
37	385	1	1184401550
37	385	1	1184401575
37	385	1	1184401776
37	385	1	1184401855
37	385	1	1184401935
37	385	1	1184407136
37	385	1	1184487458
37	385	1	1184488989
37	385	1	1184489051
37	385	1	1184489111
37	385	1	1184489138
37	385	1	1184490472
37	385	1	1184490553
37	385	1	1184491875
37	385	1	1184493415
37	385	1	1184493441
37	385	1	1184494236
37	385	1	1184494278
37	385	1	1184495835
37	385	1	1184495909
37	385	1	1184495990
37	385	1	1184496014
37	385	1	1184496039
37	385	1	1184496554
37	385	1	1184496665
37	385	1	1184496792
37	385	1	1184496869
37	385	1	1184496904
37	385	1	1184498603
37	385	1	1184498667
37	385	1	1184574975
37	385	1	1184578891
37	385	1	1184578914
37	385	1	1184579253
37	385	1	1184579328
37	385	1	1184746807
37	385	1	1184746847
37	385	1	1184748415
37	385	1	1185447081
6	385	1	1219772127
10	385	1	1435871031
37	386	1	1184317962
37	386	1	1184318394
37	387	1	1184398102
37	388	1	1184488623
37	389	1	1184494073
37	390	1	1184496338
37	391	1	1184749277
37	391	1	1184750467
37	391	1	1184751881
37	391	1	1184751894
37	391	1	1184751992
37	391	1	1184787165
37	391	1	1184787230
37	391	1	1184787314
37	391	1	1184787376
37	391	1	1184787952
37	391	1	1184788016
37	391	1	1184788052
37	391	1	1184828860
37	391	1	1184829023
37	391	1	1184832669
37	391	1	1184836663
37	391	1	1184836780
37	391	1	1184836919
37	391	1	1184836961
37	391	1	1185173804
37	391	1	1185174186
37	391	1	1185174398
37	391	1	1185175621
37	391	1	1185175776
37	391	1	1185175859
37	391	1	1185175904
37	391	1	1185175928
37	391	1	1185176430
37	391	1	1185176492
37	391	1	1185176617
37	391	1	1185177131
37	391	1	1185177176
37	391	1	1185180132
37	391	1	1185180319
37	391	1	1185180377
37	391	1	1185180413
37	391	1	1185203199
37	391	1	1185203269
37	391	1	1185203311
37	391	1	1185271884
37	391	1	1185271912
37	391	1	1185271942
37	391	1	1185348509
37	391	1	1185348536
37	391	1	1185349131
37	391	1	1185349232
37	391	1	1185349263
37	391	1	1185793876
37	391	1	1185793904
37	391	1	1185793930
37	391	1	1185794043
37	391	1	1185794147
37	391	1	1185794239
37	391	1	1185794287
6	391	1	1219772055
10	391	1	1435515388
10	391	1	1435871336
10	391	1	1435871443
37	392	1	1184786951
37	393	1	1184836825
37	393	1	1184836860
1	394	1	1184965330
37	395	1	1185174926
37	396	1	1185180204
37	397	1	1185209661
37	397	1	1185209821
37	397	1	1185210087
37	397	1	1185210108
37	397	1	1185217149
37	397	1	1185217861
37	397	1	1185217947
37	397	1	1185217982
37	397	1	1185218049
37	397	1	1185218131
37	397	1	1185218151
37	397	1	1185218193
37	397	1	1185218253
37	397	1	1185218332
37	397	1	1185219766
37	397	1	1185219826
37	397	1	1185219852
37	397	1	1185219876
37	397	1	1185222154
37	397	1	1185796015
6	397	1	1219772173
10	397	1	1435870607
37	398	1	1185209774
37	399	1	1185271803
37	399	1	1185348009
37	400	1	1185793567
33	401	1	1187632642
33	401	1	1187634636
64	402	1	1187985498
64	403	1	1187985623
37	404	1	1188313406
37	404	1	1188314746
37	404	1	1188314947
37	404	1	1188315486
37	404	1	1188315576
37	404	1	1188315600
37	404	1	1188315733
37	404	1	1188316388
6	404	1	1219773887
10	404	1	1435520556
10	404	1	1435522386
10	404	1	1435522484
10	404	1	1435522632
10	404	1	1435522865
10	404	1	1435867764
10	404	1	1435867801
10	404	1	1435947711
33	405	1	1190739966
33	405	1	1190740253
33	405	1	1190740923
6	405	1	1220471156
10	405	1	1443804215
33	406	1	1190740849
33	406	1	1190741419
33	406	1	1190742141
33	406	1	1190742840
33	406	1	1190743022
33	406	1	1190744153
33	406	1	1190749245
33	406	1	1190765259
33	406	1	1190765513
33	406	1	1190836879
35	406	1	1192989967
17	406	1	1381121272
33	407	1	1190749259
33	407	1	1190751881
33	407	1	1190753415
33	407	1	1190764447
33	407	1	1190764889
33	407	1	1190765061
33	407	1	1190765228
33	407	1	1191397829
33	407	1	1191399950
33	407	1	1191400448
33	407	1	1191400493
33	407	1	1191880976
33	407	1	1191884747
33	407	1	1191957155
17	407	1	1381121269
17	408	1	1381121265
33	409	1	1190836662
33	409	1	1190836983
6	411	1	1219689632
33	412	1	1190835031
33	412	1	1190836410
33	412	1	1190836432
33	412	1	1190837068
33	412	1	1190837081
33	412	1	1190837109
33	412	1	1190837263
33	413	1	1190836517
33	413	1	1190836739
33	413	1	1190837293
33	414	1	1190836934
33	414	1	1190836998
33	414	1	1190838895
33	415	1	1190837373
33	415	1	1190837667
33	415	1	1190837918
33	416	1	1190837405
33	416	1	1190837614
33	416	1	1190837689
33	416	1	1190837959
33	417	1	1190838504
6	417	1	1220465921
6	417	1	1220467532
65	418	1	1190972254
65	419	1	1190972395
65	420	1	1190972494
66	420	1	1206679758
6	420	1	1220465561
19	420	1	1260814968
10	420	1	1432303537
10	420	1	1432303586
10	420	1	1434124999
10	420	1	1434125344
10	420	1	1434125372
10	420	1	1434285579
10	420	1	1434286204
10	420	1	1434288561
10	420	1	1434289439
67	420	1	1439837666
10	420	1	1446046349
68	421	1	1191514516
6	421	1	1220466855
6	421	1	1220466920
8	421	1	1260798452
69	421	1	1425217574
68	422	1	1191514526
68	422	1	1191514540
68	423	1	1191514548
65	424	1	1191531006
70	425	1	1191898315
63	426	1	1191979313
63	426	1	1319173300
63	426	1	1329450338
63	426	1	1329450764
35	427	1	1192989948
71	428	1	1193435526
71	428	1	1199528056
72	429	1	1196632626
73	430	1	1198489162
50	431	1	1198844285
6	431	1	1220466463
6	431	1	1220467807
50	432	1	1198844425
6	432	1	1220466496
6	432	1	1220467821
74	433	1	1200945931
74	434	1	1200945939
75	435	1	1201291398
76	436	1	1201412040
76	437	1	1201412043
10	438	1	1443803200
77	439	1	1204461313
66	440	1	1206078902
66	441	1	1206078910
78	442	1	1206617432
79	443	1	1209743534
80	444	1	1209937801
80	444	1	1209937883
80	444	1	1210448994
6	444	1	1220547858
10	444	1	1434956919
10	444	1	1434957563
10	444	1	1434957582
10	444	1	1435129417
80	445	1	1209937992
80	446	1	1210448950
74	447	1	1210645926
63	447	1	1225430456
81	448	1	1212041484
81	448	1	1212041550
82	449	1	1212296943
83	450	1	1212797210
83	451	1	1212797571
84	452	1	1212961134
84	452	1	1217314668
84	452	1	1349137728
84	452	1	1349167748
84	452	1	1350392900
85	453	1	1213744316
85	453	1	1213793958
85	453	1	1293351603
85	453	1	1372516016
85	454	1	1214147949
5	455	1	1215781798
5	456	1	1215782419
5	456	1	1215782448
5	456	1	1215859822
6	456	1	1220547801
1	456	1	1253803087
86	456	1	1274209555
10	456	1	1434198916
10	456	1	1434956342
10	456	1	1434956548
10	456	1	1434956860
5	457	1	1215851119
5	457	1	1215851186
5	457	1	1215860057
6	457	1	1220547618
10	457	1	1434956627
10	457	1	1434956843
10	457	1	1436156894
6	458	1	1219681679
6	458	1	1258988429
87	458	1	1349951537
6	458	1	1349959018
10	458	1	1435264917
6	459	1	1219685049
6	459	1	1219687578
6	459	1	1219687717
6	459	1	1220141942
87	459	1	1349794144
87	459	1	1350134678
87	459	1	1350160986
6	460	1	1219688848
6	461	1	1219688872
6	462	1	1219688902
6	462	1	1220470662
6	463	1	1219688928
6	464	1	1219689542
6	465	1	1219691362
87	465	1	1349943883
87	465	1	1349945658
87	465	1	1349975904
87	465	1	1349976700
87	465	1	1349976743
6	465	1	1449223655
6	466	1	1219693942
6	467	1	1219695162
87	467	1	1350130404
6	468	1	1219698169
6	468	1	1220468332
8	468	1	1260798799
10	468	1	1434115525
10	468	1	1434115626
10	468	1	1434115686
10	468	1	1434115719
10	468	1	1434116587
10	468	1	1434116605
10	468	1	1434116756
10	468	1	1434117552
10	468	1	1434120779
10	468	1	1434120806
10	468	1	1434121391
10	468	1	1434191300
10	468	1	1436114186
10	468	1	1436147012
10	468	1	1436158508
10	468	1	1436883946
10	468	1	1436884054
10	468	1	1443444898
10	468	1	1443461997
10	468	1	1443462122
10	468	1	1443645931
10	468	1	1443646085
10	468	1	1443646114
10	468	1	1443646137
10	468	1	1443646226
10	468	1	1443790424
10	468	1	1443897683
10	468	1	1443898479
10	468	1	1443898504
10	468	1	1444247393
10	468	1	1445419011
10	468	1	1445426590
6	469	1	1219741496
6	470	1	1219772094
88	471	1	1219864721
63	471	1	1225529748
6	472	1	1220141890
6	473	1	1220465712
8	473	1	1260798493
89	473	1	1363431371
6	474	1	1220470683
6	475	1	1220471381
6	476	1	1220471621
6	477	1	1220541923
17	477	1	1381087795
6	478	1	1220542190
6	479	1	1220547642
6	480	1	1220547752
6	481	1	1220548196
6	482	1	1220548794
23	482	1	1435324771
6	483	1	1220548795
23	483	1	1435324773
6	484	1	1220549019
23	484	1	1435324769
6	485	1	1222614335
63	486	1	1225169632
63	487	1	1225245870
90	488	1	1225311275
90	489	1	1225316017
90	490	1	1225320489
63	491	1	1225327838
63	492	1	1225352209
90	493	1	1225371952
90	493	1	1226320097
90	494	1	1225383453
90	495	1	1225383580
90	496	1	1225455370
90	496	1	1225478437
90	496	1	1225586084
90	496	1	1225599539
90	496	1	1225653209
90	496	1	1225682358
90	496	1	1225726914
90	496	1	1225774637
90	496	1	1225834632
90	496	1	1225860735
90	496	1	1225879131
90	496	1	1226010988
90	496	1	1226379045
90	496	1	1226499099
90	496	1	1226939804
90	496	1	1226947061
90	496	1	1226968496
90	496	1	1227103074
90	496	1	1227877121
90	496	1	1228203447
90	496	1	1229411579
90	496	1	1230226961
90	496	1	1230239340
90	496	1	1230767846
90	496	1	1231585743
90	496	1	1232068271
90	496	1	1232471832
90	496	1	1232479918
90	496	1	1233056827
90	496	1	1233097777
90	496	1	1233123017
90	496	1	1233209322
90	496	1	1233556288
90	496	1	1234449352
90	496	1	1234762887
90	496	1	1234766116
90	496	1	1234949105
90	496	1	1235327022
90	496	1	1235495428
90	496	1	1236128049
90	496	1	1237339484
90	496	1	1238044360
90	496	1	1238717459
90	496	1	1240462727
63	497	1	1225583876
63	498	1	1225678713
63	499	1	1225770706
63	500	1	1225860216
90	501	1	1225930893
90	501	1	1226287811
90	502	1	1225944363
90	503	1	1225959338
90	503	1	1226309802
90	504	1	1226228591
91	504	1	1232334006
63	505	1	1226471273
92	506	1	1226492035
92	507	1	1226503920
6	508	1	1226910459
17	508	1	1381119643
10	508	1	1435264809
93	508	1	1490185011
93	508	1	1490187362
93	508	1	1490189187
6	509	1	1226910761
17	509	1	1381119648
10	509	1	1435264810
6	510	1	1226910998
6	510	1	1239124882
17	510	1	1381119641
10	510	1	1435264807
6	511	1	1226911357
17	511	1	1381119633
10	511	1	1435264806
10	511	1	1444322868
10	511	1	1444323041
10	511	1	1444323062
10	511	1	1444323079
6	512	1	1226922217
6	513	1	1226922305
23	513	1	1445186874
6	514	1	1226926822
10	514	1	1445099576
63	515	1	1227249617
63	516	1	1227883852
94	517	1	1229786998
10	518	1	1443814646
95	519	1	1233821723
63	520	1	1234149479
63	521	1	1234563926
63	522	1	1235275533
63	523	1	1235279793
91	524	1	1235755856
96	525	1	1236514310
90	526	1	1237300795
63	527	1	1237616466
7	528	1	1238244198
7	528	1	1238245474
7	528	1	1238349217
7	528	1	1241359870
7	528	1	1241360062
7	528	1	1241360268
7	528	1	1241360616
7	528	1	1241360776
7	528	1	1241361439
7	528	1	1241361458
7	528	1	1241361923
7	528	1	1241362287
7	528	1	1241362646
7	528	1	1241364254
7	528	1	1241368454
7	528	1	1241370746
7	528	1	1241374892
7	528	1	1241374931
7	528	1	1241375474
7	528	1	1241469660
7	528	1	1241469679
7	528	1	1241553623
7	528	1	1241553840
7	528	1	1241554042
7	528	1	1241554186
7	528	1	1241554688
7	528	1	1241631931
7	528	1	1241632369
7	528	1	1241632445
7	528	1	1241632627
7	528	1	1241632937
7	528	1	1241633105
7	528	1	1241633173
7	528	1	1241633205
7	528	1	1241633485
7	528	1	1241633642
7	528	1	1241634148
7	528	1	1241634177
7	528	1	1241634238
7	528	1	1241634535
7	528	1	1241636867
7	528	1	1241636882
7	528	1	1241638283
7	528	1	1241638357
7	528	1	1241638842
7	528	1	1241638883
17	528	1	1381120675
10	528	1	1435867744
89	529	1	1238746647
89	530	1	1238746657
63	531	1	1239502272
63	532	1	1239579203
63	533	1	1239582606
63	534	1	1240007687
63	535	1	1240015659
63	536	1	1240079030
63	537	1	1240088209
97	538	1	1242493179
98	539	1	1242925774
99	540	1	1246041853
100	540	1	1444956907
50	540	1	1445547766
99	541	1	1246041859
99	542	1	1246041864
101	543	1	1246815279
13	543	1	1429225367
102	544	1	1248104824
63	545	1	1251833103
63	546	1	1252735131
63	547	1	1252742387
63	548	1	1252815678
103	549	1	1252958619
63	549	1	1379889452
103	550	1	1252958630
63	550	1	1379890534
104	551	1	1252958642
63	551	1	1264237188
105	552	1	1252969982
1	553	1	1253803387
17	553	1	1381120886
10	553	1	1443898724
10	553	1	1443898851
1	554	1	1253803551
17	554	1	1381120884
10	554	1	1443898733
10	554	1	1443898843
1	555	1	1253803678
15	555	1	1344772725
17	555	1	1381120890
10	555	1	1443898755
10	555	1	1443898826
106	556	1	1255891439
107	557	1	1257023673
108	558	1	1257188348
109	559	1	1258030827
109	559	1	1258031020
109	559	1	1258031196
109	559	1	1258036469
17	559	1	1381120226
110	560	1	1259871597
8	561	1	1260798890
19	562	1	1260816160
63	563	1	1264292037
78	564	1	1264348732
63	565	1	1264389214
63	566	1	1264467288
63	567	1	1264473294
63	568	1	1264551905
63	569	1	1264720790
63	570	1	1264732034
63	571	1	1264919057
63	572	1	1264921511
63	573	1	1264923200
63	574	1	1266706483
63	574	1	1379473306
63	575	1	1266717360
111	576	1	1268125075
111	577	1	1268125138
112	578	1	1268601076
9	579	1	1269597698
113	580	1	1269620725
114	581	1	1270200257
114	581	1	1379160688
114	582	1	1270468570
114	582	1	1379160692
114	583	1	1270656492
114	583	1	1379160695
63	584	1	1271126899
29	585	1	1271139941
115	586	1	1274793943
116	587	1	1276237997
63	588	1	1276992344
63	589	1	1277066052
63	590	1	1277158838
63	591	1	1277167791
63	592	1	1277178741
63	593	1	1277180252
63	594	1	1277247153
63	595	1	1277578859
63	595	1	1289164514
117	595	1	1308759151
117	595	1	1309106162
117	595	1	1322674788
117	595	1	1356642541
117	595	1	1356693339
63	596	1	1280795536
63	597	1	1280799615
118	598	1	1280959864
118	598	1	1281005557
118	599	1	1281096608
63	600	1	1281148975
63	601	1	1281152990
63	602	1	1281154696
63	603	1	1281158098
118	604	1	1281177752
63	604	1	1289163238
117	604	1	1308798801
117	604	1	1309109932
117	604	1	1356642526
63	605	1	1281232496
63	606	1	1281234297
118	607	1	1281258160
21	608	1	1281993196
21	609	1	1281993207
119	610	1	1282092916
120	610	1	1422986700
119	611	1	1282092927
120	611	1	1422986700
63	612	1	1283020630
63	613	1	1283392994
121	614	1	1283394498
121	614	1	1284614233
122	614	1	1408317612
121	615	1	1283411714
123	616	1	1285041902
121	617	1	1285791302
121	617	1	1285791901
121	618	1	1286348862
63	619	1	1287261225
121	620	1	1287862549
63	621	1	1289160012
63	622	1	1289172627
121	623	1	1289953773
121	623	1	1291477026
121	623	1	1295305877
124	623	1	1327101472
125	623	1	1337663001
125	623	1	1342548978
125	623	1	1349131570
125	623	1	1360200922
126	624	1	1292847130
126	624	1	1340101201
21	625	1	1293738627
127	626	1	1294088929
19	627	1	1296307845
63	628	1	1296442341
63	628	1	1333237150
128	628	1	1390289494
128	628	1	1390291347
63	629	1	1296448477
63	630	1	1296528534
63	631	1	1296534720
87	632	1	1296584161
87	632	1	1296799767
17	632	1	1381088153
6	632	1	1412949607
63	633	1	1296616845
63	634	1	1296783626
129	635	1	1297758267
63	636	1	1298435455
130	637	1	1338055135
60	637	1	1379060413
60	638	1	1299334536
60	638	1	1316862265
60	639	1	1299334550
131	640	1	1299509007
63	641	1	1301869610
121	642	1	1302754793
63	643	1	1302977772
21	643	1	1331472243
63	644	1	1302982310
63	645	1	1302994175
63	646	1	1303350702
63	647	1	1305156796
63	647	1	1333910890
132	648	1	1306232335
132	648	1	1314532596
121	649	1	1306446379
121	650	1	1306518554
133	651	1	1307396610
134	651	1	1332352005
117	652	1	1308808901
117	652	1	1308812775
117	653	1	1308812625
135	654	1	1309301438
135	654	1	1331454836
135	654	1	1401149210
135	654	1	1423194151
136	655	1	1309512867
136	656	1	1309526437
117	657	1	1309539601
117	658	1	1309541757
63	659	1	1309569936
63	660	1	1309578698
63	661	1	1309582778
63	662	1	1309622843
21	662	1	1321453795
63	663	1	1309631758
137	664	1	1311111556
138	665	1	1313254225
139	666	1	1313792337
63	667	1	1314241022
63	667	1	1422211638
5	668	1	1314985547
5	668	1	1314985742
5	668	1	1314988554
5	668	1	1314988847
5	668	1	1314989222
5	668	1	1314989639
5	668	1	1314990776
5	668	1	1316184937
5	668	1	1316276801
17	668	1	1381119850
10	668	1	1443804165
5	669	1	1314985639
5	670	1	1314988614
17	670	1	1381119878
5	671	1	1314988913
17	671	1	1381119883
5	672	1	1314989121
17	672	1	1381119885
5	673	1	1314989262
17	673	1	1381119880
63	674	1	1315762935
63	675	1	1315767496
63	676	1	1315771957
5	677	1	1316184937
140	678	1	1316291158
134	679	1	1318461242
141	680	1	1318480968
63	681	1	1318973446
121	682	1	1319840883
121	682	1	1429212135
142	683	1	1319978676
143	683	1	1497568151
144	684	1	1320839793
144	685	1	1320839903
145	686	1	1321040337
146	687	1	1321068717
145	688	1	1321204981
145	689	1	1321204982
145	689	1	1321205187
21	690	1	1321453795
63	691	1	1321762576
63	692	1	1321848015
63	693	1	1321919113
63	694	1	1321922743
63	694	1	1322092597
63	695	1	1321926973
63	695	1	1322094334
117	696	1	1321986775
117	697	1	1321992595
117	698	1	1322030313
63	699	1	1322096510
63	700	1	1322097765
63	701	1	1322098967
147	702	1	1322262960
63	703	1	1346638954
63	704	1	1323015183
63	705	1	1323046094
63	706	1	1323049806
134	707	1	1325893990
134	707	1	1325965200
121	708	1	1326327353
134	709	1	1328127867
148	710	1	1328451740
148	710	1	1328453346
148	710	1	1328466126
148	711	1	1328451749
148	711	1	1328452374
148	711	1	1328465299
63	712	1	1329069725
21	713	1	1329727837
134	714	1	1329743679
134	715	1	1329749666
124	715	1	1329752844
117	716	1	1329830566
117	717	1	1329834901
117	717	1	1356634282
112	718	1	1330559537
21	719	1	1330621728
21	720	1	1330702821
63	721	1	1332039241
63	722	1	1333243764
63	723	1	1333419049
63	724	1	1333499743
63	724	1	1333581965
63	725	1	1333587003
63	726	1	1333904693
63	727	1	1333906728
134	728	1	1334111130
63	729	1	1334509533
63	730	1	1336323152
149	731	1	1338008515
149	732	1	1338014077
61	733	1	1338055155
134	734	1	1338318052
150	735	1	1338442975
150	735	1	1342493000
63	736	1	1338649312
63	737	1	1338655648
63	738	1	1338659642
23	739	1	1338913084
23	739	1	1338914603
23	740	1	1338913085
23	741	1	1338933409
23	741	1	1338934405
23	742	1	1338933410
63	743	1	1339378363
63	744	1	1339992773
134	745	1	1340664844
63	746	1	1341259078
63	746	1	1344109899
151	747	1	1342274781
63	747	1	1344218899
63	747	1	1344225867
63	748	1	1344111563
152	749	1	1344244598
63	750	1	1344379703
153	751	1	1346356359
153	752	1	1346430853
154	752	1	1347097485
154	753	1	1346442301
63	754	1	1346627152
63	755	1	1346632895
63	756	1	1346636914
87	757	1	1349793714
87	757	1	1349793744
17	757	1	1381088159
87	758	1	1349794054
87	758	1	1349794075
17	758	1	1381088155
87	759	1	1349806008
17	759	1	1381119650
10	759	1	1435264811
87	760	1	1349806218
17	760	1	1381119645
10	760	1	1435264810
87	761	1	1349806765
87	761	1	1349806793
87	761	1	1350135125
17	761	1	1381088157
87	762	1	1349951028
87	762	1	1350154945
17	762	1	1381088150
87	763	1	1349976404
17	763	1	1381121220
87	764	1	1349976457
17	764	1	1381121216
10	764	1	1434198573
10	764	1	1434198639
84	765	1	1350392917
21	766	1	1351191203
21	767	1	1351239941
21	768	1	1351244745
21	769	1	1351244754
155	770	1	1351432109
41	771	1	1354612900
63	772	1	1355087692
63	773	1	1355091493
63	774	1	1355112702
156	775	1	1355725490
35	775	1	1491329884
134	776	1	1359579505
134	777	1	1359579641
18	778	1	1359723880
134	779	1	1359904365
134	780	1	1359907393
157	781	1	1359910105
157	782	1	1359910106
63	783	1	1360030580
158	783	1	1417132054
158	783	1	1487247806
63	784	1	1360034921
134	785	1	1360699099
63	786	1	1361149608
63	787	1	1361155258
134	788	1	1361232052
159	789	1	1363797687
159	790	1	1363797695
160	791	1	1363898570
134	792	1	1364091301
63	793	1	1364142322
63	794	1	1364146407
63	795	1	1364172848
63	796	1	1364174697
161	796	1	1451505837
162	797	1	1365252776
163	798	1	1366079386
134	799	1	1367172945
164	800	1	1367353642
161	800	1	1451505780
165	801	1	1369401481
165	801	1	1376484766
63	801	1	1381706497
165	801	1	1384697703
165	801	1	1408419503
63	802	1	1370217364
165	803	1	1370701938
165	803	1	1382846726
165	803	1	1382860565
63	804	1	1372733550
63	805	1	1372820657
166	806	1	1374739316
63	806	1	1381682318
167	807	1	1375897578
168	808	1	1376328718
169	809	1	1376681301
169	810	1	1377990889
165	811	1	1378219482
165	811	1	1382877803
165	811	1	1382931725
114	812	1	1379159828
114	813	1	1379159830
63	814	1	1379280995
63	815	1	1379302427
161	815	1	1451505780
63	816	1	1379463710
63	817	1	1379467428
63	818	1	1379560719
63	819	1	1379562416
63	820	1	1379563761
63	821	1	1379897169
63	822	1	1379898964
63	823	1	1380159588
63	824	1	1380163819
63	825	1	1380395891
63	826	1	1380397269
63	827	1	1380400909
170	827	1	1385795510
170	827	1	1388051447
170	827	1	1391246767
63	827	1	1408626426
171	827	1	1411917916
172	827	1	1411919483
63	827	1	1413772380
63	827	1	1438465500
63	828	1	1380407477
170	828	1	1385473363
170	828	1	1386742117
170	828	1	1391654409
170	828	1	1393934494
171	828	1	1411917917
172	828	1	1411919483
63	828	1	1414897905
173	829	1	1380487260
17	830	1	1381087820
17	831	1	1381119622
17	832	1	1381119873
17	833	1	1381120847
17	834	1	1381121153
63	835	1	1381683788
63	836	1	1381723257
120	836	1	1450290221
174	837	1	1382941870
175	837	1	1383002014
176	838	1	1383340118
177	839	1	1384698435
178	840	1	1384748224
175	840	1	1384785367
179	841	1	1385383498
180	842	1	1387293202
63	843	1	1390174833
181	843	1	1487198902
63	844	1	1390254108
63	845	1	1390265244
182	846	1	1390299638
183	847	1	1392384535
183	848	1	1392391646
63	849	1	1393563694
63	850	1	1393570977
175	851	1	1394756689
184	852	1	1395184008
184	852	1	1395426200
184	852	1	1396577068
26	853	1	1395372885
185	854	1	1395520058
186	855	1	1396562556
187	856	1	1396596609
188	857	1	1396957037
22	858	1	1403183359
189	859	1	1404160898
122	860	1	1408317612
63	861	1	1409106272
63	862	1	1410622481
190	862	1	1447384170
63	863	1	1410709556
63	864	1	1411003511
190	864	1	1447384172
171	865	1	1411917916
23	865	1	1415695561
63	865	1	1420952120
171	866	1	1411917917
23	866	1	1415695572
63	866	1	1420958851
172	867	1	1411919483
172	868	1	1411919483
191	869	1	1413409782
191	869	1	1447348722
191	869	1	1447744675
192	870	1	1416572134
63	871	1	1416714024
120	871	1	1472036672
120	871	1	1472123918
63	872	1	1416721144
120	872	1	1472036672
120	872	1	1472123918
158	873	1	1417132054
158	874	1	1417132055
63	875	1	1417321136
63	876	1	1421017404
63	877	1	1421111535
63	878	1	1421115526
63	879	1	1421119581
63	879	1	1423374850
126	879	1	1424432111
120	880	1	1422986700
120	881	1	1422986700
63	882	1	1423370516
63	883	1	1423377221
126	883	1	1424432112
63	884	1	1423708199
63	885	1	1423940288
63	886	1	1424392592
120	886	1	1438202325
126	887	1	1424432112
126	888	1	1424432112
63	889	1	1424582755
120	889	1	1438202325
63	890	1	1424584877
23	890	1	1438426822
22	891	1	1426641176
13	891	1	1429225358
22	891	1	1429245556
22	892	1	1426641177
13	892	1	1429225358
22	892	1	1429245556
22	893	1	1426641177
13	893	1	1429225358
22	893	1	1429245556
22	894	1	1426641177
13	894	1	1429225358
22	894	1	1429245556
22	895	1	1426641177
13	895	1	1429225358
22	895	1	1429245556
22	896	1	1426641177
13	896	1	1429225358
22	896	1	1429245556
22	897	1	1426641177
13	897	1	1429225358
22	897	1	1429245557
22	898	1	1426641177
13	898	1	1429225358
22	898	1	1429245556
22	899	1	1426641187
13	899	1	1429225358
22	899	1	1429245557
22	900	1	1426641187
13	900	1	1429225358
22	900	1	1429245557
22	901	1	1426641187
13	901	1	1429225360
22	901	1	1429245557
22	902	1	1426641187
13	902	1	1429225361
22	902	1	1429245557
22	903	1	1426641187
13	903	1	1429225360
22	903	1	1429245557
22	904	1	1426641187
13	904	1	1429225360
22	904	1	1429245557
22	905	1	1426641187
13	905	1	1429225360
22	905	1	1429245557
22	906	1	1426641187
13	906	1	1429225360
22	906	1	1429245557
22	907	1	1426641187
13	907	1	1429225360
22	907	1	1429245557
22	908	1	1426641187
13	908	1	1429225360
22	908	1	1429245576
22	909	1	1426641187
13	909	1	1429225360
22	909	1	1429245557
22	910	1	1426641188
13	910	1	1429225360
22	910	1	1429245576
22	911	1	1426641188
22	912	1	1426641188
13	912	1	1429225363
22	912	1	1429245576
22	913	1	1426641188
13	913	1	1429225364
22	913	1	1429245581
22	914	1	1426641188
13	914	1	1429225364
22	914	1	1429245581
22	915	1	1426641189
13	915	1	1429225364
22	915	1	1429245581
22	916	1	1426641189
13	916	1	1429225364
22	916	1	1429245581
22	917	1	1426641189
13	917	1	1429225364
22	917	1	1429245584
22	918	1	1426641189
13	918	1	1429225364
22	918	1	1429245585
22	919	1	1426641190
13	919	1	1429225364
22	919	1	1429245585
22	920	1	1426641190
13	920	1	1429225367
22	920	1	1429245586
22	921	1	1426641190
13	921	1	1429225368
22	921	1	1429245586
22	922	1	1426641190
13	922	1	1429225367
22	922	1	1429245586
22	923	1	1426641193
13	923	1	1429225368
22	923	1	1429245587
22	924	1	1426641193
13	924	1	1429225368
22	924	1	1429245587
22	925	1	1426641193
13	925	1	1429225367
22	925	1	1429245587
22	926	1	1426641194
13	926	1	1429225367
22	926	1	1429245587
22	927	1	1426641194
13	927	1	1429225367
22	927	1	1429245587
22	928	1	1426641194
13	928	1	1429225367
22	928	1	1429245587
22	929	1	1426641194
13	929	1	1429225367
22	929	1	1429245587
22	930	1	1426641194
13	930	1	1429225372
22	930	1	1429245591
22	931	1	1426641194
13	931	1	1429225372
22	931	1	1429245590
22	932	1	1426641194
13	932	1	1429225372
22	932	1	1429245587
22	933	1	1426641195
13	933	1	1429225372
22	933	1	1429245591
22	934	1	1426641195
13	934	1	1429225372
22	934	1	1429245591
22	935	1	1426641195
13	935	1	1429225372
22	935	1	1429245591
63	936	1	1426641780
121	937	1	1429212135
10	938	1	1429376147
10	938	1	1429380505
10	938	1	1429380534
10	938	1	1429380549
10	938	1	1434121290
10	938	1	1434280639
10	938	1	1434284579
10	938	1	1434285023
10	938	1	1434285102
10	938	1	1434287630
10	938	1	1434293177
10	938	1	1434956474
10	938	1	1434956487
10	938	1	1436031409
10	938	1	1436118256
10	938	1	1436118271
10	938	1	1436433635
10	938	1	1443384135
10	938	1	1444325521
10	938	1	1445089866
10	938	1	1450465500
10	938	1	1450637209
10	938	1	1454902615
193	938	1	1487869375
10	939	1	1429379310
10	939	1	1429379367
10	939	1	1429965385
10	939	1	1434121491
10	939	1	1434192412
10	939	1	1436434043
10	939	1	1443729054
10	939	1	1443729601
10	939	1	1443804281
10	939	1	1443815611
10	939	1	1443898391
10	939	1	1443899630
10	939	1	1443902903
10	939	1	1443903164
10	939	1	1444045750
10	939	1	1444324647
10	939	1	1445330357
10	939	1	1445330427
10	939	1	1445330458
10	939	1	1445330562
10	939	1	1448627570
10	939	1	1451287965
35	939	1	1476216163
5	939	1	1483572608
5	939	1	1493752599
10	940	1	1429379589
10	940	1	1429379921
10	941	1	1429379856
10	941	1	1429379978
10	941	1	1429380035
10	942	1	1429379921
10	943	1	1429380054
10	944	1	1434116546
10	944	1	1434192399
10	944	1	1434277606
10	945	1	1434118148
10	945	1	1434191615
10	945	1	1434191674
10	945	1	1436148063
10	945	1	1436158149
10	945	1	1436883968
10	945	1	1443463331
10	945	1	1443470598
10	945	1	1443470674
10	945	1	1443637631
10	945	1	1443645235
10	945	1	1443646262
10	945	1	1443900849
10	946	1	1434118408
10	947	1	1434123084
10	947	1	1434124209
10	947	1	1434192353
10	947	1	1434277559
10	947	1	1434286485
10	947	1	1443462019
10	947	1	1443637589
10	947	1	1443638038
10	947	1	1443645211
10	947	1	1443646247
10	948	1	1434124177
10	948	1	1434285071
10	948	1	1434285201
10	948	1	1434285240
10	948	1	1434285273
10	948	1	1434286840
10	948	1	1434289104
10	948	1	1434289244
10	948	1	1434289367
10	949	1	1434124246
10	949	1	1434280622
10	949	1	1434280673
10	949	1	1434285554
10	949	1	1434288461
10	949	1	1434289429
10	950	1	1434124306
10	950	1	1434287283
10	950	1	1434289223
10	950	1	1434289360
10	951	1	1434124378
10	951	1	1434124399
10	951	1	1434286911
10	951	1	1434287096
10	951	1	1434288965
10	951	1	1434289252
10	951	1	1434289377
10	952	1	1434124441
10	952	1	1434284734
10	952	1	1434284774
10	952	1	1434284872
10	952	1	1434284957
10	952	1	1434285519
10	952	1	1434288402
10	952	1	1434289434
10	953	1	1434124594
10	953	1	1434286795
10	953	1	1434288909
10	953	1	1434289262
10	953	1	1434289384
10	954	1	1434124686
10	954	1	1434286942
10	954	1	1434289218
10	954	1	1434289353
10	955	1	1434125141
10	955	1	1434286284
10	955	1	1434288621
10	955	1	1434289407
10	956	1	1434125493
10	956	1	1434284620
10	956	1	1434288834
10	956	1	1434288847
10	956	1	1434289272
10	956	1	1434289393
10	957	1	1434125624
10	957	1	1434286319
10	957	1	1434286349
10	957	1	1434286447
10	957	1	1434288677
10	957	1	1434289401
10	958	1	1434126928
10	958	1	1434127014
10	958	1	1434127024
10	958	1	1434127161
10	958	1	1434192619
10	959	1	1434127104
10	959	1	1434127456
10	959	1	1434127879
10	959	1	1434127934
10	959	1	1434127973
10	959	1	1434127990
10	959	1	1434188534
10	959	1	1434188559
10	959	1	1434191119
10	959	1	1434192569
10	959	1	1434783681
126	959	1	1434886258
10	959	1	1434898284
10	959	1	1434898342
10	959	1	1434899751
10	959	1	1434900175
10	959	1	1443365044
10	959	1	1443730730
10	959	1	1444246787
10	959	1	1444323945
10	960	1	1434127420
10	960	1	1434191720
10	960	1	1443472399
10	960	1	1443637651
10	960	1	1443638072
10	960	1	1443900126
10	961	1	1434127701
10	961	1	1434898398
10	961	1	1434898413
10	962	1	1434128109
10	962	1	1434128130
10	962	1	1434128173
10	962	1	1434128185
10	962	1	1434128306
10	962	1	1434185020
10	962	1	1434899809
10	963	1	1434183146
10	963	1	1434191711
10	963	1	1443901087
10	963	1	1444045643
10	963	1	1444045675
10	964	1	1434186081
10	964	1	1434186159
10	964	1	1434191427
10	964	1	1434191702
10	964	1	1434199115
10	964	1	1434199176
10	964	1	1434277499
10	964	1	1434899612
10	964	1	1436158297
10	964	1	1436884035
10	964	1	1443462581
10	964	1	1443637606
10	964	1	1443644421
10	964	1	1443645222
10	964	1	1443728650
10	964	1	1443729237
10	964	1	1445422281
10	965	1	1434191666
10	965	1	1436113481
10	965	1	1436202850
10	965	1	1436375339
10	965	1	1443365779
10	965	1	1443706667
10	965	1	1443899972
10	966	1	1434208087
10	967	1	1434208432
10	968	1	1434208721
10	968	1	1434209260
10	968	1	1434209308
10	968	1	1434209352
10	968	1	1434209377
10	968	1	1436156645
10	968	1	1441539727
10	969	1	1434215586
193	969	1	1487869376
10	970	1	1434280238
10	970	1	1434280342
10	971	1	1434280282
10	971	1	1434287045
10	972	1	1434280329
10	973	1	1434280369
10	974	1	1434280401
10	975	1	1434280447
10	976	1	1434280471
10	977	1	1434280549
10	978	1	1434280718
10	979	1	1434284985
10	980	1	1434286549
10	981	1	1434286728
10	981	1	1434286738
10	982	1	1434286975
10	983	1	1434287848
10	983	1	1434287878
10	984	1	1434288283
10	985	1	1434289474
10	986	1	1434289535
10	987	1	1434293026
10	988	1	1434293057
10	989	1	1434888054
10	989	1	1434888296
10	989	1	1434888370
10	990	1	1434888165
10	991	1	1434888234
10	992	1	1434888260
10	993	1	1434888353
10	994	1	1434898482
10	994	1	1453467043
10	995	1	1434899265
10	995	1	1434900165
22	995	1	1437714473
22	995	1	1437722745
10	995	1	1437770953
22	995	1	1438386174
22	995	1	1439591305
22	995	1	1441217559
22	995	1	1441399973
22	995	1	1441815126
22	995	1	1442936892
22	995	1	1442955672
22	995	1	1443459379
22	995	1	1446229089
22	995	1	1447106258
22	995	1	1447152501
22	995	1	1447796580
22	995	1	1448488041
22	995	1	1448980692
22	995	1	1448986727
10	995	1	1449001046
22	995	1	1450472288
22	995	1	1451001969
22	995	1	1451005570
10	995	1	1451045298
22	995	1	1451958591
22	995	1	1453144036
10	995	1	1453466945
22	995	1	1456518096
10	995	1	1457959135
22	995	1	1459439245
22	995	1	1460927261
22	995	1	1466751873
22	995	1	1467566412
22	995	1	1467732315
22	995	1	1470765751
22	995	1	1473692199
22	995	1	1475266259
22	995	1	1475717711
22	995	1	1476553826
22	995	1	1479081565
22	995	1	1479082293
22	995	1	1481743913
22	995	1	1487190661
22	995	1	1489088622
22	995	1	1489813804
22	995	1	1491536229
22	995	1	1491932025
22	995	1	1493838931
22	995	1	1494253743
22	995	1	1494612416
22	995	1	1494945556
22	995	1	1494968980
22	995	1	1495573525
10	996	1	1434905000
10	996	1	1434905357
10	996	1	1444246782
10	996	1	1445280114
10	996	1	1449435548
10	997	1	1434917414
10	998	1	1434921021
10	998	1	1434956158
10	998	1	1434956257
10	998	1	1434956335
10	999	1	1434956748
10	999	1	1434956803
10	1000	1	1435130102
10	1000	1	1443757475
10	1001	1	1435263376
10	1001	1	1435263900
10	1001	1	1435264061
10	1002	1	1435263976
10	1003	1	1435263976
10	1004	1	1435264145
10	1004	1	1436884397
10	1005	1	1435264460
10	1006	1	1435264665
10	1006	1	1435264884
10	1006	1	1448568027
10	1007	1	1435264693
10	1008	1	1435264805
10	1009	1	1435264807
10	1010	1	1435264809
10	1011	1	1435264810
10	1012	1	1435264810
10	1013	1	1435264811
10	1014	1	1435264811
10	1015	1	1435265213
10	1015	1	1435265258
10	1015	1	1435265368
10	1015	1	1435265402
10	1015	1	1436112903
10	1016	1	1435265870
10	1017	1	1435501627
10	1017	1	1435501645
10	1017	1	1436884359
10	1018	1	1435515388
10	1019	1	1435520384
10	1020	1	1435521834
10	1021	1	1435819994
10	1021	1	1436156667
10	1021	1	1441463957
10	1021	1	1443902022
10	1022	1	1435868987
10	1022	1	1435869696
10	1023	1	1436113329
10	1024	1	1436113835
10	1024	1	1436158297
10	1024	1	1436884035
10	1025	1	1436121907
10	1026	1	1436121637
10	1026	1	1445090378
10	1026	1	1445091613
10	1026	1	1445091844
10	1026	1	1445093097
10	1026	1	1445093873
10	1026	1	1445093975
10	1026	1	1445094385
10	1026	1	1445095160
10	1026	1	1449549358
10	1026	1	1449549597
10	1027	1	1436146298
10	1027	1	1436146703
10	1028	1	1436146309
10	1028	1	1436146323
10	1028	1	1436146555
10	1028	1	1436146760
10	1028	1	1436146778
10	1028	1	1443903691
35	1028	1	1476216186
10	1029	1	1436883968
10	1030	1	1436884429
120	1031	1	1438202325
120	1032	1	1438202325
10	1033	1	1438460567
10	1033	1	1441463946
10	1033	1	1443902307
194	1034	1	1438644709
10	1035	1	1441463350
10	1035	1	1441463935
100	1036	1	1441547081
100	1036	1	1441877357
10	1037	1	1443449425
10	1038	1	1443450214
10	1039	1	1443450875
10	1039	1	1443459493
10	1039	1	1443461340
10	1039	1	1443461863
10	1039	1	1443462132
10	1039	1	1443462388
10	1039	1	1443471027
10	1039	1	1443645165
10	1039	1	1443645285
10	1039	1	1443646046
10	1040	1	1443451404
10	1041	1	1443451597
10	1041	1	1443452327
10	1041	1	1443461040
10	1041	1	1443461066
10	1041	1	1443637557
10	1041	1	1443645193
10	1041	1	1443646233
10	1041	1	1447618789
10	1042	1	1443461564
10	1043	1	1443461743
10	1043	1	1443637576
10	1043	1	1443645203
10	1043	1	1443646239
10	1044	1	1443637424
10	1044	1	1443728103
10	1045	1	1443637687
10	1045	1	1443644450
10	1046	1	1443637710
10	1046	1	1443644460
10	1046	1	1443645022
10	1046	1	1443646015
10	1046	1	1443646270
10	1047	1	1443674759
10	1047	1	1443902038
10	1048	1	1443706679
10	1048	1	1444045790
10	1049	1	1443803177
10	1050	1	1443803178
10	1051	1	1443803189
10	1052	1	1443803200
10	1053	1	1443803200
10	1054	1	1443803209
10	1055	1	1443803218
10	1056	1	1443803229
10	1057	1	1443803252
10	1058	1	1443803262
10	1059	1	1443803272
10	1060	1	1443803282
10	1061	1	1443803293
10	1062	1	1443803303
10	1063	1	1443803313
10	1064	1	1443803322
10	1065	1	1443803334
10	1066	1	1443803348
10	1067	1	1443803358
10	1068	1	1443803374
10	1069	1	1443803383
10	1070	1	1443803393
10	1071	1	1443803406
10	1072	1	1443803415
10	1073	1	1443803425
10	1074	1	1443803435
10	1075	1	1443803444
10	1076	1	1443803454
10	1077	1	1443803465
10	1078	1	1443803465
10	1079	1	1443803479
10	1080	1	1443803489
10	1081	1	1443804104
10	1082	1	1443804251
195	1083	1	1443806074
196	1084	1	1443806311
10	1085	1	1443814403
10	1086	1	1443814415
10	1087	1	1443814415
10	1088	1	1443814426
10	1089	1	1443814426
10	1090	1	1443814591
10	1091	1	1443814601
10	1092	1	1443814610
10	1093	1	1443814621
10	1094	1	1443814631
10	1095	1	1443814646
10	1096	1	1443814646
10	1097	1	1443814655
10	1098	1	1443814664
10	1099	1	1443814692
10	1100	1	1443814709
10	1101	1	1443814720
10	1102	1	1443814736
10	1103	1	1443814746
10	1104	1	1443814756
10	1105	1	1443814800
10	1106	1	1443814809
10	1107	1	1443814809
10	1108	1	1443815369
10	1109	1	1443815381
10	1110	1	1443815392
10	1111	1	1443815411
10	1112	1	1443815421
10	1113	1	1443815422
194	1114	1	1443815878
194	1115	1	1443815878
194	1116	1	1443815878
194	1117	1	1443815878
194	1118	1	1443815878
194	1119	1	1443815878
194	1120	1	1443815878
10	1121	1	1443897746
10	1122	1	1443897800
10	1122	1	1443897929
10	1123	1	1443897816
10	1124	1	1443898299
10	1125	1	1443898715
10	1126	1	1443898724
23	1126	1	1445186878
10	1127	1	1443898733
23	1127	1	1445186876
10	1128	1	1443898744
23	1128	1	1445186872
10	1129	1	1443898755
23	1129	1	1445186880
10	1130	1	1443898826
10	1131	1	1443898834
10	1132	1	1443898843
10	1133	1	1443898851
10	1134	1	1443899101
10	1135	1	1443899111
10	1136	1	1443899121
10	1137	1	1443899130
10	1138	1	1443899140
10	1139	1	1443899141
10	1140	1	1443899160
10	1141	1	1443899171
10	1142	1	1443899203
10	1143	1	1443899213
10	1144	1	1443899229
10	1145	1	1443899230
10	1146	1	1443899239
10	1147	1	1443899248
10	1148	1	1443899262
10	1149	1	1443901471
10	1150	1	1443901485
10	1151	1	1443901492
10	1152	1	1443901658
10	1153	1	1443901716
10	1154	1	1443901725
10	1154	1	1443902352
10	1155	1	1443901995
10	1155	1	1443902292
10	1156	1	1443902047
10	1157	1	1443903300
10	1157	1	1443903711
10	1158	1	1443903711
10	1159	1	1443903741
10	1160	1	1444045009
10	1160	1	1450463911
10	1160	1	1452099818
10	1161	1	1444130882
10	1162	1	1444130894
10	1163	1	1444130904
10	1164	1	1444247330
10	1165	1	1445094038
10	1165	1	1445096360
10	1165	1	1445096961
10	1166	1	1445099576
10	1167	1	1445099576
10	1168	1	1448600991
10	1168	1	1448601035
10	1168	1	1448627513
10	1168	1	1458836261
10	1168	1	1482944725
10	1169	1	1448601110
10	1170	1	1448627025
10	1170	1	1448627068
10	1170	1	1448627339
10	1171	1	1448627398
10	1172	1	1449435553
10	1172	1	1449435569
10	1173	1	1449518067
10	1174	1	1449518080
10	1174	1	1449518155
10	1174	1	1449518719
10	1175	1	1449518182
10	1176	1	1449518211
10	1177	1	1449519335
10	1177	1	1449519951
10	1177	1	1449520535
10	1177	1	1449522352
10	1177	1	1449549414
10	1177	1	1449549858
10	1177	1	1449550629
10	1177	1	1450637367
193	1177	1	1487869376
10	1178	1	1449520397
10	1178	1	1449520447
193	1178	1	1487869376
10	1179	1	1449520470
10	1179	1	1449520510
193	1179	1	1487869376
10	1180	1	1449521672
10	1180	1	1449521689
193	1180	1	1487869376
10	1181	1	1449521977
193	1181	1	1487869377
10	1182	1	1449522256
10	1182	1	1449549535
10	1182	1	1449549658
193	1182	1	1487869376
10	1183	1	1449549904
193	1183	1	1487869377
120	1184	1	1450286616
120	1185	1	1450290221
10	1186	1	1450465212
10	1186	1	1450465256
10	1186	1	1452264432
10	1186	1	1452342795
10	1186	1	1452342850
193	1186	1	1487869376
10	1187	1	1450467584
10	1187	1	1450469838
10	1187	1	1450469849
10	1187	1	1450641188
10	1187	1	1450641349
10	1187	1	1450641496
10	1187	1	1450641743
10	1187	1	1450643386
10	1187	1	1450643817
10	1187	1	1450645159
10	1187	1	1450946513
10	1187	1	1452264603
10	1188	1	1450467731
10	1188	1	1450640214
10	1188	1	1450642752
10	1188	1	1450643941
10	1188	1	1450645471
10	1188	1	1450912326
10	1188	1	1450912347
10	1188	1	1451409277
10	1189	1	1451287430
10	1189	1	1451288101
197	1189	1	1499611958
161	1190	1	1451505780
161	1191	1	1451505780
161	1192	1	1451505837
10	1193	1	1453466942
35	1193	1	1496336887
198	1194	1	1459043434
5	1195	1	1459782647
5	1195	1	1459785217
5	1195	1	1459785749
5	1195	1	1459786621
5	1195	1	1459786649
5	1195	1	1459786699
5	1195	1	1459786737
5	1195	1	1459797007
5	1195	1	1459797120
5	1195	1	1459964532
5	1195	1	1472225798
5	1195	1	1472226018
5	1195	1	1472226184
5	1195	1	1481715480
5	1195	1	1486713527
5	1195	1	1494173211
5	1195	1	1494173297
5	1195	1	1494184496
5	1195	1	1494187142
5	1195	1	1494432990
5	1195	1	1494433033
5	1195	1	1495796596
5	1195	1	1500018240
5	1195	1	1500157173
5	1196	1	1459782786
5	1196	1	1459786778
5	1196	1	1459795570
5	1196	1	1459796902
5	1196	1	1472226045
5	1196	1	1487122398
5	1197	1	1459782904
5	1197	1	1459784303
5	1197	1	1459785797
5	1197	1	1459795539
5	1197	1	1459796496
5	1197	1	1459796515
5	1197	1	1459796678
5	1197	1	1459796766
5	1197	1	1459796861
5	1197	1	1460105860
5	1197	1	1460105902
5	1197	1	1460105946
5	1197	1	1460106023
5	1197	1	1460143018
5	1197	1	1460377769
5	1197	1	1460378294
5	1197	1	1460378347
5	1197	1	1460378494
5	1197	1	1460378574
5	1197	1	1460378625
5	1197	1	1460378685
5	1197	1	1460379472
5	1197	1	1460379503
5	1197	1	1460379596
5	1197	1	1460379720
5	1197	1	1460379745
5	1197	1	1460379775
5	1197	1	1460379800
5	1197	1	1460379900
5	1197	1	1460379979
5	1197	1	1460542618
5	1197	1	1460542655
5	1197	1	1465114509
5	1197	1	1465114551
5	1197	1	1465114916
5	1197	1	1465116279
5	1197	1	1465116353
5	1197	1	1465122492
5	1197	1	1472226085
5	1197	1	1476175538
5	1197	1	1477995117
5	1197	1	1481024511
5	1197	1	1481025400
5	1197	1	1481025570
5	1197	1	1481025601
5	1197	1	1481025619
5	1197	1	1481025637
5	1197	1	1486627445
5	1197	1	1486627490
5	1197	1	1486627589
5	1197	1	1486627832
5	1197	1	1486627947
5	1197	1	1486627977
5	1197	1	1486628015
5	1197	1	1486628329
5	1197	1	1487410916
5	1197	1	1487412593
5	1197	1	1487527973
5	1197	1	1487580292
5	1197	1	1487580344
5	1197	1	1487580362
5	1197	1	1487580388
5	1197	1	1487580412
5	1197	1	1487580431
5	1197	1	1487580449
5	1197	1	1487580467
5	1197	1	1487580484
5	1197	1	1487580507
5	1197	1	1487580525
5	1197	1	1487580544
5	1197	1	1487580568
5	1197	1	1487580587
5	1197	1	1487580608
5	1197	1	1487580624
5	1197	1	1487580640
5	1197	1	1487580882
5	1197	1	1487580915
5	1197	1	1487619143
5	1197	1	1487714409
5	1197	1	1487717643
5	1197	1	1487765657
5	1197	1	1487765739
5	1197	1	1487765811
5	1197	1	1487780232
5	1197	1	1487784102
5	1197	1	1487784263
5	1197	1	1487784495
5	1197	1	1487784543
5	1197	1	1487842650
5	1197	1	1487842931
5	1197	1	1487843018
5	1197	1	1487843277
5	1197	1	1487843296
5	1197	1	1487843358
5	1197	1	1487848828
5	1197	1	1487848932
5	1197	1	1487848996
5	1197	1	1487849571
5	1197	1	1487959287
5	1197	1	1487959547
5	1197	1	1487959702
5	1197	1	1487959771
5	1197	1	1487959793
5	1197	1	1487959948
5	1197	1	1487959997
5	1197	1	1487960058
5	1197	1	1493934641
5	1197	1	1493939828
5	1197	1	1494025273
5	1197	1	1494025859
5	1197	1	1494025910
5	1197	1	1494026055
5	1197	1	1494026073
5	1197	1	1494026273
5	1197	1	1494026356
5	1197	1	1494026446
5	1197	1	1494026543
5	1197	1	1494026964
5	1197	1	1494027077
5	1197	1	1494027762
5	1197	1	1494027922
5	1197	1	1494048852
5	1197	1	1494048904
5	1197	1	1494048985
5	1197	1	1494049166
5	1197	1	1494049209
5	1197	1	1494049571
5	1197	1	1494143291
5	1197	1	1494154239
5	1197	1	1494166845
5	1197	1	1494166896
5	1197	1	1494173316
5	1197	1	1494173342
5	1197	1	1494186628
5	1197	1	1494186925
5	1197	1	1494187097
5	1197	1	1494187221
5	1197	1	1494187464
5	1197	1	1494187537
5	1197	1	1494264525
5	1197	1	1494264796
5	1197	1	1494285324
5	1197	1	1494372437
5	1197	1	1494372509
5	1197	1	1494372540
5	1197	1	1494372578
5	1197	1	1494492385
5	1197	1	1494492535
5	1197	1	1494533444
5	1197	1	1494544014
5	1197	1	1495038157
5	1197	1	1495038268
5	1197	1	1495038363
5	1197	1	1495038886
5	1197	1	1495039058
5	1197	1	1495039110
5	1197	1	1495039153
5	1197	1	1495039301
5	1197	1	1495039336
5	1197	1	1495039496
5	1197	1	1495039520
5	1197	1	1495039561
5	1197	1	1495039604
5	1197	1	1495039647
5	1197	1	1495039676
5	1197	1	1495039703
5	1197	1	1495039744
5	1197	1	1495039771
5	1197	1	1495046974
5	1197	1	1495047135
5	1197	1	1495050609
5	1197	1	1495050985
5	1197	1	1495056096
5	1197	1	1495094721
5	1197	1	1495094790
5	1197	1	1495095062
5	1197	1	1495095367
5	1197	1	1495095449
5	1197	1	1495095544
5	1197	1	1495095632
5	1197	1	1495095738
5	1197	1	1495095827
5	1197	1	1495097528
5	1197	1	1495097550
5	1197	1	1495101628
5	1197	1	1495101766
5	1197	1	1495103331
5	1197	1	1495103672
5	1197	1	1495109168
5	1197	1	1495110581
5	1197	1	1495110617
5	1197	1	1495110662
5	1197	1	1495179993
5	1197	1	1495180955
5	1197	1	1495181384
5	1197	1	1495184027
5	1197	1	1495185024
5	1197	1	1495185858
5	1197	1	1495186500
5	1197	1	1495186570
5	1197	1	1495230421
5	1197	1	1495231578
5	1197	1	1495231622
5	1197	1	1495231713
5	1197	1	1495231872
5	1197	1	1495231993
5	1197	1	1495232624
5	1197	1	1495285941
5	1197	1	1495622093
5	1197	1	1495622221
5	1197	1	1495622304
5	1197	1	1495623142
5	1197	1	1495703777
5	1197	1	1495703925
5	1197	1	1495707028
5	1197	1	1495729673
5	1197	1	1495729833
5	1197	1	1495744681
5	1197	1	1495744921
5	1197	1	1496872734
5	1197	1	1497205859
5	1197	1	1497262168
5	1197	1	1497431433
5	1197	1	1497435368
5	1197	1	1497566084
5	1197	1	1497958478
5	1197	1	1498675715
5	1198	1	1459782972
5	1198	1	1459785849
5	1198	1	1459795604
5	1198	1	1459795653
5	1198	1	1459796932
5	1198	1	1472226127
5	1198	1	1472226151
5	1199	1	1459786587
5	1200	1	1459796862
23	1200	1	1472470755
5	1201	1	1459796902
23	1201	1	1472470753
5	1202	1	1459796932
23	1202	1	1472470751
5	1203	1	1460055499
199	1204	1	1459832613
193	1204	1	1487869377
10	1205	1	1460475566
161	1206	1	1462383670
200	1207	1	1463820030
120	1208	1	1472123918
120	1209	1	1472123918
5	1210	1	1472225116
5	1210	1	1472225134
5	1210	1	1472225184
5	1210	1	1472225212
5	1210	1	1472225240
5	1210	1	1472225262
5	1210	1	1472225285
5	1210	1	1472225325
5	1210	1	1472225401
5	1210	1	1472225480
5	1210	1	1472225565
5	1210	1	1472225586
5	1210	1	1472225603
5	1210	1	1472225713
5	1210	1	1476187077
5	1210	1	1476187489
5	1210	1	1476191712
5	1210	1	1476824063
5	1210	1	1476824161
5	1210	1	1476824200
5	1210	1	1476824288
5	1210	1	1478598357
5	1210	1	1481016272
5	1210	1	1481016294
5	1210	1	1481629639
5	1210	1	1485269812
5	1210	1	1495796525
5	1211	1	1472226045
5	1212	1	1472226085
5	1213	1	1472226127
5	1214	1	1475494205
5	1214	1	1475494514
5	1214	1	1475494995
5	1214	1	1475495485
5	1214	1	1475496184
5	1214	1	1475496292
5	1214	1	1493750188
5	1214	1	1493751279
201	1215	1	1481242601
5	1216	1	1481716765
5	1216	1	1481716792
5	1216	1	1481716866
5	1216	1	1486715907
5	1216	1	1488185907
5	1216	1	1495796701
5	1217	1	1486714122
5	1217	1	1486714407
5	1217	1	1486714480
5	1217	1	1486715019
5	1217	1	1486715258
5	1217	1	1486715300
5	1217	1	1486715340
181	1218	1	1487198902
158	1219	1	1487247806
5	1220	1	1487580975
5	1220	1	1487836728
5	1220	1	1487836839
5	1220	1	1487840338
5	1220	1	1487840387
5	1220	1	1487840478
5	1220	1	1487840595
5	1220	1	1487840794
5	1220	1	1487840841
5	1220	1	1487840925
5	1220	1	1487840997
5	1220	1	1487841036
5	1220	1	1487841069
5	1220	1	1487841608
5	1220	1	1487841821
5	1221	1	1487716782
5	1221	1	1487716967
5	1221	1	1487717592
5	1221	1	1487717804
5	1221	1	1487718164
5	1221	1	1487760702
5	1221	1	1487760851
5	1221	1	1487760881
5	1221	1	1487761046
5	1221	1	1487763283
5	1221	1	1487763304
5	1221	1	1487763333
5	1221	1	1487763380
5	1221	1	1487768753
5	1221	1	1487768827
5	1221	1	1487785010
5	1221	1	1487785055
5	1221	1	1487785084
5	1221	1	1487785135
5	1221	1	1487785234
5	1221	1	1487785385
5	1221	1	1487785447
5	1221	1	1487785531
5	1221	1	1487785779
5	1221	1	1487785915
5	1221	1	1487785939
5	1221	1	1487799415
5	1221	1	1487800452
5	1221	1	1487800584
5	1221	1	1487843870
5	1221	1	1487843917
5	1221	1	1487843975
5	1221	1	1487844017
5	1221	1	1487844070
5	1221	1	1487844217
5	1221	1	1487844348
5	1221	1	1487847969
5	1221	1	1487850192
5	1221	1	1487850245
5	1221	1	1487850335
5	1221	1	1495703843
5	1222	1	1487849239
5	1222	1	1487849260
5	1222	1	1487849339
193	1223	1	1487869375
193	1224	1	1487869376
193	1225	1	1487869376
193	1226	1	1487869376
193	1227	1	1487869376
193	1228	1	1487869376
193	1229	1	1487869376
193	1230	1	1487869377
193	1231	1	1487869377
193	1232	1	1487869377
193	1233	1	1487869377
5	1234	1	1487959387
5	1234	1	1487959664
5	1234	1	1487959727
5	1234	1	1498029706
5	1234	1	1498030290
5	1234	1	1498030401
5	1235	1	1487959622
5	1235	1	1498029793
5	1236	1	1487959664
23	1236	1	1490082846
23	1236	1	1498206220
5	1237	1	1487959727
23	1237	1	1498206218
5	1238	1	1494433185
5	1238	1	1494433369
5	1238	1	1494433483
5	1238	1	1494434592
5	1238	1	1494435125
5	1238	1	1494435139
5	1238	1	1494435162
5	1238	1	1494435258
5	1238	1	1494435345
5	1238	1	1494435407
5	1238	1	1494435594
5	1238	1	1494435682
5	1238	1	1494436001
5	1238	1	1494436512
5	1238	1	1494437123
5	1238	1	1494437647
5	1238	1	1494437714
5	1238	1	1494438444
5	1238	1	1494440377
5	1238	1	1494440653
5	1238	1	1494440719
5	1238	1	1494440808
5	1238	1	1494442497
5	1238	1	1494493178
5	1238	1	1494493255
5	1238	1	1494493317
5	1238	1	1494493416
5	1238	1	1494493533
5	1238	1	1494493640
5	1238	1	1494493924
5	1238	1	1494493944
5	1238	1	1494494213
5	1238	1	1494494374
5	1238	1	1494494390
5	1238	1	1494494433
5	1238	1	1494494467
5	1238	1	1494495642
5	1238	1	1494495769
5	1238	1	1494495814
5	1238	1	1494495854
5	1238	1	1494495934
5	1238	1	1494495959
5	1238	1	1494496048
5	1238	1	1494496691
5	1238	1	1494496905
5	1238	1	1494497206
5	1238	1	1494497879
5	1238	1	1494498160
5	1238	1	1494544248
5	1238	1	1494544284
5	1238	1	1494544329
5	1238	1	1494544358
5	1238	1	1494544388
5	1238	1	1494544403
5	1238	1	1494544426
5	1238	1	1494544465
5	1238	1	1494544494
5	1238	1	1494544531
5	1238	1	1494544672
5	1238	1	1494544883
5	1238	1	1494545087
5	1238	1	1494545117
5	1238	1	1494545447
5	1238	1	1494545975
5	1238	1	1494546011
5	1238	1	1494546079
5	1238	1	1494546400
5	1238	1	1494546530
5	1238	1	1495017887
5	1238	1	1495029819
5	1238	1	1495031372
5	1238	1	1495031422
5	1238	1	1495031497
5	1238	1	1495031632
5	1238	1	1495031679
5	1238	1	1495031722
5	1238	1	1495031769
5	1238	1	1495031804
5	1238	1	1495031940
5	1238	1	1495031954
5	1238	1	1495032019
5	1238	1	1495032091
5	1238	1	1495032280
5	1238	1	1495032495
5	1238	1	1495034158
5	1238	1	1495034274
5	1238	1	1495034584
5	1238	1	1495047176
5	1238	1	1495049957
5	1238	1	1495050297
5	1238	1	1495050338
5	1238	1	1495050707
5	1238	1	1495051306
5	1238	1	1495053418
5	1238	1	1495056037
5	1238	1	1495056438
5	1238	1	1495056486
5	1238	1	1495094628
5	1238	1	1495095171
5	1238	1	1495095854
5	1238	1	1495096113
5	1238	1	1495096486
5	1238	1	1495096714
5	1238	1	1495096842
5	1238	1	1495096937
5	1238	1	1495096987
5	1238	1	1495097042
5	1238	1	1495097238
5	1238	1	1495097575
5	1238	1	1495097627
5	1238	1	1495097979
5	1238	1	1495098046
5	1238	1	1495098262
5	1238	1	1495101128
5	1238	1	1495101589
5	1238	1	1495103589
5	1238	1	1495103818
5	1238	1	1495104452
5	1238	1	1495105312
5	1238	1	1495105394
5	1238	1	1495105673
5	1238	1	1495105701
5	1238	1	1495108987
5	1238	1	1495109279
5	1238	1	1495110398
5	1238	1	1495110492
5	1238	1	1495110844
5	1238	1	1495111014
5	1238	1	1495125461
5	1238	1	1495186735
5	1238	1	1495230704
5	1238	1	1495230777
5	1238	1	1495230820
5	1238	1	1495231272
5	1238	1	1495287776
5	1238	1	1495287851
5	1238	1	1496872939
5	1238	1	1497206023
5	1238	1	1497206084
5	1238	1	1497262261
5	1238	1	1497263156
5	1238	1	1497296026
5	1238	1	1497350821
5	1238	1	1497350984
5	1238	1	1497351139
5	1238	1	1497351429
5	1238	1	1497383014
5	1238	1	1497443963
5	1238	1	1497444034
5	1238	1	1497520985
5	1238	1	1497521096
5	1238	1	1497522707
5	1238	1	1497566241
5	1238	1	1497984588
5	1238	1	1498676576
5	1238	1	1498764020
5	1238	1	1498764046
5	1238	1	1498767864
5	1238	1	1498767923
5	1238	1	1498768257
5	1238	1	1498769229
5	1238	1	1498770244
5	1238	1	1498770278
5	1238	1	1498771686
5	1238	1	1498772056
5	1238	1	1498773027
5	1238	1	1498773100
5	1238	1	1498773607
5	1238	1	1498773654
5	1238	1	1498825631
5	1238	1	1498835382
5	1238	1	1498839085
5	1238	1	1498839639
5	1238	1	1498839710
5	1238	1	1498839928
5	1238	1	1498840079
5	1238	1	1498847793
5	1238	1	1498848643
5	1238	1	1498848674
5	1238	1	1498848756
5	1238	1	1498848890
5	1238	1	1498849271
5	1238	1	1498849386
5	1238	1	1498850435
5	1238	1	1498854496
5	1238	1	1498854772
5	1238	1	1498855014
5	1238	1	1498855079
5	1238	1	1498855253
5	1238	1	1498897858
5	1238	1	1498902106
5	1238	1	1499114878
5	1238	1	1499114931
5	1238	1	1499119013
5	1238	1	1499182253
5	1238	1	1499182498
5	1238	1	1499201805
5	1238	1	1499204989
5	1238	1	1499205465
5	1238	1	1499254164
5	1238	1	1499271681
5	1238	1	1499271750
5	1238	1	1499274107
5	1238	1	1499274271
5	1238	1	1499280219
5	1238	1	1499280270
5	1238	1	1499281541
5	1238	1	1499281666
5	1238	1	1499282046
5	1238	1	1499282093
5	1238	1	1499282377
5	1238	1	1499283689
5	1238	1	1499357795
5	1238	1	1499357854
5	1238	1	1499375561
5	1238	1	1499454643
5	1238	1	1499572932
5	1238	1	1499573016
5	1238	1	1499573189
5	1238	1	1499763951
5	1238	1	1499764094
5	1238	1	1499768981
5	1238	1	1499769371
5	1238	1	1499937457
5	1238	1	1499943502
5	1238	1	1500408793
5	1238	1	1500409128
5	1238	1	1500409305
5	1238	1	1500409428
5	1238	1	1500410700
5	1238	1	1500410998
5	1238	1	1500411220
5	1238	1	1500411258
5	1238	1	1500411328
5	1238	1	1500413748
5	1239	1	1495703843
143	1240	1	1497568151
5	1241	1	1498029706
5	1242	1	1498029793
5	1243	1	1498031215
5	1244	1	1498031287
5	1245	1	1500018108
5	1245	1	1500019638
5	1245	1	1500019992
5	1245	1	1500020111
5	1245	1	1500020318
5	1245	1	1500020668
5	1245	1	1500020899
5	1245	1	1500024616
5	1245	1	1500026987
5	1245	1	1500027160
5	1245	1	1500027193
5	1245	1	1500027317
5	1245	1	1500027352
5	1245	1	1500027369
5	1245	1	1500027408
5	1245	1	1500027575
5	1245	1	1500027775
5	1245	1	1500027953
5	1245	1	1500028093
5	1245	1	1500028286
5	1245	1	1500028832
5	1245	1	1500028908
5	1245	1	1500029034
5	1245	1	1500029116
5	1245	1	1500029180
5	1245	1	1500029465
5	1245	1	1500029547
5	1245	1	1500029785
5	1245	1	1500029862
5	1245	1	1500029970
5	1245	1	1500030126
5	1245	1	1500030262
5	1245	1	1500035124
5	1245	1	1500035183
5	1245	1	1500038803
5	1245	1	1500038826
5	1245	1	1500039171
5	1245	1	1500039273
5	1245	1	1500039474
5	1245	1	1500039536
5	1245	1	1500039868
5	1245	1	1500039890
5	1245	1	1500040053
5	1245	1	1500068105
5	1245	1	1500068204
5	1245	1	1500068340
5	1245	1	1500069101
5	1245	1	1500069297
5	1245	1	1500069447
5	1245	1	1500069479
5	1245	1	1500070081
5	1245	1	1500070594
5	1245	1	1500072263
5	1245	1	1500072314
5	1245	1	1500072348
5	1245	1	1500072618
5	1245	1	1500122906
5	1245	1	1500122985
5	1245	1	1500123518
5	1245	1	1500123557
5	1245	1	1500123646
5	1245	1	1500125917
5	1245	1	1500130563
5	1245	1	1500130607
5	1245	1	1500130860
5	1245	1	1500156047
5	1245	1	1500156338
5	1246	1	1500157932
5	1246	1	1500159084
