1	1	1	1124091584
2	1	1	1139526016
3	1	1	1186569791
3	1	1	1186570323
4	1	1	1188557961
4	1	1	1188585377
5	1	1	1189120422
6	1	1	1203969727
6	1	1	1204370476
5	1	1	1206400649
5	1	1	1206471307
5	1	1	1206471504
7	2	1	1134308518
8	2	1	1134674138
8	2	1	1135038516
8	2	1	1135349105
8	2	1	1138293545
3	2	1	1186570759
4	2	1	1196092371
7	3	1	1133533276
7	4	1	1133533305
9	5	1	1136145219
9	6	1	1136145324
10	8	1	1177242645
11	9	1	1183046043
3	10	1	1186569791
12	11	1	1187611300
13	12	1	1188319906
13	13	1	1188319990
4	14	1	1188553781
4	14	1	1211117251
4	14	1	1211122289
4	14	1	1211897214
4	14	1	1212259706
4	14	1	1212301603
4	14	1	1229873461
4	14	1	1230185958
4	14	1	1230217720
4	14	1	1230298092
4	15	1	1188557444
4	15	1	1189001670
4	15	1	1192129177
4	16	1	1188559529
4	16	1	1188562638
4	16	1	1189394673
4	16	1	1189924406
4	16	1	1189924835
4	16	1	1189925197
14	16	1	1190394651
14	16	1	1190395850
6	16	1	1204070256
4	16	1	1209201553
4	16	1	1211891805
4	16	1	1211895445
4	16	1	1211895501
15	16	1	1221937197
4	17	1	1188560779
4	17	1	1188585255
4	17	1	1189924514
4	17	1	1194789530
4	18	1	1188560827
5	18	1	1202414585
5	19	1	1188717092
6	19	1	1204071252
5	19	1	1206397808
5	20	1	1188755879
5	20	1	1191108995
5	20	1	1206397870
5	20	1	1206398582
5	21	1	1206397881
5	22	1	1188837299
5	22	1	1202415124
5	23	1	1206397901
5	24	1	1206397913
5	25	1	1206397928
5	26	1	1206397939
16	27	1	1192981008
5	27	1	1206398078
5	28	1	1206398091
5	29	1	1206398102
5	30	1	1206398116
5	31	1	1206398133
5	32	1	1188717692
5	32	1	1206398146
5	33	1	1206398159
5	34	1	1206398170
5	35	1	1206398182
5	36	1	1206398192
5	37	1	1206398203
5	38	1	1206398212
5	39	1	1206398225
5	40	1	1206398235
5	41	1	1206398245
5	42	1	1188717354
5	42	1	1206398256
5	43	1	1206398268
5	44	1	1206398279
5	45	1	1206398288
5	46	1	1206398297
5	47	1	1206398308
5	48	1	1206398317
5	49	1	1206398328
5	50	1	1206398339
16	50	1	1209342444
5	51	1	1206398350
5	52	1	1206398360
4	53	1	1188659818
4	53	1	1189001517
4	53	1	1189924864
14	53	1	1193780360
4	54	1	1188660888
5	54	1	1189935582
4	54	1	1195219032
4	54	1	1195219113
4	54	1	1209550782
4	55	1	1188660946
5	56	1	1188715598
5	57	1	1188716995
5	57	1	1188719891
5	57	1	1206398625
5	58	1	1188717110
5	58	1	1206397858
4	59	1	1189072890
4	59	1	1189073046
4	59	1	1189924475
14	60	1	1189367743
4	60	1	1189394510
4	60	1	1189874036
5	60	1	1189874749
4	60	1	1189875793
4	60	1	1189875808
5	60	1	1189890055
4	60	1	1189916321
4	60	1	1189924406
5	60	1	1189938147
4	60	1	1189938629
5	60	1	1189959714
4	60	1	1189960381
14	60	1	1190394847
4	60	1	1190398671
4	61	1	1189875231
4	61	1	1189924475
4	62	1	1189879162
4	62	1	1189924341
4	62	1	1189924548
4	62	1	1212849258
4	62	1	1213428136
4	62	1	1214229513
4	62	1	1227626941
4	63	1	1189924406
4	64	1	1189924406
4	65	1	1189924475
4	66	1	1189924475
4	67	1	1189924514
4	68	1	1189924548
4	69	1	1189924864
14	70	1	1190451462
17	70	1	1269502677
18	71	1	1190967869
19	72	1	1191251522
18	73	1	1192457247
20	74	1	1192945844
20	74	1	1329623992
16	75	1	1192981002
21	76	1	1194047470
21	76	1	1200087902
4	77	1	1194784973
4	77	1	1211114976
4	78	1	1195218899
22	79	1	1196044180
22	79	1	1196044205
22	80	1	1196044225
4	81	1	1196091562
4	81	1	1196151880
23	82	1	1196105043
20	82	1	1225248998
23	83	1	1196104858
22	83	1	1196109253
22	83	1	1207247525
4	84	1	1196137954
22	84	1	1201659568
24	85	1	1196734214
25	86	1	1198363926
25	87	1	1198363932
26	88	1	1199115685
27	89	1	1200952844
27	90	1	1200952849
28	91	1	1201566065
28	92	1	1201566071
29	93	1	1201637106
5	94	1	1202414474
5	95	1	1202414546
6	96	1	1203514631
6	96	1	1203549983
6	96	1	1203550090
6	96	1	1203550219
6	96	1	1203550625
6	96	1	1203729230
6	96	1	1204051700
6	96	1	1204157312
6	96	1	1204157492
6	96	1	1204157787
6	96	1	1204159877
6	96	1	1206541165
6	96	1	1206974171
30	96	1	1429228774
6	97	1	1203517035
6	97	1	1203517119
6	97	1	1203518335
6	97	1	1203518622
6	97	1	1203519729
6	97	1	1203524700
6	97	1	1203525366
6	97	1	1203525806
6	97	1	1203527068
6	97	1	1203530870
6	97	1	1203530937
6	97	1	1203533763
6	97	1	1203534791
6	97	1	1203534821
6	97	1	1203542569
6	97	1	1203543473
6	97	1	1203543546
6	97	1	1203547039
6	97	1	1203553807
6	97	1	1203555072
6	97	1	1203556511
6	97	1	1203556785
6	97	1	1203558412
6	97	1	1203559187
6	97	1	1203560475
6	97	1	1203606893
6	97	1	1203620312
6	97	1	1203625180
6	97	1	1203625983
6	97	1	1203647986
6	97	1	1203648057
6	97	1	1203648081
6	97	1	1203648100
6	97	1	1203648115
6	97	1	1203648133
6	97	1	1203648255
6	97	1	1203648310
6	97	1	1203648372
6	97	1	1203648396
6	97	1	1203648416
6	97	1	1203648438
6	97	1	1203648451
6	97	1	1203648503
6	97	1	1203648585
6	97	1	1203648662
6	97	1	1203648720
6	97	1	1203648779
29	97	1	1204049635
29	97	1	1204049800
30	97	1	1429228774
6	98	1	1203550066
6	98	1	1203550360
6	98	1	1203550605
6	98	1	1203551027
6	98	1	1203551103
6	98	1	1203551964
6	98	1	1203552721
6	98	1	1204156910
6	98	1	1204157209
6	98	1	1204157364
6	98	1	1204157449
6	98	1	1204157824
30	98	1	1429228774
6	99	1	1203550139
6	99	1	1203552676
6	99	1	1203729176
6	99	1	1204157323
6	99	1	1204157473
6	99	1	1204157806
6	99	1	1204157948
6	99	1	1204160831
6	99	1	1204365913
30	99	1	1429228774
6	100	1	1203550248
6	100	1	1203551901
6	100	1	1203729155
30	100	1	1429228774
6	101	1	1203550663
30	101	1	1429228774
6	102	1	1203553065
6	103	1	1203621855
6	104	1	1203621948
6	105	1	1203651687
6	106	1	1203652801
6	106	1	1203655069
6	106	1	1203969165
6	107	1	1203652868
6	107	1	1203652922
6	107	1	1203659539
6	107	1	1203969681
6	107	1	1204071291
6	107	1	1210702024
6	108	1	1203652910
6	109	1	1203655025
6	110	1	1203656207
6	111	1	1203656741
6	112	1	1203657076
6	113	1	1203657718
6	113	1	1210640112
6	114	1	1203657983
6	114	1	1203658089
6	114	1	1203658249
6	115	1	1203658735
6	115	1	1203659477
6	116	1	1203659339
4	116	1	1227603934
6	117	1	1203729352
6	117	1	1203730562
6	117	1	1203731531
6	117	1	1203731544
6	117	1	1203970103
6	117	1	1203970371
6	117	1	1203970601
6	117	1	1204153310
6	117	1	1204159913
6	117	1	1204161548
6	117	1	1204162316
6	117	1	1204162993
6	117	1	1204182319
6	117	1	1204184351
6	117	1	1204185131
6	117	1	1204187721
6	117	1	1204194395
6	117	1	1204198839
6	117	1	1204335013
6	117	1	1204342188
6	117	1	1204345173
6	117	1	1204346085
6	117	1	1204347308
6	117	1	1204354073
6	117	1	1204364849
6	117	1	1204367329
30	117	1	1429228774
6	118	1	1203969293
5	118	1	1211891340
29	119	1	1204049707
29	119	1	1204050123
26	119	1	1206527246
5	119	1	1207344541
6	119	1	1210635898
31	119	1	1426648723
30	119	1	1429228774
31	119	1	1429245664
6	120	1	1204051762
6	120	1	1204052631
6	120	1	1204053321
6	120	1	1204053359
30	120	1	1429228774
6	121	1	1204052327
6	121	1	1204053277
6	121	1	1204053660
6	121	1	1204053766
6	121	1	1204062352
32	121	1	1331926324
6	122	1	1204054332
6	123	1	1204061180
6	124	1	1204061370
6	125	1	1204061689
6	126	1	1204061939
6	127	1	1204062036
6	128	1	1204065577
6	128	1	1204072672
6	128	1	1204074385
32	128	1	1331926618
33	128	1	1345059023
34	128	1	1479958652
6	129	1	1204068460
6	130	1	1204068497
6	131	1	1204069598
6	132	1	1204069621
6	132	1	1204070193
6	132	1	1204072119
6	133	1	1204069778
6	134	1	1204070122
6	135	1	1204070651
6	136	1	1204070655
6	137	1	1204070682
6	138	1	1204070686
6	139	1	1204070691
6	140	1	1204070694
6	141	1	1204070698
6	142	1	1204070702
6	143	1	1204070707
6	144	1	1204070712
6	145	1	1204070742
6	146	1	1204070746
6	147	1	1204070750
6	148	1	1204070754
6	149	1	1204070759
6	150	1	1204070862
6	151	1	1204070967
6	152	1	1204071003
6	153	1	1204071009
6	154	1	1204071015
6	155	1	1204071021
6	156	1	1204071027
6	157	1	1204071045
6	158	1	1204071051
6	159	1	1204071056
6	160	1	1204071067
6	161	1	1204071074
6	162	1	1204071081
6	163	1	1204071087
6	164	1	1204071093
6	165	1	1204071099
6	166	1	1204071106
6	167	1	1204071113
15	167	1	1221936847
6	168	1	1204071119
6	169	1	1204071128
6	170	1	1204071134
6	171	1	1204071141
6	172	1	1204071147
6	173	1	1204071184
6	174	1	1204075128
32	174	1	1331926814
34	174	1	1487648342
6	175	1	1204075203
33	175	1	1345059196
34	175	1	1479958620
6	176	1	1204075246
34	176	1	1479958626
6	177	1	1204075281
34	177	1	1479958636
6	178	1	1204075771
32	178	1	1331926715
34	178	1	1479958591
6	179	1	1204078425
6	179	1	1204078977
6	180	1	1204082456
6	181	1	1204082664
6	182	1	1204155576
6	182	1	1204155711
6	182	1	1204155741
6	182	1	1204155878
6	182	1	1204155907
6	182	1	1204156733
6	183	1	1204155650
6	184	1	1204158001
6	184	1	1204160639
6	185	1	1204158034
6	186	1	1204159901
30	186	1	1429228774
6	187	1	1204160773
6	188	1	1204160791
6	189	1	1204366495
6	189	1	1204366690
6	189	1	1204369791
6	189	1	1204453133
6	190	1	1204366882
6	190	1	1204368362
6	190	1	1204368571
6	191	1	1204366889
6	191	1	1204368311
6	192	1	1204366894
6	192	1	1204368265
6	193	1	1204366900
6	193	1	1204368234
6	194	1	1204366902
6	194	1	1204368172
6	195	1	1204366909
6	195	1	1204368085
6	196	1	1204366912
6	196	1	1204368069
6	197	1	1204366921
6	197	1	1204367815
6	198	1	1204366924
6	198	1	1204367780
6	199	1	1204366941
6	199	1	1204367637
6	200	1	1204366947
6	200	1	1204367602
6	201	1	1204366950
6	201	1	1204367538
6	202	1	1204366954
6	202	1	1204367490
6	203	1	1204366969
6	203	1	1204367458
6	204	1	1204367063
6	204	1	1204368339
6	205	1	1204367081
6	205	1	1204367928
6	206	1	1204367087
6	206	1	1204367677
6	207	1	1204369387
6	207	1	1204370319
6	207	1	1204370434
6	207	1	1204370509
6	207	1	1204453021
6	208	1	1204369620
6	208	1	1204369676
4	208	1	1233929161
6	209	1	1204370291
35	210	1	1206078404
35	211	1	1206078410
5	212	1	1206401051
5	212	1	1206406190
5	212	1	1206469602
5	212	1	1206469858
5	212	1	1206472233
5	212	1	1206472268
5	212	1	1206472347
5	212	1	1206477720
5	212	1	1206481861
5	212	1	1207343687
5	212	1	1239862827
5	212	1	1264456446
5	213	1	1206401108
5	214	1	1206469941
5	215	1	1206472194
5	215	1	1206472423
5	215	1	1206472548
5	215	1	1206472586
6	216	1	1206532090
6	216	1	1206533046
6	217	1	1206540628
6	217	1	1206540738
6	218	1	1206540751
6	219	1	1206543184
30	219	1	1429228774
6	220	1	1206544570
6	221	1	1206545120
6	221	1	1206554559
6	222	1	1206545903
6	222	1	1206547062
6	223	1	1206547013
6	224	1	1206548029
6	225	1	1206548476
36	226	1	1206626820
6	227	1	1206977650
6	227	1	1206978676
6	227	1	1206978976
6	227	1	1206980654
6	227	1	1206980904
6	227	1	1206981288
6	227	1	1206982362
6	227	1	1206983483
30	227	1	1429228774
6	228	1	1206981793
6	229	1	1206981813
6	230	1	1206981828
6	231	1	1206981840
6	232	1	1206982534
4	233	1	1209208091
4	233	1	1211113561
37	234	1	1209746464
4	235	1	1211114736
4	236	1	1211114827
4	236	1	1211115123
4	237	1	1211114897
4	238	1	1211121890
4	239	1	1211122073
4	240	1	1211122169
4	241	1	1211897045
4	241	1	1212259565
4	241	1	1212831474
4	241	1	1212831594
4	241	1	1214229609
4	241	1	1221735716
4	242	1	1211897076
4	243	1	1211958330
4	244	1	1211958367
38	245	1	1212283216
38	245	1	1212286172
4	246	1	1212301589
39	247	1	1212799772
39	248	1	1212800116
4	249	1	1212830848
40	250	1	1213744713
40	250	1	1213791528
40	251	1	1214151565
41	252	1	1219008908
42	253	1	1219864892
20	253	1	1225530267
27	254	1	1221620893
20	254	1	1225430668
20	255	1	1225170012
43	256	1	1225320054
43	257	1	1225324314
20	258	1	1225328483
20	259	1	1225352573
43	260	1	1225375489
43	261	1	1225379153
43	261	1	1226321893
43	262	1	1225394595
43	263	1	1225394618
43	264	1	1225460212
43	264	1	1225571473
43	264	1	1225589667
43	264	1	1225601462
43	264	1	1225658070
43	264	1	1225684222
43	264	1	1225731824
43	264	1	1225776962
43	264	1	1225840512
43	264	1	1225863850
43	264	1	1225882898
43	264	1	1226015077
43	264	1	1226381474
43	264	1	1226502110
43	264	1	1226947686
43	264	1	1226968875
43	264	1	1227105612
43	264	1	1227879929
43	264	1	1228203946
43	264	1	1229415475
43	264	1	1230232644
43	264	1	1230242228
43	264	1	1230770487
43	264	1	1231590236
43	264	1	1232071156
43	264	1	1232475348
43	264	1	1232484398
43	264	1	1233059877
43	264	1	1233100992
43	264	1	1233125946
43	264	1	1233212199
43	264	1	1233558143
43	264	1	1234453696
43	264	1	1234763327
43	264	1	1234766497
43	264	1	1234952628
43	264	1	1235329879
43	264	1	1235498431
43	264	1	1236129839
43	264	1	1237341451
43	264	1	1238047396
43	264	1	1238720241
43	264	1	1240464802
20	265	1	1225584128
20	266	1	1225678893
20	267	1	1225770950
20	268	1	1225860484
43	269	1	1225934245
43	270	1	1225945964
43	271	1	1225962658
43	271	1	1226312871
43	272	1	1226239898
20	273	1	1226471444
44	274	1	1226495795
20	275	1	1227249776
20	276	1	1227884023
4	277	1	1229263056
4	277	1	1229263243
4	277	1	1229263315
4	278	1	1229263056
33	278	1	1326356971
4	279	1	1229263315
45	280	1	1229789367
20	281	1	1234149616
20	282	1	1234564074
20	283	1	1235207675
20	284	1	1235275654
20	285	1	1235279901
43	286	1	1237303804
20	287	1	1237616582
46	288	1	1238747408
46	289	1	1238747418
20	290	1	1239502418
20	291	1	1239579318
20	292	1	1239582712
20	293	1	1240007827
20	294	1	1240015777
20	295	1	1240079153
20	296	1	1240088319
47	297	1	1242924696
48	298	1	1246042650
48	299	1	1246042658
48	300	1	1246042724
49	301	1	1246816251
30	301	1	1429228773
50	302	1	1248108197
20	303	1	1252734950
20	304	1	1252741588
20	305	1	1252815545
51	306	1	1252817314
20	306	1	1264237253
52	307	1	1257186133
53	308	1	1257765195
53	308	1	1257765231
54	309	1	1260048610
55	310	1	1263747593
20	311	1	1264292096
36	312	1	1264355590
20	313	1	1264389289
5	314	1	1264456409
20	315	1	1264467350
20	316	1	1264473345
20	317	1	1264551968
20	318	1	1264720846
20	319	1	1264732151
20	320	1	1264919104
20	321	1	1264921561
20	322	1	1264923248
20	323	1	1266706531
20	324	1	1266717411
56	325	1	1268589707
56	326	1	1268601539
20	327	1	1270941729
57	327	1	1410356039
20	328	1	1421017567
20	329	1	1424392674
58	329	1	1438202323
20	330	1	1424582836
58	330	1	1438202122
20	331	1	1424584953
20	332	1	1426641887
31	333	1	1426648705
30	333	1	1429228769
31	333	1	1429245646
31	334	1	1426648705
30	334	1	1429228769
31	334	1	1429245646
31	335	1	1426648705
30	335	1	1429228769
31	335	1	1429245647
31	336	1	1426648705
30	336	1	1429228769
31	336	1	1429245654
31	337	1	1426648705
30	337	1	1429228769
31	337	1	1429245654
31	338	1	1426648705
30	338	1	1429228769
31	338	1	1429245654
31	339	1	1426648705
30	339	1	1429228769
31	339	1	1429245655
31	340	1	1426648706
30	340	1	1429228769
31	340	1	1429245655
31	341	1	1426648716
30	341	1	1429228769
31	341	1	1429245660
31	342	1	1426648716
31	343	1	1426648716
31	344	1	1426648717
31	345	1	1426648717
30	345	1	1429228774
31	345	1	1429245660
31	346	1	1426648722
30	346	1	1429228774
31	346	1	1429245661
31	347	1	1426648723
30	347	1	1429228774
31	347	1	1429245661
31	348	1	1426648723
30	348	1	1429228774
31	348	1	1429245661
31	349	1	1426648723
30	349	1	1429228773
31	349	1	1429245661
31	350	1	1426648723
30	350	1	1429228774
31	350	1	1429245663
31	351	1	1426648723
30	351	1	1429228773
31	351	1	1429245663
58	352	1	1438202122
58	353	1	1438202323
59	354	1	1438644907
59	355	1	1443816310
59	356	1	1443816311
59	357	1	1443816311
59	358	1	1443816311
59	359	1	1443816311
59	360	1	1443816311
59	361	1	1443816311
