1	1	1	1135037068
1	1	1	1135348723
2	1	1	1154282728
3	1	1	1193866208
3	1	1	1193866279
3	1	1	1193867091
3	1	1	1193867125
3	1	1	1193867152
3	1	1	1193965696
3	1	1	1193965895
3	1	1	1193967197
3	1	1	1193967486
3	1	1	1193967778
3	1	1	1194033406
3	1	1	1194033784
3	1	1	1194371782
3	1	1	1194392301
3	1	1	1194392358
4	1	1	1204900742
4	1	1	1204901939
5	1	1	1208506476
5	1	1	1208506980
5	1	1	1208507635
5	1	1	1208508241
5	1	1	1208508373
6	1	1	1229068775
7	1	1	1273398464
8	1	1	1320686824
9	1	1	1392319084
9	1	1	1392319123
9	1	1	1392319459
9	1	1	1392321859
9	1	1	1392338046
9	1	1	1392390584
10	1	1	1398762235
10	1	1	1398768091
10	1	1	1398782309
10	1	1	1398852076
10	1	1	1398852155
10	1	1	1398862862
10	1	1	1398917577
10	1	1	1399022179
10	1	1	1399183192
10	1	1	1399186631
10	1	1	1399210388
10	1	1	1399450390
10	1	1	1399454350
10	1	1	1399472429
10	1	1	1401001132
10	1	1	1401001367
10	1	1	1401005083
9	1	1	1404999367
9	1	1	1404999675
9	1	1	1405517455
9	1	1	1405837632
11	1	1	1423968949
12	1	1	1465729904
13	2	1	1133531566
13	3	1	1133531569
14	4	1	1143519264
2	5	1	1154282728
15	6	1	1177440832
4	6	1	1204900979
16	6	1	1206680791
17	6	1	1439899405
18	6	1	1472001069
15	7	1	1177441343
19	7	1	1225248040
4	8	1	1181650494
4	8	1	1204901917
4	8	1	1204903271
20	8	1	1481882273
21	9	1	1183047892
19	9	1	1277172987
19	9	1	1277174680
4	10	1	1183130802
4	10	1	1183411482
4	10	1	1184340322
4	10	1	1184340347
4	10	1	1184340362
4	10	1	1184340795
4	10	1	1184572766
4	10	1	1184579170
4	11	1	1204901895
22	12	1	1187611383
23	13	1	1188247596
23	14	1	1188247663
24	15	1	1190968825
24	17	1	1192003277
19	18	1	1192842564
19	18	1	1319173641
19	18	1	1329450801
25	19	1	1193958336
25	19	1	1199833721
3	20	1	1193965512
3	21	1	1193965567
3	21	1	1193966305
4	21	1	1204900943
3	22	1	1193966417
3	22	1	1193967120
3	22	1	1193967529
3	22	1	1193967595
3	22	1	1193969193
3	22	1	1194033880
3	22	1	1194033923
3	22	1	1194392338
3	23	1	1193967297
3	24	1	1194032850
3	24	1	1194032933
4	24	1	1204900781
26	24	1	1314593819
26	24	1	1314593987
27	24	1	1385550502
27	24	1	1385550698
27	24	1	1385551079
27	24	1	1385552323
27	24	1	1385552467
27	24	1	1385552604
28	24	1	1479049257
4	25	1	1204900816
3	26	1	1194366961
3	26	1	1194372898
3	26	1	1194373561
3	26	1	1194373659
3	26	1	1194373702
3	26	1	1194373817
3	26	1	1194373882
3	26	1	1194391847
3	26	1	1194392223
3	26	1	1194397148
6	26	1	1229068621
3	27	1	1194367110
3	27	1	1194367422
3	27	1	1194367498
3	27	1	1194367560
3	27	1	1194368106
3	27	1	1194373279
3	27	1	1194391215
3	27	1	1194392638
3	27	1	1194621028
9	27	1	1338357108
9	27	1	1357493952
3	28	1	1194367155
3	28	1	1194368603
3	28	1	1194372312
3	28	1	1194372330
4	28	1	1204900837
3	29	1	1194371440
3	29	1	1194371910
3	29	1	1194372263
3	31	1	1194391041
3	31	1	1194391332
3	31	1	1194391472
4	31	1	1204900952
29	31	1	1364392740
3	32	1	1194390793
3	33	1	1194549252
3	33	1	1194551688
4	34	1	1204900895
4	34	1	1204902181
9	34	1	1297475743
9	34	1	1297475819
9	34	1	1326131076
12	34	1	1362750268
3	35	1	1194620826
3	35	1	1194620856
29	35	1	1364393026
3	36	1	1194621196
3	36	1	1194621333
3	36	1	1194621346
3	37	1	1194623208
3	37	1	1194623376
3	37	1	1194623958
30	37	1	1230139635
3	39	1	1195331634
3	39	1	1195332495
4	39	1	1204900775
31	40	1	1196108640
31	40	1	1196108654
31	41	1	1196108716
32	42	1	1196730543
33	43	1	1196736621
33	44	1	1196736627
3	45	1	1196838238
3	45	1	1196839513
4	45	1	1204900766
3	46	1	1196839236
34	48	1	1199112491
35	49	1	1200953334
35	50	1	1200953338
25	51	1	1201525925
36	52	1	1204620994
36	52	1	1204621093
4	52	1	1204900901
37	53	1	1204902934
37	53	1	1248898701
25	54	1	1205440333
25	54	1	1205442986
16	55	1	1206035817
16	56	1	1206035827
38	57	1	1206625338
5	58	1	1207909134
5	58	1	1210478743
5	58	1	1210495534
5	58	1	1210495548
5	58	1	1212622410
5	59	1	1207909144
5	61	1	1208507078
6	61	1	1229068263
5	62	1	1209296153
5	62	1	1209296246
5	62	1	1209296452
5	62	1	1209296516
5	62	1	1211722551
5	63	1	1210205393
5	63	1	1210205463
25	63	1	1210274501
5	63	1	1210395093
4	64	1	1210236616
5	65	1	1210478766
5	66	1	1210478788
39	67	1	1212288331
40	68	1	1212799288
40	69	1	1212799522
41	70	1	1213744621
41	70	1	1213797247
41	70	1	1372516537
41	71	1	1214150849
42	72	1	1217752362
42	73	1	1217752860
12	73	1	1350030228
42	74	1	1217753209
42	74	1	1217753267
43	75	1	1217815316
43	75	1	1217815800
43	75	1	1217817209
43	75	1	1217817680
43	75	1	1217818204
43	75	1	1217819075
43	75	1	1217819271
43	75	1	1217819834
43	76	1	1217818308
43	77	1	1217818425
43	78	1	1217818510
42	79	1	1217820519
42	79	1	1218011855
42	79	1	1218011894
42	79	1	1218011928
42	79	1	1218012309
42	79	1	1218012648
42	80	1	1217820587
42	81	1	1217820672
42	82	1	1218013194
42	82	1	1218017588
42	82	1	1218017823
42	83	1	1218018945
42	83	1	1218019929
42	83	1	1218159374
42	84	1	1218071695
12	84	1	1350030275
35	86	1	1221620165
19	86	1	1225430616
19	88	1	1225169842
44	89	1	1225317609
44	90	1	1225322384
44	91	1	1225326667
19	92	1	1225328381
19	93	1	1225352509
44	94	1	1225377005
44	94	1	1226321422
44	95	1	1225391698
44	96	1	1225391740
44	97	1	1225458999
44	97	1	1225570352
44	97	1	1225588820
44	97	1	1225600959
44	97	1	1225656928
44	97	1	1225683745
44	97	1	1225730477
44	97	1	1225776002
44	97	1	1225839130
44	97	1	1225863153
44	97	1	1225881879
44	97	1	1226014035
44	97	1	1226380786
44	97	1	1226501323
44	97	1	1226947417
44	97	1	1226968766
44	97	1	1227104892
44	97	1	1227879030
44	97	1	1228203797
44	97	1	1229414363
44	97	1	1230231114
44	97	1	1230241468
44	97	1	1230769693
44	97	1	1231589050
44	97	1	1232070401
44	97	1	1232474511
44	97	1	1232483075
44	97	1	1233059078
44	97	1	1233100275
44	97	1	1233125120
44	97	1	1233211446
44	97	1	1233557639
44	97	1	1234452586
44	97	1	1234763212
44	97	1	1234766384
44	97	1	1234951808
44	97	1	1235329309
44	97	1	1235497672
44	97	1	1236129377
44	97	1	1237340919
44	97	1	1238046567
44	97	1	1238719444
44	97	1	1240464256
19	98	1	1225530226
19	99	1	1225584074
19	100	1	1225678851
19	101	1	1225770878
19	102	1	1225860399
44	103	1	1225933418
44	103	1	1226289509
44	104	1	1225945524
44	105	1	1225961789
44	105	1	1226312410
44	106	1	1226233518
19	107	1	1226471390
45	108	1	1226495355
19	109	1	1227249730
19	110	1	1227883983
6	111	1	1229068263
6	112	1	1229072546
46	113	1	1229788712
30	114	1	1230020926
30	114	1	1230021183
30	115	1	1230024707
47	115	1	1276245014
30	116	1	1230025958
30	116	1	1230431545
30	116	1	1230972024
30	117	1	1230026771
30	117	1	1230028276
30	117	1	1230030461
30	117	1	1230030500
30	117	1	1230030703
30	117	1	1230030780
30	117	1	1230137326
30	117	1	1230137561
30	117	1	1231491469
30	117	1	1231491995
30	117	1	1231492307
30	117	1	1231492371
30	117	1	1231494673
30	117	1	1232513287
30	117	1	1232513386
48	117	1	1248269411
30	117	1	1288273829
30	118	1	1230032796
30	118	1	1230034030
30	118	1	1230172755
30	118	1	1230173527
30	119	1	1230173086
30	119	1	1230174882
30	119	1	1230175507
30	119	1	1230271513
30	120	1	1230175297
30	121	1	1230262850
30	121	1	1230264743
30	121	1	1259679654
30	122	1	1230432256
30	122	1	1230953027
30	122	1	1230953169
30	122	1	1230953242
30	122	1	1230953384
30	122	1	1230953562
30	122	1	1230968659
30	122	1	1230968990
30	122	1	1230969632
30	122	1	1230969711
30	122	1	1230969791
30	122	1	1230970329
30	122	1	1230970484
30	122	1	1230970523
30	122	1	1230970970
30	122	1	1230971640
30	122	1	1230971865
30	122	1	1230972089
30	122	1	1230972219
30	123	1	1230969200
30	124	1	1230969270
30	125	1	1230969310
30	126	1	1230969357
30	127	1	1230969507
30	128	1	1230969570
30	129	1	1230970678
30	130	1	1230970754
30	131	1	1230970800
30	132	1	1230970876
30	133	1	1230970919
30	134	1	1230971253
19	135	1	1234149578
19	136	1	1234564027
19	137	1	1235275618
19	138	1	1235279870
44	139	1	1237302973
19	140	1	1237616550
49	141	1	1237819916
49	141	1	1237820105
50	142	1	1238747192
50	143	1	1238747201
8	144	1	1239257109
8	144	1	1239257312
8	144	1	1239330808
8	144	1	1320647252
8	144	1	1320647270
19	145	1	1239502377
19	146	1	1239579284
19	147	1	1239582681
19	148	1	1240007790
19	149	1	1240015744
19	150	1	1240079119
19	151	1	1240088288
7	152	1	1242925115
7	152	1	1273398490
51	154	1	1246042469
52	154	1	1444959470
53	154	1	1445465183
51	155	1	1246042477
51	156	1	1246042481
54	157	1	1248108022
55	158	1	1248269939
8	159	1	1248453043
8	159	1	1248453552
8	159	1	1249143141
8	159	1	1249143599
8	159	1	1249143647
8	159	1	1249143664
8	159	1	1249143724
8	159	1	1249143843
8	159	1	1249143938
8	159	1	1249143983
8	159	1	1249144011
8	159	1	1249144172
8	159	1	1249144252
8	159	1	1249144301
8	159	1	1249144361
8	159	1	1249144488
8	159	1	1249145794
8	159	1	1249146123
56	159	1	1252340412
12	159	1	1348077423
12	159	1	1348077487
12	159	1	1348077696
10	159	1	1399020703
8	160	1	1248453693
8	161	1	1248455059
8	161	1	1249140168
8	161	1	1249140574
8	161	1	1249140640
8	161	1	1249140951
8	161	1	1249141004
8	161	1	1249141036
8	161	1	1249141337
8	161	1	1249141381
8	161	1	1249142687
8	161	1	1249142800
56	161	1	1252340360
57	161	1	1385992074
10	161	1	1399021167
58	161	1	1416369296
59	161	1	1425719941
8	162	1	1248456223
8	162	1	1248456654
8	162	1	1248456713
8	162	1	1248456787
8	162	1	1248456871
8	162	1	1248457014
8	162	1	1248457997
8	162	1	1248458294
8	162	1	1248458369
8	162	1	1248458472
8	162	1	1248458519
8	162	1	1248458946
8	162	1	1248459034
8	162	1	1249123658
8	162	1	1249123707
8	162	1	1249123733
8	162	1	1249123751
8	162	1	1249123779
8	162	1	1249123848
8	162	1	1249124044
8	162	1	1249124102
8	162	1	1249124264
8	162	1	1249124383
8	162	1	1249124414
8	162	1	1249124495
8	162	1	1249125950
8	162	1	1249126043
8	162	1	1249126149
8	162	1	1249126700
8	162	1	1249127131
56	162	1	1252340390
8	162	1	1311856191
10	162	1	1399020643
9	162	1	1404748350
8	163	1	1249145608
56	163	1	1252340286
8	164	1	1249145699
56	164	1	1252340252
19	165	1	1252734941
19	166	1	1252741529
19	167	1	1252815537
60	168	1	1252816616
19	168	1	1264237233
61	169	1	1255427373
62	169	1	1426647824
63	169	1	1429228035
62	169	1	1429245641
61	170	1	1255427591
64	171	1	1256302341
64	172	1	1256303519
64	173	1	1256303564
65	174	1	1257186661
66	175	1	1260042618
67	176	1	1263747364
19	177	1	1264292081
38	178	1	1264353771
19	179	1	1264389266
19	180	1	1264467333
19	181	1	1264473333
19	182	1	1264551951
19	183	1	1264720832
19	184	1	1264732074
19	185	1	1264919090
19	186	1	1264921546
19	187	1	1264923234
19	188	1	1266706516
19	188	1	1379473344
19	189	1	1266717397
68	190	1	1268601404
69	191	1	1270200512
69	191	1	1379184853
69	192	1	1270469005
69	192	1	1379184856
69	193	1	1270656959
69	193	1	1379184859
19	194	1	1271126934
70	195	1	1274813122
71	196	1	1276238447
19	197	1	1276992373
19	198	1	1277066089
19	199	1	1277158872
19	200	1	1277167826
19	201	1	1277178769
19	202	1	1277180280
19	203	1	1277247189
72	205	1	1277369004
72	205	1	1277369157
72	205	1	1277370987
72	205	1	1277373446
19	206	1	1277578895
19	206	1	1289164553
73	206	1	1308760766
73	206	1	1309106545
73	206	1	1322676187
73	206	1	1356643910
73	206	1	1356694764
19	208	1	1280795579
19	209	1	1280799649
62	210	1	1426647824
74	211	1	1280959902
74	211	1	1281005617
74	212	1	1281096653
19	213	1	1281149016
19	214	1	1281153024
19	215	1	1281154731
19	216	1	1281158135
74	217	1	1281177807
19	217	1	1289163289
73	217	1	1308799393
73	217	1	1309110318
73	217	1	1356643901
19	218	1	1281232531
19	219	1	1281234329
74	220	1	1281258193
75	221	1	1281995435
75	222	1	1281995446
76	223	1	1282094435
77	223	1	1422983266
76	224	1	1282094446
77	224	1	1422983267
78	225	1	1282109024
19	226	1	1283020660
19	227	1	1283393038
79	228	1	1283394561
79	228	1	1284614357
80	228	1	1408317623
79	229	1	1283408655
2	230	1	1285024105
79	231	1	1285792021
10	232	1	1285811533
10	232	1	1397401911
10	232	1	1397403415
10	232	1	1397404012
10	232	1	1397404116
10	232	1	1397806560
10	232	1	1397928105
10	232	1	1397928137
10	232	1	1398760223
10	232	1	1398761245
10	232	1	1399020210
10	232	1	1399020666
10	232	1	1399021439
10	232	1	1399021595
10	232	1	1399109640
10	232	1	1399181549
10	232	1	1399181794
10	232	1	1399269745
10	232	1	1399270450
10	232	1	1399271440
79	234	1	1286348983
19	235	1	1287259565
19	236	1	1289160067
19	237	1	1289172685
79	238	1	1289953821
79	238	1	1291477146
79	238	1	1295305997
81	238	1	1337669210
81	238	1	1342549126
81	238	1	1349131018
81	238	1	1349131700
81	238	1	1360200779
75	239	1	1293739422
82	240	1	1294090608
19	245	1	1296442370
19	245	1	1333237223
83	245	1	1390290364
83	245	1	1390292195
19	246	1	1296616887
19	247	1	1296783667
9	248	1	1297474092
9	249	1	1297474509
9	249	1	1297474835
9	249	1	1297474952
9	249	1	1297475080
9	249	1	1297475111
9	249	1	1297477485
9	249	1	1297477513
9	249	1	1326023489
9	249	1	1326023511
9	249	1	1326023597
9	249	1	1326024203
9	249	1	1326025247
9	249	1	1326025619
9	249	1	1326078969
9	249	1	1326079046
9	249	1	1326079069
9	249	1	1326137771
9	249	1	1326303504
9	249	1	1356892557
9	249	1	1356892575
9	249	1	1356892767
9	249	1	1356892793
9	249	1	1356892815
9	249	1	1356892843
9	249	1	1356892915
9	249	1	1492349128
9	249	1	1492349307
19	250	1	1298435486
8	251	1	1298538905
8	251	1	1298539077
8	252	1	1298539035
8	252	1	1298771819
8	253	1	1298539114
84	254	1	1299509175
84	254	1	1388778172
19	255	1	1301869645
79	256	1	1302754913
19	257	1	1302977808
75	257	1	1331475127
19	258	1	1302982341
19	259	1	1302994205
19	260	1	1303350743
8	261	1	1303748974
85	262	1	1304998376
19	263	1	1305156830
19	263	1	1333910940
86	264	1	1306308942
86	264	1	1314536481
79	265	1	1306446499
79	266	1	1306518674
87	267	1	1306591134
87	267	1	1306591212
88	269	1	1307397113
89	269	1	1332354491
73	270	1	1308809438
73	270	1	1308813534
73	271	1	1308813307
18	272	1	1309303736
18	272	1	1331457553
18	272	1	1401149552
18	272	1	1423194414
9	273	1	1338356886
90	274	1	1309513681
90	275	1	1309526597
73	276	1	1309539919
73	277	1	1309542045
19	278	1	1309569980
19	279	1	1309578737
19	280	1	1309582818
19	281	1	1309622874
19	282	1	1309631790
8	283	1	1309793448
8	283	1	1309793476
8	283	1	1310828178
8	283	1	1310828215
8	284	1	1309793578
8	284	1	1309793653
9	284	1	1392319550
9	284	1	1392319675
9	284	1	1392319843
9	284	1	1392320022
9	284	1	1392320084
9	284	1	1392389733
10	284	1	1398780570
10	284	1	1398781794
10	284	1	1398782129
10	284	1	1399022121
10	284	1	1401001548
8	285	1	1309793751
9	285	1	1392338481
9	285	1	1392339211
9	285	1	1392384501
9	285	1	1392385588
9	285	1	1392386483
10	285	1	1398849283
8	286	1	1309793788
9	286	1	1392387309
10	286	1	1398849333
8	287	1	1309793805
9	287	1	1392387106
10	287	1	1398849369
8	288	1	1309793852
9	288	1	1356196250
9	288	1	1392339363
8	289	1	1309793887
9	289	1	1356196159
9	289	1	1356197674
9	289	1	1356197909
9	289	1	1356198518
9	289	1	1392338475
8	290	1	1310828265
8	291	1	1310828293
8	292	1	1310828330
8	293	1	1310828408
8	294	1	1310828436
8	295	1	1310828459
8	296	1	1310828485
8	297	1	1310828508
8	298	1	1310828537
8	299	1	1310828558
8	300	1	1310828591
9	300	1	1392316485
8	301	1	1310828653
8	301	1	1310828847
8	302	1	1310828683
8	303	1	1310828932
8	304	1	1310828952
8	305	1	1310828978
8	306	1	1310829002
9	306	1	1392316583
8	307	1	1310829026
8	308	1	1310829047
8	309	1	1310829092
9	309	1	1356196464
9	309	1	1392316465
8	310	1	1310829182
9	310	1	1392339294
8	311	1	1310829199
8	311	1	1310829244
12	312	1	1311578526
12	312	1	1311578561
12	312	1	1311595257
9	312	1	1338356933
12	312	1	1350031067
12	312	1	1362750585
12	313	1	1311974688
12	313	1	1350031773
12	313	1	1350032098
12	313	1	1350032685
91	314	1	1313254529
92	315	1	1313792864
19	317	1	1314241064
19	317	1	1422211695
93	318	1	1315374291
93	318	1	1315374632
19	319	1	1315762979
19	320	1	1315767533
19	321	1	1315771997
94	322	1	1316291966
95	323	1	1317671527
89	324	1	1318457006
96	325	1	1318481240
19	326	1	1318974349
79	328	1	1319840944
79	328	1	1429211995
97	329	1	1319992868
98	329	1	1497568965
8	330	1	1320686769
8	330	1	1320984779
9	330	1	1324656690
99	331	1	1320839802
99	332	1	1320839975
100	333	1	1321040377
101	334	1	1321067971
100	335	1	1321205033
100	336	1	1321205034
100	336	1	1321205216
102	337	1	1321465399
102	337	1	1321465850
102	337	1	1349161941
102	337	1	1349171351
102	337	1	1351794774
19	338	1	1321762620
19	339	1	1321848052
19	340	1	1321919149
19	341	1	1321922774
19	341	1	1322092642
19	342	1	1321927011
19	342	1	1322094371
73	343	1	1321998774
19	344	1	1322096545
19	345	1	1322097795
19	346	1	1322098999
103	347	1	1322264233
104	348	1	1322394086
19	348	1	1346638996
19	349	1	1323015230
19	350	1	1323046128
19	351	1	1323049841
89	353	1	1325909674
89	353	1	1325966523
9	354	1	1326027567
9	354	1	1326027819
9	354	1	1326028633
9	354	1	1326078923
9	354	1	1492349085
9	354	1	1492349359
9	354	1	1492349383
9	354	1	1492349402
9	354	1	1492349454
9	354	1	1492349878
9	354	1	1492421582
9	355	1	1326028385
9	355	1	1326028544
9	355	1	1326043593
9	355	1	1326044002
9	355	1	1326073978
9	355	1	1326074113
9	355	1	1326074168
9	355	1	1326074181
9	355	1	1326074240
9	355	1	1326129908
9	355	1	1361577570
9	355	1	1361577655
9	355	1	1361624541
9	355	1	1361624573
9	355	1	1492347985
9	355	1	1492348646
9	355	1	1492348817
9	355	1	1492421025
9	355	1	1492421941
19	356	1	1326048998
9	358	1	1326131620
9	358	1	1326131661
9	358	1	1326132082
9	358	1	1326132570
9	358	1	1326132761
9	358	1	1364572803
9	358	1	1364573712
9	358	1	1392390989
9	358	1	1392391140
9	359	1	1326131661
9	360	1	1326131705
9	361	1	1326131730
9	362	1	1326131778
9	363	1	1326131828
9	364	1	1326131910
9	365	1	1326132108
9	366	1	1326132126
9	366	1	1326132341
9	367	1	1326132360
9	368	1	1326132372
9	368	1	1326132416
9	369	1	1326132432
9	370	1	1326132444
9	370	1	1326132495
9	371	1	1326132980
9	371	1	1326133051
9	371	1	1326133305
9	371	1	1326133657
9	371	1	1326133710
9	372	1	1326133066
9	372	1	1326134265
9	372	1	1326134314
9	373	1	1326133096
9	374	1	1326133199
9	375	1	1326133211
9	376	1	1326133427
9	377	1	1326133444
9	378	1	1326133490
9	379	1	1326133506
9	380	1	1326133997
9	380	1	1326134863
9	381	1	1326134020
9	381	1	1326134172
9	382	1	1326134585
9	383	1	1326134606
9	384	1	1326134947
9	384	1	1356198329
9	385	1	1326134965
9	385	1	1326135125
9	385	1	1356197770
9	386	1	1326158718
9	386	1	1326158833
9	386	1	1326158962
9	386	1	1326158999
9	386	1	1326159011
9	386	1	1326159038
9	386	1	1326159083
9	386	1	1326159117
9	386	1	1326159133
9	386	1	1326159254
9	386	1	1326160200
9	386	1	1326183699
9	386	1	1326216495
9	386	1	1326216807
9	386	1	1326217204
9	386	1	1326217262
9	386	1	1326217827
9	386	1	1326217871
9	386	1	1326217904
9	386	1	1326217941
9	386	1	1326218381
9	386	1	1326251596
9	386	1	1326251622
9	386	1	1326251637
9	386	1	1326297020
9	386	1	1326297066
9	386	1	1326297240
9	386	1	1326297947
9	386	1	1326300768
9	386	1	1326300970
9	386	1	1326300995
9	386	1	1326302102
9	386	1	1326302406
9	386	1	1326302770
9	386	1	1326330918
9	386	1	1326346561
9	386	1	1326346596
9	386	1	1326419370
9	386	1	1326419402
9	386	1	1326425201
9	386	1	1326426059
9	386	1	1326426812
9	386	1	1326426902
9	386	1	1326427409
9	386	1	1326431454
9	386	1	1326443559
9	386	1	1326469023
9	386	1	1326469505
9	386	1	1326470260
9	386	1	1326470445
9	386	1	1326470672
9	386	1	1326472720
9	386	1	1326473047
9	386	1	1326942381
9	386	1	1326942839
9	386	1	1326942913
9	386	1	1326945218
9	386	1	1361044728
10	386	1	1398840170
10	386	1	1398840433
10	386	1	1398840512
10	386	1	1398840565
10	386	1	1399020834
9	387	1	1326158833
105	387	1	1362309213
9	388	1	1326159083
9	389	1	1326218034
9	389	1	1326218122
9	389	1	1326218206
9	389	1	1326297657
9	389	1	1326297722
9	389	1	1326297742
9	389	1	1326330578
9	389	1	1326330775
9	389	1	1326346528
9	390	1	1326218339
9	390	1	1326218439
9	390	1	1326218713
9	390	1	1326330612
12	390	1	1350030506
9	391	1	1326259185
9	391	1	1326259515
9	391	1	1326259733
9	391	1	1326259803
9	391	1	1326259950
9	391	1	1326260189
9	391	1	1326260260
9	391	1	1326294383
9	391	1	1326294447
9	391	1	1326294575
9	391	1	1326294799
9	391	1	1326295498
9	391	1	1326296245
9	391	1	1326330503
9	391	1	1326330632
9	392	1	1326259222
9	392	1	1326299119
9	392	1	1326345968
9	393	1	1326259338
9	393	1	1326299294
9	393	1	1326299333
9	393	1	1326346157
9	394	1	1326259378
9	394	1	1326300599
9	394	1	1326346344
9	394	1	1326346464
9	395	1	1326302187
9	396	1	1326302216
9	397	1	1326302482
9	397	1	1326346421
9	397	1	1326419314
9	397	1	1326735950
9	398	1	1326302509
9	398	1	1326420600
9	398	1	1326420663
9	399	1	1326302533
9	399	1	1326421281
9	399	1	1326422434
9	400	1	1326302557
9	400	1	1326424410
9	401	1	1326302580
9	401	1	1326425013
9	402	1	1326302793
9	403	1	1326302869
79	404	1	1326327483
9	405	1	1326346421
9	406	1	1326427296
9	406	1	1326430588
9	406	1	1326430767
9	406	1	1326430812
9	406	1	1326735821
9	407	1	1326430767
9	408	1	1326431162
9	408	1	1326444523
9	408	1	1326444583
9	409	1	1326431182
9	410	1	1326431239
9	410	1	1326446190
9	411	1	1326431267
9	411	1	1326468118
9	412	1	1326431360
9	412	1	1326445784
9	413	1	1326470602
9	413	1	1326734518
9	413	1	1326735617
9	413	1	1326735740
9	414	1	1326470852
9	414	1	1326778572
9	414	1	1326778638
9	414	1	1326778782
9	415	1	1326470950
9	415	1	1326851234
9	416	1	1326471205
9	416	1	1326937586
9	417	1	1326471571
9	417	1	1326939642
9	418	1	1326471655
9	418	1	1326940879
9	419	1	1326600896
9	419	1	1326601674
9	420	1	1326734518
9	421	1	1326945339
9	422	1	1326945489
9	423	1	1326945528
9	424	1	1326945552
9	425	1	1326945568
9	426	1	1326945588
9	427	1	1326945614
9	428	1	1326945633
9	429	1	1326945659
9	430	1	1326945677
9	431	1	1326945702
9	432	1	1326945740
9	433	1	1326945767
9	434	1	1326945789
9	435	1	1326945815
9	436	1	1326945831
9	437	1	1326945843
9	438	1	1326945865
9	439	1	1326945888
9	440	1	1326945905
9	441	1	1326945922
9	442	1	1326945946
9	443	1	1326945963
9	444	1	1326945982
9	445	1	1326946014
9	446	1	1326946033
9	447	1	1326946048
9	448	1	1326946071
89	449	1	1328129527
19	450	1	1329069764
19	451	1	1329082513
75	452	1	1329728329
89	453	1	1329744983
89	454	1	1329758956
73	455	1	1329831854
73	456	1	1329836207
73	456	1	1356635738
68	457	1	1330560271
75	458	1	1330630086
75	459	1	1330703493
19	460	1	1332039283
106	461	1	1332231984
19	462	1	1333243800
19	463	1	1333419087
19	464	1	1333499781
19	464	1	1333582010
19	465	1	1333587038
19	466	1	1333904749
19	467	1	1333906782
89	468	1	1334112461
19	469	1	1334509574
19	470	1	1336323186
10	471	1	1399020656
107	472	1	1338009022
107	473	1	1338014364
89	474	1	1338320090
9	475	1	1338356886
9	476	1	1338356933
108	477	1	1338437911
108	477	1	1338440889
108	477	1	1342490475
19	478	1	1338649351
19	479	1	1338655687
19	480	1	1338659707
19	481	1	1339378409
109	482	1	1339403734
110	485	1	1339660675
110	485	1	1339661012
110	485	1	1339661151
19	486	1	1339992809
19	488	1	1341259115
19	488	1	1344109943
19	491	1	1344111598
19	492	1	1344218941
111	493	1	1344244952
19	494	1	1344379742
19	495	1	1346627196
19	496	1	1346632929
19	497	1	1346636950
112	498	1	1347096036
112	499	1	1347096090
112	499	1	1347099044
112	500	1	1347096117
113	501	1	1347406929
12	503	1	1349719995
12	503	1	1350033488
12	503	1	1354221147
12	504	1	1349727276
12	505	1	1349789570
12	505	1	1349874065
12	505	1	1349886223
12	505	1	1349886333
12	505	1	1349886757
12	505	1	1349887519
12	505	1	1349887678
12	505	1	1350030091
114	506	1	1349814795
12	507	1	1349889570
12	507	1	1349892937
12	507	1	1350058915
12	507	1	1362752144
12	508	1	1349894630
12	508	1	1349895830
12	508	1	1349966370
12	508	1	1350361895
12	508	1	1356713771
12	509	1	1349895592
12	509	1	1349895749
12	509	1	1350362234
12	509	1	1356713872
12	510	1	1349897688
12	510	1	1349899682
12	510	1	1349901572
12	510	1	1349959896
12	510	1	1349961789
12	510	1	1349962247
12	510	1	1349963378
12	510	1	1349964185
12	510	1	1349966184
12	510	1	1350027125
12	510	1	1350027382
12	510	1	1350027647
12	510	1	1350027928
12	510	1	1350362169
12	510	1	1356714024
12	511	1	1349987593
12	511	1	1349988794
12	511	1	1349989148
12	511	1	1350024226
12	511	1	1350027154
12	511	1	1350028798
12	511	1	1350362072
12	511	1	1356714271
12	511	1	1356714361
12	512	1	1350026215
12	512	1	1350026505
12	512	1	1350027006
12	512	1	1350027177
12	512	1	1350028919
12	512	1	1350362017
12	513	1	1350029728
12	513	1	1350030166
12	514	1	1350059075
12	514	1	1350059184
12	515	1	1350061588
114	515	1	1350643577
114	515	1	1350643615
114	515	1	1350643796
114	515	1	1350643914
12	515	1	1465661126
115	515	1	1466548239
18	515	1	1499939283
12	516	1	1350361667
12	516	1	1350363371
12	517	1	1350491501
12	517	1	1350491634
12	517	1	1350491804
114	517	1	1350640962
12	517	1	1350848183
12	517	1	1356712709
12	517	1	1356712843
12	517	1	1356712934
12	517	1	1465661150
12	517	1	1465731458
12	517	1	1465731519
12	517	1	1465731588
12	517	1	1465731987
12	517	1	1465732186
12	517	1	1465732521
12	517	1	1465732982
12	517	1	1465733053
12	517	1	1465734748
12	517	1	1465746557
115	517	1	1466548256
18	517	1	1499939208
12	518	1	1350674129
12	519	1	1350677200
12	519	1	1350848296
12	519	1	1465661202
12	519	1	1465748231
115	519	1	1466548270
18	519	1	1499939202
12	520	1	1350679486
12	520	1	1350720370
12	520	1	1350722112
12	520	1	1350725566
12	520	1	1350848053
12	520	1	1350848438
114	520	1	1354524154
12	520	1	1465661226
12	520	1	1465749482
12	520	1	1465752335
115	520	1	1466548376
18	520	1	1499939196
75	521	1	1351191813
75	522	1	1351240436
75	523	1	1351246941
75	524	1	1351246950
102	525	1	1351794936
12	526	1	1352455021
12	526	1	1352464934
12	526	1	1352465592
12	526	1	1352467689
12	526	1	1352478870
12	526	1	1352479252
12	526	1	1352479292
12	526	1	1465661248
12	526	1	1465752458
12	526	1	1465752499
115	526	1	1466548415
18	526	1	1499939188
12	527	1	1352455986
12	527	1	1352487671
114	527	1	1354524523
12	527	1	1465661267
115	527	1	1466548428
18	527	1	1499939180
12	528	1	1352457330
12	528	1	1352490247
114	528	1	1354524634
12	528	1	1465661288
115	528	1	1466548441
18	528	1	1499939173
12	529	1	1352458335
12	529	1	1352645837
114	529	1	1354524735
12	529	1	1465661308
115	529	1	1466548461
18	529	1	1499939166
12	530	1	1352458817
12	530	1	1352647160
12	530	1	1465661327
115	530	1	1466548475
18	530	1	1499939158
12	531	1	1352462076
12	531	1	1352817903
12	531	1	1352818006
12	531	1	1352818242
114	531	1	1354525072
12	531	1	1465661346
115	531	1	1466548493
18	531	1	1499939151
12	532	1	1352462861
12	532	1	1352822772
12	532	1	1353149147
114	532	1	1354525275
12	532	1	1465661363
115	532	1	1466548602
18	532	1	1499939145
12	533	1	1352463152
12	533	1	1352463246
12	533	1	1353149893
114	533	1	1354525342
12	533	1	1465661381
115	533	1	1466548640
18	533	1	1499939115
12	535	1	1354221319
12	535	1	1354221654
12	535	1	1354487648
12	536	1	1354222661
12	537	1	1354458598
12	537	1	1356604912
12	537	1	1356693969
19	538	1	1355087748
19	539	1	1355091526
19	540	1	1355112736
116	541	1	1355255527
117	544	1	1355726281
115	544	1	1491300967
9	545	1	1355764400
9	545	1	1355764617
9	545	1	1356802212
9	545	1	1356803821
9	545	1	1356804058
9	545	1	1356804996
9	545	1	1356805122
9	545	1	1356805473
9	545	1	1356884233
9	545	1	1356890546
9	545	1	1356891669
9	545	1	1356893127
9	545	1	1356893201
9	545	1	1356893240
9	545	1	1357084370
9	545	1	1357149570
9	545	1	1358619985
9	545	1	1358620151
9	545	1	1358621329
118	545	1	1363711589
9	546	1	1355764650
9	546	1	1355851157
9	546	1	1355851824
9	546	1	1355851961
9	546	1	1356194669
9	546	1	1356195183
9	546	1	1356195834
9	546	1	1356195955
9	546	1	1356199468
9	546	1	1356801963
9	546	1	1356802020
9	547	1	1355764708
9	548	1	1355764744
9	549	1	1355765124
9	550	1	1355765150
9	551	1	1392319095
62	551	1	1415986494
119	551	1	1466752226
9	552	1	1355851228
9	552	1	1356196671
9	553	1	1355851381
9	553	1	1355851527
9	553	1	1355851614
9	553	1	1356196825
9	553	1	1356196957
9	554	1	1356196159
9	555	1	1356196209
9	556	1	1356196250
9	557	1	1356196492
9	558	1	1356196641
9	558	1	1356196702
9	558	1	1356196738
9	559	1	1356196671
9	560	1	1356196702
9	561	1	1356197325
9	562	1	1356197537
9	562	1	1356197557
9	563	1	1356197962
9	564	1	1356197988
9	565	1	1356198996
9	566	1	1356199321
9	567	1	1356802227
9	567	1	1356802294
9	567	1	1356803466
9	567	1	1356803683
9	567	1	1356803823
9	567	1	1356804380
9	568	1	1356803987
9	568	1	1356804089
9	568	1	1356804133
9	568	1	1356804229
9	569	1	1356804431
9	570	1	1356804593
9	570	1	1356804698
9	570	1	1356804799
9	571	1	1356804617
9	572	1	1356804879
9	573	1	1356804906
9	574	1	1356890575
9	574	1	1356891344
9	574	1	1356891390
9	575	1	1356890601
9	576	1	1356890814
9	577	1	1356890870
9	578	1	1356890934
9	579	1	1356891100
9	580	1	1356891641
9	580	1	1356892239
9	580	1	1356892351
9	580	1	1356892393
9	580	1	1356892430
9	580	1	1356892670
9	580	1	1356892734
9	580	1	1356892887
89	582	1	1359580951
89	583	1	1359581081
116	584	1	1359910930
19	585	1	1360030627
120	585	1	1417131908
120	585	1	1487249757
19	586	1	1360034960
19	587	1	1361149649
19	588	1	1361155297
89	589	1	1361233455
9	591	1	1361548680
9	591	1	1361549259
9	592	1	1361549169
9	592	1	1361549320
9	592	1	1361549464
9	592	1	1361549488
9	592	1	1361549539
9	592	1	1361549960
9	592	1	1361550034
9	592	1	1361550055
9	592	1	1361550083
9	592	1	1361716848
9	592	1	1361716882
9	592	1	1361716932
9	592	1	1361729799
9	592	1	1361729854
9	592	1	1361787904
9	592	1	1361789791
9	592	1	1361789880
9	592	1	1361809298
9	592	1	1362408794
9	592	1	1362499887
9	592	1	1362649001
9	592	1	1362678024
9	592	1	1362763032
9	592	1	1362797410
9	592	1	1362844388
9	592	1	1363239230
9	592	1	1363276176
9	592	1	1364694910
9	592	1	1367773109
9	592	1	1368321876
9	592	1	1368321898
9	592	1	1392317536
9	592	1	1392318517
9	592	1	1492350827
9	592	1	1492350858
9	592	1	1492350878
9	592	1	1492355016
9	592	1	1492355761
9	592	1	1492356222
9	592	1	1492360404
9	592	1	1492362151
9	592	1	1492366887
9	592	1	1492366970
9	592	1	1492367052
9	592	1	1492369617
9	592	1	1492440112
9	592	1	1492447583
9	592	1	1492705211
9	593	1	1361549395
9	594	1	1361550458
9	594	1	1361551083
9	594	1	1361551386
9	594	1	1361551558
9	594	1	1361551974
9	594	1	1361553973
9	594	1	1361555027
9	594	1	1361557791
9	594	1	1361626644
9	594	1	1361716655
9	594	1	1361716778
9	594	1	1361716976
9	594	1	1361728952
9	594	1	1392316135
9	594	1	1392316165
9	594	1	1392316242
9	594	1	1392317177
9	594	1	1392317658
9	594	1	1392942963
9	594	1	1392942993
121	594	1	1469654533
9	594	1	1492269712
9	594	1	1492351071
9	594	1	1492351123
9	594	1	1492351353
9	594	1	1492352161
9	594	1	1492354931
9	594	1	1492355602
9	594	1	1492355684
9	595	1	1361551267
9	596	1	1361717075
9	597	1	1361729227
9	597	1	1361729290
9	597	1	1361729637
9	597	1	1361729724
9	597	1	1361786931
9	597	1	1365002858
9	597	1	1392317294
9	597	1	1392317332
9	597	1	1492354983
9	597	1	1492355158
9	597	1	1492355421
9	597	1	1492355516
9	597	1	1492355845
9	597	1	1492356028
9	598	1	1361787132
9	598	1	1361787159
9	598	1	1361787856
9	598	1	1361788645
9	598	1	1392317830
9	598	1	1492359773
9	598	1	1492360131
9	598	1	1492360352
9	599	1	1361788068
9	599	1	1361788610
9	599	1	1392317948
9	599	1	1492360024
9	599	1	1492367999
9	600	1	1361788881
9	600	1	1361788925
9	600	1	1361788963
9	600	1	1361800414
9	600	1	1392318013
9	600	1	1492368202
9	600	1	1492368559
9	601	1	1361803710
9	601	1	1361803795
9	601	1	1361805137
9	601	1	1361805255
9	601	1	1392318094
9	601	1	1392318163
9	601	1	1492368763
9	601	1	1492368797
9	601	1	1492368972
9	602	1	1361804190
9	603	1	1361805536
9	603	1	1361805570
9	603	1	1361805602
9	603	1	1361805927
9	603	1	1392318243
9	603	1	1392318392
9	603	1	1492369342
9	604	1	1361806482
9	604	1	1361807013
9	604	1	1392318472
9	604	1	1492369515
9	604	1	1492369574
9	605	1	1361806881
9	605	1	1361809084
9	605	1	1361892696
9	605	1	1361984955
9	605	1	1362070850
9	605	1	1362323348
9	605	1	1362373323
9	605	1	1362373693
9	605	1	1392942617
9	605	1	1392942824
9	605	1	1492369598
9	605	1	1492369824
9	605	1	1492372198
9	606	1	1362373419
9	606	1	1362373622
9	606	1	1362386696
9	606	1	1362387752
9	606	1	1392942702
9	606	1	1392942743
9	606	1	1392942765
9	606	1	1492422119
9	606	1	1492422830
9	606	1	1492423149
9	607	1	1362373622
9	608	1	1362387275
9	609	1	1362388040
9	609	1	1362388551
9	609	1	1393524237
9	609	1	1492423371
9	609	1	1492423456
9	610	1	1362388946
9	610	1	1362388965
9	610	1	1362389022
9	610	1	1362389115
9	610	1	1362410419
9	610	1	1393524316
9	610	1	1492423610
9	610	1	1492423755
9	611	1	1362410725
9	611	1	1362412765
9	611	1	1362415588
9	611	1	1362499824
9	611	1	1393524365
9	611	1	1492369030
9	611	1	1492423963
9	611	1	1492424511
9	611	1	1492424544
9	612	1	1362500235
9	612	1	1362648957
9	612	1	1393524450
9	612	1	1492437431
9	612	1	1492437544
9	613	1	1362650146
9	613	1	1362650553
9	613	1	1362675274
9	613	1	1362677974
9	613	1	1393524498
9	613	1	1492438184
9	613	1	1492438304
9	613	1	1492439132
9	614	1	1362678704
9	614	1	1362759098
9	614	1	1362759403
9	614	1	1362759451
9	614	1	1362762893
9	614	1	1362762949
9	614	1	1393524547
9	614	1	1492439248
9	614	1	1492440029
12	616	1	1362751549
12	616	1	1362751821
12	617	1	1362752892
12	617	1	1362752946
12	617	1	1362753080
9	618	1	1362763309
9	618	1	1362763493
9	618	1	1362794617
9	618	1	1362797325
9	618	1	1393524602
9	618	1	1492439266
9	618	1	1492440285
9	618	1	1492440902
9	618	1	1492441454
9	619	1	1362797691
9	619	1	1362797777
9	619	1	1362818587
9	619	1	1362844321
9	619	1	1393524656
9	619	1	1492440313
9	619	1	1492441582
9	619	1	1492442073
9	620	1	1362845181
9	620	1	1362845212
9	620	1	1362845317
9	620	1	1362913421
9	620	1	1362913826
9	620	1	1362916336
9	620	1	1363106702
9	620	1	1363158157
9	620	1	1363167434
9	620	1	1363189118
9	620	1	1363239137
9	620	1	1393524707
9	620	1	1393525143
9	620	1	1492442204
9	620	1	1492444338
9	620	1	1492446503
9	620	1	1492447404
9	621	1	1362913732
9	622	1	1363239509
9	622	1	1363250182
9	622	1	1363275046
9	622	1	1393524761
9	622	1	1492447702
9	622	1	1492447744
9	622	1	1492447820
9	622	1	1492448188
9	623	1	1363275774
9	623	1	1363275943
9	623	1	1363276054
9	623	1	1363937417
9	623	1	1363938025
9	623	1	1363970627
9	623	1	1363970702
9	623	1	1364017226
9	623	1	1364018690
9	623	1	1364094301
9	623	1	1364186788
9	623	1	1364187789
9	623	1	1364619883
9	623	1	1364659280
9	623	1	1364694431
9	623	1	1393524817
9	623	1	1455897757
9	623	1	1492448332
9	623	1	1492448508
9	623	1	1492449333
9	623	1	1492451288
122	625	1	1363973159
122	626	1	1363973167
89	627	1	1364092666
19	628	1	1364142368
19	629	1	1364146444
19	630	1	1364172885
19	631	1	1364174734
123	631	1	1451502382
9	632	1	1364694828
9	632	1	1364695464
9	632	1	1364803262
9	632	1	1364866294
9	632	1	1364916573
9	632	1	1364963645
9	632	1	1365003399
9	632	1	1365003457
9	632	1	1365003945
9	632	1	1365090438
9	632	1	1365136216
9	632	1	1365169165
9	632	1	1365620074
9	632	1	1365783319
9	632	1	1365861723
9	632	1	1365906746
9	632	1	1365960714
9	632	1	1366002153
9	632	1	1366090351
9	632	1	1366263281
9	632	1	1366389159
9	632	1	1366605127
9	632	1	1367080281
9	632	1	1367116410
9	632	1	1367150121
9	632	1	1367168511
9	632	1	1367211064
9	632	1	1367254168
9	632	1	1367300792
9	632	1	1367328147
9	632	1	1367328309
9	632	1	1367328659
9	632	1	1367329727
9	632	1	1367385357
9	632	1	1367410739
9	632	1	1367559382
9	632	1	1367559455
9	632	1	1367595703
9	632	1	1367631515
9	632	1	1367688410
9	632	1	1367763579
9	632	1	1367773038
9	632	1	1392308014
9	632	1	1393524896
9	632	1	1492530456
9	632	1	1492532020
9	632	1	1492623796
9	633	1	1365003339
124	634	1	1365258057
125	635	1	1366084221
89	636	1	1367174402
126	637	1	1367354191
123	637	1	1451502365
9	638	1	1367773428
9	638	1	1367773607
9	638	1	1367773731
9	638	1	1367811985
9	638	1	1367858110
9	638	1	1367906048
9	638	1	1367990685
9	638	1	1368032733
9	638	1	1368085874
9	638	1	1368117982
9	638	1	1368162943
9	638	1	1368292914
9	638	1	1368321610
9	638	1	1368337126
9	638	1	1368418967
9	638	1	1368502662
9	638	1	1369975199
9	638	1	1369988194
9	638	1	1370011323
9	638	1	1370020769
9	638	1	1370049776
9	638	1	1370094935
9	638	1	1370107611
9	638	1	1370139154
9	638	1	1370151885
9	638	1	1393524973
9	638	1	1393525940
9	638	1	1394735790
9	638	1	1394809360
9	638	1	1395340230
9	638	1	1395417839
9	638	1	1396016161
9	638	1	1396616582
9	638	1	1396616693
9	638	1	1455892006
9	638	1	1455897168
9	638	1	1455903749
9	638	1	1455942958
9	638	1	1455952014
9	638	1	1455973143
9	638	1	1455973197
9	638	1	1455973226
9	638	1	1456034326
9	638	1	1456046145
9	638	1	1456046216
9	638	1	1456046282
9	638	1	1456046354
9	638	1	1492705185
9	638	1	1492706149
9	638	1	1492708650
9	638	1	1492709583
9	638	1	1492883824
9	638	1	1492968854
9	638	1	1493051218
9	638	1	1493141607
9	638	1	1493222525
9	638	1	1493746898
9	638	1	1493832071
9	638	1	1493919349
9	638	1	1494002999
9	638	1	1494098204
9	638	1	1494178997
9	638	1	1494348103
9	638	1	1494865192
9	638	1	1494958383
9	638	1	1495033724
9	638	1	1495129398
9	638	1	1495215465
9	638	1	1495562585
127	639	1	1368538846
128	640	1	1369493746
128	640	1	1380345843
19	640	1	1381706531
128	640	1	1384698329
128	640	1	1408420138
19	641	1	1370217413
19	642	1	1372733594
19	643	1	1372820696
129	644	1	1375671264
19	644	1	1381682354
130	645	1	1376682744
130	646	1	1377991775
131	647	1	1378042236
69	648	1	1379175740
69	649	1	1379175741
19	650	1	1379281033
19	651	1	1379302459
123	651	1	1451505970
19	652	1	1379463748
19	653	1	1379467464
19	654	1	1379560751
19	655	1	1379562445
19	656	1	1379563789
19	657	1	1379897208
19	658	1	1379898993
19	659	1	1380159620
19	660	1	1380163850
19	661	1	1380395923
19	662	1	1380397300
19	663	1	1380400938
132	663	1	1385795920
132	663	1	1388051925
132	663	1	1391247466
19	663	1	1408626457
133	663	1	1411917886
134	663	1	1411919412
19	663	1	1413772478
19	663	1	1438465539
19	664	1	1380407505
132	664	1	1385473839
132	664	1	1386742561
132	664	1	1391654985
132	664	1	1393934935
133	664	1	1411917887
134	664	1	1411919413
19	664	1	1414897995
128	665	1	1380546737
128	665	1	1382847235
128	665	1	1382861071
135	666	1	1381106057
135	666	1	1381107178
135	666	1	1381107300
135	667	1	1381107753
135	667	1	1381107890
135	668	1	1381108008
135	669	1	1381108251
135	670	1	1381108902
135	671	1	1381109429
19	672	1	1381683823
19	673	1	1381700133
128	673	1	1382878268
128	673	1	1382932144
19	674	1	1381723289
77	674	1	1450290221
135	675	1	1381788355
135	675	1	1381802362
135	676	1	1381876106
136	677	1	1382041367
137	678	1	1383037253
138	679	1	1383338285
139	680	1	1384096880
140	680	1	1385791734
141	681	1	1384698679
142	682	1	1384786157
143	683	1	1385383700
27	684	1	1385550239
144	685	1	1387293352
9	687	1	1388601486
9	687	1	1388601862
10	687	1	1399451446
10	687	1	1399451741
9	688	1	1388601631
9	689	1	1388601710
9	690	1	1388601781
10	691	1	1398765544
145	692	1	1389404404
145	692	1	1389404445
145	692	1	1389404480
145	692	1	1389404724
145	692	1	1389404747
145	692	1	1389405257
145	692	1	1389405345
145	692	1	1389405879
145	692	1	1389406145
145	692	1	1389406173
145	692	1	1389406225
145	692	1	1389406283
145	692	1	1389406401
145	692	1	1389406612
145	692	1	1389406640
145	692	1	1389407949
145	692	1	1389407992
145	692	1	1389408050
145	692	1	1389408100
145	692	1	1389408194
145	692	1	1389424867
145	692	1	1389425168
145	692	1	1389425423
145	692	1	1389425588
145	692	1	1389425751
145	692	1	1389426232
145	692	1	1389426402
145	692	1	1389426597
145	692	1	1389445145
145	692	1	1389445858
145	692	1	1389446700
145	692	1	1389446975
145	692	1	1389447738
145	692	1	1389447899
145	692	1	1389450049
145	692	1	1389579990
145	692	1	1389580424
145	692	1	1389580507
145	692	1	1389580621
145	692	1	1389580777
145	692	1	1389581202
145	692	1	1389581243
145	692	1	1389594731
145	692	1	1389594855
145	692	1	1389595060
145	692	1	1389595129
145	692	1	1389595821
145	692	1	1389610543
145	692	1	1389610982
145	692	1	1389703554
145	692	1	1389762589
145	692	1	1389763835
145	692	1	1389764389
145	692	1	1389764749
145	692	1	1389764811
145	692	1	1389772027
145	692	1	1389772113
145	692	1	1389791325
145	692	1	1389791558
145	692	1	1389882304
145	692	1	1389882383
145	692	1	1389882524
145	692	1	1389882570
145	692	1	1389939760
145	692	1	1389941381
145	692	1	1389942706
145	692	1	1389963791
145	692	1	1389963871
145	692	1	1390006985
145	692	1	1390024481
145	692	1	1390024571
145	692	1	1390025168
145	692	1	1390025283
145	692	1	1390025445
145	692	1	1390041054
145	692	1	1390041094
145	692	1	1390104021
145	692	1	1390104309
145	692	1	1390132885
145	692	1	1390132996
145	692	1	1390140618
145	692	1	1390188658
145	692	1	1390189214
145	692	1	1390205319
145	692	1	1390205579
145	692	1	1390205679
145	692	1	1390206431
145	692	1	1390206477
145	692	1	1390206565
145	692	1	1390217734
145	692	1	1390218376
145	692	1	1390218448
145	692	1	1390271243
145	692	1	1390295028
145	692	1	1390696343
145	692	1	1390725966
145	692	1	1390726142
145	692	1	1390817581
145	692	1	1390817677
145	692	1	1390825566
145	692	1	1390825971
145	692	1	1390827727
145	692	1	1390828135
145	692	1	1390828967
145	692	1	1391474426
145	692	1	1391474471
145	692	1	1391474480
145	692	1	1391474720
145	692	1	1391475013
145	692	1	1391475323
145	692	1	1391475387
145	692	1	1391503815
145	692	1	1391503952
145	692	1	1391573542
145	692	1	1391598278
145	692	1	1391604146
145	692	1	1391605362
145	692	1	1391606675
145	692	1	1391607579
145	692	1	1391611276
145	692	1	1391654484
145	692	1	1391693635
145	692	1	1391693843
145	692	1	1391694355
145	692	1	1391694835
145	692	1	1391694974
145	692	1	1391695108
145	692	1	1391696956
145	692	1	1391697003
145	692	1	1391697623
145	692	1	1391697764
145	692	1	1391738624
145	692	1	1391738683
145	692	1	1391824429
145	692	1	1391824591
145	692	1	1391932837
145	692	1	1391942783
145	692	1	1391952688
145	692	1	1391961985
145	692	1	1391962381
145	692	1	1391962513
145	692	1	1391997885
145	692	1	1391998119
145	692	1	1391998177
145	692	1	1391998265
145	692	1	1391998364
145	692	1	1391998437
145	692	1	1391998564
145	692	1	1392085157
145	692	1	1392085502
145	692	1	1392085651
145	692	1	1392085761
145	692	1	1392085796
145	692	1	1392172232
145	692	1	1392172320
145	692	1	1392172432
145	692	1	1392172482
145	692	1	1392196316
145	692	1	1392196383
145	692	1	1392375946
145	692	1	1392431753
145	692	1	1392445123
145	692	1	1392623907
145	692	1	1392623984
145	692	1	1392633920
145	692	1	1392634631
145	692	1	1392701750
145	692	1	1392717611
145	692	1	1392803201
145	692	1	1392903884
145	692	1	1392904157
145	692	1	1392904264
145	692	1	1392970010
145	692	1	1392970065
145	692	1	1393035508
145	692	1	1393035935
145	692	1	1393036078
145	692	1	1393053697
145	692	1	1393054750
145	692	1	1393141780
145	692	1	1393142301
145	692	1	1393142457
145	692	1	1393227684
145	692	1	1393227856
145	692	1	1393315274
145	692	1	1393399545
145	692	1	1393399607
145	692	1	1393399648
145	692	1	1393400218
145	692	1	1393407292
145	692	1	1393418724
145	692	1	1393418869
145	692	1	1393579983
145	692	1	1393580086
145	692	1	1393602753
145	692	1	1393896401
145	692	1	1393896806
145	692	1	1393947255
145	692	1	1393947333
145	692	1	1394087721
145	692	1	1394088222
145	692	1	1394089143
145	692	1	1394089204
145	692	1	1394089348
145	692	1	1395102534
145	692	1	1395134684
145	692	1	1395582257
145	692	1	1395582447
145	692	1	1395715620
145	692	1	1395715675
145	692	1	1396109972
145	692	1	1396110122
145	692	1	1396597951
145	692	1	1398520653
145	692	1	1398520866
145	692	1	1398520981
145	692	1	1398521087
145	692	1	1399025004
145	692	1	1399102115
145	692	1	1399102184
145	692	1	1399339102
145	692	1	1399351139
145	692	1	1399351254
145	692	1	1399351315
145	692	1	1399795165
145	692	1	1400552087
145	692	1	1400552508
145	692	1	1400552573
145	692	1	1400552641
145	692	1	1400552798
145	692	1	1400552877
145	692	1	1400917225
145	692	1	1401003521
145	692	1	1401175827
145	692	1	1401260537
145	692	1	1401261072
145	692	1	1401325095
145	692	1	1403154176
145	692	1	1408674620
145	692	1	1408798399
145	692	1	1414462363
145	692	1	1414462421
145	692	1	1414462584
145	692	1	1414462777
145	692	1	1417046906
145	692	1	1418807276
145	692	1	1421040167
145	692	1	1431440210
145	692	1	1437657319
145	693	1	1389610669
145	694	1	1390030007
145	694	1	1390030615
145	694	1	1390031790
145	694	1	1390033186
145	694	1	1390033987
145	694	1	1390035486
145	694	1	1390036279
145	694	1	1390037028
145	694	1	1390038264
145	694	1	1390040758
145	694	1	1390041674
145	694	1	1390042329
145	694	1	1390042956
145	694	1	1390043276
145	694	1	1390043389
145	694	1	1390043561
145	694	1	1390043653
145	694	1	1390044081
145	694	1	1390044307
145	694	1	1390044392
145	694	1	1390047137
145	694	1	1390047768
145	694	1	1390048084
145	694	1	1390048416
145	694	1	1390048869
145	694	1	1390050778
145	694	1	1390050938
145	694	1	1390051022
145	694	1	1390051155
145	694	1	1390051616
145	694	1	1390051846
145	694	1	1390051890
145	694	1	1390052708
145	694	1	1390052801
145	694	1	1390053212
145	694	1	1390053684
145	694	1	1390054548
145	694	1	1390055217
145	694	1	1390056135
145	694	1	1390056229
145	694	1	1390056644
145	694	1	1390056898
145	694	1	1390057634
145	694	1	1390058284
145	694	1	1390058409
145	694	1	1390058543
145	694	1	1390058954
145	694	1	1390059299
145	694	1	1390059564
145	694	1	1390059769
145	694	1	1390060038
145	694	1	1390060233
145	694	1	1390060340
145	694	1	1390060581
145	694	1	1390060675
145	694	1	1390060901
145	694	1	1390061072
145	694	1	1390061261
145	694	1	1390061422
145	694	1	1390061552
145	694	1	1390061629
145	694	1	1390061856
145	694	1	1390061937
145	694	1	1390063043
145	694	1	1390064359
145	694	1	1390091734
145	694	1	1390091847
145	694	1	1390092966
145	694	1	1390093182
145	694	1	1390093345
145	694	1	1390093539
145	694	1	1390101129
145	694	1	1392181548
145	694	1	1392181811
145	694	1	1392364289
145	694	1	1392364354
145	694	1	1393377728
115	694	1	1452883202
145	695	1	1390058544
19	696	1	1390174874
146	696	1	1487200732
19	697	1	1390254138
19	698	1	1390265276
147	699	1	1390299889
145	700	1	1390701416
145	700	1	1390701866
145	700	1	1390702190
145	700	1	1390702233
145	700	1	1390702418
145	700	1	1390703015
145	700	1	1390703553
145	700	1	1390704323
145	700	1	1390704556
145	700	1	1390704697
145	700	1	1390704910
145	700	1	1390705175
145	700	1	1390705311
145	700	1	1390705812
145	700	1	1390706250
145	700	1	1390706494
145	700	1	1390706725
145	700	1	1390707091
145	700	1	1390707359
145	700	1	1390707440
145	700	1	1390707497
145	700	1	1390719825
145	700	1	1390720562
145	700	1	1390720797
145	700	1	1390720969
145	700	1	1390721452
145	700	1	1390721624
145	700	1	1390722872
145	700	1	1390726994
145	700	1	1390727224
145	700	1	1390727535
145	700	1	1390730005
145	700	1	1390741275
145	700	1	1390742488
145	700	1	1390744231
145	700	1	1390802511
145	700	1	1390802741
145	700	1	1390802928
145	700	1	1390803174
145	700	1	1390803301
145	700	1	1390803491
145	700	1	1390803546
145	700	1	1390817895
145	700	1	1390819478
145	700	1	1390819652
145	700	1	1390819858
145	700	1	1390819929
145	700	1	1390820086
145	700	1	1390820192
145	700	1	1390873484
145	700	1	1390917226
145	700	1	1390919422
145	700	1	1390922775
145	700	1	1390923468
145	700	1	1390923975
145	700	1	1390958075
145	700	1	1390958142
145	700	1	1390958461
145	700	1	1390958587
145	700	1	1390959408
145	700	1	1390960155
145	700	1	1390960355
145	700	1	1390962966
145	700	1	1390963524
145	700	1	1390964089
145	700	1	1390964301
145	700	1	1390964387
145	700	1	1390965124
145	700	1	1390981328
145	700	1	1390981748
145	700	1	1390981828
145	700	1	1391391084
145	700	1	1391391210
145	700	1	1391391258
145	700	1	1391391476
145	700	1	1391502588
145	700	1	1391503263
145	700	1	1391504168
145	700	1	1391504243
145	700	1	1391510959
145	700	1	1391511017
145	700	1	1391511052
145	700	1	1391511144
145	700	1	1391511174
145	700	1	1391511312
145	700	1	1391511429
145	700	1	1391511563
145	700	1	1391512155
145	700	1	1391512216
145	700	1	1391512295
145	700	1	1391512387
145	700	1	1391512571
145	700	1	1391512612
145	700	1	1391512727
145	700	1	1391523984
145	700	1	1391653666
145	700	1	1391653790
145	700	1	1391738503
145	700	1	1391743830
145	700	1	1391744112
145	700	1	1392431893
145	700	1	1392432089
145	700	1	1392621421
145	700	1	1392629780
145	700	1	1392634321
145	700	1	1392638707
145	700	1	1392638824
145	700	1	1392639097
145	700	1	1392639313
145	700	1	1392639423
145	700	1	1392640258
145	700	1	1392641428
145	700	1	1392643725
145	700	1	1392648118
145	700	1	1392648417
145	700	1	1392803101
145	700	1	1392877085
145	700	1	1392877828
145	700	1	1392877870
145	700	1	1392878011
145	700	1	1392885581
145	700	1	1392886876
145	700	1	1392887897
145	700	1	1392888187
145	700	1	1393036265
145	700	1	1393036366
145	700	1	1393036424
145	700	1	1393938698
145	700	1	1394029415
145	700	1	1394030431
145	700	1	1394871408
145	700	1	1394871451
145	700	1	1402025575
145	700	1	1405077035
145	700	1	1405113157
145	700	1	1405113257
145	700	1	1405113357
145	700	1	1405139798
145	700	1	1405207709
145	700	1	1405207848
145	700	1	1405209098
145	700	1	1405304493
145	700	1	1405388156
145	700	1	1405388251
145	700	1	1405388283
145	700	1	1405388323
145	700	1	1405388348
145	700	1	1405388390
145	700	1	1405469938
145	700	1	1405734907
145	700	1	1405735001
145	700	1	1405735080
145	700	1	1405821987
145	700	1	1406002339
145	700	1	1407202181
145	700	1	1407213588
145	700	1	1407231493
145	700	1	1407304729
145	700	1	1407304752
145	700	1	1407390178
145	700	1	1407481375
145	700	1	1407481415
145	700	1	1407644049
145	700	1	1407644101
145	700	1	1407644137
145	700	1	1407644386
145	700	1	1407644449
145	700	1	1407729147
145	700	1	1407729297
145	700	1	1407729347
145	700	1	1408329774
145	700	1	1408331354
145	700	1	1408332481
145	700	1	1408406980
145	700	1	1408526186
145	700	1	1408526953
145	700	1	1408526994
145	700	1	1408527081
145	700	1	1408583967
145	700	1	1408588502
145	700	1	1408588642
145	700	1	1408609940
145	700	1	1408610259
145	700	1	1408610416
145	700	1	1408610506
145	700	1	1408610627
145	700	1	1408610695
145	700	1	1408610722
145	700	1	1408610947
145	700	1	1408673905
145	700	1	1408673999
145	700	1	1408674146
145	700	1	1408674485
145	700	1	1408675655
145	700	1	1408675780
145	700	1	1408675941
145	700	1	1408681630
145	700	1	1408685514
145	700	1	1408687149
145	700	1	1408689646
145	700	1	1408690014
145	700	1	1408690072
145	700	1	1408758710
145	700	1	1409107196
145	700	1	1409107347
145	700	1	1409120388
145	700	1	1409205078
145	700	1	1411032284
145	700	1	1411735987
145	700	1	1411811349
145	700	1	1411811421
145	700	1	1414462677
145	700	1	1417592997
145	700	1	1417827859
145	700	1	1421040015
145	700	1	1421040098
145	700	1	1427431313
145	700	1	1428709187
145	700	1	1428709242
145	700	1	1428709285
145	700	1	1428709322
145	700	1	1429421295
145	700	1	1436193904
145	700	1	1436193982
145	700	1	1437657240
145	700	1	1445412204
145	700	1	1449990966
145	700	1	1449991150
145	700	1	1449991419
145	700	1	1455515519
145	700	1	1456032062
145	700	1	1467189460
145	700	1	1475118870
145	700	1	1493431358
145	700	1	1493431713
145	700	1	1493636297
145	700	1	1493701832
145	700	1	1493701919
145	700	1	1493702588
145	700	1	1493703823
145	700	1	1493703864
145	700	1	1493703978
145	700	1	1493704281
145	700	1	1493704829
145	700	1	1493704854
145	700	1	1493705819
145	700	1	1493705863
145	700	1	1493705888
145	700	1	1493706411
145	700	1	1493706463
145	700	1	1493711122
145	700	1	1493711379
145	700	1	1493711438
145	700	1	1493711595
145	700	1	1493711656
145	700	1	1493711715
145	700	1	1493718280
145	700	1	1493718322
145	700	1	1493723317
145	700	1	1493723372
145	700	1	1493723471
145	700	1	1493723684
145	700	1	1493723809
145	700	1	1493724832
145	700	1	1493725074
145	700	1	1493725256
145	700	1	1493725422
145	700	1	1493726506
145	700	1	1493727365
145	700	1	1493727644
145	700	1	1493731562
145	700	1	1493732454
145	700	1	1493732599
145	700	1	1493733089
145	700	1	1493770858
145	700	1	1493771079
145	700	1	1493771684
145	700	1	1493771787
145	700	1	1493771933
145	700	1	1493772438
145	700	1	1493772984
145	700	1	1493773135
145	700	1	1493773694
145	700	1	1493773747
145	700	1	1493775285
145	700	1	1493775807
145	700	1	1493776651
145	700	1	1493776919
145	700	1	1493777151
145	700	1	1493779802
145	700	1	1493780154
145	700	1	1493780436
145	700	1	1493780624
145	700	1	1493780771
145	700	1	1493810044
145	700	1	1493810072
145	700	1	1493810096
145	700	1	1493810679
145	700	1	1493810757
145	700	1	1493811057
145	700	1	1493811256
145	700	1	1493816825
145	700	1	1493816939
145	700	1	1493816984
145	700	1	1493817479
145	700	1	1493881104
145	700	1	1493881239
145	700	1	1493881556
145	700	1	1493882356
145	700	1	1493882676
145	700	1	1493883058
145	700	1	1493883360
145	700	1	1493884301
145	700	1	1493887554
145	700	1	1493888016
145	700	1	1493888670
145	700	1	1493889044
145	700	1	1493969214
145	700	1	1493969381
145	700	1	1493969927
145	700	1	1493970222
145	700	1	1493970671
145	700	1	1493971012
145	700	1	1493972556
145	700	1	1493973131
145	700	1	1493973219
145	700	1	1493973666
145	700	1	1493973777
145	700	1	1493973855
145	700	1	1493973915
145	700	1	1493974027
145	700	1	1493974432
145	700	1	1493979887
145	700	1	1493980170
145	700	1	1494025778
145	700	1	1494025869
145	700	1	1494025960
145	700	1	1494026076
145	700	1	1494033664
145	700	1	1494033952
145	700	1	1494222621
145	700	1	1494292188
145	700	1	1494292319
145	700	1	1494300649
145	700	1	1494302981
145	700	1	1494303078
145	700	1	1494305899
145	700	1	1494306164
145	700	1	1494306509
145	700	1	1494307007
145	700	1	1494310149
145	700	1	1494310385
145	700	1	1494316343
145	700	1	1494316405
145	700	1	1494316445
145	700	1	1494316644
145	700	1	1494316767
145	700	1	1494317361
145	700	1	1494317559
145	700	1	1494317619
145	700	1	1494329800
145	700	1	1494330384
145	700	1	1494330544
145	700	1	1494330746
145	700	1	1494330823
145	700	1	1494331054
145	700	1	1494331432
145	700	1	1494331618
145	700	1	1494331764
145	700	1	1494378096
145	700	1	1494379032
145	700	1	1494379261
145	700	1	1494379430
145	700	1	1494380004
145	700	1	1494389082
145	700	1	1494389828
145	700	1	1494465888
145	700	1	1494466328
145	700	1	1494466643
145	700	1	1494466845
145	700	1	1494467045
145	700	1	1494570353
145	700	1	1494573717
145	700	1	1494574921
145	700	1	1494575301
145	700	1	1494575841
145	700	1	1494576573
145	700	1	1494590377
145	700	1	1494590502
145	700	1	1494591320
145	700	1	1494592712
145	700	1	1494592949
145	700	1	1494593105
145	700	1	1494593277
145	700	1	1494593411
145	700	1	1494593812
145	700	1	1494594154
145	700	1	1494631637
145	700	1	1494631815
145	700	1	1494632430
145	700	1	1494636431
145	700	1	1494650676
145	700	1	1494659702
145	700	1	1494808406
145	700	1	1494808668
145	700	1	1494835155
145	700	1	1494835388
145	700	1	1494835421
145	700	1	1494835520
145	700	1	1494836013
145	700	1	1494836740
145	700	1	1494837033
145	700	1	1494993070
145	700	1	1495022611
145	700	1	1495171569
145	700	1	1495195973
145	700	1	1495249085
145	700	1	1495249202
145	700	1	1495249369
145	700	1	1495449872
145	700	1	1495454244
145	700	1	1495454362
145	700	1	1495468051
145	700	1	1495468500
145	700	1	1495468978
145	700	1	1495469489
145	700	1	1495706844
145	700	1	1496131041
145	700	1	1496131757
145	700	1	1496221145
145	700	1	1496557034
145	700	1	1496557497
145	700	1	1496618248
145	700	1	1496618459
145	700	1	1496662078
145	700	1	1496662676
145	700	1	1496667514
145	700	1	1496667807
145	700	1	1496668445
145	700	1	1496671842
145	700	1	1496672049
145	700	1	1496672247
145	700	1	1496680424
145	700	1	1496680606
145	700	1	1496680701
145	700	1	1496681094
145	700	1	1496681137
145	700	1	1496681381
145	700	1	1496703941
145	700	1	1496704594
145	700	1	1496704784
145	700	1	1496710891
145	700	1	1496711048
145	700	1	1496711973
145	700	1	1496712306
145	700	1	1496712432
145	700	1	1496712754
145	700	1	1496713372
145	700	1	1496715105
145	700	1	1496715226
145	700	1	1496715682
145	700	1	1496715738
145	700	1	1496715872
145	700	1	1496715986
145	700	1	1496716859
145	700	1	1496720247
145	700	1	1496724565
145	700	1	1496724637
145	700	1	1496724718
145	700	1	1496724773
145	700	1	1496725302
145	700	1	1496739748
145	700	1	1496746879
145	700	1	1496759844
145	700	1	1496812968
145	700	1	1496817688
145	700	1	1496831365
145	700	1	1496831637
145	700	1	1496831699
145	700	1	1496832674
145	700	1	1496845714
145	700	1	1496845960
145	700	1	1496899336
145	700	1	1496899668
145	700	1	1496904334
145	700	1	1496905601
145	700	1	1496906723
145	700	1	1496906788
145	700	1	1496906835
145	700	1	1496906876
145	700	1	1496909476
145	700	1	1496922112
145	700	1	1496988631
145	700	1	1496988710
145	700	1	1497015335
145	700	1	1497060168
145	700	1	1497060849
145	700	1	1497060940
145	700	1	1497061392
145	700	1	1497062102
145	700	1	1497062412
145	700	1	1497062994
145	700	1	1497076602
145	700	1	1497076635
145	700	1	1497076762
145	700	1	1497077102
145	700	1	1497077240
145	700	1	1497321673
145	700	1	1497322082
145	700	1	1497331019
145	700	1	1497331176
145	700	1	1497338117
145	700	1	1497349862
145	700	1	1497349959
145	700	1	1497352341
145	700	1	1497359143
145	700	1	1497359755
145	700	1	1497359832
145	700	1	1497359993
145	700	1	1497360106
145	700	1	1497360341
145	700	1	1497360667
145	700	1	1497365650
145	700	1	1497404480
145	700	1	1497404592
145	700	1	1497404730
145	700	1	1497406269
145	700	1	1497409458
145	700	1	1497409513
145	700	1	1497416087
145	700	1	1497416161
145	700	1	1497416304
145	700	1	1497416565
145	700	1	1497416759
145	700	1	1497417771
145	700	1	1497441346
145	700	1	1497441472
145	700	1	1497450561
145	700	1	1497450710
145	700	1	1497450820
145	700	1	1497450992
145	700	1	1497451549
145	700	1	1497451645
145	700	1	1497451835
145	700	1	1497489267
145	700	1	1497494231
145	700	1	1497494402
145	700	1	1497494580
145	700	1	1497494769
145	700	1	1497495026
145	700	1	1497495141
145	700	1	1497495340
145	700	1	1497506329
145	700	1	1497506621
145	700	1	1497525261
145	700	1	1497529970
145	700	1	1497582786
145	700	1	1497588382
145	700	1	1497600864
145	700	1	1497602091
145	700	1	1497606521
145	700	1	1497621572
145	700	1	1497622675
145	700	1	1497626644
145	700	1	1497626852
145	700	1	1497627544
145	700	1	1497658995
145	700	1	1497662158
145	700	1	1497663220
145	700	1	1497666406
145	700	1	1497666450
145	700	1	1497671017
145	700	1	1497682452
145	700	1	1497690266
145	700	1	1497690381
145	700	1	1497690786
145	700	1	1497691120
145	700	1	1497695983
145	700	1	1497757934
145	700	1	1497764748
145	700	1	1497764866
145	700	1	1497769190
145	700	1	1497772145
145	700	1	1497787233
145	700	1	1497835504
145	700	1	1497836082
145	700	1	1497855454
145	700	1	1497855713
145	700	1	1497864953
145	700	1	1497865074
145	700	1	1497865138
145	700	1	1497874971
145	700	1	1497926144
145	700	1	1497926198
145	700	1	1497928550
145	700	1	1498024201
145	700	1	1498091334
145	700	1	1498091572
145	700	1	1498100696
145	700	1	1498109913
145	700	1	1498132148
145	700	1	1498177415
145	700	1	1498177523
145	700	1	1498177554
145	700	1	1498177599
145	700	1	1498177789
145	700	1	1498181697
145	700	1	1498185830
145	700	1	1498202078
145	700	1	1498204708
145	700	1	1498207927
145	700	1	1498208385
145	700	1	1498216262
145	700	1	1498218743
145	700	1	1498218801
145	700	1	1498278774
145	700	1	1498285143
145	700	1	1498290647
145	700	1	1498310381
145	700	1	1498311576
145	700	1	1498312132
145	700	1	1498315382
145	700	1	1498347126
145	700	1	1498347645
145	700	1	1498351856
145	700	1	1498352455
145	700	1	1498352934
145	700	1	1498353541
145	700	1	1498360267
145	700	1	1498438184
145	700	1	1498443177
145	700	1	1498483005
145	700	1	1498483087
145	700	1	1498528651
145	700	1	1498569133
145	700	1	1498958177
9	701	1	1392316051
9	702	1	1392316068
9	703	1	1392316398
9	704	1	1392316417
9	705	1	1392319040
9	706	1	1392320038
9	706	1	1392390531
9	707	1	1392338540
9	708	1	1392338566
9	709	1	1392338652
9	710	1	1392338982
9	711	1	1392339017
9	721	1	1392383786
9	722	1	1392383849
9	723	1	1392383883
9	724	1	1392383909
9	725	1	1392383940
9	726	1	1392384601
9	727	1	1392384635
9	728	1	1392384934
148	729	1	1392384935
9	730	1	1392384987
9	731	1	1392385111
9	732	1	1392385362
9	733	1	1392391211
9	734	1	1392391241
9	735	1	1392391295
9	736	1	1392391960
148	737	1	1392391979
9	738	1	1392391987
9	739	1	1392392016
9	740	1	1392392046
9	741	1	1392392067
9	742	1	1392392086
9	743	1	1392392107
9	744	1	1392392168
9	745	1	1392392214
9	746	1	1392392268
9	747	1	1392392294
9	748	1	1392392329
11	749	1	1392463068
11	749	1	1392464026
11	749	1	1392479264
11	749	1	1392479399
11	749	1	1392543273
11	749	1	1392543626
11	749	1	1392565228
11	749	1	1392612780
11	749	1	1392632752
11	749	1	1392784007
11	749	1	1392799580
11	749	1	1392870181
11	749	1	1393155723
11	749	1	1393579785
11	749	1	1393579849
11	749	1	1393579909
11	749	1	1393820558
11	749	1	1397186939
11	749	1	1423629512
11	749	1	1423905399
11	749	1	1423905590
11	749	1	1429605811
11	749	1	1429605980
11	749	1	1429606532
11	749	1	1429607154
11	749	1	1429608198
11	749	1	1429693759
11	749	1	1469952353
11	749	1	1469952412
11	749	1	1469953151
11	749	1	1469953710
11	749	1	1469953808
11	749	1	1469953858
11	749	1	1469956178
11	749	1	1469956825
11	749	1	1469956850
11	749	1	1490604225
11	749	1	1490604672
11	749	1	1490605805
11	749	1	1490606551
11	749	1	1490608263
11	749	1	1490780992
11	749	1	1491367038
11	749	1	1491810329
11	749	1	1492592037
11	749	1	1498537637
11	749	1	1498537872
11	749	1	1498537920
11	749	1	1498538092
11	749	1	1498538161
11	749	1	1498538306
11	749	1	1498538438
11	749	1	1499139985
11	749	1	1499830729
11	750	1	1392477702
11	750	1	1392477750
11	750	1	1392477987
11	750	1	1392479558
11	750	1	1392479600
11	750	1	1392479642
11	750	1	1392522832
11	750	1	1392526540
11	750	1	1392537706
11	750	1	1392537899
11	750	1	1392537985
11	750	1	1392541136
11	750	1	1392888245
11	750	1	1393821371
11	750	1	1423905820
11	750	1	1423905881
11	750	1	1423906046
11	750	1	1423906173
11	750	1	1423906580
11	750	1	1424080775
149	750	1	1436005517
11	750	1	1467193607
11	750	1	1467193670
11	750	1	1467193859
11	750	1	1467194117
11	750	1	1467347897
11	750	1	1467348199
11	750	1	1469952218
11	750	1	1469952274
11	750	1	1469953407
11	750	1	1469953649
11	750	1	1469953938
11	750	1	1469954011
11	750	1	1469954060
11	750	1	1469954101
11	750	1	1469954135
11	750	1	1469954190
11	750	1	1469954223
11	750	1	1469954267
11	750	1	1469954559
11	750	1	1469954609
11	750	1	1469954923
11	750	1	1469954955
11	750	1	1469954990
11	750	1	1469955049
11	750	1	1469955109
11	750	1	1469955288
11	750	1	1469955429
11	750	1	1469955524
11	750	1	1469955622
11	750	1	1469955752
11	750	1	1469955809
11	750	1	1469955879
11	750	1	1469956047
11	750	1	1469956110
11	750	1	1469956273
11	750	1	1469956475
11	750	1	1469956533
11	750	1	1469956626
11	750	1	1469956695
11	750	1	1469956739
11	750	1	1470386309
11	750	1	1470386518
11	750	1	1470386692
11	750	1	1470387648
11	750	1	1470387849
11	751	1	1392523235
11	751	1	1392524079
11	751	1	1392524764
11	751	1	1392525084
11	751	1	1392541557
11	751	1	1392626386
11	751	1	1423627142
11	752	1	1392542718
11	752	1	1392626082
145	753	1	1392792337
145	753	1	1392792936
145	753	1	1392795624
145	753	1	1392795690
145	753	1	1392798406
145	753	1	1392798765
145	753	1	1392799146
145	753	1	1392799417
145	753	1	1392799481
145	753	1	1392799542
145	753	1	1392799870
145	753	1	1392800371
145	753	1	1392800400
145	753	1	1392800537
145	753	1	1393678387
145	753	1	1393678452
145	753	1	1393678513
145	753	1	1393678594
145	753	1	1395133726
145	753	1	1395133789
145	753	1	1395133807
145	753	1	1395133858
145	753	1	1395133882
11	754	1	1392870253
62	754	1	1484342814
62	754	1	1487924597
11	754	1	1498813646
11	754	1	1498813783
11	754	1	1498813955
11	755	1	1392886635
11	755	1	1392887399
11	757	1	1393124321
11	757	1	1393126980
11	757	1	1393127209
150	757	1	1393127461
11	757	1	1393146668
11	758	1	1393143624
11	758	1	1393144187
11	758	1	1393837682
11	758	1	1423561637
11	758	1	1423626515
11	758	1	1423626728
11	758	1	1423905722
11	758	1	1423988969
11	758	1	1424080161
11	758	1	1424080356
11	758	1	1430715081
11	758	1	1469867892
11	758	1	1469868284
11	758	1	1469868438
11	758	1	1469957386
11	758	1	1469957673
11	758	1	1469957709
11	758	1	1469957843
145	759	1	1393477851
145	759	1	1393482289
145	759	1	1393482388
145	759	1	1393482812
145	759	1	1393482887
145	759	1	1400839768
145	759	1	1400839811
145	759	1	1400839849
145	759	1	1400839902
19	760	1	1393563729
19	761	1	1393567822
19	762	1	1393571003
145	763	1	1393680148
151	764	1	1393705592
145	765	1	1393764603
145	765	1	1393764765
145	765	1	1393765217
145	765	1	1393765286
145	765	1	1393765318
145	765	1	1393765477
142	766	1	1394756906
152	767	1	1395184695
152	767	1	1395426700
152	767	1	1396577891
153	768	1	1396562757
154	769	1	1396596818
10	770	1	1397401197
10	770	1	1397401891
145	771	1	1397801323
145	771	1	1397801374
145	771	1	1397801445
10	772	1	1398676627
10	772	1	1398676702
10	772	1	1398676793
10	772	1	1398676983
10	772	1	1398677064
10	772	1	1398698581
10	772	1	1398758725
10	772	1	1398784398
10	772	1	1398847172
10	772	1	1398847435
10	772	1	1398847815
10	772	1	1398847997
10	772	1	1398848178
10	773	1	1398676818
10	774	1	1398692956
10	774	1	1398694225
10	774	1	1398695078
10	774	1	1398699685
10	774	1	1398759878
10	774	1	1398844019
10	774	1	1398848313
10	774	1	1398848355
10	775	1	1398699972
10	775	1	1398700028
10	775	1	1398700281
10	775	1	1398759973
10	775	1	1398761444
10	776	1	1398760198
10	776	1	1398761001
10	776	1	1398924465
10	776	1	1398926982
10	776	1	1399013109
10	776	1	1399014452
10	776	1	1399015708
10	776	1	1399019635
10	776	1	1399020090
10	776	1	1399020104
10	776	1	1399181866
10	776	1	1401007738
10	777	1	1398761203
10	777	1	1399268618
10	778	1	1398764342
10	778	1	1398764810
10	779	1	1398846864
10	780	1	1398864335
10	780	1	1398864354
10	780	1	1398865064
10	780	1	1398865471
10	780	1	1398865655
10	780	1	1398865915
10	780	1	1399021521
10	781	1	1398918423
10	781	1	1399017956
10	782	1	1398925637
10	782	1	1398925760
10	782	1	1398926589
10	782	1	1399021508
10	782	1	1402131659
10	783	1	1398927473
10	783	1	1398928612
10	783	1	1398929359
10	783	1	1398929903
10	783	1	1399021531
10	784	1	1398928705
10	785	1	1398928873
10	786	1	1398928930
10	787	1	1398929010
10	788	1	1398929093
10	789	1	1398930067
10	790	1	1399014166
10	790	1	1399021541
10	791	1	1399015054
10	791	1	1399021552
10	792	1	1399016647
10	792	1	1399016812
10	792	1	1399021565
10	793	1	1399020499
10	794	1	1399020919
10	795	1	1399021499
10	796	1	1399111885
10	797	1	1399182812
10	798	1	1399183886
10	798	1	1399470724
10	798	1	1399470835
10	798	1	1399472796
10	798	1	1401004219
10	799	1	1399184394
10	799	1	1399470350
10	799	1	1399472998
10	799	1	1401005398
10	799	1	1401006185
10	800	1	1399187123
10	800	1	1399187303
10	800	1	1399188237
10	800	1	1399188618
10	800	1	1400998869
10	800	1	1400999141
10	801	1	1399188006
10	801	1	1399188585
10	801	1	1400998693
10	801	1	1400998768
10	801	1	1400998968
10	801	1	1400999250
10	802	1	1399211657
10	802	1	1399212311
10	803	1	1399211664
10	803	1	1399212843
10	803	1	1399214095
10	803	1	1399214285
10	803	1	1399217505
10	803	1	1399274853
10	804	1	1399213265
10	804	1	1402122478
10	805	1	1399214346
12	805	1	1401471486
12	805	1	1401471553
12	805	1	1401471609
12	805	1	1401471624
10	805	1	1402122280
10	806	1	1399214437
10	807	1	1399214609
12	807	1	1436560916
12	807	1	1436560948
10	808	1	1399267906
10	808	1	1399268570
10	808	1	1399268800
10	808	1	1399268833
10	808	1	1399269498
10	808	1	1399269722
10	808	1	1399269967
10	808	1	1399271250
10	808	1	1399273424
10	809	1	1399269091
10	809	1	1399272245
10	809	1	1399274024
10	810	1	1399269143
10	810	1	1399273186
10	811	1	1399274378
12	811	1	1401472642
12	812	1	1399394997
12	812	1	1399395799
12	812	1	1399396485
12	813	1	1399397657
10	815	1	1399450370
10	815	1	1399450784
10	815	1	1399471163
10	815	1	1399471212
10	815	1	1399471300
10	815	1	1399471547
10	816	1	1399450528
10	818	1	1399451485
145	820	1	1400839811
10	821	1	1400999220
10	822	1	1401008118
155	823	1	1401285581
155	823	1	1401285696
155	824	1	1401285995
12	825	1	1401471875
12	825	1	1401471925
12	825	1	1401471939
12	826	1	1401472044
12	827	1	1401472258
12	827	1	1401472387
12	827	1	1401472497
10	828	1	1402122186
10	829	1	1402122340
10	829	1	1402122619
10	830	1	1402122554
62	831	1	1403183357
9	832	1	1404748351
80	835	1	1408317624
19	836	1	1409106351
19	837	1	1410622562
156	837	1	1447384081
19	838	1	1410709641
19	839	1	1411003594
156	839	1	1447384083
133	840	1	1411917887
105	840	1	1415696273
19	840	1	1420952205
133	841	1	1411917887
105	841	1	1415696287
19	841	1	1420958945
134	842	1	1411919413
134	843	1	1411919413
157	844	1	1413413305
157	844	1	1447353768
157	844	1	1447747472
19	845	1	1416714123
77	845	1	1472038212
77	845	1	1472128977
19	846	1	1416721230
77	846	1	1472038212
77	846	1	1472128978
120	847	1	1417131907
120	848	1	1417131908
19	849	1	1417321308
158	850	1	1418814516
19	851	1	1421017514
19	852	1	1421111615
19	853	1	1421115603
19	854	1	1421119658
19	854	1	1423374899
118	854	1	1424432176
77	855	1	1422983266
77	856	1	1422983267
19	857	1	1423370560
19	858	1	1423377265
118	858	1	1424432176
11	859	1	1423630187
11	860	1	1423630351
19	861	1	1423708250
11	862	1	1423906944
11	862	1	1423907244
19	863	1	1423940345
19	864	1	1424392650
77	864	1	1438202208
118	865	1	1424432176
118	866	1	1424432176
19	867	1	1424582812
77	867	1	1438202020
19	868	1	1424584928
105	868	1	1438447006
19	869	1	1426641854
62	870	1	1426647821
63	870	1	1429228032
62	870	1	1429245623
62	871	1	1426647822
63	871	1	1429228032
62	871	1	1429245623
62	872	1	1426647822
63	872	1	1429228032
62	872	1	1429245624
62	873	1	1426647822
63	873	1	1429228032
62	873	1	1429245623
62	874	1	1426647822
63	874	1	1429228032
62	874	1	1429245624
62	875	1	1426647822
63	875	1	1429228032
62	875	1	1429245624
62	876	1	1426647822
63	876	1	1429228032
62	876	1	1429245624
62	877	1	1426647823
63	877	1	1429228032
62	877	1	1429245638
62	878	1	1426647823
63	878	1	1429228032
62	878	1	1429245638
62	879	1	1426647823
63	879	1	1429228035
62	879	1	1429245638
62	880	1	1426647823
63	880	1	1429228032
62	880	1	1429245638
62	881	1	1426647823
63	881	1	1429228035
62	881	1	1429245639
62	882	1	1426647823
63	882	1	1429228035
62	882	1	1429245639
62	883	1	1426647824
63	883	1	1429228035
62	883	1	1429245639
62	884	1	1426647824
63	884	1	1429228035
62	884	1	1429245639
62	885	1	1426647824
62	886	1	1426647824
63	886	1	1429228035
62	886	1	1429245641
62	887	1	1426647824
63	887	1	1429228035
62	887	1	1429245641
62	888	1	1426647824
63	888	1	1429228035
62	888	1	1429245641
62	889	1	1426647825
63	889	1	1429228038
62	889	1	1429245641
62	890	1	1426647836
63	890	1	1429228038
62	890	1	1429245645
62	891	1	1426647837
63	891	1	1429228038
62	891	1	1429245646
62	892	1	1426647837
63	892	1	1429228039
62	892	1	1429245646
62	893	1	1426647837
63	893	1	1429228038
62	893	1	1429245646
62	894	1	1426647837
63	894	1	1429228038
62	894	1	1429245647
62	895	1	1426647837
63	895	1	1429228038
62	895	1	1429245646
62	896	1	1426647837
63	896	1	1429228038
62	896	1	1429245647
62	897	1	1426647837
63	897	1	1429228038
62	897	1	1429245647
62	898	1	1426647837
63	898	1	1429228039
62	898	1	1429245648
62	899	1	1426647837
63	899	1	1429228042
62	899	1	1429245648
62	900	1	1426647837
63	900	1	1429228042
62	900	1	1429245648
62	901	1	1426647840
63	901	1	1429228042
62	901	1	1429245648
62	902	1	1426647840
63	902	1	1429228042
62	902	1	1429245648
62	903	1	1426647840
63	903	1	1429228043
62	903	1	1429245649
62	904	1	1426647840
63	904	1	1429228042
62	904	1	1429245648
62	905	1	1426647840
63	905	1	1429228042
62	905	1	1429245649
62	906	1	1426647840
63	906	1	1429228042
62	906	1	1429245651
62	907	1	1426647840
63	907	1	1429228042
62	907	1	1429245651
62	908	1	1426647840
63	908	1	1429228042
62	908	1	1429245651
62	909	1	1426647843
63	909	1	1429228046
62	909	1	1429245651
159	910	1	1427371900
159	910	1	1427372113
159	910	1	1427372220
11	912	1	1428919169
11	912	1	1428919295
79	913	1	1429211996
160	916	1	1435822753
12	917	1	1436560560
12	917	1	1436560588
12	918	1	1436560812
12	919	1	1436561074
12	920	1	1436561196
12	920	1	1436561280
12	921	1	1436561685
77	922	1	1438202022
77	923	1	1438202208
161	924	1	1438644847
52	926	1	1441337188
52	926	1	1444020566
162	927	1	1441896263
161	929	1	1443816183
161	930	1	1443816184
161	931	1	1443816184
161	932	1	1443816184
161	933	1	1443816184
161	934	1	1443816184
161	935	1	1443816185
53	936	1	1444016014
163	937	1	1444017256
164	938	1	1444017475
165	940	1	1447337668
77	941	1	1450286617
77	942	1	1450290221
166	944	1	1450451604
123	946	1	1451502365
123	947	1	1451502382
123	948	1	1451505970
167	949	1	1456287521
168	954	1	1459869211
123	960	1	1462387208
169	961	1	1463821491
12	962	1	1465661924
12	962	1	1465661964
12	962	1	1465663457
12	962	1	1465664028
12	962	1	1465664357
12	962	1	1465667134
12	962	1	1465667399
115	962	1	1466548652
18	962	1	1499938797
11	963	1	1469348287
121	964	1	1471953583
121	965	1	1471953813
121	965	1	1471953903
121	966	1	1471953885
121	967	1	1471953936
121	968	1	1471953991
121	969	1	1471954034
121	970	1	1471954057
121	971	1	1471954098
121	972	1	1471954125
121	973	1	1471954231
121	974	1	1471954257
121	975	1	1471954278
121	976	1	1471954307
121	977	1	1471954337
121	978	1	1471954358
121	979	1	1471954383
121	980	1	1471954402
121	981	1	1471954420
121	982	1	1471954443
121	983	1	1471954482
121	983	1	1471954513
121	984	1	1471954501
121	985	1	1471954536
121	985	1	1471954574
121	986	1	1471954556
121	987	1	1471954596
18	988	1	1472001335
77	990	1	1472128977
77	991	1	1472128978
170	992	1	1475593500
171	996	1	1485463067
146	998	1	1487200732
120	999	1	1487249757
172	1000	1	1488772611
9	1003	1	1492108911
9	1003	1	1492108951
9	1003	1	1492232845
9	1003	1	1492411734
9	1003	1	1492411759
9	1004	1	1492109247
9	1004	1	1492113859
9	1004	1	1492113956
9	1004	1	1492180644
9	1004	1	1492180689
9	1004	1	1492183831
9	1004	1	1492230692
9	1004	1	1492231867
9	1004	1	1492232474
9	1004	1	1492232607
9	1004	1	1492232821
9	1004	1	1492267628
9	1004	1	1492268022
9	1004	1	1492270359
9	1004	1	1492270382
9	1004	1	1492270434
9	1004	1	1492315501
9	1004	1	1492315980
9	1004	1	1492411950
9	1004	1	1492412263
9	1004	1	1492412419
9	1004	1	1492414402
9	1004	1	1492414482
9	1005	1	1492267571
9	1005	1	1492269131
9	1005	1	1492269693
9	1005	1	1492269771
9	1005	1	1492315534
9	1005	1	1492315864
9	1005	1	1492315881
9	1005	1	1492417998
9	1006	1	1492316149
9	1006	1	1492316192
9	1006	1	1492321072
9	1006	1	1492327784
9	1006	1	1492335522
9	1006	1	1492345941
9	1006	1	1492347327
9	1006	1	1492412733
9	1006	1	1492414340
9	1006	1	1492420271
9	1006	1	1492420885
9	1007	1	1492348027
9	1007	1	1492348897
9	1007	1	1492413085
9	1007	1	1492417800
9	1008	1	1492348707
9	1009	1	1492354983
9	1010	1	1492360024
9	1011	1	1492369598
9	1012	1	1492412992
9	1013	1	1492413044
9	1014	1	1492439266
9	1015	1	1492440313
98	1017	1	1497568965
