1	1	1	1131023740
1	1	1	1131023823
1	1	1	1131024567
1	1	1	1131024657
1	1	1	1131024678
1	1	1	1138897579
2	1	1	1270640973
1	2	1	1130965065
1	2	1	1131024154
1	2	1	1131024446
1	2	1	1135101639
1	2	1	1135101657
1	2	1	1175988557
1	2	1	1177614373
3	2	1	1429229370
1	3	1	1131023362
1	3	1	1131023466
1	3	1	1131023638
1	3	1	1131023686
1	4	1	1131023898
1	4	1	1131023966
1	4	1	1131024059
1	4	1	1131024750
4	4	1	1135040682
4	4	1	1136528371
4	4	1	1136598078
4	4	1	1137572650
5	4	1	1195729946
1	5	1	1131024294
1	6	1	1131024869
1	6	1	1131024915
1	6	1	1131024992
1	6	1	1131025104
1	6	1	1131025139
1	6	1	1131025205
1	6	1	1131025253
1	6	1	1131025418
1	6	1	1131025467
1	6	1	1131025516
1	7	1	1131025717
1	7	1	1131025817
1	7	1	1131025954
1	7	1	1131042258
1	7	1	1131109017
1	7	1	1153856324
6	7	1	1195797157
1	8	1	1131884554
1	9	1	1132455405
1	9	1	1132455434
1	9	1	1135101697
6	9	1	1206681148
1	10	1	1132455487
7	10	1	1238763167
1	11	1	1132455716
1	11	1	1132455974
1	11	1	1136463100
1	11	1	1136463117
1	11	1	1136463166
1	12	1	1132455741
1	13	1	1132456000
1	14	1	1132604655
4	14	1	1138379062
1	15	1	1132605039
1	15	1	1136463642
1	15	1	1138897224
1	15	1	1138897313
1	15	1	1138897540
8	16	1	1133534215
8	17	1	1133534238
1	18	1	1135101261
1	19	1	1135101310
1	20	1	1135101356
1	20	1	1135101438
1	21	1	1135101374
1	21	1	1135101835
1	22	1	1135101391
1	23	1	1135101746
1	23	1	1135101924
1	24	1	1135101770
1	24	1	1135102037
1	25	1	1135101860
1	26	1	1135101905
1	27	1	1135101942
1	28	1	1135101994
1	28	1	1136463280
1	29	1	1135102013
1	30	1	1135102093
1	31	1	1135102133
1	32	1	1135102187
1	33	1	1135102227
1	34	1	1135102247
1	35	1	1135102290
1	36	1	1135102318
1	37	1	1135102375
1	38	1	1135102416
1	39	1	1136462846
1	39	1	1136462890
1	40	1	1136462932
1	40	1	1136463009
1	41	1	1136462966
1	42	1	1136463052
1	43	1	1136463142
1	43	1	1136463201
1	44	1	1136463227
1	45	1	1136463325
9	45	1	1212801221
1	46	1	1138895846
1	47	1	1138895871
1	48	1	1138895896
1	48	1	1138895995
1	49	1	1138895926
1	50	1	1138895961
1	51	1	1138896039
1	52	1	1138896060
1	53	1	1138896086
1	54	1	1138896105
1	55	1	1138896124
1	56	1	1138896170
1	57	1	1138896199
1	58	1	1138896227
1	58	1	1138896249
1	59	1	1138896269
1	59	1	1138896279
1	60	1	1138896312
1	60	1	1138896324
1	61	1	1138896347
1	62	1	1138896407
1	63	1	1138896424
1	64	1	1138896446
1	65	1	1138896495
1	66	1	1138897359
1	67	1	1138897399
1	67	1	1138897429
1	68	1	1138897579
1	69	1	1139406947
1	69	1	1139407310
1	69	1	1139407328
1	69	1	1139407459
1	69	1	1142610326
1	69	1	1145017495
1	69	1	1151678003
1	70	1	1139407022
10	70	1	1209732521
7	70	1	1238752680
7	70	1	1238833838
7	70	1	1238841761
7	70	1	1238848320
11	71	1	1141991662
1	71	1	1142005571
1	72	1	1153856304
1	73	1	1155640545
1	74	1	1155640567
12	74	1	1426650863
3	74	1	1429229369
12	74	1	1429245665
1	75	1	1162398656
1	76	1	1170692128
13	77	1	1175180163
1	78	1	1175199243
14	79	1	1183047973
15	79	1	1277173009
15	79	1	1277174701
1	80	1	1183136508
2	81	1	1186581873
2	82	1	1186584056
2	82	1	1186584068
2	82	1	1186584416
2	82	1	1186585715
2	82	1	1186585733
2	83	1	1186584938
16	84	1	1188320610
16	85	1	1188320763
5	86	1	1190966963
5	86	1	1190966974
17	87	1	1192506457
17	87	1	1192506478
17	88	1	1192506486
5	89	1	1193120567
15	90	1	1193448154
15	90	1	1329624019
18	91	1	1194637936
18	91	1	1217588590
6	92	1	1195797031
6	93	1	1195797041
19	94	1	1196736907
20	95	1	1198365755
20	96	1	1198365762
21	97	1	1199400548
22	98	1	1200952171
22	99	1	1200952176
23	100	1	1206628407
24	101	1	1212281380
24	101	1	1212285552
9	102	1	1212801245
9	103	1	1212802012
25	104	1	1213745052
25	104	1	1213799626
25	105	1	1214152921
22	106	1	1221621833
15	106	1	1225430718
15	107	1	1225170102
15	108	1	1225249053
26	109	1	1225322302
26	110	1	1225326123
15	111	1	1225328589
15	112	1	1225352621
26	113	1	1225380691
26	114	1	1225382021
26	114	1	1226322216
26	115	1	1225399309
26	116	1	1225399310
26	117	1	1225461700
26	117	1	1225573817
26	117	1	1225590271
26	117	1	1225601796
26	117	1	1225658874
26	117	1	1225684508
26	117	1	1225732648
26	117	1	1225777478
26	117	1	1225841279
26	117	1	1225864304
26	117	1	1226015932
26	117	1	1226381978
26	117	1	1226502677
26	117	1	1226947787
26	117	1	1226968979
26	117	1	1227106334
26	117	1	1227880499
26	117	1	1228204084
26	117	1	1229416150
26	117	1	1230233576
26	117	1	1230242761
26	117	1	1230771094
26	117	1	1231591039
26	117	1	1232071706
26	117	1	1232475890
26	117	1	1232484849
26	117	1	1233060410
26	117	1	1233101532
26	117	1	1233126590
26	117	1	1233212837
26	117	1	1233558470
26	117	1	1234454266
26	117	1	1234763443
26	117	1	1234766591
26	117	1	1234953296
26	117	1	1235330201
26	117	1	1235498980
26	117	1	1236130137
26	117	1	1237341772
26	117	1	1238048035
26	117	1	1238720812
26	117	1	1240465176
15	118	1	1225530298
15	119	1	1225584176
15	120	1	1225678938
15	121	1	1225771019
15	122	1	1225860548
26	123	1	1225934836
26	124	1	1225946468
26	125	1	1225963624
26	125	1	1226313164
26	126	1	1226240774
15	127	1	1226471492
27	128	1	1226496089
15	129	1	1227249814
15	130	1	1227884067
28	131	1	1229789883
15	132	1	1234149653
15	133	1	1234564112
15	134	1	1235207707
15	135	1	1235275684
15	136	1	1235279927
26	137	1	1237304323
15	138	1	1237616615
7	139	1	1238747639
7	140	1	1238747648
15	141	1	1239506119
15	142	1	1239579350
15	143	1	1239582743
15	144	1	1240007867
15	145	1	1240015813
15	146	1	1240079191
15	147	1	1240088351
29	148	1	1242924760
29	148	1	1290070985
30	149	1	1246042943
30	150	1	1246042951
30	151	1	1246042954
31	152	1	1248110800
15	153	1	1251834025
15	154	1	1252735305
15	155	1	1252744107
15	156	1	1252815841
32	157	1	1257185468
33	158	1	1260060406
34	159	1	1260440995
15	160	1	1264237265
15	161	1	1264292109
15	162	1	1264389303
23	163	1	1264394882
15	164	1	1264467371
15	165	1	1264473362
15	166	1	1264551982
15	167	1	1264720859
15	168	1	1264732163
15	169	1	1264919116
15	170	1	1264921574
15	171	1	1264923260
15	172	1	1266706544
15	173	1	1266717424
35	174	1	1268590284
35	175	1	1268601634
36	176	1	1270201056
36	177	1	1270469315
36	178	1	1270657104
37	179	1	1270750868
15	180	1	1271126956
38	181	1	1274813277
39	182	1	1276237991
15	183	1	1276992392
15	184	1	1277066110
15	185	1	1277158893
15	186	1	1277167848
15	187	1	1277178788
15	188	1	1277180301
15	189	1	1277247211
15	190	1	1277578918
15	190	1	1289164578
15	191	1	1280795606
15	192	1	1280799671
40	193	1	1280959924
40	193	1	1281005645
40	194	1	1281096680
15	195	1	1281149042
15	196	1	1281153045
15	197	1	1281154752
15	198	1	1281158157
40	199	1	1281177845
15	199	1	1289163317
15	200	1	1281232553
15	201	1	1281234350
40	202	1	1281258212
41	203	1	1281993173
41	204	1	1281993184
42	205	1	1282092893
43	205	1	1422983139
42	206	1	1282092904
43	206	1	1422983140
15	207	1	1283020679
15	208	1	1283393063
44	209	1	1283393515
44	209	1	1284614437
45	209	1	1408317602
15	210	1	1283395814
44	211	1	1283411798
15	212	1	1283477021
46	213	1	1284477600
47	214	1	1285021124
44	215	1	1285792093
44	216	1	1286349055
15	217	1	1289160096
15	218	1	1289161708
15	219	1	1289172718
44	220	1	1289953875
44	220	1	1291477218
44	220	1	1295306069
48	220	1	1331926978
15	221	1	1290035672
49	221	1	1410430506
44	222	1	1302754985
44	223	1	1319840982
44	223	1	1429212176
45	224	1	1408317602
15	225	1	1421017611
43	226	1	1422983140
43	227	1	1422983140
15	228	1	1424392697
43	228	1	1438202274
15	229	1	1424582858
43	229	1	1438202271
15	230	1	1424584974
15	231	1	1426641918
12	232	1	1426650862
3	232	1	1429229370
12	232	1	1429245664
12	233	1	1426650862
3	233	1	1429229370
12	233	1	1429245665
12	234	1	1426650862
12	235	1	1426650863
12	236	1	1426650863
3	236	1	1429229370
12	236	1	1429245669
12	237	1	1426650863
3	237	1	1429229370
12	237	1	1429245668
12	238	1	1426650863
3	238	1	1429229370
12	238	1	1429245674
12	239	1	1426650863
3	239	1	1429229370
12	239	1	1429245674
44	240	1	1429212176
43	241	1	1438202271
43	242	1	1438202274
50	243	1	1438644953
50	244	1	1443816410
50	245	1	1443816410
50	246	1	1443816411
50	247	1	1443816411
50	248	1	1443816411
50	249	1	1443816411
50	250	1	1443816411
