1	1	1	1094350812
1	1	1	1095029293
1	1	1	1095036591
1	1	1	1095213259
1	1	1	1114510382
1	1	1	1114514654
1	1	1	1118606557
1	1	1	1118606873
1	1	1	1118606964
1	1	1	1118680599
1	1	1	1118680820
2	1	1	1136527820
2	1	1	1136597636
2	1	1	1137571085
3	1	1	1138440720
4	1	1	1141212682
5	1	1	1154293450
4	1	1	1155144048
4	1	1	1155144123
6	1	1	1186568413
7	1	1	1290425208
7	1	1	1290426043
7	1	1	1311160644
7	1	1	1311160741
7	1	1	1311161701
8	1	1	1362797547
8	1	1	1362797580
9	1	1	1367260622
9	1	1	1367262575
9	1	1	1367601182
8	1	1	1487438874
1	2	1	1094343848
10	2	1	1209182977
1	3	1	1095036437
1	3	1	1095186787
1	3	1	1114510350
1	4	1	1095151223
11	5	1	1091742437
1	5	1	1095190318
11	6	1	1076188416
1	6	1	1095190261
2	7	1	1135037384
2	7	1	1135661051
2	7	1	1137571121
5	7	1	1154293451
1	8	1	1100141120
1	9	1	1114511284
1	9	1	1118608008
12	9	1	1300037913
13	9	1	1337011756
14	9	1	1431450835
1	10	1	1114514690
1	10	1	1114515907
8	10	1	1487439574
8	10	1	1487440704
8	10	1	1487440757
8	10	1	1487441240
1	11	1	1118680687
1	12	1	1118680776
1	12	1	1118681723
7	12	1	1303234524
7	12	1	1310477703
1	13	1	1118680994
7	13	1	1303234586
1	14	1	1118681111
7	14	1	1303234500
7	14	1	1310989473
7	14	1	1316195221
7	14	1	1317933002
1	15	1	1120065705
1	15	1	1120065822
1	15	1	1120065914
1	16	1	1120065958
4	16	1	1437991236
4	16	1	1437991251
1	17	1	1120065995
1	17	1	1120066828
4	17	1	1437991583
4	17	1	1437991607
1	18	1	1120066007
1	18	1	1120066987
1	18	1	1121368270
1	18	1	1121368565
1	18	1	1121368612
1	19	1	1120066015
1	19	1	1120067104
1	19	1	1120067118
15	20	1	1133579609
15	20	1	1134302136
2	20	1	1134673312
2	20	1	1136770561
2	20	1	1138292069
16	20	1	1197251947
15	21	1	1133579774
15	22	1	1133579799
17	23	1	1135241882
17	23	1	1442846561
17	24	1	1135241990
17	24	1	1135699788
17	24	1	1140645205
17	24	1	1140646307
17	24	1	1140691581
17	24	1	1140707134
17	24	1	1140707236
17	24	1	1140707363
17	24	1	1141580030
17	24	1	1141644663
17	24	1	1141645442
18	25	1	1489178739
17	29	1	1140691520
17	30	1	1141580308
17	31	1	1145137500
19	32	1	1148579594
5	33	1	1154293450
5	34	1	1154293451
4	35	1	1155144063
20	35	1	1384133646
21	38	1	1183047911
22	38	1	1277172990
22	38	1	1277174684
13	39	1	1373411128
23	40	1	1188319879
23	41	1	1188319950
24	42	1	1190968292
25	43	1	1269501723
26	43	1	1287637606
26	43	1	1309683281
26	43	1	1319677280
26	43	1	1324522366
26	43	1	1326644414
26	43	1	1329059297
26	43	1	1338599369
26	43	1	1338920822
26	43	1	1340945436
26	43	1	1342728793
26	43	1	1346896955
26	43	1	1347283629
26	43	1	1350356549
26	43	1	1350493692
26	43	1	1357679025
26	43	1	1358609265
27	43	1	1358898854
26	43	1	1359578183
26	43	1	1363205098
26	43	1	1366779374
26	43	1	1367293854
26	43	1	1367347249
26	43	1	1369083056
26	43	1	1370310366
26	43	1	1371962525
26	43	1	1372941615
28	43	1	1372949490
26	43	1	1374586064
29	43	1	1374597790
26	43	1	1377026461
26	43	1	1379990799
26	43	1	1380912722
26	43	1	1381264026
26	43	1	1383682435
26	43	1	1384817648
30	43	1	1389854857
30	43	1	1392813036
30	43	1	1393020006
30	43	1	1393616664
30	43	1	1394747792
30	43	1	1396307097
30	43	1	1400531922
30	43	1	1400880586
30	43	1	1403214868
30	43	1	1408642524
30	43	1	1408659322
30	43	1	1409676727
30	43	1	1414346697
30	43	1	1415986567
30	43	1	1416593533
30	43	1	1416594937
30	43	1	1419620387
30	43	1	1423161023
30	43	1	1423251670
30	43	1	1424851099
30	43	1	1425249163
30	43	1	1425499304
30	43	1	1426276003
30	43	1	1428682328
30	43	1	1428695308
30	43	1	1429592906
30	43	1	1430711310
30	43	1	1431883726
30	43	1	1433533603
30	43	1	1433546569
30	43	1	1434192287
30	43	1	1434751269
30	43	1	1434756303
30	43	1	1437714474
30	43	1	1437721775
30	43	1	1438386174
30	43	1	1438401924
30	43	1	1439591340
30	43	1	1439939332
31	43	1	1439945743
30	43	1	1439948615
30	43	1	1441217560
30	43	1	1441221475
30	43	1	1441399974
30	43	1	1441815126
30	43	1	1442936893
30	43	1	1442955673
30	43	1	1443459379
30	43	1	1443464378
30	43	1	1446229067
30	43	1	1447106330
30	43	1	1447152482
30	43	1	1447796547
30	43	1	1448488071
30	43	1	1448980694
30	43	1	1450472289
30	43	1	1451001969
30	43	1	1451005568
30	43	1	1451958544
30	43	1	1453144017
30	43	1	1459446447
30	43	1	1460927262
30	43	1	1466751876
32	43	1	1467057064
30	43	1	1467566419
30	43	1	1467732313
30	43	1	1470765841
30	43	1	1473696518
30	43	1	1475266259
30	43	1	1475717710
30	43	1	1476553782
30	43	1	1479081564
30	43	1	1479082294
30	43	1	1481743975
30	43	1	1487190677
30	43	1	1489088623
30	43	1	1489813777
30	43	1	1491536190
30	43	1	1491932085
30	43	1	1493838867
30	43	1	1494254474
30	43	1	1494612412
30	43	1	1494945865
30	43	1	1494968955
30	43	1	1495573541
33	43	1	1496335806
24	44	1	1192004791
22	45	1	1192843411
22	45	1	1319173646
22	45	1	1329450808
34	46	1	1193960139
34	46	1	1217588015
16	47	1	1196731015
35	48	1	1198361011
35	49	1	1198361016
36	50	1	1199113754
37	51	1	1200953211
37	52	1	1200953215
38	53	1	1206625854
39	54	1	1209745580
40	56	1	1212287010
41	57	1	1212799745
41	58	1	1212800090
42	59	1	1213744655
42	59	1	1213797546
42	59	1	1293352128
42	59	1	1372516507
42	60	1	1214151008
43	61	1	1227107943
43	61	1	1229180947
44	62	1	1219864772
22	62	1	1225530242
37	63	1	1221620371
22	63	1	1225430635
22	64	1	1225169900
22	65	1	1225248542
45	66	1	1225318339
45	67	1	1225323013
22	68	1	1225328421
22	69	1	1225352530
45	70	1	1225371941
45	71	1	1225377553
45	71	1	1226321555
45	72	1	1225392570
45	73	1	1225392601
45	74	1	1225459329
45	74	1	1225570712
45	74	1	1225589085
45	74	1	1225601113
45	74	1	1225657284
45	74	1	1225683882
45	74	1	1225730833
45	74	1	1225776293
45	74	1	1225839490
45	74	1	1225863374
45	74	1	1225882179
45	74	1	1226014382
45	74	1	1226380966
45	74	1	1226501567
45	74	1	1226947480
45	74	1	1226968808
45	74	1	1227105050
45	74	1	1227879290
45	74	1	1228203855
45	74	1	1229414681
45	74	1	1230231532
45	74	1	1230241685
45	74	1	1230769928
45	74	1	1231589428
45	74	1	1232070624
45	74	1	1232474818
45	74	1	1232483835
45	74	1	1233059309
45	74	1	1233100483
45	74	1	1233125355
45	74	1	1233211674
45	74	1	1233557788
45	74	1	1234452925
45	74	1	1234763252
45	74	1	1234766430
45	74	1	1234952069
45	74	1	1235329512
45	74	1	1235497892
45	74	1	1236129516
45	74	1	1237341076
45	74	1	1238046795
45	74	1	1238719705
45	74	1	1240464424
22	75	1	1225584094
22	76	1	1225678866
22	77	1	1225770904
22	78	1	1225860420
45	79	1	1225933675
45	80	1	1225945655
45	81	1	1225962062
45	81	1	1226312542
45	82	1	1226239287
22	83	1	1226471407
46	84	1	1226495491
22	85	1	1227249746
22	86	1	1227884000
47	87	1	1229788956
48	88	1	1230299334
7	88	1	1292001660
48	89	1	1230299673
48	90	1	1230299915
22	91	1	1234149592
22	92	1	1234564044
22	93	1	1235275633
22	94	1	1235279882
49	97	1	1235680731
45	98	1	1237303231
22	99	1	1237616562
50	100	1	1238747271
50	101	1	1238747281
22	102	1	1239502392
22	103	1	1239579296
22	104	1	1239582693
22	105	1	1240007804
22	106	1	1240015757
22	107	1	1240079132
22	108	1	1240088299
51	109	1	1242925143
52	111	1	1246042536
17	111	1	1445465243
52	112	1	1246042543
52	113	1	1246042547
53	114	1	1246815820
54	114	1	1429228364
55	115	1	1248107784
22	116	1	1251833494
22	117	1	1252735245
22	118	1	1252743255
22	119	1	1252815786
56	120	1	1257186455
57	121	1	1260045651
58	122	1	1260441703
58	122	1	1440834712
59	123	1	1263740711
22	124	1	1264237239
22	125	1	1264292087
38	126	1	1264354403
22	127	1	1264389271
22	128	1	1264467339
22	129	1	1264473338
22	130	1	1264551957
22	131	1	1264720837
22	132	1	1264732079
22	133	1	1264919095
22	134	1	1264921552
22	135	1	1264923239
22	136	1	1266706522
22	136	1	1379473348
22	137	1	1266717402
60	138	1	1268601442
61	139	1	1269278683
62	140	1	1270200529
62	140	1	1379184659
62	141	1	1270469031
62	141	1	1379184663
62	142	1	1270656953
62	142	1	1379184667
22	143	1	1271126938
63	144	1	1274813169
64	145	1	1276238090
22	146	1	1276992376
22	147	1	1277066093
22	148	1	1277158876
22	149	1	1277167829
22	150	1	1277178774
22	151	1	1277180284
22	152	1	1277247193
22	153	1	1277578899
22	153	1	1289164557
65	153	1	1308761045
65	153	1	1309106596
65	153	1	1322676352
65	153	1	1356644083
65	153	1	1356694925
22	154	1	1280795583
22	155	1	1280799653
66	156	1	1280959905
66	156	1	1281005622
66	157	1	1281096658
22	158	1	1281149021
22	159	1	1281153028
22	160	1	1281154735
22	161	1	1281158139
66	162	1	1281177815
22	162	1	1289163295
65	162	1	1308799496
65	162	1	1309110368
65	162	1	1356644086
22	163	1	1281232535
22	164	1	1281234333
66	165	1	1281258196
67	166	1	1281993439
67	167	1	1281993450
22	168	1	1283020664
22	169	1	1283393042
68	170	1	1283394571
68	170	1	1284614369
69	170	1	1408317612
68	171	1	1283408663
5	172	1	1285023828
68	173	1	1285792033
68	174	1	1286348996
22	175	1	1287259568
68	176	1	1287862596
22	177	1	1289160073
22	178	1	1289172690
68	179	1	1289953827
68	179	1	1291477159
68	179	1	1295306009
70	179	1	1327432834
71	179	1	1337663349
71	179	1	1342549311
71	179	1	1349131860
71	179	1	1360201172
7	180	1	1292001838
7	181	1	1292001881
7	181	1	1311162969
72	181	1	1481182733
7	182	1	1292001982
7	183	1	1292002165
7	183	1	1310990230
7	183	1	1310990286
7	184	1	1292002237
7	185	1	1292002325
7	186	1	1292002409
7	187	1	1292002475
7	188	1	1292002589
7	189	1	1292002661
50	189	1	1300186509
50	189	1	1302862046
50	189	1	1308131254
50	189	1	1363390377
50	189	1	1363431501
67	190	1	1293738781
73	191	1	1294090460
22	192	1	1296442374
22	192	1	1333237230
74	192	1	1390292300
22	193	1	1296616891
22	194	1	1296783672
75	195	1	1297757941
22	196	1	1298435489
22	197	1	1301869649
68	198	1	1302754926
22	199	1	1302977812
67	199	1	1331475469
22	200	1	1302982344
22	201	1	1302994208
7	202	1	1303234607
7	203	1	1303234789
13	203	1	1337011930
22	204	1	1303350747
22	207	1	1305156834
22	207	1	1333910946
76	208	1	1306309870
76	208	1	1314536535
68	209	1	1306446511
68	210	1	1306518686
77	211	1	1307397173
78	211	1	1332354807
65	212	1	1308809502
65	212	1	1308813610
65	213	1	1308813407
79	214	1	1309305732
79	214	1	1331457563
79	214	1	1401149554
79	214	1	1423194416
80	215	1	1309513701
80	216	1	1309526613
65	217	1	1309539964
65	218	1	1309542084
22	219	1	1309569984
22	220	1	1309578741
22	221	1	1309582824
22	222	1	1309622877
22	223	1	1309631793
7	224	1	1310989703
7	225	1	1310989765
7	226	1	1310989817
7	226	1	1310989848
7	226	1	1310989878
7	227	1	1310989917
7	228	1	1310989973
7	229	1	1310990021
7	230	1	1310990059
7	231	1	1310990171
7	232	1	1310990355
7	233	1	1310990400
7	234	1	1310990454
7	235	1	1310990490
7	236	1	1310990522
7	237	1	1311160596
7	237	1	1311161759
7	238	1	1311160718
7	238	1	1311162789
7	238	1	1311162823
8	238	1	1362797102
8	238	1	1362797305
13	238	1	1373410106
13	238	1	1373410154
8	238	1	1487438815
8	238	1	1487439257
7	239	1	1311161614
7	240	1	1311163092
7	240	1	1311163158
7	241	1	1311163226
7	242	1	1311163250
7	243	1	1311163330
7	243	1	1317933187
81	244	1	1313792283
22	245	1	1314241067
22	245	1	1422211702
22	246	1	1315767539
22	247	1	1315772000
82	248	1	1316292108
7	249	1	1317933266
7	250	1	1317933533
78	251	1	1318461324
83	252	1	1318481252
22	253	1	1318974371
68	254	1	1319840950
68	254	1	1429211994
84	255	1	1319993325
85	255	1	1497569053
86	256	1	1320841200
86	257	1	1320841332
87	258	1	1321040380
88	259	1	1321068137
87	260	1	1321205039
87	261	1	1321205040
87	261	1	1321205220
89	262	1	1321468831
89	262	1	1349171675
89	262	1	1351797415
22	263	1	1321762625
22	264	1	1321848055
22	265	1	1321919152
22	266	1	1321922777
22	266	1	1322092646
22	267	1	1321927014
22	267	1	1322094375
22	268	1	1322096549
22	269	1	1322097798
22	270	1	1322099003
90	271	1	1322264384
91	272	1	1322394447
22	272	1	1346639000
22	273	1	1323015235
22	274	1	1323046132
22	275	1	1323049844
92	276	1	1325346998
78	277	1	1325909831
78	277	1	1325966688
22	278	1	1326049003
68	279	1	1326327494
78	280	1	1328129723
93	281	1	1328446872
93	281	1	1328453536
93	281	1	1328466027
93	282	1	1328446881
93	282	1	1328452564
93	282	1	1328465198
22	283	1	1329069768
22	284	1	1329082517
67	285	1	1329728388
78	286	1	1329745137
78	287	1	1329759111
65	288	1	1329832008
65	289	1	1329836362
65	289	1	1356635906
60	290	1	1330560365
67	291	1	1330630347
67	292	1	1330703581
22	293	1	1332039287
22	294	1	1333243803
22	295	1	1333419091
22	296	1	1333499785
22	296	1	1333582014
22	297	1	1333587042
22	298	1	1333904756
22	299	1	1333906788
78	300	1	1334112617
22	301	1	1334509578
22	302	1	1336323190
94	303	1	1338000131
94	303	1	1437044782
94	304	1	1338012241
78	305	1	1338320286
95	306	1	1338437182
95	306	1	1338440197
95	306	1	1342489631
22	307	1	1338649355
22	308	1	1338655690
22	309	1	1338659714
96	310	1	1338913426
96	310	1	1338914712
96	311	1	1338913427
96	312	1	1338933558
96	312	1	1338934476
96	313	1	1338933559
22	314	1	1339378414
22	315	1	1339992814
78	316	1	1340666395
97	317	1	1341158886
22	318	1	1341259119
22	318	1	1344109948
98	319	1	1342450194
22	320	1	1344111601
22	321	1	1344218945
99	322	1	1344245256
22	323	1	1344379746
100	324	1	1346254486
9	324	1	1367263117
101	325	1	1346356596
100	326	1	1346410780
7	326	1	1348250571
7	326	1	1353000294
101	327	1	1346431091
102	327	1	1347097435
102	328	1	1346442529
22	329	1	1346627201
22	330	1	1346632932
22	331	1	1346636955
67	332	1	1351191891
67	333	1	1351240498
67	334	1	1351247201
67	335	1	1351247211
89	336	1	1351797514
26	337	1	1354613362
26	338	1	1354743672
22	339	1	1355087753
22	340	1	1355091529
22	341	1	1355112739
103	342	1	1355255608
9	343	1	1355664335
9	344	1	1355664893
104	345	1	1355726374
33	345	1	1491307287
78	346	1	1359581135
78	347	1	1359581248
103	348	1	1359911044
22	349	1	1360030632
105	349	1	1417132051
105	349	1	1487249994
22	350	1	1360034964
8	351	1	1360455640
22	352	1	1361149654
22	353	1	1361155300
78	354	1	1361233631
8	355	1	1362796618
8	356	1	1362796708
106	357	1	1363973595
106	358	1	1363973601
78	359	1	1364092836
22	360	1	1364142372
22	361	1	1364146448
22	362	1	1364172889
22	363	1	1364174740
107	363	1	1451502433
108	364	1	1366084458
78	365	1	1367174583
109	366	1	1367354246
107	366	1	1451502429
9	367	1	1367597947
9	367	1	1367598019
9	367	1	1367598370
9	368	1	1367598106
9	369	1	1367598118
9	370	1	1367599613
8	370	1	1369694463
9	371	1	1367599855
8	371	1	1369694387
13	371	1	1373410353
110	372	1	1369493985
110	372	1	1380346291
22	372	1	1381706534
110	372	1	1384698395
110	372	1	1408420219
8	373	1	1369694420
22	374	1	1370217418
22	375	1	1372733598
22	376	1	1372820700
13	377	1	1373410578
13	378	1	1373410626
13	379	1	1373410825
13	380	1	1373411043
13	381	1	1373411084
13	382	1	1373411287
13	383	1	1373411394
13	383	1	1373411406
13	384	1	1373411406
13	385	1	1373411427
111	385	1	1486195367
13	386	1	1373411518
13	387	1	1373411594
13	388	1	1373411665
13	389	1	1373411700
13	390	1	1373411736
13	391	1	1373411779
13	392	1	1373411830
13	393	1	1373411948
112	394	1	1373539921
13	394	1	1373658032
112	394	1	1374524385
112	394	1	1381504711
113	394	1	1389035577
112	394	1	1391262422
112	394	1	1391268513
112	394	1	1391366643
112	394	1	1391625153
112	394	1	1391801047
112	394	1	1392504738
112	394	1	1416780260
112	394	1	1416780708
13	395	1	1373657828
13	395	1	1373657898
114	396	1	1376262398
22	396	1	1381682358
115	397	1	1376394048
115	397	1	1376394524
116	398	1	1376682917
116	399	1	1377991808
62	400	1	1379176195
62	401	1	1379176199
22	402	1	1379281037
22	403	1	1379302462
107	403	1	1451502430
22	404	1	1379463752
22	405	1	1379467467
22	406	1	1379560754
22	407	1	1379562448
22	408	1	1379563792
117	409	1	1379685215
22	410	1	1379897211
22	411	1	1379898995
22	412	1	1380159624
22	413	1	1380163853
22	414	1	1380395926
22	415	1	1380397303
22	416	1	1380400941
118	416	1	1385795953
118	416	1	1388051968
118	416	1	1391247548
22	416	1	1408626460
119	416	1	1411918019
120	416	1	1411919493
22	416	1	1413772489
22	416	1	1438465544
22	417	1	1380407507
118	417	1	1385473891
118	417	1	1386742593
118	417	1	1391655048
118	417	1	1393934988
119	417	1	1411918020
120	417	1	1411919494
22	417	1	1414898006
110	418	1	1380547577
110	418	1	1382847297
110	418	1	1382861130
22	419	1	1381683826
22	420	1	1381700136
110	420	1	1382878326
110	420	1	1382932195
22	421	1	1381723292
121	421	1	1450286738
122	422	1	1383037317
123	423	1	1383497269
124	424	1	1384698716
125	425	1	1384786183
126	426	1	1385383724
127	427	1	1387293369
22	428	1	1390174878
128	428	1	1487200945
22	429	1	1390254141
22	430	1	1390265279
129	431	1	1390299919
130	432	1	1392389973
130	433	1	1392392018
22	434	1	1393563732
22	435	1	1393571006
131	436	1	1393634978
132	437	1	1393651472
125	438	1	1394756927
133	439	1	1395184771
133	439	1	1395426762
133	439	1	1396577975
134	440	1	1396562782
135	441	1	1396596847
30	442	1	1400531922
69	443	1	1408317612
22	444	1	1409106359
22	445	1	1410622569
136	445	1	1447384224
22	446	1	1410709649
22	447	1	1411003604
136	447	1	1447384234
119	448	1	1411918020
96	448	1	1415696307
22	448	1	1420952210
119	449	1	1411918020
96	449	1	1415696322
22	449	1	1420958948
120	450	1	1411919494
120	451	1	1411919494
137	452	1	1413410679
137	452	1	1447354535
137	452	1	1447747950
22	453	1	1416714131
121	453	1	1472038384
121	453	1	1472129611
22	454	1	1416721239
121	454	1	1472038385
121	454	1	1472129612
105	455	1	1417132051
105	456	1	1417132052
22	457	1	1417321325
138	458	1	1418032125
139	459	1	1418647689
140	460	1	1418814730
141	461	1	1420755218
22	462	1	1421017533
22	463	1	1421111624
22	464	1	1421115610
22	465	1	1421119665
22	465	1	1423374904
98	465	1	1424432231
121	466	1	1422983201
121	466	1	1422986654
121	467	1	1422983201
121	467	1	1422986654
121	468	1	1422986654
121	469	1	1422986654
22	470	1	1423370564
22	471	1	1423377273
98	471	1	1424432232
22	472	1	1423708256
22	473	1	1423940350
22	474	1	1424392657
121	474	1	1438202384
98	475	1	1424432232
98	476	1	1424432232
22	477	1	1424582819
121	477	1	1438202363
22	478	1	1424584936
96	478	1	1438447107
22	479	1	1426641865
30	480	1	1426648267
30	481	1	1426648267
54	481	1	1429228364
30	481	1	1429245632
30	482	1	1426648267
54	482	1	1429228364
30	482	1	1429245632
30	483	1	1426648267
54	483	1	1429228364
30	483	1	1429245632
30	484	1	1426648267
54	484	1	1429228364
30	484	1	1429245633
30	485	1	1426648267
54	485	1	1429228364
30	485	1	1429245632
30	486	1	1426648267
54	486	1	1429228364
30	486	1	1429245633
30	487	1	1426648267
54	487	1	1429228364
30	487	1	1429245633
30	488	1	1426648267
54	488	1	1429228364
30	488	1	1429245633
30	489	1	1426648267
30	490	1	1426648267
30	491	1	1426648267
54	491	1	1429228364
30	491	1	1429245633
30	492	1	1426648267
54	492	1	1429228369
30	492	1	1429245633
68	493	1	1429211996
121	494	1	1438202364
121	495	1	1438202384
142	496	1	1438644868
143	497	1	1440409545
143	497	1	1442846740
144	498	1	1441100379
144	498	1	1442204242
145	499	1	1442204287
145	499	1	1442803873
146	500	1	1442517029
146	500	1	1442557471
146	500	1	1442557619
146	500	1	1442557635
146	500	1	1442557665
146	500	1	1447243176
146	500	1	1450183114
146	501	1	1442517252
146	501	1	1442517296
146	501	1	1442517445
146	501	1	1442517596
146	501	1	1442748686
146	501	1	1442748784
146	501	1	1442867477
13	501	1	1442935931
146	501	1	1443648040
146	501	1	1447251247
146	501	1	1447251282
146	501	1	1447254223
146	501	1	1447254303
146	501	1	1447254369
146	501	1	1447254451
146	501	1	1447254507
146	501	1	1447254569
146	501	1	1447254624
146	501	1	1447254729
146	501	1	1447254771
146	501	1	1447254836
146	502	1	1443041918
146	502	1	1443041990
146	502	1	1443648111
146	502	1	1443648244
146	502	1	1443940374
7	502	1	1444761210
146	502	1	1447104879
146	502	1	1447104952
146	502	1	1447105702
146	502	1	1447252532
146	502	1	1447352964
146	502	1	1447352983
146	503	1	1443647685
146	503	1	1443647789
146	503	1	1443648411
146	503	1	1443940505
146	503	1	1447104985
146	503	1	1447105486
146	503	1	1447105672
146	503	1	1447252555
146	503	1	1447352999
146	503	1	1447353019
146	504	1	1443647790
146	505	1	1443648111
146	506	1	1443648431
146	506	1	1443648464
146	506	1	1443940589
146	506	1	1447105025
146	506	1	1447105514
146	506	1	1447105639
146	506	1	1447252592
146	506	1	1447361257
146	506	1	1447361274
146	506	1	1448100515
146	506	1	1448100534
146	507	1	1443648576
146	507	1	1443940636
147	507	1	1447097189
146	507	1	1447105050
146	507	1	1447105300
146	507	1	1447105338
146	507	1	1447105556
146	507	1	1447105617
146	507	1	1447252618
146	507	1	1447344375
146	507	1	1447344400
146	507	1	1447361293
146	507	1	1447361308
146	507	1	1448484605
33	507	1	1476630434
33	507	1	1487371702
146	508	1	1443648642
146	508	1	1443940716
146	508	1	1447105758
146	508	1	1447252643
146	508	1	1447344353
146	508	1	1447361329
146	508	1	1484420297
146	509	1	1443648707
146	509	1	1443940761
146	509	1	1443941025
146	509	1	1443941090
146	509	1	1443941133
146	509	1	1447105730
146	509	1	1447252681
146	509	1	1447344331
146	509	1	1447361352
146	509	1	1447361364
146	509	1	1447428172
146	509	1	1447428746
146	509	1	1447430224
146	509	1	1447430476
146	509	1	1447430673
146	509	1	1447431074
146	509	1	1447431640
146	509	1	1447432037
146	509	1	1447432199
146	509	1	1452113124
146	509	1	1484420284
146	510	1	1443648773
146	510	1	1443940807
146	510	1	1447252723
146	510	1	1447361428
146	510	1	1447437182
146	510	1	1447437794
146	510	1	1447438237
146	510	1	1447438417
146	510	1	1447439803
146	510	1	1447441000
146	510	1	1484420266
146	511	1	1443648846
146	511	1	1443940842
146	511	1	1447252767
146	511	1	1447361485
146	511	1	1484420250
148	511	1	1486550364
149	511	1	1493603009
146	512	1	1443648899
146	512	1	1447252857
146	512	1	1447361542
146	512	1	1447773977
146	512	1	1447844582
146	512	1	1447845546
146	512	1	1447846662
146	512	1	1448539889
146	512	1	1484420234
33	512	1	1486720608
33	512	1	1487465163
146	513	1	1443648952
146	513	1	1447253321
146	513	1	1447361590
146	513	1	1447933799
146	513	1	1447934559
146	513	1	1447935115
146	513	1	1447935516
146	513	1	1447936435
146	513	1	1447936912
146	513	1	1447937888
146	513	1	1447939349
146	513	1	1447939884
146	513	1	1484420217
146	514	1	1443649021
146	514	1	1447253358
146	514	1	1447361632
146	514	1	1448368926
146	514	1	1448369359
146	514	1	1448370136
146	514	1	1448370647
146	514	1	1448371116
146	514	1	1448371893
146	514	1	1448372009
146	514	1	1448372771
146	514	1	1448373094
146	514	1	1448382804
146	514	1	1448383337
146	514	1	1448383663
146	514	1	1448455795
146	514	1	1448457336
146	514	1	1448457592
146	514	1	1448458404
146	514	1	1448527630
146	514	1	1448534625
146	514	1	1448535177
146	514	1	1448538486
146	514	1	1448538984
146	514	1	1484420198
146	515	1	1443649098
146	515	1	1447253395
146	515	1	1447361705
146	515	1	1448552491
146	515	1	1448879936
146	515	1	1448880541
146	515	1	1448901331
146	515	1	1448966992
146	515	1	1448967526
146	515	1	1448971191
146	515	1	1449140026
146	515	1	1449141023
146	515	1	1449141227
146	515	1	1449141548
146	515	1	1450182963
146	515	1	1450355747
146	515	1	1450358009
146	515	1	1450787395
146	515	1	1450788501
146	515	1	1450789167
146	515	1	1450789606
146	515	1	1450790930
146	515	1	1484420185
146	516	1	1443649149
146	516	1	1447253449
146	516	1	1447361749
146	516	1	1447531562
146	516	1	1453204952
146	516	1	1453205319
146	516	1	1453205559
146	516	1	1453205788
146	516	1	1453206044
146	516	1	1453298866
146	516	1	1453299285
146	516	1	1453299885
146	516	1	1453303001
146	516	1	1453303214
146	516	1	1453305521
146	516	1	1484420168
146	517	1	1443649203
146	517	1	1447253483
146	517	1	1447361799
146	517	1	1453376816
146	517	1	1453377438
146	517	1	1453908149
146	517	1	1453908694
146	517	1	1453909241
146	517	1	1453909667
146	517	1	1453909867
146	517	1	1453910457
146	517	1	1453912423
146	517	1	1453912875
146	517	1	1453979748
146	517	1	1453980136
146	517	1	1453980274
146	517	1	1453980761
146	517	1	1453981418
146	517	1	1453981515
146	517	1	1453982252
146	517	1	1484420153
146	518	1	1443649257
146	518	1	1447253517
146	518	1	1447362772
146	518	1	1453985124
146	518	1	1454014268
146	518	1	1454014971
146	518	1	1454156462
146	518	1	1454157735
146	518	1	1454158204
146	518	1	1454158787
146	518	1	1454159235
146	518	1	1454159471
146	518	1	1454159598
146	518	1	1454159829
146	518	1	1454160107
146	518	1	1454160726
146	518	1	1454161358
146	518	1	1454161559
146	518	1	1454161795
146	518	1	1454162417
146	518	1	1454162906
146	518	1	1454176859
146	518	1	1454177456
146	518	1	1454178240
146	518	1	1454178662
146	518	1	1484420138
150	518	1	1496253952
146	519	1	1443649297
146	519	1	1443649387
146	519	1	1447253552
146	519	1	1447362813
146	519	1	1454181515
146	519	1	1454182024
146	519	1	1454182607
146	519	1	1454183127
146	519	1	1454416409
146	519	1	1454418355
146	519	1	1454512276
146	519	1	1454512946
146	519	1	1454514530
146	519	1	1454514681
146	519	1	1454515047
146	519	1	1454515406
146	519	1	1454515742
146	519	1	1454516202
146	519	1	1454516923
146	519	1	1484420124
146	520	1	1443649355
146	520	1	1443649418
146	520	1	1447253589
146	520	1	1447362850
146	520	1	1455796481
146	520	1	1455796804
146	520	1	1455797226
146	520	1	1484420108
146	521	1	1443649475
146	521	1	1447253628
146	521	1	1447362889
146	521	1	1457443336
146	521	1	1457443594
146	521	1	1457443930
146	521	1	1458649050
146	521	1	1458649733
146	521	1	1458650917
146	521	1	1484420089
146	522	1	1443649535
146	522	1	1447253662
146	522	1	1447362954
146	522	1	1458651368
146	522	1	1458651965
146	522	1	1460462296
146	522	1	1460462681
146	522	1	1484401448
146	522	1	1484401927
146	522	1	1484402953
146	522	1	1484403873
146	522	1	1484404156
146	522	1	1484404469
146	522	1	1484404982
146	522	1	1484405202
146	522	1	1484420074
146	522	1	1485531389
146	522	1	1485531876
146	522	1	1485532174
146	522	1	1485532658
146	522	1	1485532835
146	522	1	1485535234
146	523	1	1443649595
146	523	1	1447253704
146	523	1	1447362996
146	523	1	1485596134
146	523	1	1485596535
146	523	1	1485596887
146	523	1	1485597151
146	523	1	1485601563
146	523	1	1485602459
146	523	1	1485602848
146	523	1	1485603153
146	523	1	1485606039
146	523	1	1485612476
146	523	1	1485613196
146	523	1	1485613473
146	523	1	1485613697
146	523	1	1485614012
146	523	1	1485614348
146	523	1	1485963992
146	523	1	1485964182
146	523	1	1485964368
146	523	1	1485966318
146	524	1	1443649646
146	524	1	1447251586
146	524	1	1447363037
146	524	1	1491059551
146	524	1	1491059853
146	524	1	1491060119
146	524	1	1491060645
146	524	1	1491061221
146	524	1	1491061477
146	524	1	1491061735
146	524	1	1491062223
146	524	1	1491062490
146	524	1	1491141347
146	524	1	1491141725
146	524	1	1491142552
146	524	1	1491143070
146	525	1	1443650291
146	525	1	1447254071
142	526	1	1443816227
142	527	1	1443816227
142	528	1	1443816227
142	529	1	1443816227
142	530	1	1443816227
142	531	1	1443816228
142	532	1	1443816228
147	533	1	1447097388
147	534	1	1447098586
146	535	1	1447251334
146	535	1	1447252157
146	535	1	1447745214
146	535	1	1491144253
146	535	1	1491144849
146	535	1	1491145832
146	535	1	1491146039
146	535	1	1491146230
146	535	1	1491146852
146	535	1	1491147103
146	535	1	1491147925
146	535	1	1491148113
146	536	1	1447251379
146	536	1	1447252243
146	537	1	1447251419
146	537	1	1447252325
146	538	1	1447251453
146	538	1	1447252404
146	539	1	1447251490
146	539	1	1447252481
146	539	1	1447352912
146	539	1	1447710914
146	539	1	1491145441
146	539	1	1491155711
149	539	1	1493603009
146	540	1	1447255069
146	540	1	1447255106
146	540	1	1447255515
146	540	1	1447255554
146	540	1	1447342997
121	541	1	1450286739
121	542	1	1450290246
107	543	1	1451502430
107	544	1	1451502431
107	545	1	1451502446
107	546	1	1462383588
151	547	1	1463821690
121	548	1	1472129611
121	549	1	1472129612
152	550	1	1473014575
72	551	1	1481182733
8	552	1	1485807893
8	552	1	1485807921
128	553	1	1487200945
105	554	1	1487249994
85	555	1	1497569053
