1	1	1	1102277556
1	1	1	1131028131
1	1	1	1131031254
2	1	1	1135367394
2	1	1	1135367420
2	1	1	1135367531
1	1	1	1135367997
1	1	1	1136306626
1	1	1	1169722953
1	1	1	1169722984
3	1	1	1350698199
4	1	1	1429227077
1	2	1	1103285257
1	2	1	1103289662
5	2	1	1295629954
6	2	1	1295630296
6	2	1	1295633649
7	2	1	1303471656
8	3	1	1103616002
8	3	1	1119697643
8	3	1	1122633775
1	3	1	1132157034
8	4	1	1103616002
8	4	1	1119697643
8	4	1	1122633775
1	4	1	1133017083
1	4	1	1133017103
8	5	1	1103616002
8	5	1	1119697643
1	5	1	1132436596
8	6	1	1103616002
8	6	1	1119697643
1	6	1	1141556240
8	7	1	1103616002
8	7	1	1119697643
1	7	1	1132435083
8	8	1	1103616002
8	8	1	1119697643
8	8	1	1122633776
1	8	1	1133529285
1	8	1	1133682873
8	9	1	1103616002
8	9	1	1119697643
1	9	1	1133528400
8	10	1	1103616002
8	10	1	1119697643
1	10	1	1133529240
8	11	1	1103616002
8	11	1	1119697643
8	11	1	1122633776
1	11	1	1133962096
8	12	1	1103616002
8	12	1	1119697643
1	12	1	1132428337
8	13	1	1103616002
8	13	1	1119697643
1	13	1	1140173632
8	14	1	1103616002
8	14	1	1119697643
1	14	1	1137440698
1	14	1	1137440797
8	15	1	1103616002
8	15	1	1119697643
1	15	1	1137440786
8	16	1	1103616002
8	16	1	1119697643
1	16	1	1132152476
8	17	1	1103616002
8	17	1	1119697643
8	17	1	1124493388
1	17	1	1132491064
1	17	1	1132491208
8	18	1	1103616002
8	18	1	1119697643
8	18	1	1131575278
1	18	1	1132498485
8	19	1	1103616002
8	19	1	1119697643
1	19	1	1132956050
8	20	1	1103616002
8	20	1	1119697643
1	20	1	1132150004
8	21	1	1103616002
8	21	1	1119697643
1	21	1	1133019720
8	22	1	1103616002
8	22	1	1119697643
1	22	1	1133017511
1	22	1	1133017522
1	22	1	1133017575
8	23	1	1103616002
8	23	1	1119697643
1	23	1	1133017475
1	23	1	1133017748
8	24	1	1103616002
8	24	1	1119697643
1	24	1	1132957435
8	25	1	1103616002
8	25	1	1119697643
1	25	1	1133185147
8	26	1	1103616002
8	26	1	1119697643
1	26	1	1132154652
1	26	1	1132155245
8	27	1	1103616002
8	27	1	1119697643
1	27	1	1132154948
8	28	1	1103616002
8	28	1	1119697643
1	28	1	1133298121
8	29	1	1103616002
8	29	1	1119697643
1	29	1	1132955731
8	30	1	1103616002
8	30	1	1119697643
1	30	1	1132069252
8	31	1	1103616002
8	31	1	1119697643
1	31	1	1132496766
1	31	1	1132496805
8	32	1	1103616002
8	32	1	1119697643
1	32	1	1132432653
8	33	1	1103616002
8	33	1	1119697643
1	33	1	1133019797
8	34	1	1103616002
8	34	1	1119697643
1	34	1	1133019995
8	35	1	1103616002
8	35	1	1119697643
1	35	1	1133681933
8	36	1	1103616002
8	36	1	1119697643
1	36	1	1133681959
8	37	1	1103616002
8	37	1	1119697643
1	37	1	1133682018
8	38	1	1103616002
8	38	1	1119697643
1	38	1	1132957320
8	39	1	1103616002
8	39	1	1119697643
1	39	1	1132428623
1	39	1	1132429778
8	40	1	1103616002
8	40	1	1119697643
8	40	1	1122633776
1	40	1	1132432713
8	41	1	1103616002
8	41	1	1119697643
1	41	1	1132151785
8	42	1	1103616002
8	42	1	1119697643
1	42	1	1132151869
8	43	1	1103616002
8	43	1	1119697643
1	43	1	1132151704
8	44	1	1103616002
8	44	1	1119697643
8	44	1	1122633776
1	44	1	1133298046
8	45	1	1103616002
8	45	1	1119697643
1	45	1	1132922962
8	46	1	1103616002
8	46	1	1119697643
1	46	1	1134489216
8	47	1	1103616002
8	47	1	1119697643
1	47	1	1132432746
8	48	1	1103616002
8	48	1	1119697644
1	48	1	1132075547
8	49	1	1103616002
8	49	1	1119697644
1	49	1	1132956036
8	50	1	1103616002
8	50	1	1119697644
1	50	1	1132149580
1	50	1	1132149631
8	51	1	1103616002
8	51	1	1119697644
1	51	1	1132149550
1	51	1	1132149619
8	52	1	1103616002
8	52	1	1119697644
1	52	1	1132150493
1	52	1	1133019020
8	53	1	1103616002
8	53	1	1119697644
8	53	1	1122633778
1	53	1	1132351734
1	53	1	1132434380
8	54	1	1103616002
8	54	1	1119697644
8	54	1	1122633778
1	54	1	1137440663
8	55	1	1103616002
8	55	1	1119697644
1	55	1	1132492388
8	56	1	1103616002
8	56	1	1119697644
1	56	1	1137440531
8	57	1	1103616002
8	57	1	1119697644
1	57	1	1137440527
8	58	1	1103616002
8	58	1	1119697644
1	58	1	1132434642
8	59	1	1103616002
8	59	1	1119697644
1	59	1	1132352227
8	60	1	1103616002
8	60	1	1119697644
1	60	1	1132955727
8	61	1	1103616002
8	61	1	1119697644
1	61	1	1132159495
8	62	1	1103616002
8	62	1	1119697644
1	62	1	1132436842
8	63	1	1103616002
8	63	1	1119697644
1	63	1	1132436289
8	64	1	1103616002
8	64	1	1119697644
8	64	1	1122633779
1	64	1	1137441037
8	65	1	1103616002
8	65	1	1119697644
1	65	1	1132434019
8	66	1	1103616002
8	66	1	1119697644
8	66	1	1122633779
1	66	1	1132497845
8	67	1	1103616002
8	67	1	1119697644
1	67	1	1132433083
8	68	1	1103616002
8	68	1	1119697644
1	68	1	1133297151
1	68	1	1133376032
8	69	1	1103616002
8	69	1	1119697644
1	69	1	1133298461
1	69	1	1133298464
8	70	1	1103616002
8	70	1	1119697644
1	70	1	1133298502
8	71	1	1103616002
8	71	1	1119697644
1	71	1	1133297277
8	72	1	1103616002
8	72	1	1119697644
1	72	1	1133298553
8	73	1	1103616002
8	73	1	1119697644
1	73	1	1133298610
8	74	1	1103616002
8	74	1	1119697644
1	74	1	1132158842
8	75	1	1103616002
8	75	1	1119697644
1	75	1	1132433635
8	76	1	1103616002
8	76	1	1119697644
1	76	1	1133298070
8	77	1	1103616002
8	77	1	1119697644
8	77	1	1122633779
1	77	1	1132491590
8	78	1	1103616002
8	78	1	1119697644
1	78	1	1132152174
1	78	1	1132956082
8	79	1	1103616002
8	79	1	1119697644
1	79	1	1133020039
1	79	1	1133020181
8	80	1	1103616002
8	80	1	1119697644
1	80	1	1133683131
1	80	1	1133683220
8	81	1	1103616002
8	81	1	1119697644
1	81	1	1133020157
8	82	1	1103616002
8	82	1	1119697644
1	82	1	1133020212
8	83	1	1103616002
8	83	1	1119697644
1	83	1	1133184856
8	84	1	1103616002
8	84	1	1119697644
1	84	1	1133020408
8	85	1	1103616002
8	85	1	1119697644
1	85	1	1132492115
8	86	1	1103616002
8	86	1	1119697644
1	86	1	1132492155
8	87	1	1103616002
8	87	1	1119697644
1	87	1	1132492249
8	88	1	1103616002
8	88	1	1119697644
1	88	1	1132491958
8	89	1	1103616002
8	89	1	1119697644
1	89	1	1132492043
8	90	1	1103616002
8	90	1	1119697644
1	90	1	1132492092
8	91	1	1103616002
8	91	1	1119697644
1	91	1	1133020337
8	92	1	1103616002
8	92	1	1119697644
1	92	1	1133298132
8	93	1	1103616002
8	93	1	1119697644
1	93	1	1132758178
8	94	1	1103616002
8	94	1	1119697644
8	94	1	1131575280
1	94	1	1132757720
8	95	1	1103616002
8	95	1	1119697644
8	95	1	1122633779
1	95	1	1133643861
8	96	1	1103616002
8	96	1	1119697644
1	96	1	1137440018
8	97	1	1103616002
8	97	1	1119697644
8	97	1	1122633779
1	97	1	1137440044
8	98	1	1103616002
8	98	1	1119697644
1	98	1	1132148461
8	99	1	1103616002
8	99	1	1119697644
1	99	1	1132351594
8	100	1	1103616002
8	100	1	1119697644
1	100	1	1133298323
8	101	1	1103616002
8	101	1	1119697644
1	101	1	1140173326
8	102	1	1103616002
8	102	1	1119697644
1	102	1	1132075402
8	103	1	1103616002
8	103	1	1119697644
1	103	1	1132158746
8	104	1	1103616002
8	104	1	1119697644
8	104	1	1122633779
1	104	1	1132491672
8	105	1	1103616002
8	105	1	1119697644
8	105	1	1131575280
1	105	1	1132489303
8	106	1	1103616002
8	106	1	1119697644
1	106	1	1133184886
1	106	1	1133184891
8	107	1	1103616002
8	107	1	1119697644
8	107	1	1131575280
1	107	1	1134565336
8	108	1	1103616002
8	108	1	1119697644
1	108	1	1132436565
8	109	1	1103616002
8	109	1	1119697644
1	109	1	1133017340
8	110	1	1103616002
8	110	1	1119697644
8	110	1	1122633780
1	110	1	1133018457
1	110	1	1133018535
8	111	1	1103616002
8	111	1	1119697644
1	111	1	1133684001
8	112	1	1103616002
8	112	1	1119697644
1	112	1	1133683331
8	113	1	1103616002
8	113	1	1119697644
1	113	1	1133683549
8	114	1	1103616002
8	114	1	1119697644
1	114	1	1133017670
8	115	1	1103616002
8	115	1	1119697644
1	115	1	1132149769
1	115	1	1133017265
8	116	1	1103616002
8	116	1	1119697644
1	116	1	1133017372
8	117	1	1103616002
8	117	1	1119697644
1	117	1	1132263392
8	118	1	1103616002
8	118	1	1119697644
1	118	1	1132262062
1	118	1	1132263084
8	119	1	1103616002
8	119	1	1119697644
8	119	1	1122633780
8	119	1	1131575281
1	119	1	1132499438
8	120	1	1103616002
8	120	1	1119697644
1	120	1	1132147702
8	121	1	1103616002
8	121	1	1119697644
8	121	1	1122633780
1	121	1	1133298103
8	122	1	1103616002
8	122	1	1119697644
1	122	1	1133185043
8	123	1	1103616002
8	123	1	1119697644
1	123	1	1133185021
8	124	1	1103616002
8	124	1	1119697644
8	124	1	1122633780
1	124	1	1132491147
8	125	1	1103616002
8	125	1	1119697644
1	125	1	1132955208
8	126	1	1103616002
8	126	1	1119697644
8	126	1	1131575281
1	126	1	1132498100
8	127	1	1103616002
8	127	1	1119697644
1	127	1	1133018813
8	128	1	1103616002
8	128	1	1119697644
1	128	1	1132075405
8	129	1	1103616002
8	129	1	1119697644
8	129	1	1122633780
1	129	1	1132075456
8	130	1	1103616002
8	130	1	1119697644
8	130	1	1122633780
1	130	1	1132496846
8	131	1	1103616002
8	131	1	1119697644
1	131	1	1132262565
1	131	1	1132956083
8	132	1	1103616002
8	132	1	1119697644
1	132	1	1133961639
8	133	1	1103616002
8	133	1	1119697644
1	133	1	1133961664
8	134	1	1103616002
8	134	1	1119697644
1	134	1	1132152348
8	135	1	1103616002
8	135	1	1119697645
1	135	1	1132074770
9	135	1	1289950138
9	135	1	1291477092
9	135	1	1295305943
10	135	1	1327429963
11	135	1	1337663232
11	135	1	1342549215
11	135	1	1349131766
11	135	1	1360201089
8	136	1	1103616002
8	136	1	1119697645
1	136	1	1132491543
1	136	1	1132491553
1	136	1	1132491586
8	137	1	1103616002
8	137	1	1119697645
1	137	1	1132351320
8	138	1	1103616002
8	138	1	1119697645
1	138	1	1132955094
8	139	1	1103616002
8	139	1	1119697645
1	139	1	1132491641
8	140	1	1103616002
8	140	1	1119697645
8	140	1	1122633780
1	140	1	1132497913
8	141	1	1103616002
8	141	1	1119697645
8	141	1	1122633780
1	141	1	1132497969
8	142	1	1103616002
8	142	1	1119697645
1	142	1	1132498910
8	143	1	1103616002
8	143	1	1119697645
1	143	1	1132498605
8	144	1	1103616002
8	144	1	1119697645
1	144	1	1132498839
8	145	1	1103616002
8	145	1	1119697645
1	145	1	1132498967
8	146	1	1103616002
8	146	1	1119697645
1	146	1	1132499286
1	146	1	1132956103
8	147	1	1103616002
8	147	1	1119697645
1	147	1	1132499074
8	148	1	1103616002
8	148	1	1119697645
8	148	1	1122633780
1	148	1	1132499121
8	149	1	1103616002
8	149	1	1119697645
8	149	1	1122633780
1	149	1	1132490418
8	150	1	1103616002
8	150	1	1119697645
8	150	1	1122633780
1	150	1	1132499007
8	151	1	1103616002
8	151	1	1119697645
8	151	1	1122633780
1	151	1	1132499484
8	152	1	1103616002
8	152	1	1119697645
1	152	1	1132499269
8	153	1	1103616002
8	153	1	1119697645
1	153	1	1132433962
8	154	1	1103616002
8	154	1	1119697645
1	154	1	1132434037
8	155	1	1103616002
8	155	1	1119697645
1	155	1	1132150307
1	155	1	1132150338
8	156	1	1103616002
8	156	1	1119697645
8	156	1	1122633781
1	156	1	1132149802
8	157	1	1103616002
8	157	1	1119697645
1	157	1	1132150893
1	157	1	1132158525
8	158	1	1103616002
8	158	1	1119697645
1	158	1	1133961825
8	159	1	1103616002
8	159	1	1119697645
1	159	1	1132428390
8	160	1	1103616002
8	160	1	1119697645
1	160	1	1132159293
8	161	1	1103616002
8	161	1	1119697645
1	161	1	1133643376
8	162	1	1103616002
8	162	1	1119697645
8	162	1	1122633781
1	162	1	1133643584
8	163	1	1103616002
8	163	1	1119697645
1	163	1	1132955224
8	164	1	1103616002
8	164	1	1119697645
1	164	1	1132434163
8	165	1	1103616002
8	165	1	1119697645
1	165	1	1132436449
1	165	1	1132436482
8	166	1	1103616002
8	166	1	1119697645
1	166	1	1133684225
8	167	1	1103616002
8	167	1	1119697645
1	167	1	1132434255
8	168	1	1103616002
8	168	1	1119697645
1	168	1	1132158778
8	169	1	1103616002
8	169	1	1119697645
1	169	1	1132152166
8	170	1	1103616002
8	170	1	1119697645
1	170	1	1132152183
8	171	1	1103616002
8	171	1	1119697645
1	171	1	1132147607
8	172	1	1103616002
8	172	1	1119697645
8	172	1	1122633781
1	172	1	1133298442
8	173	1	1103616002
8	173	1	1119697645
8	173	1	1122633781
1	173	1	1132489407
8	174	1	1103616002
8	174	1	1119697645
8	174	1	1122633781
8	174	1	1131575282
1	174	1	1132489517
1	174	1	1132489734
8	175	1	1103616002
8	175	1	1119697645
8	175	1	1122633781
1	175	1	1133297405
8	176	1	1103616002
8	176	1	1119697645
8	176	1	1122633781
8	176	1	1131575282
1	176	1	1132489443
8	177	1	1103616002
8	177	1	1119697645
8	177	1	1122633781
1	177	1	1133255478
8	178	1	1103616002
8	178	1	1119697645
1	178	1	1133255486
8	179	1	1119697642
1	179	1	1133016993
8	180	1	1119697642
1	180	1	1133017015
8	181	1	1119697642
1	181	1	1133017028
8	182	1	1122633775
1	182	1	1132351140
8	183	1	1122633776
1	183	1	1133185365
8	184	1	1122633776
1	184	1	1133185212
8	185	1	1122633776
1	185	1	1133019756
8	186	1	1122633776
1	186	1	1132489751
8	187	1	1122633776
1	187	1	1132957457
8	188	1	1122633778
1	188	1	1132955361
8	189	1	1122633778
1	189	1	1132955264
8	190	1	1122633779
1	190	1	1133683115
8	191	1	1122633779
1	191	1	1133683176
8	192	1	1122633779
1	192	1	1133020274
8	193	1	1122633779
1	193	1	1132490190
8	194	1	1122633780
1	194	1	1132351362
8	195	1	1122633780
1	195	1	1132152459
8	196	1	1122633780
1	196	1	1132491798
8	197	1	1122633780
8	197	1	1124493391
8	197	1	1125912412
8	197	1	1131575281
1	197	1	1132492510
1	197	1	1132492531
8	198	1	1122633780
1	198	1	1132499390
8	199	1	1122633780
1	199	1	1132499328
8	200	1	1122633781
1	200	1	1132351438
8	201	1	1122633781
8	201	1	1124493392
8	201	1	1125912413
8	201	1	1131575282
8	201	1	1133225736
1	201	1	1133297391
8	202	1	1122633781
1	202	1	1132263407
8	203	1	1122633781
1	203	1	1132263515
8	204	1	1124493390
1	204	1	1133529458
8	205	1	1124493390
1	205	1	1132433532
8	206	1	1125912409
1	206	1	1132150117
8	207	1	1125912410
1	207	1	1132152038
8	208	1	1125912411
1	208	1	1132433841
1	209	1	1131109809
1	209	1	1131109934
1	209	1	1131438259
12	209	1	1132274676
1	209	1	1132512953
1	209	1	1134652241
1	209	1	1135370660
1	209	1	1136840936
1	209	1	1136841118
1	209	1	1136910621
1	209	1	1140175479
7	209	1	1303471434
7	209	1	1374680754
7	209	1	1374680846
13	209	1	1444093988
13	209	1	1444094000
13	209	1	1447165714
13	209	1	1454947399
14	209	1	1455869758
13	209	1	1457054168
1	210	1	1131216630
1	210	1	1132512895
1	210	1	1134336497
1	210	1	1136841011
1	210	1	1136910539
7	210	1	1303466885
8	211	1	1131575277
1	211	1	1132489876
8	212	1	1131575278
1	212	1	1132496811
8	213	1	1131575278
1	213	1	1132491621
8	214	1	1131575279
1	214	1	1133684578
8	215	1	1131575280
1	215	1	1132075388
8	216	1	1131575280
1	216	1	1132433180
8	217	1	1131575280
1	217	1	1132428098
8	218	1	1131575280
1	218	1	1132433272
8	219	1	1131575280
1	219	1	1132428232
8	220	1	1131575281
1	220	1	1132489397
1	220	1	1132490292
8	221	1	1131575282
1	221	1	1132489367
1	221	1	1132490439
1	221	1	1132490453
8	222	1	1131575282
1	222	1	1132434208
1	223	1	1131737237
1	223	1	1131737297
1	223	1	1131737450
1	223	1	1131737479
1	223	1	1132581748
1	223	1	1135371557
1	223	1	1135371905
7	223	1	1303468257
7	223	1	1303470061
15	223	1	1307361260
7	223	1	1307600846
16	223	1	1354434368
16	223	1	1354434429
17	223	1	1462802510
1	224	1	1131817710
1	224	1	1131992742
1	224	1	1131992792
1	224	1	1132070935
1	224	1	1132435703
1	224	1	1132435815
1	224	1	1137165409
18	224	1	1297854405
19	224	1	1297897476
7	224	1	1303469591
7	224	1	1303471878
7	224	1	1344731157
7	224	1	1352245932
7	224	1	1375895973
12	225	1	1131928742
12	226	1	1131928748
1	227	1	1132068616
20	227	1	1375656518
1	228	1	1132068788
1	228	1	1132159185
1	228	1	1134335921
1	228	1	1134564750
1	228	1	1134849455
1	228	1	1137584863
1	228	1	1138868897
1	228	1	1138868937
1	228	1	1138869024
1	228	1	1139489159
1	228	1	1139489187
1	228	1	1139489246
1	228	1	1139508370
1	228	1	1142080491
21	228	1	1143492026
21	228	1	1143492137
1	228	1	1143537955
22	228	1	1146763184
1	228	1	1146821232
23	228	1	1174075595
23	228	1	1175072233
23	228	1	1175072467
1	228	1	1202858690
7	228	1	1253007448
7	228	1	1253008542
24	228	1	1292822789
18	228	1	1297854106
19	228	1	1297897485
7	228	1	1307603497
15	228	1	1308072775
7	228	1	1322285894
7	228	1	1322289245
25	228	1	1331641743
7	228	1	1337812900
7	228	1	1361691177
26	228	1	1371730696
26	228	1	1371730784
26	228	1	1371730823
7	228	1	1371832583
27	228	1	1375619941
7	228	1	1375628861
7	228	1	1375630127
7	228	1	1375630179
7	228	1	1375884691
13	228	1	1447852920
1	229	1	1132070935
1	229	1	1138546365
20	229	1	1375905621
1	230	1	1132150576
1	231	1	1132432954
1	231	1	1132434362
1	232	1	1132436621
1	233	1	1132512895
7	233	1	1303466834
7	233	1	1303467807
13	233	1	1457276163
12	234	1	1132879405
1	234	1	1132925072
1	234	1	1132928030
12	234	1	1132939467
12	234	1	1134435162
1	234	1	1134471760
28	234	1	1135369968
1	234	1	1135371231
1	234	1	1136303849
1	234	1	1136321533
29	234	1	1136814708
1	234	1	1136840297
30	234	1	1186656666
1	234	1	1187179781
7	234	1	1233305568
31	234	1	1396902966
32	234	1	1426644167
4	234	1	1429227077
32	234	1	1429245609
1	235	1	1133297325
1	236	1	1133297362
8	237	1	1133490018
1	237	1	1137440094
8	238	1	1133490018
1	238	1	1137440129
33	239	1	1133627478
33	240	1	1133627497
1	241	1	1133643994
1	242	1	1133682233
1	243	1	1133682323
1	244	1	1133682524
1	244	1	1133682529
1	244	1	1133682659
1	244	1	1133682782
1	245	1	1134336144
1	245	1	1134336200
1	245	1	1134336218
1	245	1	1136407466
1	245	1	1140449296
7	245	1	1303469733
1	246	1	1134564834
1	246	1	1134565605
1	246	1	1134840855
1	246	1	1134849152
1	246	1	1139485378
1	246	1	1140195948
1	246	1	1140195997
1	246	1	1140346168
7	246	1	1303469317
1	247	1	1134847921
1	247	1	1134847948
1	247	1	1134849227
1	247	1	1139485167
7	247	1	1303469204
1	248	1	1134848791
8	249	1	1135235756
1	249	1	1140171910
8	250	1	1135235757
1	250	1	1140171871
28	251	1	1135369506
28	252	1	1135369536
1	253	1	1135369826
7	253	1	1303470175
16	253	1	1354434477
1	254	1	1135371342
1	254	1	1135372210
1	254	1	1135373578
1	254	1	1135374407
1	254	1	1135374739
1	254	1	1135374864
7	254	1	1303470388
16	254	1	1354434489
1	255	1	1135372155
1	256	1	1135373526
7	256	1	1303471510
1	257	1	1135374638
1	258	1	1135374649
1	259	1	1135374663
1	260	1	1135374673
1	261	1	1135458462
1	261	1	1135458557
1	261	1	1135458579
1	261	1	1135458672
7	261	1	1303466383
7	261	1	1303466413
7	261	1	1303469350
16	261	1	1354434503
1	262	1	1135458527
1	263	1	1135536310
7	263	1	1303469818
16	263	1	1354434520
1	264	1	1136305619
1	264	1	1136306586
1	265	1	1136306376
1	266	1	1136306478
1	267	1	1138868823
1	267	1	1263082412
13	267	1	1440351627
1	268	1	1139488874
1	269	1	1139494425
7	269	1	1303471358
1	270	1	1140174768
1	270	1	1140175031
1	270	1	1140175209
7	270	1	1303469644
7	270	1	1303469722
7	270	1	1303471886
1	271	1	1140175209
7	271	1	1303471889
1	272	1	1141490481
34	272	1	1206680653
35	272	1	1236281023
7	272	1	1293440046
7	272	1	1303467306
7	272	1	1303467990
36	272	1	1439894159
1	273	1	1142080032
1	273	1	1147029211
1	273	1	1147029784
1	273	1	1147034306
1	273	1	1147095535
1	273	1	1147098467
1	273	1	1147098502
1	273	1	1151244700
7	273	1	1319323863
1	274	1	1145205346
1	274	1	1145205571
1	274	1	1145205687
23	274	1	1173297963
7	274	1	1303469661
7	274	1	1303469683
37	274	1	1303496391
37	274	1	1303496485
37	274	1	1303496671
37	274	1	1303496744
37	274	1	1303496807
37	274	1	1303496944
37	274	1	1303497243
37	274	1	1303497322
37	274	1	1303497347
37	274	1	1303497411
37	274	1	1303497516
37	274	1	1303498123
7	274	1	1321510362
7	274	1	1322110179
7	274	1	1322110697
7	274	1	1322289561
7	274	1	1322289590
7	274	1	1324413556
7	274	1	1324535595
7	274	1	1324535749
7	274	1	1324535923
7	274	1	1324536559
7	274	1	1326927362
7	274	1	1337145763
7	274	1	1337146395
7	274	1	1337146870
7	274	1	1348085552
7	274	1	1348085576
7	274	1	1375899477
7	274	1	1382183109
7	274	1	1382211374
7	274	1	1382349422
7	274	1	1388156642
7	274	1	1389270064
13	274	1	1448207437
13	274	1	1456532439
13	274	1	1456533036
13	274	1	1456533060
13	274	1	1456533896
13	274	1	1456533909
1	276	1	1147030811
1	276	1	1147030842
1	276	1	1147031846
1	276	1	1147034391
1	276	1	1147098593
1	276	1	1151238770
1	276	1	1151238786
1	277	1	1147032710
1	277	1	1147033620
1	277	1	1147034353
1	277	1	1147098606
1	278	1	1147033406
1	278	1	1147034371
1	278	1	1147098616
1	279	1	1147034171
1	279	1	1147034325
1	280	1	1147099304
1	280	1	1147099382
7	280	1	1303469494
1	281	1	1151246513
1	282	1	1158432505
1	282	1	1158484663
7	282	1	1303469436
1	283	1	1169769234
1	284	1	1169769353
1	285	1	1169769749
1	286	1	1169769995
1	287	1	1169770095
1	288	1	1169770325
23	289	1	1173299676
23	289	1	1173300343
23	289	1	1173300617
23	289	1	1173302485
23	289	1	1173302840
23	289	1	1173302951
23	289	1	1173303301
23	289	1	1173305763
23	289	1	1174172421
7	289	1	1303470682
23	290	1	1173305548
23	290	1	1173305588
23	290	1	1174170696
7	290	1	1303469274
23	291	1	1173305588
38	291	1	1209182757
23	292	1	1173379069
23	292	1	1173384920
23	292	1	1173385406
23	292	1	1173386937
7	292	1	1303471249
23	293	1	1173385406
23	294	1	1173389416
7	294	1	1303470562
23	295	1	1173391947
7	295	1	1303469404
23	296	1	1173465848
23	296	1	1173821278
18	296	1	1297854248
19	296	1	1297897478
7	296	1	1303471163
7	296	1	1303471187
39	296	1	1337527660
7	296	1	1337810787
7	296	1	1337894332
23	297	1	1173469145
23	297	1	1173470098
7	297	1	1303470583
23	298	1	1173817142
23	298	1	1173819456
23	298	1	1173820772
23	298	1	1173989759
23	298	1	1174079666
23	298	1	1174334268
23	298	1	1174514674
23	299	1	1173819418
7	299	1	1303471217
23	300	1	1173820751
23	300	1	1173821111
7	300	1	1303471201
23	301	1	1173989748
23	301	1	1173996299
23	301	1	1174172347
7	301	1	1303469151
23	302	1	1173999902
23	302	1	1174170467
7	302	1	1303469162
13	302	1	1439661284
40	302	1	1439664955
23	303	1	1174076508
7	303	1	1303471051
23	304	1	1174170467
20	304	1	1439783326
23	305	1	1174170696
23	306	1	1174334249
23	306	1	1174424625
23	306	1	1174424856
23	306	1	1174510927
7	306	1	1303470809
41	306	1	1482524309
23	307	1	1174514653
7	307	1	1303470836
42	308	1	1183043790
43	308	1	1277172970
43	308	1	1277174664
1	309	1	1187179605
1	309	1	1187179663
1	309	1	1187179853
1	309	1	1201640733
1	309	1	1201773803
1	309	1	1201773827
44	310	1	1188247047
44	311	1	1188247084
45	312	1	1269499537
18	312	1	1297854174
19	312	1	1297897482
46	312	1	1309682468
46	312	1	1319676822
46	312	1	1324472628
46	312	1	1326586408
47	312	1	1328990030
46	312	1	1329059036
46	312	1	1338598977
46	312	1	1338920490
48	312	1	1339391495
48	312	1	1339391509
46	312	1	1340945348
46	312	1	1342728492
46	312	1	1346896732
46	312	1	1347283334
46	312	1	1350356225
46	312	1	1350493362
46	312	1	1357678637
46	312	1	1358608858
46	312	1	1359577734
46	312	1	1363204481
46	312	1	1366778798
46	312	1	1367293341
46	312	1	1367346732
46	312	1	1369082469
46	312	1	1370309863
46	312	1	1371962011
46	312	1	1372941127
49	312	1	1372948621
46	312	1	1374585537
50	312	1	1374597332
7	312	1	1375995266
46	312	1	1377025856
51	312	1	1379842266
46	312	1	1379990089
51	312	1	1380097609
51	312	1	1380101680
46	312	1	1380912050
46	312	1	1381263294
46	312	1	1383681778
46	312	1	1384817239
32	312	1	1389854852
32	312	1	1392813028
32	312	1	1393020004
32	312	1	1393616663
32	312	1	1394747779
32	312	1	1396307096
31	312	1	1396902838
32	312	1	1400880581
32	312	1	1403183370
32	312	1	1403214869
32	312	1	1408642514
32	312	1	1408659316
32	312	1	1409676726
52	312	1	1410696488
32	312	1	1414346650
32	312	1	1415986580
32	312	1	1416593532
32	312	1	1416594937
32	312	1	1419620390
32	312	1	1423161022
32	312	1	1423251671
32	312	1	1424851099
32	312	1	1425249165
32	312	1	1425499299
32	312	1	1426275933
32	312	1	1428682329
32	312	1	1428695361
32	312	1	1429592900
32	312	1	1430711310
32	312	1	1431883696
32	312	1	1431887511
32	312	1	1433533551
32	312	1	1434192256
32	312	1	1434200320
32	312	1	1434751295
32	312	1	1437714478
32	312	1	1438386174
32	312	1	1438403871
32	312	1	1439591306
32	312	1	1439597131
13	312	1	1439631083
13	312	1	1439631857
13	312	1	1439632045
13	312	1	1439632192
13	312	1	1439632202
32	312	1	1439939331
53	312	1	1439944642
32	312	1	1439945202
32	312	1	1441217603
32	312	1	1441399975
32	312	1	1441403907
32	312	1	1441815125
32	312	1	1442936893
32	312	1	1442955721
32	312	1	1443459382
32	312	1	1443467892
32	312	1	1446229090
32	312	1	1447106249
32	312	1	1447152481
32	312	1	1447796578
32	312	1	1448488108
32	312	1	1448980695
32	312	1	1450472289
32	312	1	1450475889
32	312	1	1451002021
32	312	1	1451958592
32	312	1	1453143996
14	312	1	1455874154
13	312	1	1456477660
32	312	1	1459446463
32	312	1	1460927264
32	312	1	1466751874
32	312	1	1467566413
32	312	1	1467732315
32	312	1	1470765784
32	312	1	1473692885
32	312	1	1475266290
32	312	1	1475717687
32	312	1	1476553782
32	312	1	1479081564
32	312	1	1479082293
32	312	1	1481743918
32	312	1	1487190662
32	312	1	1489088595
32	312	1	1489813773
32	312	1	1491536281
32	312	1	1491932058
32	312	1	1493838895
32	312	1	1494254478
32	312	1	1494612378
32	312	1	1494945847
32	312	1	1494968999
32	312	1	1495573524
54	312	1	1496342832
55	313	1	1191915919
55	314	1	1191915934
56	315	1	1191987361
56	316	1	1191987372
43	317	1	1192831361
43	317	1	1319173405
43	317	1	1329450362
43	317	1	1329450782
57	317	1	1374255494
43	317	1	1379284667
58	318	1	1193701574
58	318	1	1199561676
59	319	1	1196102891
43	319	1	1225246717
60	320	1	1196634063
61	321	1	1198582501
35	322	1	1200951557
35	323	1	1200951565
62	324	1	1201565409
62	325	1	1201565417
63	326	1	1201609414
64	327	1	1201657434
58	328	1	1205440014
58	328	1	1205441662
58	328	1	1205442907
34	329	1	1206031503
34	330	1	1206031512
65	331	1	1206619705
35	332	1	1210701266
43	332	1	1225430543
66	333	1	1212292211
67	334	1	1212798604
67	335	1	1212798706
68	336	1	1213744479
68	336	1	1213798856
68	336	1	1293351967
68	336	1	1372516367
68	337	1	1214149601
69	338	1	1218640201
43	339	1	1225169745
70	340	1	1225314898
70	341	1	1225319903
70	342	1	1225324450
43	343	1	1225328001
43	344	1	1225352287
70	345	1	1225375049
70	345	1	1226320904
70	346	1	1225388385
70	347	1	1225388462
70	348	1	1225457324
70	348	1	1225569022
70	348	1	1225587757
70	348	1	1225600385
70	348	1	1225655484
70	348	1	1225683238
70	348	1	1225728978
70	348	1	1225775377
70	348	1	1225837530
70	348	1	1225862185
70	348	1	1225880710
70	348	1	1226012805
70	348	1	1226380055
70	348	1	1226500413
70	348	1	1226940170
70	348	1	1226947252
70	348	1	1226968646
70	348	1	1227104058
70	348	1	1227878123
70	348	1	1228203637
70	348	1	1229413181
70	348	1	1230229370
70	348	1	1230240569
70	348	1	1230768682
70	348	1	1231587628
70	348	1	1232069538
70	348	1	1232473650
70	348	1	1232481382
70	348	1	1233058141
70	348	1	1233099113
70	348	1	1233124243
70	348	1	1233210539
70	348	1	1233557083
70	348	1	1234451359
70	348	1	1234763073
70	348	1	1234766262
70	348	1	1234950721
70	348	1	1235328401
70	348	1	1235496775
70	348	1	1236128848
70	348	1	1237340370
70	348	1	1238045653
70	348	1	1238718637
70	348	1	1240463636
43	349	1	1225530103
54	349	1	1234465937
43	350	1	1225584015
43	351	1	1225678800
43	352	1	1225770803
43	353	1	1225860310
71	353	1	1383406922
70	354	1	1225932334
70	355	1	1225945049
70	356	1	1225960664
70	356	1	1226310537
70	357	1	1226232547
43	358	1	1226471329
72	359	1	1226494864
72	360	1	1226504899
43	361	1	1227249673
43	362	1	1227883926
73	363	1	1229788006
74	364	1	1232878788
7	365	1	1233305190
7	365	1	1253346083
7	365	1	1321316186
7	365	1	1321316245
7	365	1	1325056873
7	365	1	1428432689
7	365	1	1428432731
7	365	1	1428562748
7	365	1	1488360500
7	365	1	1488873414
43	366	1	1234149529
43	367	1	1234563979
43	368	1	1235275579
43	369	1	1235279836
70	370	1	1237302034
43	371	1	1237616512
75	372	1	1238746949
75	373	1	1238746959
43	374	1	1239502328
43	375	1	1239579249
43	376	1	1239582649
43	377	1	1240007737
43	378	1	1240015706
43	379	1	1240079079
43	380	1	1240088252
76	381	1	1242925454
77	382	1	1246042240
16	382	1	1354433191
16	382	1	1354433229
19	382	1	1378460202
78	382	1	1444957475
79	382	1	1445542358
77	383	1	1246042252
77	384	1	1246042257
80	385	1	1248106861
81	386	1	1251669750
81	386	1	1251671919
43	387	1	1251833194
43	388	1	1252735186
43	389	1	1252742775
43	390	1	1252815733
7	391	1	1253008167
7	391	1	1253008319
7	391	1	1253008453
7	391	1	1253008585
82	391	1	1342413743
7	392	1	1253346136
3	392	1	1350698233
5	393	1	1256770491
83	394	1	1257187353
84	395	1	1259894943
43	396	1	1264237206
43	397	1	1264292056
65	398	1	1264350808
43	399	1	1264389233
43	400	1	1264467310
43	401	1	1264473310
43	402	1	1264551928
43	403	1	1264720810
43	404	1	1264732051
43	405	1	1264919075
43	406	1	1264921530
43	407	1	1264923219
43	408	1	1266706501
43	408	1	1379473328
43	409	1	1266717380
85	411	1	1268601262
86	412	1	1269475997
86	412	1	1269476096
86	412	1	1269476277
86	412	1	1269476357
7	413	1	1303470449
16	413	1	1354434587
87	414	1	1270200481
87	414	1	1379166641
88	415	1	1270329327
87	416	1	1270468800
87	416	1	1379166644
87	417	1	1270656806
87	417	1	1379166648
43	418	1	1271126917
89	419	1	1274813024
43	420	1	1276992360
43	421	1	1277066074
43	422	1	1277158856
43	423	1	1277167810
43	424	1	1277178756
43	425	1	1277180268
43	426	1	1277247172
43	427	1	1277578879
43	427	1	1289164536
90	427	1	1308760064
90	427	1	1309106391
90	427	1	1322675625
90	427	1	1356643364
90	427	1	1356694175
43	428	1	1280795560
43	429	1	1280799634
91	430	1	1280959885
91	430	1	1281005583
91	431	1	1281096628
43	432	1	1281148997
43	433	1	1281153009
43	434	1	1281154716
43	435	1	1281158117
91	436	1	1281177777
43	436	1	1289163266
90	436	1	1308799182
90	436	1	1309110166
90	436	1	1356643351
43	437	1	1281232515
43	438	1	1281234315
91	439	1	1281258177
92	440	1	1281995088
92	441	1	1281995099
43	442	1	1283020646
9	443	1	1283391402
9	443	1	1284614299
71	443	1	1408317606
43	444	1	1283393015
9	445	1	1283408614
93	446	1	1285020715
9	447	1	1285791368
9	447	1	1285791967
9	448	1	1286348928
43	449	1	1289160044
43	450	1	1289172658
7	451	1	1303469781
7	451	1	1303470130
16	451	1	1354434575
7	452	1	1293440046
7	453	1	1293440379
7	454	1	1293440490
7	454	1	1293453517
75	454	1	1363434761
94	454	1	1424895549
7	455	1	1293440515
7	455	1	1293448646
75	455	1	1295088149
7	455	1	1295621127
75	455	1	1300189294
75	455	1	1363424571
94	455	1	1424895645
7	456	1	1293448164
87	456	1	1424825358
7	457	1	1293448249
87	457	1	1424822865
7	458	1	1293448359
7	459	1	1293448424
75	459	1	1363391718
75	459	1	1363442475
95	459	1	1382706506
7	460	1	1293448471
7	461	1	1293448588
75	461	1	1363441945
95	461	1	1382722554
7	462	1	1293453696
7	463	1	1293453707
7	464	1	1293453767
7	465	1	1293453839
7	466	1	1293453909
75	466	1	1363427740
95	466	1	1382717115
92	467	1	1293739229
96	468	1	1294089593
43	469	1	1296442357
43	469	1	1333237190
97	469	1	1390290034
97	469	1	1390291859
43	470	1	1296616865
43	471	1	1296783648
5	472	1	1297821864
19	473	1	1297897666
19	473	1	1316857543
19	474	1	1297897674
43	475	1	1298435472
98	476	1	1298461151
98	476	1	1390327788
99	476	1	1417036219
7	477	1	1303469507
43	478	1	1301869630
100	479	1	1301925093
9	480	1	1302754859
43	481	1	1302977792
92	481	1	1331473998
43	482	1	1302982327
43	483	1	1302994191
43	484	1	1303350725
7	485	1	1303467448
7	485	1	1303467576
7	485	1	1308483614
75	485	1	1363424411
75	485	1	1363437790
75	485	1	1363443312
94	485	1	1424895573
7	486	1	1303467824
75	486	1	1363430541
7	487	1	1303468064
75	487	1	1363390207
75	487	1	1363431311
94	487	1	1424895621
7	488	1	1303468280
7	488	1	1303472122
7	489	1	1303468369
75	489	1	1363430231
13	489	1	1439813084
7	490	1	1303468530
75	490	1	1363390633
75	490	1	1363391188
75	490	1	1363391368
75	490	1	1363441189
87	490	1	1424830173
7	491	1	1303468833
75	491	1	1363390958
75	491	1	1363435565
75	491	1	1363435645
75	491	1	1363438090
75	491	1	1363441009
7	492	1	1303469042
75	492	1	1363425170
75	492	1	1363429791
75	492	1	1363441409
87	492	1	1424819259
7	493	1	1303469683
7	494	1	1303471163
7	495	1	1303471886
37	496	1	1303497715
7	496	1	1321336686
7	496	1	1321337193
7	496	1	1321338031
7	496	1	1321429442
7	496	1	1321432301
7	496	1	1321432940
7	496	1	1321506181
7	496	1	1321510326
7	496	1	1322551919
7	496	1	1322551952
7	496	1	1325756016
7	496	1	1325756104
7	496	1	1352436614
7	496	1	1380184697
7	496	1	1380184729
7	496	1	1380184756
40	496	1	1439580228
101	496	1	1444300623
43	497	1	1305156815
43	497	1	1333910918
16	498	1	1354434599
7	499	1	1307601731
16	499	1	1354434610
102	499	1	1456377044
103	499	1	1499247132
104	500	1	1306241966
104	500	1	1314534426
9	501	1	1306446445
9	502	1	1306518619
7	503	1	1307306009
7	504	1	1307306067
7	505	1	1307306076
7	505	1	1307633734
7	505	1	1319066073
105	506	1	1307396910
106	506	1	1332353479
7	507	1	1307600639
7	508	1	1307601069
7	509	1	1307601138
75	509	1	1310721419
94	509	1	1424895660
7	510	1	1307601586
75	510	1	1313399743
57	510	1	1375518262
57	510	1	1375518274
7	510	1	1375725810
57	510	1	1375781486
57	510	1	1375781766
57	510	1	1375782110
7	510	1	1375803997
7	510	1	1375804058
15	510	1	1391349932
15	510	1	1391349964
13	510	1	1439821696
7	511	1	1307601918
7	512	1	1307603608
7	513	1	1307603635
7	513	1	1373387201
7	514	1	1308483599
7	515	1	1308633329
7	516	1	1308672942
107	516	1	1308691245
90	517	1	1308809221
90	517	1	1308813257
90	518	1	1308812950
108	519	1	1309303366
108	519	1	1331454847
108	519	1	1401149543
108	519	1	1423194405
109	520	1	1309513591
109	521	1	1309526525
90	522	1	1309539794
90	523	1	1309541935
43	524	1	1309569960
43	525	1	1309578716
43	526	1	1309582797
43	527	1	1309622860
43	528	1	1309631775
15	529	1	1309779240
15	529	1	1309779443
7	529	1	1374526737
110	531	1	1311111693
111	532	1	1313254406
43	533	1	1314241047
43	533	1	1422211670
43	534	1	1315767513
43	535	1	1315771982
112	536	1	1316291602
43	537	1	1317575834
43	537	1	1338659679
106	538	1	1318460242
113	539	1	1318481144
43	540	1	1318973559
9	541	1	1319840917
9	541	1	1429211993
114	542	1	1319992069
115	542	1	1497568631
7	543	1	1320195788
7	543	1	1320195876
7	543	1	1320215142
7	543	1	1321341778
7	543	1	1321341947
74	543	1	1332888887
7	543	1	1380882271
7	543	1	1380882302
116	543	1	1456843550
7	544	1	1320215083
7	544	1	1320215157
7	544	1	1320215179
7	544	1	1320266890
7	544	1	1320269744
7	544	1	1321511852
7	544	1	1375720402
7	544	1	1380882189
7	545	1	1320267479
7	545	1	1320267505
7	545	1	1321338527
7	545	1	1321511795
7	545	1	1380878134
7	546	1	1320268299
7	546	1	1320268310
7	546	1	1320268413
7	546	1	1320268472
7	546	1	1321426545
7	546	1	1321511722
7	546	1	1380878097
7	547	1	1320269547
7	547	1	1320269571
7	547	1	1321511744
7	547	1	1325539707
7	547	1	1325565215
7	547	1	1325665945
7	547	1	1325671974
51	547	1	1380537162
7	548	1	1320271399
7	548	1	1320271410
7	548	1	1321511772
7	548	1	1371416104
7	548	1	1371416152
7	548	1	1380878229
7	549	1	1320374590
7	549	1	1320374828
7	549	1	1320375189
117	550	1	1320839798
117	551	1	1320839982
118	552	1	1321040359
119	553	1	1321069030
118	554	1	1321205010
118	555	1	1321205011
118	555	1	1321205203
7	556	1	1321324555
7	556	1	1321327083
7	556	1	1321328265
7	556	1	1321328666
7	556	1	1321328704
7	556	1	1321328767
7	556	1	1321330990
7	556	1	1321342498
7	556	1	1321342564
7	556	1	1321342814
7	556	1	1321343453
7	556	1	1321343522
7	556	1	1321343612
7	556	1	1321345167
7	556	1	1321345340
7	556	1	1321347945
7	556	1	1321348297
7	556	1	1321348380
7	556	1	1321348640
7	556	1	1321348724
7	556	1	1321348942
7	556	1	1321415560
7	556	1	1322292717
47	556	1	1322323267
7	556	1	1322900603
7	556	1	1329026577
7	556	1	1329026593
7	556	1	1329026618
7	556	1	1329026996
7	556	1	1332867409
7	556	1	1360800840
120	556	1	1401555522
120	556	1	1401555790
121	556	1	1405583195
122	556	1	1405951534
7	556	1	1409640846
7	556	1	1409640878
123	556	1	1410744344
123	556	1	1410744615
123	556	1	1410744900
123	556	1	1410744977
124	556	1	1416222936
123	556	1	1417656419
123	556	1	1417656777
123	556	1	1417657024
7	556	1	1425046446
7	556	1	1425046545
13	556	1	1441386482
13	556	1	1441386549
7	556	1	1443793849
7	556	1	1455004862
7	556	1	1467960797
125	556	1	1473557153
125	556	1	1473558504
7	557	1	1321337001
7	557	1	1321339480
7	557	1	1321519132
7	557	1	1322874470
7	557	1	1325580135
7	558	1	1321338763
7	558	1	1321338805
7	558	1	1321338861
7	558	1	1321426024
7	558	1	1321428809
7	558	1	1321511206
7	558	1	1322551870
7	558	1	1325579956
7	558	1	1325666404
7	558	1	1325669866
7	559	1	1321339149
7	559	1	1321511379
7	559	1	1322551856
7	559	1	1325551769
7	559	1	1325580401
7	559	1	1325669815
7	559	1	1371415762
7	559	1	1371415854
7	559	1	1371509858
7	559	1	1383841487
7	559	1	1455612671
7	560	1	1321340697
7	560	1	1321429123
7	560	1	1321429250
7	560	1	1321429776
7	560	1	1321507323
7	560	1	1321511694
7	560	1	1322292076
7	560	1	1322874351
7	560	1	1327638801
7	560	1	1380882074
126	560	1	1483652573
7	561	1	1321340894
7	562	1	1321340907
7	563	1	1321340942
7	564	1	1321340954
7	565	1	1321340964
7	566	1	1321351600
7	567	1	1321426923
7	567	1	1321427845
7	567	1	1321519580
7	567	1	1365101099
7	567	1	1369118762
7	567	1	1371415278
7	567	1	1380878148
13	567	1	1440199220
7	568	1	1321427287
7	568	1	1321427855
7	568	1	1321519587
7	568	1	1321519650
7	568	1	1365101104
7	568	1	1380878182
7	569	1	1321427840
7	569	1	1321519509
7	569	1	1365101063
7	569	1	1365207946
7	569	1	1380697104
7	570	1	1321428575
7	570	1	1321519542
7	570	1	1380878068
40	570	1	1440332471
7	571	1	1321437284
7	571	1	1321437683
7	571	1	1321511998
127	572	1	1321454823
127	572	1	1349150315
127	572	1	1349170050
127	572	1	1351180714
7	573	1	1321506879
7	573	1	1321511442
7	573	1	1380878259
7	574	1	1321507432
7	574	1	1321511470
7	574	1	1322874205
7	574	1	1380878278
7	575	1	1321507773
7	575	1	1321507811
7	575	1	1321511497
7	575	1	1321511522
7	575	1	1322874253
7	575	1	1380878316
7	576	1	1321508635
7	576	1	1321509762
7	576	1	1321511548
7	576	1	1321511589
7	576	1	1322874286
7	576	1	1380878345
7	577	1	1321508933
7	577	1	1321511574
7	577	1	1322874301
7	577	1	1380878353
7	578	1	1321509279
7	578	1	1321511610
7	578	1	1322874370
7	578	1	1323654889
7	578	1	1375835970
7	578	1	1380882012
7	579	1	1321509521
7	579	1	1321511635
7	579	1	1322874384
7	579	1	1380878362
7	580	1	1321509758
7	580	1	1321511658
7	580	1	1322874221
7	580	1	1380878307
7	581	1	1321509991
7	582	1	1321510064
116	582	1	1455541299
13	582	1	1455672893
13	582	1	1455673034
7	583	1	1321510217
7	583	1	1321510260
13	583	1	1439821737
7	584	1	1321510753
7	584	1	1321511034
7	585	1	1321511159
7	585	1	1321511239
75	585	1	1363427050
87	585	1	1424831535
7	586	1	1321511370
75	586	1	1363429001
75	586	1	1363437710
7	586	1	1369117307
87	586	1	1424829710
7	587	1	1321512009
75	587	1	1363428640
87	587	1	1424829536
7	588	1	1321518483
7	588	1	1321518944
7	589	1	1321518547
7	590	1	1321518629
7	590	1	1321518967
7	591	1	1321518701
7	591	1	1321518952
7	592	1	1321518788
7	592	1	1321518935
7	593	1	1321518866
7	593	1	1321518960
7	594	1	1321519183
7	595	1	1321519629
7	595	1	1321520211
13	595	1	1440247160
7	596	1	1321519730
7	596	1	1321520236
94	596	1	1424895610
7	597	1	1321519793
7	598	1	1321519879
7	599	1	1321519941
94	599	1	1424897710
7	600	1	1321584996
7	600	1	1321585184
7	600	1	1322551728
7	600	1	1327638478
7	600	1	1377133133
7	601	1	1321585431
7	602	1	1321585496
75	602	1	1363429651
7	602	1	1369117148
7	603	1	1321605574
7	603	1	1321680162
7	603	1	1321680370
7	603	1	1321680460
7	603	1	1321681181
7	603	1	1321686713
7	603	1	1321686798
7	604	1	1321605941
7	604	1	1321686029
7	605	1	1321606168
7	605	1	1321686301
128	605	1	1413447629
7	606	1	1321606229
7	606	1	1321686464
7	607	1	1321606379
7	607	1	1321686443
7	608	1	1321606523
7	608	1	1321686087
7	609	1	1321606577
7	609	1	1321607723
7	609	1	1321611413
7	609	1	1321678043
7	609	1	1321686555
7	610	1	1321606732
7	610	1	1321686351
7	611	1	1321606954
7	611	1	1321686575
7	612	1	1321607080
7	612	1	1321679898
7	612	1	1321686405
7	613	1	1321607188
7	613	1	1321686427
7	614	1	1321607321
7	614	1	1321686322
7	615	1	1321607481
7	615	1	1321686504
7	616	1	1321607699
7	616	1	1321686614
7	617	1	1321608159
7	617	1	1321686282
7	618	1	1321608194
7	618	1	1321686519
7	619	1	1321608285
7	619	1	1321686175
7	620	1	1321608688
7	620	1	1321686155
7	621	1	1321609041
7	621	1	1321686194
7	622	1	1321609687
7	622	1	1321609741
7	622	1	1321680343
7	622	1	1321686139
7	623	1	1321611510
7	624	1	1321611809
7	624	1	1321686255
7	625	1	1321612709
7	625	1	1321686595
7	626	1	1321676121
7	626	1	1321686370
7	627	1	1321676297
7	627	1	1321676335
7	627	1	1321686483
7	628	1	1321678092
7	628	1	1321686214
7	629	1	1321678314
7	629	1	1321686233
7	630	1	1321678862
7	630	1	1321686538
7	631	1	1321685765
7	631	1	1321685956
7	631	1	1322248966
129	631	1	1336526276
130	631	1	1356198125
7	632	1	1321686671
7	633	1	1321686977
94	633	1	1425217246
7	634	1	1321688286
7	634	1	1321688325
7	634	1	1321688433
7	634	1	1321693950
7	634	1	1321726394
131	634	1	1396536354
132	634	1	1419202887
7	635	1	1321689251
7	635	1	1322291512
7	636	1	1321689638
7	636	1	1321765024
7	637	1	1321689779
7	638	1	1321689861
7	639	1	1321689968
7	640	1	1321690060
7	640	1	1322291563
7	641	1	1321690138
7	642	1	1321690608
7	642	1	1321765537
7	643	1	1321690856
7	644	1	1321691066
7	645	1	1321691238
7	646	1	1321691739
7	647	1	1321691886
7	648	1	1321691999
7	649	1	1321692110
7	649	1	1322248724
7	650	1	1321692820
7	651	1	1321693005
7	652	1	1321693751
7	652	1	1338402907
7	653	1	1321693980
7	654	1	1321762417
7	655	1	1321762483
43	656	1	1321762599
7	657	1	1321762784
7	658	1	1321763054
7	659	1	1321763466
7	659	1	1322248849
7	659	1	1322248870
7	660	1	1321763965
7	661	1	1321764167
7	662	1	1321764509
7	663	1	1321766013
7	664	1	1321766727
7	665	1	1321766857
7	666	1	1321767107
7	666	1	1322248306
7	667	1	1321767803
7	667	1	1322291802
7	668	1	1321768373
7	668	1	1337104151
130	668	1	1355126358
7	669	1	1321768773
7	669	1	1337104932
7	669	1	1337105058
7	669	1	1337105114
7	669	1	1337105153
7	669	1	1461246686
43	670	1	1321848035
43	671	1	1321919133
43	672	1	1321922760
43	672	1	1322092621
43	673	1	1321926995
43	673	1	1322094354
90	674	1	1321987561
90	675	1	1321993307
7	675	1	1322022276
7	675	1	1322022297
7	675	1	1322022789
7	676	1	1322022297
7	677	1	1322022365
7	677	1	1374683301
7	678	1	1322023127
75	678	1	1363427990
94	678	1	1425217241
7	679	1	1322023295
7	680	1	1322023552
90	681	1	1322031088
7	682	1	1322082876
43	683	1	1322096530
43	684	1	1322097782
43	685	1	1322098985
7	686	1	1322110190
7	686	1	1322110291
7	686	1	1322110411
7	686	1	1322110536
7	686	1	1325642439
7	686	1	1333261303
7	687	1	1322110414
7	687	1	1322110552
7	687	1	1322289206
7	688	1	1322110515
7	688	1	1322289181
7	689	1	1322175813
7	689	1	1322176108
7	689	1	1322180106
7	689	1	1322285393
7	690	1	1322176472
7	690	1	1322289398
7	690	1	1322290009
7	690	1	1322290037
7	690	1	1325642445
7	690	1	1337029560
7	690	1	1342466953
7	691	1	1322176724
7	691	1	1322290187
7	691	1	1325552099
7	691	1	1325555286
7	691	1	1325581292
7	691	1	1325642937
7	691	1	1327638679
7	691	1	1342575013
133	691	1	1441445802
7	691	1	1464610006
7	692	1	1322176923
7	692	1	1322181917
7	693	1	1322178526
7	693	1	1322178546
7	694	1	1322178546
7	695	1	1322178756
7	695	1	1322178765
7	696	1	1322178765
7	697	1	1322178980
7	697	1	1322179006
7	698	1	1322179006
7	699	1	1322179170
7	699	1	1322179179
7	699	1	1322179193
7	700	1	1322179179
7	700	1	1322179200
7	701	1	1322179193
7	702	1	1322179336
7	703	1	1322179546
7	704	1	1322179617
7	705	1	1322180011
7	705	1	1322181863
7	706	1	1322180469
7	706	1	1322181336
7	706	1	1322181372
7	706	1	1322181528
7	706	1	1322181580
7	706	1	1322181611
7	706	1	1322181668
7	706	1	1322284881
7	706	1	1322289331
7	706	1	1322549771
7	706	1	1337029540
7	706	1	1342466931
7	707	1	1322180796
7	707	1	1322181839
7	708	1	1322181008
7	708	1	1322181037
7	708	1	1322181050
7	708	1	1322284303
7	708	1	1322284453
7	708	1	1322288631
7	708	1	1322290084
7	709	1	1322181037
7	709	1	1322288645
7	709	1	1322290075
7	710	1	1322205281
129	710	1	1336322981
129	710	1	1336323127
7	711	1	1322205423
7	712	1	1322205520
7	713	1	1322205748
7	714	1	1322205930
7	715	1	1322205978
7	716	1	1322206041
7	716	1	1322214269
7	716	1	1337198549
7	717	1	1322206146
7	718	1	1322206251
7	719	1	1322206334
7	720	1	1322206433
7	720	1	1322214239
7	721	1	1322206513
7	722	1	1322206852
7	723	1	1322206919
7	724	1	1322207059
7	725	1	1322207194
7	726	1	1322207377
7	727	1	1322207479
7	728	1	1322207589
7	729	1	1322207696
7	730	1	1322207809
7	731	1	1322207933
7	732	1	1322207983
7	732	1	1322214202
7	733	1	1322208286
7	734	1	1322208456
7	734	1	1322213056
7	734	1	1461250174
7	735	1	1322208586
7	736	1	1322208620
7	737	1	1322212880
7	737	1	1461250227
7	738	1	1322213010
7	739	1	1322213737
7	740	1	1322214636
7	741	1	1322217816
7	741	1	1461309533
7	742	1	1322248481
7	742	1	1322248503
7	742	1	1322291397
7	742	1	1322291415
7	743	1	1322248605
134	744	1	1322263724
7	745	1	1322264749
7	745	1	1322291759
7	746	1	1322265219
7	747	1	1322283945
7	747	1	1322284834
7	747	1	1322290375
7	748	1	1322283982
7	748	1	1322284063
7	748	1	1322284714
7	748	1	1322284751
7	748	1	1322284840
7	748	1	1322547525
7	748	1	1322549646
7	748	1	1333261278
7	749	1	1322284834
7	750	1	1322285121
7	750	1	1322285293
7	751	1	1322285259
7	751	1	1322285281
7	752	1	1322285730
7	752	1	1322549817
7	752	1	1325552086
7	752	1	1325555272
7	752	1	1325581269
7	752	1	1327638666
7	752	1	1342734641
7	752	1	1464609993
7	753	1	1322286028
7	754	1	1322287734
7	754	1	1322287747
7	754	1	1322287765
7	754	1	1322288387
7	754	1	1322289648
7	754	1	1322289661
7	754	1	1322549345
7	754	1	1322549399
7	754	1	1322549430
7	754	1	1322549495
7	755	1	1322288331
7	755	1	1322288339
7	756	1	1322288339
7	757	1	1322288490
7	758	1	1322289090
7	759	1	1322292610
135	760	1	1322393236
43	760	1	1346638977
7	761	1	1322540980
7	761	1	1322541271
7	761	1	1322546356
7	761	1	1322547103
7	761	1	1322547213
7	761	1	1322547239
7	761	1	1322548108
7	761	1	1396460892
7	761	1	1396461082
7	761	1	1396461224
7	761	1	1396461287
7	762	1	1322542745
7	762	1	1322542775
7	763	1	1322543272
7	763	1	1322543346
7	763	1	1322544762
7	764	1	1322543902
7	764	1	1322544747
7	764	1	1322555522
7	765	1	1322544731
7	765	1	1322549085
7	766	1	1322545111
7	766	1	1322545148
7	766	1	1322545170
7	766	1	1322545181
7	766	1	1322546414
7	767	1	1322546574
7	768	1	1322546726
7	768	1	1322547141
7	769	1	1322547064
7	769	1	1322733014
7	770	1	1322547170
7	771	1	1322547300
75	771	1	1363423885
94	771	1	1424895606
7	772	1	1322547639
7	772	1	1322547807
7	772	1	1322548749
7	772	1	1322548779
7	773	1	1322547862
20	773	1	1396673428
7	774	1	1322551609
7	774	1	1322551633
7	774	1	1322551837
7	774	1	1325580248
7	774	1	1325632329
7	774	1	1333259766
7	774	1	1334598471
7	774	1	1370974230
7	774	1	1370974616
7	774	1	1370999753
7	774	1	1371415223
7	774	1	1371417039
7	774	1	1371429368
7	774	1	1375838463
7	774	1	1378243861
16	775	1	1354434587
7	776	1	1322695294
7	776	1	1322695393
136	776	1	1324837125
7	776	1	1328754688
7	776	1	1328775782
7	776	1	1328776944
7	777	1	1322696384
7	777	1	1322720230
7	777	1	1332748570
7	777	1	1332748939
7	777	1	1332749213
7	777	1	1332749885
7	777	1	1399013146
7	778	1	1322728258
7	778	1	1322728354
7	778	1	1322729478
7	778	1	1369078045
101	778	1	1434120328
101	778	1	1434120563
7	779	1	1322729508
7	779	1	1322729630
7	779	1	1322729660
7	779	1	1322729701
7	779	1	1322729725
7	779	1	1322730348
7	779	1	1322730761
7	779	1	1322730794
7	779	1	1372127464
7	779	1	1372127512
7	779	1	1372128030
7	780	1	1322891754
7	780	1	1322895243
7	780	1	1322895265
7	780	1	1332863850
7	780	1	1332865689
7	780	1	1483968213
7	781	1	1322892290
7	781	1	1322892300
7	781	1	1322892416
7	781	1	1322902810
7	781	1	1325059271
7	781	1	1337454777
7	781	1	1371153957
7	781	1	1371154084
7	781	1	1371154104
7	782	1	1322893239
137	782	1	1493125921
7	783	1	1322893599
7	784	1	1322895131
7	784	1	1322895148
7	785	1	1322895265
7	786	1	1322895507
7	787	1	1322895526
7	788	1	1322895624
7	788	1	1322895648
75	788	1	1363429671
43	789	1	1323015209
43	790	1	1323049826
7	791	1	1323654045
7	791	1	1323654201
7	791	1	1323680710
7	791	1	1323680786
7	792	1	1324363807
7	793	1	1324363829
7	793	1	1324364142
7	793	1	1324364482
7	793	1	1324364952
7	793	1	1324367027
7	793	1	1324367057
7	793	1	1324368253
7	793	1	1324368283
7	793	1	1324368633
7	793	1	1324370414
7	793	1	1324378517
54	793	1	1358902104
7	793	1	1371532836
13	793	1	1444350266
13	793	1	1444350305
13	793	1	1444980270
13	793	1	1449601967
7	794	1	1324366993
7	794	1	1324367009
7	794	1	1324367527
7	794	1	1324368097
7	794	1	1324372016
7	794	1	1324374923
7	794	1	1324375025
7	794	1	1324378417
7	794	1	1324378462
7	794	1	1325470707
7	794	1	1328039993
7	794	1	1328040125
7	794	1	1329025275
7	794	1	1329857295
7	794	1	1329857958
7	794	1	1349280764
7	794	1	1355763268
7	794	1	1357542303
7	794	1	1357542361
7	794	1	1357542801
7	794	1	1357544092
7	794	1	1359041817
7	794	1	1366901196
7	794	1	1371415112
7	794	1	1380789122
7	794	1	1389717486
7	795	1	1324367043
7	796	1	1324376340
7	796	1	1324377774
7	796	1	1324377802
7	796	1	1324378051
7	796	1	1324378083
7	796	1	1324378122
7	796	1	1324378470
7	796	1	1324378588
13	796	1	1439314347
7	796	1	1439321709
7	797	1	1324537059
7	797	1	1324537257
7	797	1	1324537317
7	797	1	1324537608
7	797	1	1324714825
7	798	1	1324703860
7	798	1	1324707626
7	799	1	1324703913
7	799	1	1328809449
7	799	1	1337110557
7	800	1	1324704696
7	800	1	1324704723
7	800	1	1324707669
7	800	1	1371154251
7	801	1	1324705972
7	801	1	1324706009
7	801	1	1324706138
7	801	1	1324707701
7	801	1	1324707750
7	802	1	1324707197
7	802	1	1324707338
7	802	1	1324707718
7	802	1	1324707765
7	802	1	1324714565
7	802	1	1324715512
7	802	1	1324715641
7	803	1	1324714737
7	803	1	1324714808
7	804	1	1325056019
7	804	1	1325056190
7	804	1	1325056271
7	804	1	1325057315
7	804	1	1325060649
7	804	1	1325060778
7	804	1	1325061135
7	804	1	1325061231
7	804	1	1325061704
7	804	1	1325064089
7	804	1	1325540472
7	804	1	1325844990
7	805	1	1325056375
7	806	1	1325056393
7	807	1	1325056784
7	807	1	1325063251
7	807	1	1332863779
7	807	1	1337057590
7	807	1	1337101600
7	807	1	1371246854
7	807	1	1371247167
7	807	1	1371247379
7	807	1	1371247407
7	807	1	1371247835
7	807	1	1371247884
7	807	1	1371248286
7	807	1	1371248700
7	807	1	1371249238
7	808	1	1325551618
7	808	1	1325551719
7	808	1	1325565725
7	808	1	1372879264
7	808	1	1372879281
138	808	1	1377808651
7	808	1	1380882215
13	808	1	1445591768
7	809	1	1325551654
7	810	1	1325552060
7	810	1	1325581460
7	810	1	1325632725
7	810	1	1325751202
7	811	1	1325555249
7	811	1	1325581413
7	811	1	1325632744
7	812	1	1325557967
7	812	1	1325558215
7	812	1	1325565632
7	812	1	1325579537
7	812	1	1325580855
7	812	1	1325704817
7	812	1	1380882164
7	813	1	1325560722
7	813	1	1325561139
7	813	1	1325561280
7	813	1	1325561324
7	813	1	1325563637
7	813	1	1325564944
7	813	1	1325670731
7	813	1	1325670810
7	813	1	1326311264
7	813	1	1326311545
7	813	1	1371411695
7	813	1	1380878211
7	813	1	1464705350
7	814	1	1325562931
7	814	1	1325580062
7	814	1	1380878394
7	815	1	1325562988
7	816	1	1325564864
7	816	1	1325565255
7	816	1	1325580045
7	816	1	1325581678
7	816	1	1380882038
7	817	1	1325575239
7	817	1	1380882196
7	818	1	1325577355
7	818	1	1325580088
7	818	1	1380881948
7	819	1	1325577634
7	819	1	1325578689
7	819	1	1325579359
7	819	1	1326311406
7	819	1	1380878083
7	820	1	1325578106
7	820	1	1325578138
7	820	1	1325578698
7	820	1	1325578714
7	820	1	1325579384
7	820	1	1325579501
7	820	1	1326311370
7	820	1	1380878122
7	821	1	1325578518
7	821	1	1325578586
7	821	1	1325578658
7	821	1	1326311397
7	821	1	1380697031
13	821	1	1440247217
7	822	1	1325579351
7	822	1	1325579426
7	822	1	1325579440
7	822	1	1325579690
7	822	1	1325670568
7	822	1	1326311204
7	822	1	1326311360
7	822	1	1380878164
7	823	1	1325581254
7	823	1	1325632448
7	823	1	1325632720
7	824	1	1325665742
7	824	1	1325665850
7	824	1	1325666335
7	824	1	1325746590
7	824	1	1326311418
7	824	1	1380697070
7	825	1	1325669374
7	825	1	1325669609
7	825	1	1369169955
7	825	1	1371245811
7	825	1	1380878203
7	826	1	1325669989
7	827	1	1325706967
7	827	1	1325707003
7	827	1	1325707066
7	827	1	1325707126
7	827	1	1325707144
7	827	1	1325707541
7	827	1	1325707625
7	827	1	1325707639
7	827	1	1325707765
7	827	1	1325707808
7	827	1	1325707987
7	827	1	1325708014
7	827	1	1325743754
7	827	1	1325745856
7	827	1	1325745933
7	827	1	1325746811
7	827	1	1325751070
7	827	1	1325751087
7	827	1	1326009436
7	827	1	1326311334
7	827	1	1371245976
7	827	1	1386066790
7	827	1	1443794414
7	828	1	1325739931
7	828	1	1325741152
7	828	1	1371245255
7	828	1	1371416991
7	829	1	1325742725
7	829	1	1325742752
7	829	1	1325743452
7	829	1	1325743506
7	829	1	1326183887
7	829	1	1326184037
7	829	1	1326184218
7	829	1	1327653440
7	829	1	1371001034
7	830	1	1325743754
7	831	1	1325747576
7	831	1	1326009362
7	831	1	1369117701
7	832	1	1325747684
7	833	1	1325749774
7	833	1	1380882045
7	834	1	1325749820
106	835	1	1325894788
106	835	1	1325965992
43	836	1	1326047247
7	837	1	1326184258
9	838	1	1326327427
7	839	1	1326605752
7	839	1	1326605767
7	839	1	1371366471
7	839	1	1371366590
139	839	1	1486479043
7	840	1	1326605832
7	841	1	1326605943
7	842	1	1326608353
7	842	1	1326608376
7	842	1	1326686436
7	842	1	1369116622
7	843	1	1326608376
7	844	1	1326789618
7	844	1	1326790625
7	844	1	1326792264
7	844	1	1326792282
7	844	1	1326793046
7	844	1	1326793106
7	844	1	1326793158
7	844	1	1326793197
7	844	1	1326793599
7	844	1	1326793879
7	844	1	1326794250
7	844	1	1326794524
7	844	1	1326794731
7	844	1	1326794780
7	845	1	1326794009
7	846	1	1326794020
7	847	1	1326794038
7	848	1	1326794198
7	849	1	1327638641
106	851	1	1328128896
7	852	1	1328774381
7	852	1	1328774422
7	852	1	1328775742
7	852	1	1328821491
7	852	1	1328821554
7	852	1	1328821632
7	852	1	1328821671
7	852	1	1328821725
7	853	1	1328778443
7	853	1	1328778516
7	853	1	1328778691
7	853	1	1328849196
7	853	1	1329440297
43	854	1	1329069745
92	856	1	1329728106
106	857	1	1329744458
106	858	1	1329758432
90	859	1	1329831337
90	860	1	1329835683
90	860	1	1356635152
85	861	1	1330559948
92	862	1	1330623111
92	863	1	1330703235
7	864	1	1332447504
7	864	1	1332448485
7	864	1	1333259570
7	864	1	1380879751
13	864	1	1440195596
7	865	1	1375630128
140	865	1	1424807343
140	865	1	1429429494
13	865	1	1448734364
7	866	1	1375725968
141	866	1	1385558257
7	867	1	1375726052
13	867	1	1439646140
13	867	1	1447885577
7	868	1	1375726090
13	868	1	1439821715
7	869	1	1375726032
25	871	1	1331641216
25	871	1	1331641323
25	871	1	1331641642
7	871	1	1332447695
7	871	1	1332447781
7	871	1	1332447865
7	871	1	1332447897
7	871	1	1352248417
25	873	1	1331641428
25	874	1	1331642109
7	874	1	1332449764
13	874	1	1440195777
43	875	1	1332039265
7	876	1	1332447504
7	876	1	1380879706
7	877	1	1332447695
7	877	1	1380696953
7	878	1	1332449885
75	878	1	1363437509
87	878	1	1424830952
7	879	1	1332450405
7	880	1	1332452778
7	880	1	1332466932
7	880	1	1332480564
7	880	1	1332482839
7	880	1	1332482950
7	880	1	1332483052
7	880	1	1332489557
7	881	1	1332745956
7	882	1	1332748757
7	883	1	1332865510
7	883	1	1332865529
7	883	1	1332865869
7	883	1	1332865897
54	883	1	1352077834
7	884	1	1332867205
7	884	1	1333256308
7	884	1	1333261389
7	884	1	1333261412
7	884	1	1333261432
7	885	1	1332882008
7	885	1	1332882034
7	885	1	1332882227
7	885	1	1332882263
74	885	1	1332890063
7	885	1	1380882003
7	886	1	1332882263
7	887	1	1333259405
7	887	1	1333259420
7	887	1	1334598999
7	887	1	1334599067
7	887	1	1334802764
7	887	1	1334803485
7	887	1	1380879390
142	888	1	1333117021
43	888	1	1344218922
43	888	1	1344227778
7	889	1	1333256219
7	889	1	1333258941
7	889	1	1333260643
43	890	1	1333243783
7	891	1	1333256259
7	892	1	1333257063
7	893	1	1333257097
7	893	1	1333257784
7	893	1	1333257799
7	893	1	1333260791
7	893	1	1333260806
7	894	1	1333257739
7	894	1	1333259901
7	894	1	1333260835
7	895	1	1333258216
7	895	1	1333258865
7	895	1	1333260855
7	896	1	1333258298
7	896	1	1333260881
7	897	1	1333259420
7	898	1	1333260537
7	899	1	1333260704
7	900	1	1333260738
7	901	1	1333261250
7	902	1	1334599359
7	902	1	1334599377
7	902	1	1334599394
7	902	1	1334599429
7	902	1	1334599527
7	902	1	1334803545
43	903	1	1333419070
43	904	1	1333499764
43	904	1	1333581989
43	905	1	1333587022
43	906	1	1333904727
43	907	1	1333906758
7	908	1	1334598859
7	908	1	1334598926
106	909	1	1334111928
43	910	1	1334509556
7	911	1	1334599377
7	912	1	1334802810
7	912	1	1334803197
7	912	1	1334803213
7	913	1	1334802810
129	914	1	1336323063
129	914	1	1336324428
129	914	1	1336324470
129	914	1	1336324523
129	914	1	1337194494
129	914	1	1337194701
130	914	1	1356197593
130	914	1	1356197715
143	914	1	1390918423
43	915	1	1336323170
129	916	1	1336355394
129	916	1	1336355680
129	916	1	1336356341
129	916	1	1337194677
129	916	1	1337194743
7	916	1	1342462646
130	916	1	1356264175
129	917	1	1336358075
129	917	1	1337190451
130	917	1	1356458251
129	918	1	1336393662
129	918	1	1337195627
130	918	1	1356491992
129	919	1	1336866121
129	919	1	1337186002
129	919	1	1337191926
129	919	1	1337191981
130	919	1	1356510489
130	919	1	1356511074
129	920	1	1336671434
129	920	1	1336671447
129	920	1	1336870693
129	920	1	1337047229
129	920	1	1337195916
7	920	1	1342463123
130	920	1	1356511233
129	921	1	1336670466
129	921	1	1337021164
129	921	1	1337021178
129	921	1	1337021767
129	921	1	1337195968
7	921	1	1342463151
130	921	1	1356511333
129	922	1	1336670487
129	922	1	1336871269
129	922	1	1336871573
129	922	1	1337196047
130	922	1	1356618424
129	923	1	1336871517
129	923	1	1336872020
7	923	1	1342463226
130	923	1	1356620187
144	923	1	1356875581
129	924	1	1336873397
129	924	1	1336873421
129	924	1	1336873456
7	924	1	1342463251
130	924	1	1356621287
7	925	1	1342463273
7	925	1	1342465550
130	925	1	1356621761
7	926	1	1336505506
129	926	1	1336698245
129	926	1	1336874242
7	926	1	1342463368
130	926	1	1356696589
145	926	1	1371446003
54	926	1	1464099334
7	927	1	1336505674
7	927	1	1336506825
129	927	1	1337019662
129	927	1	1337022257
129	927	1	1337186930
7	927	1	1342463409
129	928	1	1336675194
129	928	1	1337021426
129	928	1	1337021489
129	928	1	1337026862
129	928	1	1337194300
129	928	1	1337194333
7	928	1	1342463434
7	928	1	1342463447
129	929	1	1336670914
129	929	1	1336675046
129	929	1	1337186604
129	929	1	1337187368
7	929	1	1342463494
129	930	1	1336671045
129	930	1	1336674378
129	930	1	1336698956
7	930	1	1336852178
129	930	1	1337191729
129	931	1	1336671252
129	931	1	1336674594
7	931	1	1336712761
7	931	1	1336712774
7	931	1	1336712797
129	931	1	1337022673
7	931	1	1342463559
129	932	1	1336671304
129	932	1	1337022829
129	932	1	1337186067
7	932	1	1342463577
129	933	1	1336671356
129	933	1	1336671479
129	933	1	1336671504
129	933	1	1336671517
129	933	1	1336671528
129	933	1	1337023165
129	933	1	1337024291
129	933	1	1337024311
129	933	1	1337024363
129	933	1	1337024398
129	933	1	1337024418
7	933	1	1342463630
129	934	1	1336671778
129	934	1	1336671794
129	934	1	1336671808
129	934	1	1336699205
129	934	1	1337022371
129	934	1	1337024929
7	934	1	1342463690
7	935	1	1342463716
129	936	1	1336672165
129	936	1	1337021234
129	936	1	1337047837
7	936	1	1342463780
129	937	1	1336672249
129	937	1	1337025447
7	937	1	1342463925
129	938	1	1336674092
129	938	1	1336674107
129	938	1	1336698414
129	938	1	1337025736
129	938	1	1337025975
7	938	1	1342463973
129	939	1	1337026224
129	939	1	1337026254
7	939	1	1342464126
129	940	1	1337026740
129	940	1	1337187917
129	940	1	1337187942
129	940	1	1337191315
129	941	1	1337045400
7	941	1	1342464186
7	941	1	1353360835
129	942	1	1336674224
129	942	1	1337045430
7	942	1	1342464203
129	943	1	1336701804
129	943	1	1337045839
129	943	1	1337186042
129	943	1	1337186149
7	943	1	1342464264
7	944	1	1336588355
7	944	1	1336768248
7	944	1	1336768831
129	944	1	1337046540
129	944	1	1337046689
129	944	1	1337046712
129	944	1	1337046750
129	944	1	1337191070
7	944	1	1342464293
129	945	1	1337020540
129	945	1	1337047097
129	945	1	1337047322
129	945	1	1337187165
7	945	1	1337354572
7	945	1	1342464705
7	945	1	1342466376
129	946	1	1337215166
7	946	1	1337354503
129	947	1	1337020111
129	947	1	1337020303
129	947	1	1337020326
129	947	1	1337185960
7	947	1	1337353867
7	947	1	1342464766
129	948	1	1336700909
129	948	1	1336700973
129	948	1	1336701113
129	948	1	1336701230
129	948	1	1337047518
129	948	1	1337187738
129	949	1	1337021111
129	949	1	1337021132
7	949	1	1342464806
7	950	1	1342465165
7	950	1	1342465198
7	951	1	1342464882
129	953	1	1336525992
129	953	1	1336526314
7	953	1	1342464721
7	954	1	1336934919
7	954	1	1336935570
7	954	1	1337011765
7	954	1	1337011914
7	954	1	1337018321
7	954	1	1337026927
7	954	1	1337026957
7	954	1	1337027037
7	954	1	1337027207
7	955	1	1336935522
7	955	1	1337013348
7	955	1	1337018373
7	956	1	1336936089
7	956	1	1336936104
7	956	1	1337013821
7	956	1	1337018414
7	957	1	1336937094
7	957	1	1337013889
7	957	1	1337018430
7	958	1	1336937997
7	958	1	1337013924
7	958	1	1337018446
7	959	1	1336938629
7	959	1	1337013965
7	959	1	1337018498
7	960	1	1336949125
7	960	1	1337014009
7	960	1	1337018522
146	960	1	1399226828
7	961	1	1336950191
74	961	1	1337011853
7	961	1	1337014041
7	961	1	1337015479
7	961	1	1337018399
7	961	1	1337028007
7	961	1	1337036729
7	962	1	1337013736
7	962	1	1337018479
7	963	1	1337014900
7	963	1	1337014933
7	963	1	1337016152
7	963	1	1337016519
7	963	1	1337016552
7	963	1	1337016873
7	963	1	1337017757
7	963	1	1337017981
7	963	1	1337018017
7	963	1	1337018199
7	963	1	1337018255
7	963	1	1337096585
7	964	1	1337016243
7	965	1	1337017462
7	965	1	1337017476
7	965	1	1337021066
7	965	1	1337023994
7	965	1	1337024572
7	965	1	1337025056
131	965	1	1396120706
7	966	1	1337020087
7	966	1	1337026374
147	966	1	1358216714
7	967	1	1337026612
7	968	1	1337029198
7	969	1	1337029511
7	969	1	1337029667
7	970	1	1337041010
7	970	1	1337104137
7	970	1	1461246612
7	971	1	1337050321
7	971	1	1337113247
7	971	1	1461249845
7	972	1	1337050655
7	972	1	1337113254
7	972	1	1461246864
7	973	1	1337050964
7	973	1	1337050981
7	973	1	1461246811
7	974	1	1337051222
7	974	1	1337051281
7	974	1	1461246791
7	975	1	1337052673
7	975	1	1461246775
7	976	1	1337053012
7	976	1	1337053033
7	976	1	1337105904
7	976	1	1461246757
7	977	1	1337099842
75	977	1	1363436406
7	978	1	1337101861
7	978	1	1337101994
7	978	1	1337105921
7	978	1	1337198801
7	978	1	1461246735
7	979	1	1337102742
7	979	1	1337114328
7	979	1	1461246715
7	980	1	1337103177
7	980	1	1337103229
7	980	1	1337111905
7	980	1	1461246697
7	981	1	1337103899
7	981	1	1461246906
7	982	1	1337104113
7	983	1	1337104856
7	983	1	1337105990
7	983	1	1461246929
7	984	1	1337132944
7	985	1	1337798755
7	985	1	1337799275
7	985	1	1337799593
7	985	1	1337800099
7	985	1	1337800503
7	985	1	1337800823
7	985	1	1337801009
7	985	1	1337803551
7	985	1	1337803562
7	985	1	1337813055
7	985	1	1337885476
7	985	1	1337890186
7	985	1	1337896081
7	985	1	1337896684
7	985	1	1337896927
7	985	1	1337911058
7	985	1	1337911227
7	985	1	1337968732
7	985	1	1346000276
7	985	1	1346000295
24	985	1	1399509819
24	985	1	1399510522
24	985	1	1399514238
148	985	1	1399910871
24	985	1	1402213579
24	985	1	1402213882
24	985	1	1402214209
13	985	1	1405514505
149	985	1	1411313973
7	985	1	1411721832
150	985	1	1412146672
151	985	1	1419526185
152	985	1	1421289348
153	985	1	1424864451
7	985	1	1425015789
40	985	1	1438335717
13	985	1	1439111445
7	986	1	1337799454
7	987	1	1337799650
7	987	1	1337799904
7	987	1	1337895221
24	987	1	1436047288
7	988	1	1337808306
7	989	1	1337808380
7	990	1	1337808469
7	991	1	1337808510
7	992	1	1337808560
7	993	1	1337808588
7	994	1	1337808633
7	995	1	1337808668
7	995	1	1337815441
7	996	1	1337808700
7	996	1	1337814997
7	996	1	1337815323
7	997	1	1337810238
7	997	1	1337884669
7	997	1	1337885664
7	997	1	1337888285
7	997	1	1337895117
7	997	1	1337897509
24	997	1	1399509239
13	997	1	1405445687
24	997	1	1433471351
13	997	1	1439111756
13	997	1	1439115214
7	998	1	1337810425
7	998	1	1337810497
7	998	1	1337810537
7	998	1	1337810606
7	998	1	1337810627
7	998	1	1337810693
7	999	1	1337810504
7	999	1	1337810527
7	999	1	1337810683
7	1000	1	1337884366
7	1001	1	1337884412
7	1002	1	1337884466
7	1003	1	1337884495
7	1004	1	1337884524
7	1005	1	1337884556
7	1006	1	1337884620
7	1007	1	1337885401
7	1007	1	1337893905
7	1007	1	1337893944
7	1007	1	1337894731
7	1007	1	1337894795
7	1008	1	1337890669
7	1008	1	1337892285
154	1009	1	1338008194
154	1010	1	1338013953
155	1011	1	1338193889
7	1011	1	1338402833
155	1012	1	1338195010
7	1012	1	1338403144
155	1012	1	1338750206
106	1013	1	1338319413
156	1014	1	1338439337
156	1014	1	1338442264
156	1014	1	1342492163
7	1015	1	1338572039
7	1015	1	1338572647
32	1015	1	1426644168
4	1015	1	1429227077
32	1015	1	1429245609
7	1016	1	1338572435
7	1016	1	1338572491
13	1016	1	1439632655
13	1016	1	1439632665
40	1016	1	1444741941
7	1017	1	1338572623
43	1019	1	1338649333
43	1020	1	1338655670
20	1021	1	1338913251
20	1021	1	1338914681
20	1022	1	1338913253
20	1023	1	1338933470
20	1023	1	1338934454
20	1024	1	1338933471
43	1025	1	1339378388
43	1026	1	1339992793
106	1027	1	1340665685
47	1028	1	1341247625
7	1028	1	1342462477
7	1028	1	1396461083
7	1028	1	1396461188
47	1028	1	1403127592
43	1029	1	1341259098
43	1029	1	1344109923
157	1030	1	1342175915
7	1031	1	1342462278
7	1032	1	1342462289
32	1032	1	1426644168
4	1032	1	1429227077
32	1032	1	1429245609
7	1033	1	1342462293
7	1033	1	1368027423
7	1033	1	1373385811
7	1033	1	1373387007
7	1033	1	1373387333
7	1033	1	1373468688
7	1033	1	1373482441
7	1033	1	1374525967
7	1033	1	1374593057
7	1033	1	1374606674
7	1033	1	1375544364
7	1033	1	1375560780
7	1033	1	1375589071
7	1033	1	1375628834
7	1033	1	1375629466
7	1033	1	1375803423
74	1033	1	1375808532
7	1033	1	1375815998
74	1033	1	1375832731
7	1033	1	1375982633
7	1033	1	1375982690
7	1033	1	1375983388
7	1034	1	1342462298
7	1035	1	1342462301
7	1036	1	1342462667
7	1037	1	1342466490
7	1037	1	1342466985
7	1037	1	1342467008
130	1037	1	1356197627
130	1037	1	1356197663
7	1038	1	1342466883
7	1039	1	1375725883
43	1042	1	1344111582
158	1043	1	1344244395
43	1044	1	1344379723
7	1045	1	1344441434
7	1045	1	1344441460
7	1045	1	1344441534
7	1045	1	1344441804
7	1045	1	1344441878
7	1046	1	1344441651
75	1046	1	1363435421
87	1046	1	1424831209
7	1047	1	1344544153
7	1048	1	1344546265
159	1049	1	1344730104
159	1049	1	1344790991
159	1049	1	1344878213
159	1049	1	1344963767
159	1049	1	1345050171
159	1049	1	1345142332
159	1049	1	1345218790
159	1049	1	1345492122
159	1049	1	1345569986
159	1049	1	1345657337
159	1049	1	1345741362
159	1049	1	1345832370
159	1049	1	1345949520
159	1049	1	1346001989
159	1049	1	1346091135
159	1049	1	1346172738
159	1049	1	1346262836
159	1049	1	1346346340
159	1049	1	1346439472
159	1049	1	1346526633
159	1049	1	1346606998
159	1049	1	1346786528
159	1049	1	1346884360
159	1049	1	1346968174
159	1049	1	1347130964
159	1049	1	1347299600
159	1049	1	1347305274
159	1049	1	1347384254
159	1049	1	1347477183
159	1049	1	1347560766
159	1049	1	1347642450
159	1049	1	1347729372
159	1049	1	1347834533
7	1049	1	1347836474
159	1049	1	1348108693
159	1049	1	1348165760
159	1049	1	1348250907
159	1049	1	1348350221
159	1049	1	1348421400
159	1049	1	1348507280
159	1049	1	1348624594
159	1049	1	1348681032
159	1049	1	1348766377
159	1049	1	1348853589
159	1049	1	1348972618
159	1049	1	1349119156
159	1049	1	1349201177
159	1049	1	1349283923
159	1049	1	1349371812
159	1049	1	1349462560
159	1049	1	1349560493
159	1049	1	1349632149
159	1049	1	1349720778
159	1049	1	1349810040
159	1049	1	1349899712
159	1049	1	1349974701
159	1049	1	1350166623
159	1049	1	1350237966
159	1049	1	1350323520
159	1049	1	1350408445
159	1049	1	1350499078
159	1049	1	1350598219
159	1049	1	1350669185
159	1049	1	1350775714
159	1049	1	1350930033
159	1049	1	1351099078
159	1049	1	1351186402
159	1049	1	1351279295
159	1049	1	1351365680
159	1049	1	1351464863
159	1049	1	1351626600
159	1049	1	1351705057
159	1049	1	1351791299
159	1049	1	1351879754
159	1049	1	1351951322
159	1049	1	1352053186
159	1049	1	1352223485
159	1049	1	1352318777
159	1049	1	1352398965
159	1049	1	1352482604
159	1049	1	1352580399
159	1049	1	1352673547
159	1049	1	1352752565
159	1049	1	1352836077
159	1049	1	1353008159
159	1049	1	1353087658
159	1049	1	1353181854
159	1049	1	1353265962
159	1049	1	1353348908
159	1049	1	1353436397
159	1049	1	1353539394
159	1049	1	1353609037
159	1049	1	1353715655
159	1049	1	1353968521
159	1049	1	1354063126
159	1049	1	1354127140
159	1049	1	1354212591
159	1049	1	1354298953
159	1049	1	1354565382
159	1049	1	1354639338
159	1049	1	1354721984
159	1049	1	1354825992
159	1049	1	1354902085
159	1049	1	1355012231
159	1049	1	1355074948
159	1049	1	1355153896
159	1049	1	1355248383
159	1049	1	1355326606
159	1049	1	1355426915
159	1049	1	1355525528
159	1049	1	1355680187
159	1049	1	1355762955
159	1049	1	1355844722
159	1049	1	1355944595
159	1049	1	1356029981
159	1049	1	1356110786
159	1049	1	1356202923
159	1049	1	1356370647
159	1049	1	1356547255
159	1049	1	1356804391
159	1049	1	1356978749
159	1049	1	1357071554
159	1049	1	1357152402
159	1049	1	1357315959
159	1049	1	1357505814
159	1049	1	1357681635
159	1049	1	1357778504
159	1049	1	1357928657
159	1049	1	1358090956
159	1049	1	1358271019
159	1049	1	1358366746
159	1049	1	1358790119
159	1049	1	1358876273
159	1049	1	1359059954
159	1049	1	1359311079
159	1049	1	1359482209
159	1049	1	1359730948
159	1049	1	1360003020
159	1049	1	1360092497
159	1049	1	1360343333
159	1049	1	1361033907
159	1049	1	1361379771
159	1049	1	1361463330
159	1049	1	1361557040
159	1049	1	1361809704
159	1049	1	1361905238
159	1049	1	1361995048
159	1049	1	1362094514
159	1049	1	1362161424
159	1049	1	1362414149
159	1049	1	1381566238
159	1049	1	1381644877
159	1049	1	1381732878
159	1049	1	1381819417
159	1049	1	1381999287
159	1049	1	1382167783
159	1049	1	1382257523
159	1049	1	1382335218
159	1049	1	1382433549
159	1049	1	1382514654
159	1049	1	1382613071
159	1049	1	1382808699
159	1049	1	1382982483
159	1049	1	1383329392
159	1049	1	1383396148
159	1049	1	1383476950
159	1049	1	1383589316
159	1049	1	1383673587
159	1049	1	1383766832
159	1049	1	1383845775
159	1049	1	1384101062
159	1049	1	1384283783
159	1049	1	1384681316
159	1049	1	1385226247
159	1049	1	1385305718
159	1049	1	1385576375
159	1049	1	1385665825
159	1049	1	1385738545
159	1049	1	1385803334
159	1049	1	1385998031
159	1049	1	1386092889
159	1049	1	1386176186
159	1049	1	1386433976
159	1049	1	1386613136
159	1049	1	1386790666
159	1049	1	1386999501
159	1049	1	1387131557
159	1049	1	1387211764
159	1049	1	1387313821
159	1049	1	1387473369
159	1049	1	1387702281
159	1049	1	1387818216
159	1049	1	1387988291
159	1049	1	1388162890
159	1049	1	1388247722
159	1049	1	1388650394
159	1049	1	1388733214
159	1049	1	1388999594
159	1049	1	1389209932
159	1049	1	1390246355
159	1049	1	1390411145
159	1049	1	1390492396
159	1049	1	1390675802
159	1049	1	1391334209
159	1049	1	1391456323
159	1049	1	1391965676
159	1049	1	1392233494
159	1049	1	1392416429
159	1049	1	1394655919
159	1049	1	1395260835
159	1049	1	1396459689
7	1050	1	1344730148
7	1051	1	1344730853
7	1051	1	1344731312
7	1051	1	1344731329
7	1051	1	1344733733
7	1051	1	1352246961
7	1052	1	1344731095
160	1053	1	1346356483
160	1054	1	1346430980
161	1054	1	1347097825
161	1055	1	1346442427
43	1056	1	1346627176
43	1057	1	1346632914
43	1058	1	1346636934
7	1059	1	1348085735
7	1060	1	1348086057
7	1060	1	1348086111
7	1060	1	1348098093
7	1060	1	1348103398
7	1060	1	1367000663
13	1060	1	1439812969
13	1060	1	1440201003
13	1060	1	1440201018
13	1060	1	1440201041
13	1060	1	1445676806
7	1061	1	1348086180
13	1061	1	1439813449
7	1062	1	1348088640
7	1062	1	1348097165
7	1062	1	1348097195
7	1062	1	1348097306
7	1062	1	1348097377
7	1062	1	1348097409
7	1062	1	1348097692
7	1062	1	1348097723
7	1062	1	1348097751
7	1062	1	1348098003
7	1062	1	1348098490
7	1062	1	1348098686
7	1062	1	1348099139
7	1062	1	1348099191
7	1062	1	1348100049
7	1062	1	1348264536
7	1062	1	1348264793
7	1062	1	1348265940
7	1063	1	1348094148
7	1063	1	1348097209
7	1064	1	1348096498
7	1065	1	1348097130
7	1066	1	1348098100
7	1066	1	1348104989
7	1066	1	1348105075
94	1066	1	1425217216
13	1066	1	1439813200
13	1066	1	1439813290
13	1066	1	1439813315
13	1066	1	1439813355
13	1066	1	1445697030
7	1067	1	1348104797
7	1068	1	1348104812
162	1069	1	1348937233
163	1070	1	1350239929
127	1071	1	1351180759
92	1072	1	1351191604
92	1073	1	1351240257
92	1074	1	1351246050
92	1075	1	1351246059
7	1076	1	1352246022
87	1076	1	1424826983
7	1077	1	1352247500
7	1077	1	1352247835
7	1077	1	1352247881
7	1077	1	1376000018
87	1077	1	1424837950
7	1078	1	1352247881
7	1079	1	1352247904
164	1081	1	1353176912
164	1081	1	1353177089
164	1081	1	1353177182
164	1081	1	1353177277
164	1081	1	1353177342
164	1081	1	1353177529
164	1081	1	1353177587
164	1081	1	1353177635
125	1081	1	1473555584
125	1081	1	1473556861
125	1081	1	1473556881
7	1082	1	1353350625
16	1083	1	1354432072
16	1083	1	1354434292
16	1083	1	1354435788
16	1083	1	1361382161
16	1083	1	1361382535
16	1083	1	1361382730
16	1083	1	1361383008
16	1084	1	1354433536
16	1085	1	1354434368
16	1086	1	1354434477
16	1087	1	1354434489
16	1088	1	1354434503
16	1089	1	1354434520
16	1090	1	1354434532
16	1091	1	1354434561
16	1092	1	1354434575
16	1093	1	1354434587
16	1094	1	1354434587
16	1095	1	1354434599
16	1096	1	1354434610
46	1097	1	1354613165
43	1098	1	1355087727
43	1099	1	1355091512
43	1100	1	1355112721
16	1101	1	1355140981
16	1101	1	1355141000
165	1101	1	1480794160
166	1102	1	1355255253
167	1103	1	1355651641
168	1104	1	1356383894
168	1104	1	1356383910
130	1105	1	1356492206
169	1105	1	1443113587
130	1106	1	1356492222
169	1106	1	1443113587
130	1107	1	1356510719
130	1107	1	1356511907
130	1107	1	1356512007
130	1108	1	1356510827
130	1108	1	1356511893
130	1108	1	1356511953
130	1109	1	1356510874
130	1109	1	1356511881
130	1109	1	1356511962
170	1110	1	1356544662
57	1110	1	1373132931
57	1110	1	1373133001
7	1110	1	1373385727
57	1110	1	1373386140
7	1110	1	1373386831
7	1110	1	1373386925
7	1110	1	1373387311
57	1110	1	1373387486
7	1110	1	1373388551
7	1110	1	1373388575
57	1110	1	1373474848
7	1110	1	1373482421
57	1110	1	1373627736
7	1110	1	1374525951
57	1110	1	1374578362
7	1110	1	1374593028
57	1110	1	1374599440
7	1110	1	1374606649
57	1110	1	1375555755
57	1110	1	1375555811
7	1110	1	1375560735
7	1110	1	1375589113
57	1110	1	1375609834
7	1110	1	1375628779
57	1110	1	1375629220
7	1110	1	1375629441
57	1110	1	1375781130
7	1110	1	1375803300
57	1110	1	1375810746
57	1110	1	1375810792
57	1110	1	1375981856
57	1110	1	1375983033
57	1110	1	1375984120
51	1110	1	1378883839
71	1110	1	1383406845
13	1110	1	1387309669
7	1110	1	1387313487
15	1110	1	1391349182
15	1110	1	1392386896
171	1110	1	1398021096
171	1110	1	1398021135
7	1110	1	1399012475
7	1110	1	1399012792
171	1110	1	1399744857
13	1110	1	1444094943
171	1110	1	1455642045
13	1110	1	1456761136
170	1111	1	1356544673
144	1112	1	1356875623
172	1113	1	1358694444
172	1113	1	1358694473
106	1114	1	1359580385
106	1115	1	1359580505
173	1116	1	1359649910
173	1117	1	1359651299
173	1117	1	1359651502
173	1117	1	1359651600
7	1118	1	1359734717
32	1118	1	1426644134
4	1118	1	1429227065
32	1118	1	1429245597
7	1119	1	1359734722
166	1120	1	1359910600
43	1121	1	1360030606
6	1121	1	1417131906
6	1121	1	1487249008
43	1122	1	1360034942
43	1124	1	1361149630
43	1125	1	1361155279
106	1126	1	1361232894
16	1127	1	1361381706
16	1128	1	1361381733
174	1129	1	1363883413
174	1130	1	1363883420
106	1131	1	1364092126
43	1132	1	1364142347
43	1133	1	1364146427
43	1134	1	1364172868
43	1135	1	1364174717
169	1135	1	1451502299
7	1136	1	1365097864
7	1136	1	1365101539
7	1136	1	1380882054
7	1137	1	1365100496
7	1137	1	1365100785
7	1137	1	1365101217
7	1137	1	1365109337
7	1137	1	1371246079
7	1137	1	1371246468
7	1137	1	1380879715
7	1138	1	1365101521
7	1138	1	1365101626
7	1138	1	1380878417
7	1139	1	1365207875
7	1139	1	1370998482
13	1139	1	1439822441
13	1139	1	1440200926
13	1139	1	1440200942
175	1140	1	1365253855
176	1142	1	1366080552
7	1143	1	1367002145
7	1143	1	1367002157
7	1143	1	1367002355
13	1143	1	1448216950
13	1143	1	1449331355
106	1144	1	1367173829
177	1145	1	1367353970
169	1145	1	1451505786
7	1147	1	1369114394
7	1147	1	1369114428
7	1147	1	1369114459
7	1147	1	1369114749
7	1147	1	1369114789
7	1147	1	1369117592
7	1147	1	1369117644
7	1147	1	1369118618
7	1147	1	1375838291
7	1147	1	1375838303
7	1147	1	1380878429
7	1148	1	1369115406
7	1149	1	1369115491
7	1150	1	1369115662
7	1150	1	1369117076
7	1151	1	1369116973
7	1151	1	1369117000
7	1152	1	1369117380
7	1153	1	1369118257
94	1153	1	1424897713
178	1154	1	1369405132
178	1154	1	1378042998
43	1154	1	1381706515
178	1154	1	1384698111
178	1154	1	1408419886
43	1155	1	1370217390
7	1156	1	1370998333
7	1157	1	1370998353
7	1158	1	1370998373
7	1159	1	1370998387
7	1160	1	1370998401
7	1161	1	1370998412
7	1162	1	1370998423
7	1163	1	1370999438
7	1163	1	1370999615
7	1163	1	1370999683
7	1163	1	1380881939
7	1164	1	1371150435
7	1165	1	1371153096
7	1165	1	1371153224
7	1165	1	1371153284
7	1165	1	1371243468
7	1165	1	1380881983
7	1166	1	1371153193
7	1167	1	1371245297
7	1168	1	1371245308
7	1169	1	1371245324
7	1170	1	1371245442
7	1171	1	1371245451
7	1172	1	1371245463
7	1173	1	1371245764
7	1174	1	1371245773
7	1175	1	1371245792
7	1176	1	1371245923
7	1177	1	1371245932
7	1178	1	1371245942
7	1179	1	1371245957
7	1180	1	1371251303
7	1180	1	1371251915
7	1180	1	1371252133
7	1180	1	1371416603
7	1181	1	1371252045
7	1181	1	1381576514
7	1182	1	1371252054
7	1183	1	1371252065
7	1184	1	1371252076
7	1185	1	1371252090
7	1186	1	1371252098
7	1187	1	1371252106
7	1188	1	1371411721
7	1189	1	1371411731
7	1190	1	1371415305
179	1191	1	1371730713
7	1192	1	1371832493
26	1192	1	1371834674
43	1193	1	1372733574
43	1194	1	1372820679
7	1195	1	1374680853
74	1195	1	1374775104
180	1196	1	1375227917
43	1196	1	1381682337
27	1197	1	1375620939
7	1198	1	1375628884
7	1199	1	1375630128
7	1200	1	1375630128
7	1201	1	1375648081
7	1201	1	1375648335
7	1201	1	1375648514
13	1201	1	1447885983
13	1201	1	1456532021
13	1201	1	1456613407
13	1201	1	1456613462
13	1201	1	1456615454
13	1201	1	1456615472
13	1201	1	1456615567
13	1201	1	1456615575
13	1201	1	1457448774
7	1202	1	1375648929
7	1202	1	1375649075
7	1202	1	1375651673
13	1202	1	1456477309
13	1202	1	1457025870
7	1203	1	1375670212
7	1203	1	1377487211
7	1203	1	1377487256
13	1203	1	1456533682
13	1203	1	1465583316
13	1203	1	1465583392
7	1204	1	1375727471
7	1205	1	1375727602
57	1206	1	1375781300
57	1206	1	1375781898
57	1206	1	1375782057
7	1206	1	1375803955
57	1207	1	1375781939
57	1208	1	1375782274
57	1209	1	1375782356
57	1210	1	1375782437
57	1211	1	1375782555
57	1212	1	1375782651
57	1213	1	1375782777
57	1214	1	1375783097
57	1215	1	1375796450
57	1215	1	1375796483
57	1216	1	1375797044
57	1217	1	1375797651
57	1217	1	1375983178
57	1218	1	1375811262
57	1218	1	1375982120
7	1219	1	1375838028
7	1219	1	1375838152
7	1219	1	1375838329
7	1219	1	1380878387
13	1219	1	1444349061
7	1220	1	1375891228
7	1221	1	1375891239
7	1222	1	1375895948
7	1222	1	1375896236
7	1222	1	1375896409
7	1222	1	1375896439
7	1223	1	1375895962
7	1224	1	1375895973
7	1225	1	1375897829
7	1226	1	1375897854
7	1227	1	1375897876
7	1228	1	1375897910
7	1229	1	1375899509
181	1230	1	1376682167
181	1231	1	1377991673
182	1232	1	1378041281
178	1233	1	1378135734
178	1233	1	1382847034
178	1233	1	1382860881
87	1234	1	1379165843
87	1235	1	1379165846
43	1236	1	1379281017
43	1237	1	1379302445
169	1237	1	1451502298
43	1238	1	1379463730
43	1239	1	1379467449
43	1240	1	1379560737
43	1241	1	1379562432
43	1242	1	1379563777
43	1243	1	1379897193
43	1244	1	1379898980
43	1245	1	1380159605
43	1246	1	1380163835
43	1247	1	1380395908
43	1248	1	1380397286
43	1249	1	1380400924
183	1249	1	1385795760
183	1249	1	1388051736
183	1249	1	1391247184
43	1249	1	1408626444
184	1249	1	1411917894
185	1249	1	1411919442
43	1249	1	1413772432
43	1249	1	1438465522
43	1250	1	1380407493
183	1250	1	1385473648
183	1250	1	1386742398
183	1250	1	1391654754
183	1250	1	1393934760
184	1250	1	1411917894
185	1250	1	1411919443
43	1250	1	1414897953
43	1251	1	1381683807
43	1252	1	1381700118
178	1252	1	1382878070
178	1252	1	1382931980
43	1253	1	1381723275
186	1253	1	1450286769
187	1254	1	1382040136
187	1254	1	1382041098
187	1254	1	1382041177
7	1255	1	1382177667
7	1256	1	1382892540
7	1257	1	1382892566
188	1258	1	1382942265
189	1258	1	1383002203
7	1259	1	1383335694
7	1260	1	1383335698
190	1261	1	1383340307
191	1262	1	1384698575
189	1263	1	1384786084
192	1264	1	1385383621
7	1265	1	1386091004
7	1265	1	1461246957
7	1265	1	1461248924
7	1265	1	1461249178
7	1265	1	1464617503
7	1265	1	1464617535
7	1265	1	1464682530
7	1265	1	1464682551
7	1265	1	1464707406
7	1265	1	1464707447
7	1265	1	1464708084
7	1265	1	1464708104
7	1265	1	1466067451
7	1265	1	1466073057
13	1265	1	1466172791
7	1265	1	1475763592
7	1265	1	1476256425
193	1266	1	1386605748
7	1267	1	1387271792
58	1267	1	1429568481
194	1267	1	1434995534
195	1267	1	1454263197
32	1267	1	1471534216
196	1268	1	1387293295
43	1269	1	1390174855
197	1269	1	1487200069
43	1270	1	1390254124
43	1271	1	1390265261
198	1272	1	1390299791
13	1273	1	1439138933
199	1273	1	1439140661
200	1274	1	1392388022
200	1275	1	1392393605
43	1276	1	1393563712
43	1277	1	1393570991
201	1278	1	1393635643
202	1279	1	1393705533
13	1280	1	1393882496
203	1280	1	1394183384
203	1280	1	1394183406
7	1280	1	1461250160
189	1281	1	1394756824
204	1282	1	1395184367
204	1282	1	1395426505
204	1282	1	1396577613
205	1283	1	1396373668
205	1283	1	1396374239
7	1284	1	1396461083
7	1285	1	1396461083
206	1286	1	1396562679
207	1287	1	1396596742
208	1289	1	1396957864
209	1290	1	1398074378
209	1290	1	1398074506
209	1290	1	1398074756
210	1291	1	1398180077
211	1292	1	1398605658
7	1293	1	1399013950
7	1293	1	1399019814
40	1293	1	1439581042
7	1294	1	1399015630
40	1294	1	1439580286
40	1294	1	1439580361
13	1294	1	1439633457
7	1294	1	1493283084
7	1295	1	1399019734
7	1295	1	1399019767
40	1295	1	1439580696
40	1295	1	1439580734
13	1295	1	1439633481
212	1297	1	1402586790
212	1297	1	1402586853
213	1298	1	1402982612
32	1299	1	1403183370
214	1300	1	1404164820
7	1301	1	1405580774
32	1301	1	1426644133
4	1301	1	1429227065
32	1301	1	1429245596
7	1302	1	1405580779
7	1303	1	1405580782
7	1304	1	1405870980
7	1305	1	1405870986
32	1305	1	1426644133
4	1305	1	1429227065
32	1305	1	1429245596
215	1306	1	1406053141
215	1306	1	1406053430
7	1307	1	1406718414
7	1307	1	1406718896
7	1307	1	1406719499
7	1307	1	1407082485
216	1309	1	1407069704
71	1310	1	1408317607
43	1311	1	1409106304
7	1312	1	1409578088
7	1313	1	1409578091
7	1314	1	1409640923
7	1315	1	1409640926
43	1316	1	1410622527
217	1316	1	1447384144
43	1317	1	1410709599
43	1318	1	1411003555
217	1318	1	1447384224
184	1319	1	1411917894
20	1319	1	1415696002
43	1319	1	1420952166
184	1320	1	1411917894
20	1320	1	1415696017
43	1320	1	1420958904
185	1321	1	1411919442
185	1322	1	1411919443
7	1323	1	1413181337
7	1324	1	1413181357
7	1325	1	1413181359
194	1325	1	1431810499
7	1326	1	1413181362
169	1326	1	1432061971
218	1326	1	1460495708
7	1327	1	1413181365
219	1328	1	1413413100
219	1328	1	1447352079
219	1328	1	1447746150
43	1329	1	1416714079
186	1329	1	1472037627
186	1329	1	1472126936
43	1330	1	1416721189
186	1330	1	1472037627
186	1330	1	1472126936
6	1331	1	1417131905
6	1332	1	1417131907
43	1333	1	1417321231
7	1336	1	1461310944
7	1337	1	1461311141
7	1338	1	1461311255
7	1338	1	1461311271
7	1339	1	1461310451
220	1341	1	1418648857
221	1342	1	1420755281
43	1343	1	1421017474
43	1344	1	1421111578
43	1345	1	1421115569
43	1346	1	1421119624
43	1346	1	1423374877
157	1346	1	1424432114
222	1347	1	1421777942
222	1347	1	1421777969
222	1347	1	1421778429
222	1347	1	1421778561
222	1347	1	1421778599
222	1347	1	1421778892
222	1347	1	1421779006
222	1347	1	1422393990
222	1347	1	1422394120
222	1347	1	1422394194
222	1347	1	1422394685
222	1347	1	1422394790
7	1348	1	1422800766
7	1349	1	1422800838
222	1349	1	1425764876
186	1350	1	1422983138
186	1350	1	1422986702
186	1351	1	1422983138
186	1351	1	1422986702
186	1352	1	1422986702
186	1353	1	1422986702
223	1354	1	1423058354
13	1354	1	1444350147
13	1354	1	1444350167
43	1355	1	1423370540
43	1356	1	1423377242
157	1356	1	1424432115
43	1357	1	1423708226
43	1358	1	1423940319
43	1359	1	1424392629
186	1359	1	1438202361
157	1360	1	1424432115
157	1361	1	1424432115
43	1362	1	1424582791
186	1362	1	1438202326
43	1363	1	1424584908
20	1363	1	1438438870
7	1364	1	1425039409
43	1365	1	1426641826
32	1366	1	1426644133
4	1366	1	1429227065
32	1366	1	1429245596
32	1367	1	1426644133
4	1367	1	1429227065
32	1367	1	1429245596
32	1368	1	1426644133
4	1368	1	1429227065
32	1368	1	1429245596
32	1369	1	1426644133
4	1369	1	1429227065
32	1369	1	1429245596
32	1370	1	1426644133
4	1370	1	1429227065
32	1370	1	1429245597
32	1371	1	1426644134
4	1371	1	1429227065
32	1371	1	1429245597
32	1372	1	1426644134
4	1372	1	1429227065
32	1372	1	1429245597
32	1373	1	1426644134
4	1373	1	1429227067
32	1373	1	1429245597
32	1374	1	1426644134
4	1374	1	1429227067
32	1374	1	1429245597
32	1375	1	1426644134
4	1375	1	1429227068
32	1375	1	1429245597
32	1376	1	1426644143
4	1376	1	1429227068
32	1376	1	1429245597
32	1377	1	1426644143
4	1377	1	1429227067
32	1377	1	1429245597
32	1378	1	1426644144
4	1378	1	1429227067
32	1378	1	1429245597
32	1379	1	1426644144
4	1379	1	1429227068
32	1379	1	1429245597
32	1380	1	1426644144
4	1380	1	1429227068
32	1380	1	1429245597
32	1381	1	1426644144
4	1381	1	1429227068
32	1381	1	1429245597
32	1382	1	1426644144
4	1382	1	1429227068
32	1382	1	1429245597
32	1383	1	1426644144
4	1383	1	1429227070
32	1383	1	1429245597
32	1384	1	1426644144
4	1384	1	1429227070
32	1384	1	1429245597
32	1385	1	1426644144
4	1385	1	1429227070
32	1385	1	1429245597
32	1386	1	1426644147
4	1386	1	1429227070
32	1386	1	1429245597
32	1387	1	1426644147
4	1387	1	1429227070
32	1387	1	1429245604
32	1388	1	1426644147
4	1388	1	1429227070
32	1388	1	1429245604
32	1389	1	1426644147
4	1389	1	1429227070
32	1389	1	1429245605
32	1390	1	1426644147
4	1390	1	1429227071
32	1390	1	1429245605
32	1391	1	1426644148
4	1391	1	1429227070
32	1391	1	1429245605
32	1392	1	1426644148
4	1392	1	1429227070
32	1392	1	1429245605
32	1393	1	1426644148
4	1393	1	1429227073
32	1393	1	1429245605
32	1394	1	1426644148
4	1394	1	1429227073
32	1394	1	1429245607
32	1395	1	1426644148
4	1395	1	1429227073
32	1395	1	1429245607
32	1396	1	1426644149
4	1396	1	1429227076
32	1396	1	1429245607
32	1397	1	1426644149
32	1398	1	1426644149
32	1399	1	1426644153
4	1399	1	1429227076
32	1399	1	1429245607
32	1400	1	1426644153
4	1400	1	1429227074
32	1400	1	1429245607
32	1401	1	1426644153
4	1401	1	1429227074
32	1401	1	1429245607
32	1402	1	1426644156
4	1402	1	1429227074
32	1402	1	1429245607
32	1403	1	1426644156
4	1403	1	1429227074
32	1403	1	1429245608
32	1404	1	1426644156
4	1404	1	1429227077
32	1404	1	1429245608
32	1405	1	1426644157
4	1405	1	1429227077
32	1405	1	1429245608
32	1406	1	1426644167
4	1406	1	1429227080
32	1406	1	1429245609
32	1407	1	1426644168
4	1407	1	1429227078
32	1407	1	1429245609
32	1408	1	1426644168
4	1408	1	1429227077
32	1408	1	1429245612
32	1409	1	1426644171
4	1409	1	1429227077
32	1409	1	1429245612
32	1410	1	1426644177
4	1410	1	1429227077
32	1410	1	1429245613
32	1411	1	1426644178
4	1411	1	1429227081
32	1411	1	1429245615
32	1412	1	1426644178
4	1412	1	1429227081
32	1412	1	1429245596
32	1413	1	1426644178
4	1413	1	1429227081
32	1413	1	1429245596
32	1414	1	1426644178
4	1414	1	1429227081
32	1414	1	1429245596
32	1415	1	1426644178
4	1415	1	1429227081
32	1415	1	1429245596
32	1416	1	1426644178
4	1416	1	1429227081
32	1416	1	1429245596
32	1417	1	1426644178
4	1417	1	1429227081
32	1417	1	1429245596
9	1419	1	1429211994
168	1420	1	1431721836
168	1420	1	1431721867
194	1421	1	1431810499
169	1422	1	1432061972
20	1422	1	1467231257
13	1423	1	1433453058
13	1423	1	1433790716
13	1423	1	1433790742
13	1423	1	1434319777
13	1423	1	1434320045
13	1423	1	1439630759
13	1423	1	1442411626
13	1423	1	1456534007
13	1424	1	1433455411
13	1424	1	1433455428
13	1424	1	1439630769
13	1424	1	1440620871
13	1425	1	1433790660
13	1425	1	1433791842
13	1425	1	1439630781
13	1426	1	1434320863
13	1426	1	1434320884
13	1426	1	1439316206
13	1426	1	1439318008
13	1426	1	1439630793
13	1427	1	1434321041
194	1427	1	1434995533
13	1427	1	1439122524
13	1427	1	1447859242
13	1427	1	1457123347
194	1428	1	1434995534
194	1429	1	1434995534
186	1430	1	1438202327
186	1431	1	1438202361
224	1432	1	1438644791
13	1433	1	1439111788
13	1433	1	1439115269
13	1434	1	1439116341
13	1434	1	1439120061
54	1434	1	1440328467
13	1434	1	1447886432
13	1434	1	1447886506
13	1435	1	1439314211
13	1435	1	1439314236
7	1435	1	1439321748
13	1436	1	1439463723
13	1437	1	1439630724
13	1437	1	1456615322
13	1438	1	1439630857
13	1439	1	1439630887
13	1440	1	1439632000
13	1441	1	1439633711
13	1441	1	1439633769
13	1442	1	1439661286
13	1443	1	1439749184
13	1443	1	1439749302
13	1443	1	1439749327
13	1443	1	1439749470
13	1444	1	1439749327
13	1445	1	1440198422
13	1445	1	1440198430
40	1445	1	1440241890
40	1445	1	1440241997
13	1446	1	1440199712
13	1446	1	1440199889
13	1447	1	1440199749
13	1448	1	1440199958
13	1449	1	1440200005
13	1450	1	1440200084
40	1451	1	1440241890
13	1452	1	1440547961
13	1452	1	1440620914
13	1452	1	1440621079
13	1452	1	1456533959
13	1453	1	1440620895
13	1453	1	1440620906
13	1453	1	1442411832
13	1454	1	1440623287
13	1454	1	1440629645
13	1455	1	1440669618
13	1456	1	1441045774
225	1457	1	1441813686
13	1458	1	1441982544
13	1458	1	1441982554
13	1458	1	1442172267
13	1458	1	1442172276
13	1458	1	1442411619
13	1458	1	1442411762
13	1458	1	1442411865
13	1458	1	1442412753
13	1458	1	1442415153
13	1458	1	1442415169
13	1458	1	1456533110
78	1459	1	1442130126
13	1460	1	1442411806
13	1461	1	1442412609
13	1461	1	1442412619
13	1461	1	1442412853
13	1462	1	1442412665
13	1462	1	1442412678
169	1463	1	1443113587
169	1464	1	1443113587
79	1465	1	1443741740
226	1466	1	1443742018
7	1467	1	1443793674
7	1467	1	1443794112
13	1467	1	1444093720
203	1467	1	1444668920
7	1468	1	1443793934
7	1469	1	1443793974
224	1470	1	1443816066
224	1471	1	1443816067
224	1472	1	1443816067
224	1473	1	1443816067
224	1474	1	1443816067
224	1475	1	1443816067
224	1476	1	1443816068
13	1477	1	1444094656
13	1477	1	1444094966
13	1477	1	1444094975
40	1477	1	1444646612
13	1477	1	1444806919
13	1477	1	1444806928
13	1477	1	1444807117
40	1477	1	1444814821
40	1477	1	1444814855
13	1477	1	1444822086
13	1477	1	1444822378
13	1477	1	1444822434
13	1477	1	1444822566
13	1477	1	1444823560
40	1477	1	1444823903
13	1477	1	1444825020
40	1477	1	1444825462
13	1477	1	1444826705
13	1477	1	1444826835
13	1477	1	1444826850
13	1477	1	1444826975
13	1477	1	1444827167
40	1477	1	1444827705
13	1477	1	1444827921
40	1477	1	1444828470
13	1477	1	1444829488
40	1477	1	1444830404
13	1477	1	1444833710
13	1477	1	1444980116
13	1477	1	1444980576
13	1478	1	1444148828
13	1479	1	1444148916
13	1480	1	1444349263
13	1481	1	1444350147
20	1481	1	1445186748
13	1482	1	1444350167
40	1483	1	1444741282
40	1483	1	1444741315
40	1483	1	1444742164
13	1484	1	1445592029
13	1484	1	1445592080
13	1484	1	1445592150
227	1484	1	1446237507
13	1485	1	1445592203
13	1486	1	1445677647
13	1486	1	1445677658
13	1486	1	1445856261
13	1486	1	1457448850
13	1486	1	1457448885
13	1486	1	1465582772
13	1487	1	1445683325
13	1487	1	1445683401
13	1487	1	1445686553
13	1487	1	1455669668
13	1487	1	1461371966
13	1488	1	1445686872
13	1488	1	1445696648
13	1488	1	1445696693
13	1488	1	1445769700
13	1488	1	1445856618
13	1489	1	1445696987
13	1490	1	1445697015
13	1491	1	1445769627
13	1491	1	1445792251
13	1491	1	1445792749
13	1491	1	1445856546
13	1492	1	1445856348
13	1492	1	1445856363
13	1493	1	1445859952
13	1493	1	1447167321
13	1493	1	1447167665
13	1493	1	1447962089
13	1493	1	1447962756
13	1493	1	1448046582
13	1493	1	1448048356
13	1493	1	1448048372
13	1493	1	1448048402
13	1493	1	1450275719
13	1493	1	1450277778
13	1493	1	1455670108
13	1493	1	1455670248
13	1493	1	1455672790
13	1493	1	1457448936
13	1493	1	1457448952
13	1493	1	1457449900
13	1493	1	1461372275
13	1493	1	1461373397
13	1493	1	1462795602
13	1493	1	1465571499
13	1493	1	1465571528
228	1494	1	1446643572
228	1494	1	1446643630
13	1495	1	1447015255
13	1496	1	1447166390
170	1496	1	1447752100
13	1497	1	1447858734
13	1498	1	1447859271
13	1498	1	1447859300
13	1499	1	1447886115
13	1500	1	1447886143
13	1501	1	1447886219
13	1502	1	1447886250
13	1503	1	1447886291
13	1504	1	1447886334
13	1505	1	1447960822
229	1506	1	1448110340
229	1506	1	1448111323
230	1507	1	1448118624
7	1508	1	1450167042
7	1509	1	1450167621
186	1510	1	1450286744
186	1511	1	1450286769
13	1512	1	1450539702
13	1512	1	1450539808
13	1512	1	1450540030
13	1513	1	1451231736
169	1514	1	1451502298
169	1515	1	1451502299
169	1516	1	1451505786
231	1517	1	1452436938
13	1517	1	1452550148
231	1518	1	1454179272
13	1518	1	1454320189
7	1518	1	1464693677
7	1518	1	1467206414
7	1519	1	1454596546
7	1519	1	1454596643
7	1519	1	1464099034
7	1519	1	1464099054
13	1520	1	1454947881
116	1521	1	1455602242
13	1521	1	1455672848
7	1522	1	1455612762
13	1523	1	1456477403
13	1524	1	1456477491
13	1525	1	1456532394
13	1525	1	1456532949
13	1525	1	1456533008
13	1525	1	1456533182
13	1525	1	1456533249
13	1526	1	1456533406
13	1527	1	1456533451
13	1528	1	1456533583
13	1529	1	1456614695
13	1529	1	1456615220
13	1529	1	1456615533
13	1530	1	1457050596
13	1530	1	1457054188
13	1530	1	1457054206
13	1530	1	1457054275
13	1530	1	1457054377
13	1530	1	1457131379
13	1531	1	1457055295
13	1531	1	1457126919
54	1531	1	1477138446
13	1532	1	1457123548
13	1532	1	1457124849
13	1532	1	1457126835
13	1532	1	1457129372
13	1533	1	1457125384
13	1533	1	1457125395
13	1534	1	1457127246
13	1534	1	1457127293
13	1534	1	1457127401
13	1534	1	1457127441
13	1535	1	1457128339
13	1535	1	1457128375
13	1536	1	1457128476
13	1537	1	1457128902
13	1538	1	1457128924
13	1539	1	1457128955
13	1540	1	1457128967
13	1541	1	1457128976
13	1542	1	1457128985
13	1543	1	1457129399
13	1544	1	1457129551
13	1545	1	1457129874
13	1545	1	1457130033
13	1546	1	1457130053
13	1546	1	1457130075
13	1547	1	1457130293
13	1547	1	1457130309
13	1547	1	1457130386
13	1547	1	1457130415
13	1547	1	1459707696
13	1547	1	1459707712
13	1547	1	1459708052
13	1547	1	1459708082
13	1548	1	1457130440
13	1549	1	1457131234
13	1550	1	1457132025
13	1550	1	1457135766
13	1550	1	1457136247
13	1550	1	1457136452
13	1550	1	1457137222
13	1551	1	1458318896
13	1552	1	1458498776
13	1553	1	1458498806
13	1553	1	1459704191
13	1554	1	1459522168
13	1554	1	1459522186
13	1555	1	1459707771
13	1556	1	1459708014
13	1557	1	1460468311
13	1557	1	1460468466
13	1557	1	1460468497
13	1557	1	1460468535
13	1557	1	1460469194
218	1558	1	1460495708
13	1559	1	1460642539
13	1560	1	1461205439
7	1561	1	1461246612
7	1562	1	1461246686
7	1563	1	1461249179
7	1564	1	1461309305
7	1565	1	1461310009
7	1565	1	1461310064
13	1566	1	1462351026
169	1567	1	1462383636
232	1568	1	1463584568
13	1568	1	1463768332
233	1569	1	1463820944
7	1570	1	1464098555
7	1570	1	1464098783
7	1570	1	1464098835
7	1570	1	1464157879
7	1571	1	1464606695
7	1571	1	1464607022
7	1571	1	1464607281
7	1571	1	1464607323
47	1571	1	1464608887
7	1571	1	1464609196
7	1571	1	1464609439
7	1571	1	1464681842
7	1571	1	1467206731
7	1572	1	1464609262
7	1573	1	1464609967
7	1574	1	1464612140
7	1574	1	1464681915
7	1574	1	1464693592
7	1575	1	1464612933
7	1575	1	1464612988
7	1575	1	1467206524
7	1575	1	1467206782
7	1576	1	1464613478
7	1576	1	1464692516
13	1576	1	1464923936
7	1577	1	1464619099
7	1577	1	1464619118
7	1577	1	1467206590
7	1578	1	1464619417
7	1579	1	1464619433
7	1580	1	1464619459
7	1581	1	1464619474
7	1582	1	1464619487
7	1583	1	1464693360
7	1583	1	1464693401
7	1584	1	1464693692
7	1585	1	1464693774
7	1586	1	1464693797
7	1587	1	1464706122
7	1587	1	1464706147
7	1588	1	1464706190
7	1589	1	1464706800
13	1590	1	1466012978
13	1590	1	1466013005
13	1591	1	1466013037
186	1592	1	1472126936
186	1593	1	1472126936
125	1594	1	1473417910
125	1594	1	1473525598
125	1594	1	1473525616
125	1594	1	1473525663
125	1594	1	1473529381
125	1594	1	1473533659
125	1594	1	1473554163
125	1594	1	1473554574
125	1595	1	1473418070
125	1595	1	1473534037
125	1595	1	1473534216
125	1596	1	1473418141
125	1596	1	1473418400
125	1596	1	1473418900
125	1596	1	1473419107
125	1596	1	1473419148
125	1596	1	1473529630
125	1597	1	1473533456
125	1597	1	1473534337
125	1597	1	1473534654
125	1597	1	1473535520
125	1597	1	1473883989
234	1597	1	1486225855
125	1598	1	1473555883
125	1598	1	1473557901
125	1599	1	1473885242
125	1599	1	1476594076
125	1599	1	1476594099
125	1599	1	1476594176
125	1599	1	1476595040
125	1599	1	1476595183
40	1600	1	1474375939
40	1601	1	1474376008
7	1602	1	1476258122
7	1602	1	1476258170
235	1603	1	1477213420
235	1603	1	1477213537
235	1603	1	1477213603
7	1604	1	1477483329
236	1606	1	1479041416
7	1607	1	1483967893
7	1608	1	1483972292
237	1609	1	1486027453
237	1609	1	1486027594
7	1610	1	1486291813
7	1611	1	1486291820
197	1612	1	1487200069
6	1613	1	1487249008
7	1614	1	1493278684
7	1615	1	1493278751
238	1616	1	1494399869
32	1617	1	1494758957
239	1618	1	1495909808
239	1618	1	1495909836
239	1618	1	1495911577
239	1618	1	1495912972
239	1618	1	1495916723
239	1618	1	1496782761
239	1619	1	1495911508
239	1619	1	1495911595
239	1619	1	1495913113
239	1619	1	1495913963
239	1619	1	1495914410
239	1619	1	1495914437
239	1619	1	1495915306
239	1619	1	1495916364
239	1619	1	1495916703
239	1619	1	1495919215
239	1619	1	1495920855
239	1619	1	1495921292
239	1619	1	1495921347
239	1619	1	1495921384
239	1619	1	1495921638
239	1619	1	1495921658
239	1619	1	1495923266
239	1619	1	1495923295
239	1619	1	1496439030
239	1620	1	1495913786
239	1620	1	1495916683
239	1620	1	1496440380
239	1620	1	1496440435
239	1620	1	1496440465
239	1621	1	1495916749
239	1622	1	1495920773
239	1623	1	1495927917
239	1623	1	1495927969
239	1623	1	1495928040
239	1624	1	1495928226
239	1625	1	1495928655
239	1625	1	1495928714
239	1625	1	1495928729
239	1625	1	1495928762
239	1625	1	1495928772
239	1625	1	1495928795
239	1625	1	1495928937
239	1626	1	1495963909
239	1626	1	1495963935
239	1626	1	1495963950
239	1626	1	1495963964
239	1626	1	1496432226
239	1626	1	1496432571
239	1626	1	1496437740
239	1626	1	1496437774
239	1626	1	1496441030
239	1626	1	1496443276
103	1626	1	1499456301
239	1627	1	1495964216
239	1627	1	1495964246
239	1627	1	1495964254
239	1627	1	1495964270
239	1628	1	1495964421
239	1628	1	1495986179
239	1628	1	1495986192
239	1629	1	1495964851
239	1629	1	1495964861
239	1630	1	1495964989
239	1631	1	1495965185
239	1632	1	1495965353
239	1632	1	1495965364
239	1633	1	1495965472
239	1633	1	1495965491
239	1634	1	1495965605
239	1634	1	1495965617
239	1635	1	1495965729
239	1636	1	1495965889
239	1636	1	1495965923
239	1636	1	1495965934
239	1637	1	1495966140
239	1637	1	1495966151
239	1637	1	1496003881
239	1637	1	1496003892
239	1637	1	1496005205
239	1637	1	1496007936
239	1638	1	1495966318
239	1638	1	1495966368
239	1638	1	1495966379
239	1639	1	1495966458
239	1640	1	1495966700
239	1641	1	1495966899
239	1642	1	1495967060
239	1643	1	1495967270
239	1643	1	1495967284
239	1644	1	1495967390
239	1645	1	1495967947
239	1646	1	1495968061
239	1647	1	1495968199
239	1648	1	1495968388
239	1648	1	1496456273
239	1648	1	1497188063
239	1649	1	1495968536
239	1650	1	1495968881
239	1650	1	1495968893
239	1650	1	1495968904
239	1650	1	1496008648
239	1650	1	1496009547
239	1651	1	1495969060
239	1651	1	1495969075
239	1651	1	1497368838
239	1651	1	1497368856
239	1651	1	1497368974
239	1651	1	1497479077
239	1651	1	1497479112
239	1651	1	1497480885
239	1652	1	1496783501
239	1652	1	1496783775
239	1653	1	1497097887
186	1653	1	1497107799
240	1654	1	1497519435
240	1655	1	1497519435
240	1656	1	1497519435
240	1657	1	1497559256
115	1658	1	1497568631
240	1659	1	1497622681
240	1660	1	1497646398
240	1661	1	1497646398
240	1662	1	1497788191
240	1663	1	1497788191
240	1664	1	1497788191
240	1665	1	1497788191
240	1666	1	1497788191
240	1667	1	1497832254
240	1668	1	1497833383
240	1669	1	1497839668
240	1670	1	1497839668
240	1671	1	1497839668
240	1672	1	1497839668
240	1673	1	1497839668
240	1674	1	1497842020
240	1675	1	1497842020
240	1676	1	1497842020
240	1677	1	1497842020
240	1678	1	1497843655
240	1679	1	1497843655
240	1680	1	1497845949
240	1681	1	1497885946
240	1682	1	1497885946
240	1683	1	1497885946
240	1684	1	1497899932
240	1685	1	1497900410
240	1686	1	1497900410
240	1687	1	1497900410
240	1688	1	1497900410
240	1689	1	1497900410
240	1690	1	1497900410
240	1691	1	1497900410
240	1692	1	1497900410
240	1693	1	1497900410
240	1694	1	1497900410
240	1695	1	1497900410
240	1696	1	1497900410
240	1697	1	1497900410
240	1698	1	1497900410
240	1699	1	1497907412
240	1700	1	1497907412
240	1701	1	1497907412
240	1702	1	1497907439
240	1703	1	1497907439
240	1704	1	1497907439
240	1705	1	1497907448
240	1706	1	1497907473
240	1707	1	1497907511
241	1708	1	1498215806
241	1709	1	1498215865
242	1710	1	1498776939
242	1711	1	1498776959
7	1712	1	1498826139
7	1713	1	1498826199
240	1714	1	1499044326
