% bip positive
1	1	1	1195772494
2	2	1	1136143125
2	2	1	1442068565
2	3	1	1136143251
3	4	1	1136207391
3	5	1	1136207427
4	6	1	1136814012
4	6	1	1136816658
4	6	1	1136816695
4	6	1	1136817307
4	6	1	1136836622
1	6	1	1194539692
1	6	1	1194794807
5	6	1	1200439052
6	6	1	1346413161
7	6	1	1346523720
7	6	1	1347418216
7	6	1	1347587187
8	6	1	1349272625
8	6	1	1349563798
6	6	1	1350918482
9	6	1	1350918513
10	6	1	1385680379
11	6	1	1389794985
12	6	1	1396283253
13	6	1	1416605580
14	6	1	1417391040
14	6	1	1418097341
13	6	1	1418716933
13	6	1	1418716986
8	6	1	1421229911
8	6	1	1421229938
4	7	1	1136814464
2	7	1	1136848064
1	7	1	1195744856
1	7	1	1196274036
1	7	1	1196274081
5	7	1	1200439628
1	7	1	1204359266
1	7	1	1267263246
15	7	1	1269500850
16	7	1	1309683647
16	7	1	1319677785
16	7	1	1324522821
16	7	1	1326644861
16	7	1	1329059640
16	7	1	1338599804
16	7	1	1338921227
16	7	1	1340945503
16	7	1	1342729165
16	7	1	1346897298
16	7	1	1347283977
16	7	1	1350356883
16	7	1	1350494028
16	7	1	1357679496
16	7	1	1358609701
16	7	1	1359578714
16	7	1	1363205643
16	7	1	1366780200
16	7	1	1367294430
16	7	1	1367347830
16	7	1	1369083734
16	7	1	1370310934
16	7	1	1371963108
16	7	1	1372942113
17	7	1	1372950470
16	7	1	1374586686
18	7	1	1374598230
16	7	1	1377027094
16	7	1	1379991593
16	7	1	1380913433
16	7	1	1381264814
16	7	1	1383683223
16	7	1	1384818190
19	7	1	1389854836
19	7	1	1392813042
19	7	1	1393020018
19	7	1	1393616668
19	7	1	1394747783
12	7	1	1396283414
19	7	1	1396307104
19	7	1	1400531916
19	7	1	1400880566
19	7	1	1403214867
20	7	1	1403660186
19	7	1	1408642512
19	7	1	1408659317
19	7	1	1409676734
19	7	1	1414346729
19	7	1	1415986613
19	7	1	1416593534
19	7	1	1416594941
19	7	1	1419620390
19	7	1	1423161074
19	7	1	1423251670
19	7	1	1424851099
19	7	1	1425249167
19	7	1	1425499299
19	7	1	1426275939
19	7	1	1428682330
19	7	1	1428695309
19	7	1	1429592907
19	7	1	1430711364
19	7	1	1431883696
19	7	1	1433533628
19	7	1	1434192257
19	7	1	1434196809
19	7	1	1434751240
19	7	1	1434760250
19	7	1	1437714475
19	7	1	1437720512
19	7	1	1438386174
19	7	1	1438391745
19	7	1	1439591306
19	7	1	1439597129
19	7	1	1439939334
19	7	1	1439948153
19	7	1	1441217604
19	7	1	1441399975
19	7	1	1441404097
19	7	1	1441815126
19	7	1	1442936893
19	7	1	1442955671
19	7	1	1443459380
19	7	1	1443468770
19	7	1	1446229069
19	7	1	1447106258
19	7	1	1447152502
19	7	1	1447796577
19	7	1	1448488170
19	7	1	1448980693
19	7	1	1449212672
19	7	1	1450472290
19	7	1	1451001970
19	7	1	1451005569
19	7	1	1451958548
19	7	1	1453143976
19	7	1	1456514482
19	7	1	1459439267
19	7	1	1460927267
19	7	1	1466751877
19	7	1	1467566419
19	7	1	1470765784
19	7	1	1473692886
19	7	1	1475266259
19	7	1	1475717689
19	7	1	1476553785
19	7	1	1479081564
19	7	1	1479082293
19	7	1	1481743913
21	7	1	1483040974
19	7	1	1487190682
19	7	1	1489088596
19	7	1	1489813749
19	7	1	1491536189
19	7	1	1491932059
19	7	1	1493838899
19	7	1	1494254497
19	7	1	1494612400
19	7	1	1494945844
19	7	1	1494968919
19	7	1	1495573525
22	7	1	1496344527
4	8	1	1136836622
4	9	1	1136906008
4	10	1	1136906439
4	11	1	1136907401
4	11	1	1136930077
4	11	1	1137097105
23	11	1	1137181131
4	11	1	1137181505
23	11	1	1137183883
4	11	1	1138290652
4	11	1	1139154521
4	11	1	1139336280
1	11	1	1195920697
1	11	1	1210608649
1	11	1	1210608704
4	12	1	1136909327
4	12	1	1139408668
4	13	1	1137108562
24	13	1	1137108687
24	14	1	1137108655
23	15	1	1137180598
23	15	1	1137406635
23	16	1	1137180652
4	16	1	1137180803
4	16	1	1137181277
23	17	1	1137181193
4	17	1	1139408669
25	17	1	1284802812
20	17	1	1403939453
4	18	1	1139408159
4	18	1	1139409552
1	18	1	1210608558
22	18	1	1263498662
4	19	1	1139408669
26	19	1	1429230029
4	20	1	1139408669
26	20	1	1429230029
1	21	1	1140638291
22	21	1	1208429667
1	21	1	1210608754
27	22	1	1164860205
27	22	1	1164861008
27	22	1	1255934328
27	23	1	1164860377
28	24	1	1183046050
29	24	1	1277173017
29	24	1	1277174709
30	25	1	1188369756
31	26	1	1188583458
31	27	1	1188583613
32	28	1	1189932272
33	29	1	1192452342
33	29	1	1192452361
33	30	1	1192452374
29	31	1	1193065664
29	31	1	1319252702
29	31	1	1329450839
1	32	1	1194539802
1	33	1	1194540929
1	33	1	1194597076
1	33	1	1195574274
1	33	1	1195769120
5	33	1	1196204492
5	33	1	1196204512
5	33	1	1196205092
5	33	1	1197205111
1	34	1	1194540966
1	35	1	1194541003
1	36	1	1194541037
1	37	1	1194541082
1	38	1	1194541155
1	39	1	1194541250
1	40	1	1194541368
1	41	1	1194541476
1	42	1	1194541631
5	42	1	1196200835
1	43	1	1194541893
1	43	1	1224702317
1	43	1	1247388537
1	43	1	1247394594
30	44	1	1194549249
1	45	1	1194562982
1	48	1	1194596579
1	49	1	1194596626
1	50	1	1194596651
34	50	1	1238833913
34	50	1	1238841874
34	50	1	1238848390
35	50	1	1382453516
36	50	1	1424822182
1	51	1	1194596707
1	52	1	1194693299
1	52	1	1194693341
1	52	1	1199345373
1	53	1	1194792926
1	54	1	1194792978
1	54	1	1194793065
1	54	1	1194794106
5	54	1	1195679719
1	54	1	1195757348
1	54	1	1195757361
5	54	1	1195767436
5	54	1	1195855673
5	54	1	1195983060
1	55	1	1194793239
1	56	1	1194793346
1	57	1	1194793393
1	58	1	1194793608
1	59	1	1194793662
1	60	1	1194793684
1	61	1	1194793746
1	61	1	1194793764
1	62	1	1194793797
1	63	1	1194793827
1	64	1	1194794011
1	65	1	1194794747
1	66	1	1194795252
1	66	1	1194795266
1	66	1	1194795866
1	66	1	1194795927
5	66	1	1195853545
5	66	1	1195853973
5	66	1	1195854654
1	67	1	1194795424
1	68	1	1194795581
1	68	1	1194795591
1	69	1	1194795616
1	70	1	1194795663
1	71	1	1194795874
1	71	1	1195920458
1	71	1	1195920506
1	72	1	1194796521
1	73	1	1194796555
34	73	1	1238833500
34	73	1	1363425150
34	73	1	1363429771
34	73	1	1363441519
36	73	1	1424819426
1	74	1	1194796587
34	74	1	1238832761
34	74	1	1238847918
34	74	1	1363390653
34	74	1	1363391168
34	74	1	1363391348
34	74	1	1363441219
36	74	1	1424830387
1	75	1	1194796662
1	76	1	1194796693
1	77	1	1194796782
1	78	1	1194796820
1	79	1	1194796891
1	79	1	1194796915
37	79	1	1425217627
1	80	1	1194797000
38	81	1	1194824032
38	81	1	1217589230
1	82	1	1194880878
38	82	1	1196003756
5	82	1	1196004979
38	82	1	1196027882
1	83	1	1194881039
39	83	1	1198882399
40	83	1	1213090536
1	84	1	1194881214
1	85	1	1194881224
1	86	1	1194881244
1	87	1	1194881252
1	88	1	1194881260
1	89	1	1194881276
19	89	1	1426652560
26	89	1	1429230028
19	89	1	1429245680
1	90	1	1194881285
41	90	1	1285021377
1	91	1	1194881292
5	91	1	1195768473
5	91	1	1195854826
5	91	1	1195920166
5	91	1	1196186141
5	91	1	1196189034
25	91	1	1284802851
1	91	1	1284807237
42	91	1	1290099101
20	91	1	1403939335
21	91	1	1483041332
1	92	1	1194881302
1	93	1	1194881310
43	93	1	1212802313
1	94	1	1194881319
1	95	1	1194881328
1	96	1	1194881377
1	97	1	1194881408
1	97	1	1194881701
1	97	1	1194882913
1	97	1	1194882947
39	97	1	1198882420
39	97	1	1198882525
1	98	1	1194881439
44	98	1	1498134220
1	99	1	1194881644
1	99	1	1194881671
39	99	1	1198882547
1	100	1	1195028242
1	101	1	1195028524
1	101	1	1195028535
1	101	1	1195028942
1	101	1	1195028955
1	103	1	1195574291
1	104	1	1195575377
1	104	1	1195576118
1	105	1	1195575563
1	106	1	1195575595
1	107	1	1195575630
1	108	1	1195575809
1	109	1	1195575915
1	110	1	1195575943
1	111	1	1195576177
34	111	1	1363430672
37	111	1	1425217612
5	112	1	1195678026
5	112	1	1195765853
5	112	1	1195765933
1	112	1	1195768630
1	112	1	1195769040
1	112	1	1195769069
5	112	1	1195771581
5	112	1	1195771987
5	112	1	1195773083
5	113	1	1195679052
1	113	1	1195756824
5	113	1	1195765131
5	113	1	1195765201
5	113	1	1195765368
5	113	1	1195765389
1	113	1	1195767863
1	113	1	1195767898
5	113	1	1231429004
5	114	1	1195679831
5	114	1	1195679846
1	115	1	1195744747
1	115	1	1195768184
45	115	1	1195930336
45	115	1	1195930445
1	115	1	1196186247
1	115	1	1196242848
1	115	1	1196242858
25	115	1	1284802830
37	117	1	1425217621
1	119	1	1195756521
46	119	1	1424729135
1	120	1	1195756641
1	120	1	1195756661
1	121	1	1195756884
37	121	1	1425217628
1	122	1	1195757033
34	122	1	1238801090
34	122	1	1363430591
34	122	1	1363443162
5	123	1	1195766593
1	123	1	1195768074
1	123	1	1195768114
5	123	1	1198509030
5	123	1	1198578035
5	123	1	1198578093
1	124	1	1195767658
10	124	1	1327612103
5	125	1	1195768367
5	125	1	1195768847
5	125	1	1195769001
5	125	1	1195769076
5	125	1	1195769631
5	125	1	1195770288
5	125	1	1195770345
5	125	1	1198578116
5	125	1	1198578246
5	125	1	1198579189
1	126	1	1195768701
1	127	1	1195768790
34	127	1	1238800980
34	127	1	1363424780
34	127	1	1363429211
37	127	1	1424962685
1	128	1	1195768827
37	128	1	1425217615
1	129	1	1195768904
1	129	1	1238748368
34	129	1	1238833380
36	129	1	1424837300
1	130	1	1195769744
1	130	1	1195770427
1	130	1	1195770500
10	130	1	1327612205
47	130	1	1345060083
47	130	1	1345060319
47	130	1	1345060429
47	130	1	1345060532
47	130	1	1345060677
47	130	1	1345105794
47	130	1	1345106249
47	130	1	1366030334
47	130	1	1366030467
47	130	1	1366030706
47	130	1	1366030818
47	130	1	1366031078
48	130	1	1467758567
1	131	1	1195769862
10	131	1	1346021131
5	132	1	1195771149
5	132	1	1195771195
5	132	1	1213106368
5	133	1	1195772515
5	133	1	1195852131
5	133	1	1195988638
5	133	1	1213106475
45	134	1	1195833957
1	134	1	1195999697
45	134	1	1196195839
45	134	1	1196244158
45	134	1	1196244206
45	134	1	1196246527
45	134	1	1196246593
45	134	1	1196247536
45	134	1	1196278660
45	134	1	1197139857
45	134	1	1197140473
45	134	1	1197140881
45	134	1	1197981135
45	134	1	1197999689
45	134	1	1198260978
45	134	1	1199735096
5	134	1	1200439309
5	135	1	1195853297
5	135	1	1195936724
5	135	1	1195936763
5	136	1	1195855387
5	136	1	1195855413
1	136	1	1195897078
5	136	1	1195920490
5	136	1	1195923378
5	136	1	1195924765
5	136	1	1195925275
5	136	1	1196112803
5	136	1	1196112846
45	136	1	1200771867
49	136	1	1224289017
50	136	1	1431622707
1	139	1	1195919072
1	140	1	1195920104
1	140	1	1195920122
1	141	1	1195920189
1	142	1	1195920272
5	143	1	1195922165
5	143	1	1195988727
5	143	1	1196008418
1	143	1	1196774648
1	144	1	1195922613
1	145	1	1195922733
1	146	1	1195922922
1	147	1	1195923008
5	148	1	1195923078
1	148	1	1196774615
5	149	1	1195926771
5	149	1	1195926827
1	149	1	1196774578
5	150	1	1195927809
5	150	1	1195927849
5	150	1	1195934596
1	150	1	1201199859
1	150	1	1201199934
51	151	1	1195928980
51	151	1	1195949376
51	151	1	1195949569
26	151	1	1429230028
5	152	1	1195929039
5	152	1	1195935629
1	152	1	1201199958
5	152	1	1203547219
5	153	1	1195929159
1	155	1	1195937075
21	155	1	1483041334
1	156	1	1195936999
19	156	1	1426652563
26	156	1	1429230029
19	156	1	1429245699
5	157	1	1195937348
1	157	1	1195940991
5	157	1	1195944778
5	157	1	1195983129
5	157	1	1195983623
5	157	1	1195983688
5	157	1	1196109190
5	157	1	1196112431
5	157	1	1196154101
5	157	1	1196154130
5	157	1	1196154177
1	157	1	1196161324
1	157	1	1196775077
5	157	1	1198276744
5	157	1	1198276830
5	157	1	1198276949
22	157	1	1238693820
22	157	1	1329426124
22	157	1	1341584843
5	158	1	1195937504
5	158	1	1195937732
5	158	1	1195937951
1	158	1	1196161130
1	158	1	1196184675
52	158	1	1419203067
5	159	1	1195937603
5	159	1	1195937650
5	159	1	1195938486
5	159	1	1195939038
1	159	1	1196184379
5	160	1	1195938249
5	160	1	1195939198
1	160	1	1196184405
5	161	1	1195938636
5	161	1	1195939156
1	161	1	1196184426
5	162	1	1195938786
5	162	1	1195938992
1	162	1	1196184450
5	163	1	1195938912
5	163	1	1195939077
5	163	1	1195939116
1	163	1	1196184472
5	164	1	1195939294
1	164	1	1196184489
1	164	1	1196185628
5	165	1	1195939447
1	165	1	1196184506
1	165	1	1196185544
1	165	1	1196185558
5	166	1	1195939571
5	166	1	1195939644
1	166	1	1196184525
5	167	1	1195939752
5	167	1	1195939843
1	167	1	1196184547
1	167	1	1196186841
1	167	1	1196242917
1	168	1	1195941127
37	168	1	1425217634
5	169	1	1195941349
5	169	1	1195941511
5	169	1	1195941534
5	169	1	1195941554
5	169	1	1195941747
5	169	1	1196005761
5	169	1	1196085652
1	169	1	1196161178
5	170	1	1195941668
5	170	1	1196250540
5	171	1	1195943384
5	171	1	1196089780
5	171	1	1196091361
5	171	1	1196091401
5	171	1	1196205852
5	171	1	1196242292
5	171	1	1198507185
1	172	1	1195999835
37	172	1	1425217616
1	173	1	1196000097
34	173	1	1238769011
34	173	1	1238774345
34	173	1	1363438807
5	174	1	1196004731
53	174	1	1384107593
54	174	1	1436704053
5	175	1	1196006621
5	175	1	1196006781
5	175	1	1196062681
5	175	1	1196084804
5	175	1	1196113002
5	175	1	1196113192
5	175	1	1196113236
5	175	1	1196113267
5	175	1	1196113324
5	175	1	1222424595
5	175	1	1222424646
5	175	1	1222424734
22	175	1	1240798674
22	175	1	1341584845
5	176	1	1196009485
5	176	1	1196009516
5	176	1	1196009710
5	176	1	1213627376
5	177	1	1196012374
5	177	1	1198507696
5	177	1	1198507727
5	177	1	1198507750
5	177	1	1198507763
5	177	1	1198507804
5	177	1	1198508982
5	177	1	1231428892
22	177	1	1401762603
5	178	1	1196062072
5	178	1	1196085039
5	178	1	1196085135
5	178	1	1196085162
5	179	1	1196087052
5	179	1	1196087065
5	179	1	1196109706
5	179	1	1196109854
5	179	1	1197642038
5	179	1	1197642349
5	179	1	1198275662
22	179	1	1236633060
5	180	1	1196088499
5	180	1	1196088860
5	180	1	1196154593
5	180	1	1196154858
1	180	1	1196161151
5	180	1	1213102572
5	181	1	1196092337
5	181	1	1196108383
5	181	1	1196200978
5	182	1	1196111423
5	182	1	1196111543
22	182	1	1407082247
5	183	1	1196115486
5	183	1	1196115610
5	183	1	1197655930
22	183	1	1280701416
5	184	1	1196156225
1	184	1	1196161112
5	184	1	1196162056
5	184	1	1196162197
5	184	1	1196162343
5	184	1	1196163944
5	184	1	1196164122
5	184	1	1196164267
5	184	1	1196164514
5	184	1	1196164832
5	184	1	1196164888
5	184	1	1196692797
1	184	1	1196774995
1	184	1	1196775131
1	184	1	1196775367
5	184	1	1222424388
22	184	1	1425493931
1	185	1	1196160891
1	185	1	1196160903
37	185	1	1425217635
1	186	1	1196160981
1	186	1	1196160996
5	186	1	1196161575
22	186	1	1207325459
5	187	1	1196163309
5	187	1	1196163409
5	187	1	1196163428
5	187	1	1196163516
5	187	1	1196184525
1	187	1	1196186011
1	187	1	1196186130
5	187	1	1222424113
5	187	1	1222424212
22	187	1	1425493941
1	188	1	1196184646
1	189	1	1196185026
1	189	1	1196185643
5	189	1	1196204877
1	190	1	1196185197
1	190	1	1196185594
5	190	1	1196204817
1	191	1	1196185389
1	191	1	1196185676
5	191	1	1196204950
22	191	1	1211557672
1	192	1	1196185469
1	192	1	1196185660
5	192	1	1196204919
1	193	1	1196185841
5	193	1	1196204846
5	194	1	1196185911
5	194	1	1196186288
5	194	1	1196200882
1	195	1	1196186175
34	195	1	1238800572
1	196	1	1196186320
1	197	1	1196186546
5	197	1	1196204790
1	198	1	1196186811
5	198	1	1196204753
5	199	1	1196189053
5	199	1	1196189123
5	199	1	1196199711
5	199	1	1222422585
42	199	1	1290099237
55	199	1	1475884875
5	200	1	1196199784
5	200	1	1196200307
5	200	1	1196200543
5	200	1	1196242598
5	200	1	1196242808
5	200	1	1222422678
5	200	1	1222423016
5	200	1	1222423175
56	200	1	1427856600
5	201	1	1196199784
5	202	1	1196200882
5	203	1	1196203151
1	203	1	1196274169
1	203	1	1196274182
5	203	1	1196276734
1	203	1	1196774073
5	203	1	1198452312
5	204	1	1196203393
5	205	1	1196205363
5	205	1	1196205400
1	205	1	1201247668
1	206	1	1196243014
1	207	1	1196243081
5	208	1	1196248015
5	208	1	1196248411
5	208	1	1196248990
5	208	1	1196250438
5	208	1	1196286671
5	208	1	1196674519
22	208	1	1226156907
5	209	1	1196251521
5	209	1	1196251799
5	209	1	1196254729
5	209	1	1200085461
57	209	1	1425832163
5	210	1	1196255410
5	210	1	1196256743
5	210	1	1196276295
5	210	1	1200439128
1	210	1	1201247652
1	211	1	1196273674
5	211	1	1196286878
1	212	1	1196774026
5	212	1	1198452573
5	212	1	1198577258
58	212	1	1310841350
58	212	1	1351819493
5	213	1	1196286542
5	213	1	1196290051
5	213	1	1196321381
5	213	1	1196667159
1	214	1	1196290939
5	215	1	1196334528
5	215	1	1196334604
5	215	1	1198278125
5	215	1	1198408700
5	215	1	1198408808
5	215	1	1198449682
5	215	1	1198596494
5	216	1	1196335051
5	216	1	1196335213
5	216	1	1196345767
5	216	1	1196346933
1	216	1	1201247541
5	217	1	1196337811
5	218	1	1196347729
5	218	1	1196347787
5	218	1	1196354535
5	219	1	1196355540
5	219	1	1198451932
1	219	1	1201247503
5	220	1	1196380954
1	220	1	1196774354
5	221	1	1196685853
5	221	1	1196692676
5	221	1	1196804843
5	221	1	1196804964
5	221	1	1197139310
5	221	1	1197139448
5	221	1	1197139689
5	221	1	1197641481
5	221	1	1197641680
5	221	1	1197641885
22	221	1	1207325472
22	221	1	1214430630
5	222	1	1196694148
5	222	1	1196694225
5	222	1	1196694366
5	222	1	1196805570
5	222	1	1197139958
5	222	1	1197394197
59	223	1	1196737727
1	224	1	1196774413
37	224	1	1425217613
1	225	1	1196774699
34	225	1	1238833010
34	225	1	1238845315
60	225	1	1310378352
61	225	1	1318767129
1	226	1	1196774764
1	227	1	1196774812
37	227	1	1425217622
1	228	1	1196774900
37	228	1	1425217633
1	229	1	1196775462
1	230	1	1196793538
1	231	1	1196794261
1	232	1	1196794486
1	233	1	1196794734
5	233	1	1197146294
5	233	1	1197146404
5	233	1	1197201016
5	233	1	1197201057
5	233	1	1197201098
58	233	1	1310841589
5	234	1	1197145749
22	234	1	1206951006
22	234	1	1240586251
1	235	1	1197195831
5	236	1	1197203342
5	236	1	1197203477
5	237	1	1197204706
5	237	1	1197204759
5	238	1	1197643556
5	238	1	1197643654
5	238	1	1197643694
5	239	1	1198278040
5	239	1	1198408637
5	239	1	1198408860
5	239	1	1199137909
5	239	1	1199482143
1	239	1	1201199411
1	239	1	1201247619
5	239	1	1203544149
5	239	1	1203544189
5	240	1	1198278246
5	240	1	1198406964
5	240	1	1198408365
5	240	1	1198408401
5	240	1	1198408449
5	240	1	1199138006
1	240	1	1201199567
5	241	1	1198278519
1	241	1	1201199479
1	241	1	1201247326
5	242	1	1198402240
1	242	1	1201247208
5	242	1	1231428825
5	243	1	1198402628
5	243	1	1198406162
5	243	1	1198406347
1	243	1	1201247251
5	243	1	1201362900
5	244	1	1198450172
5	244	1	1198451365
5	244	1	1199138139
5	244	1	1199138219
1	244	1	1201247390
5	244	1	1203544361
5	245	1	1198508882
5	245	1	1198509061
5	245	1	1198509191
5	245	1	1198576155
5	245	1	1198576486
5	245	1	1198576555
5	245	1	1198577060
5	245	1	1198577752
5	245	1	1198577877
5	245	1	1198596386
5	245	1	1198596400
5	246	1	1198578116
5	247	1	1198597226
5	247	1	1199137821
5	247	1	1199483022
1	247	1	1201199550
5	248	1	1198597759
5	248	1	1198597842
1	248	1	1201247374
5	248	1	1213106664
5	248	1	1213106686
5	248	1	1220593464
5	249	1	1198598787
5	249	1	1199137576
5	249	1	1199137754
1	251	1	1198859505
1	252	1	1198859541
39	252	1	1198882993
39	252	1	1233095679
39	253	1	1198882736
62	254	1	1199401473
5	255	1	1199482643
5	255	1	1199482735
5	255	1	1199482772
1	255	1	1201247578
5	255	1	1231428576
5	255	1	1231428751
5	256	1	1199483571
5	256	1	1199483626
5	256	1	1199483800
5	256	1	1200085168
5	256	1	1200085279
5	256	1	1200441305
5	256	1	1200441334
5	256	1	1201043072
5	256	1	1201043613
1	256	1	1201199231
5	256	1	1201363720
5	256	1	1203544293
5	256	1	1231429079
5	257	1	1199484032
5	257	1	1199484887
5	257	1	1200084105
5	258	1	1199639848
45	258	1	1199735287
5	258	1	1200439379
1	259	1	1199949584
1	260	1	1199949655
45	262	1	1200772399
45	262	1	1200772583
45	262	1	1200772794
45	262	1	1200772875
45	262	1	1200773151
45	262	1	1200773198
45	262	1	1205323435
45	262	1	1205342562
63	263	1	1200963049
63	264	1	1200963056
5	264	1	1201042996
1	264	1	1201200253
5	265	1	1201043081
5	265	1	1201354996
1	266	1	1201199278
34	266	1	1238801322
34	266	1	1258472465
1	267	1	1201199324
1	268	1	1201199456
37	268	1	1425217614
1	269	1	1201199886
34	269	1	1238801372
34	269	1	1238840070
34	269	1	1363423875
37	269	1	1424962698
1	270	1	1201199979
1	271	1	1201200139
1	272	1	1201200156
43	272	1	1212802449
1	273	1	1201200171
1	274	1	1201200187
41	274	1	1285021384
1	275	1	1201200199
26	275	1	1429230028
1	276	1	1201200212
1	277	1	1201200224
1	278	1	1201200269
1	279	1	1201247297
1	280	1	1201247590
1	281	1	1201247821
1	282	1	1202567428
5	283	1	1203545911
5	283	1	1203545938
5	283	1	1203545953
5	283	1	1222424953
1	284	1	1203978139
1	285	1	1203978125
1	286	1	1203978175
1	287	1	1203978186
1	288	1	1203978209
1	289	1	1203978225
1	290	1	1203978260
1	291	1	1203978278
1	292	1	1204359293
45	293	1	1205272189
45	293	1	1205272246
45	293	1	1205323317
45	293	1	1205346656
64	294	1	1205506347
65	294	1	1314708796
66	294	1	1338933669
67	294	1	1360213953
68	294	1	1361327554
64	294	1	1362611750
68	294	1	1363638858
8	294	1	1364003322
6	294	1	1364311207
8	294	1	1366051139
9	294	1	1367531872
7	294	1	1372210384
64	295	1	1205506874
66	295	1	1205512307
66	295	1	1205972412
66	295	1	1206292296
66	295	1	1206296464
66	295	1	1206613741
65	295	1	1314708796
66	295	1	1338933667
66	295	1	1338934480
64	296	1	1205509170
66	296	1	1205510701
66	296	1	1206289044
66	296	1	1206615986
69	296	1	1218799418
66	296	1	1338913515
66	296	1	1338914718
66	297	1	1205513752
69	297	1	1218799418
66	297	1	1317843432
66	297	1	1338913519
64	298	1	1205518470
70	298	1	1352078603
71	298	1	1352771552
72	298	1	1353552635
8	298	1	1354613591
7	298	1	1355278904
9	298	1	1356303325
73	298	1	1358566089
68	298	1	1358818960
68	298	1	1358819003
67	298	1	1367805941
74	298	1	1371284166
75	298	1	1379300442
65	298	1	1379573513
75	298	1	1379902790
20	298	1	1380079080
75	298	1	1381981226
64	299	1	1205549292
1	300	1	1205663270
66	301	1	1206074269
69	301	1	1218799418
76	302	1	1206203324
76	303	1	1206203345
77	304	1	1206629150
1	305	1	1207063836
76	305	1	1208708849
1	306	1	1207063877
77	306	1	1305054966
45	307	1	1208027621
5	307	1	1213101695
5	307	1	1213101798
5	307	1	1213101829
1	308	1	1208535166
78	309	1	1211981498
79	310	1	1212275015
43	311	1	1212802540
5	312	1	1213102304
5	312	1	1213102339
5	312	1	1213102348
5	313	1	1213626585
5	313	1	1213626819
5	313	1	1213627037
80	313	1	1364598874
81	314	1	1213745112
81	314	1	1213799318
81	314	1	1293351492
81	314	1	1372515976
81	315	1	1214153236
69	316	1	1218799418
69	317	1	1218799418
69	318	1	1218799418
66	318	1	1313701590
66	318	1	1317843466
82	319	1	1219865590
29	319	1	1225530322
63	320	1	1221622208
29	320	1	1225430755
1	321	1	1222023132
1	322	1	1224677289
1	323	1	1224677308
29	324	1	1225170175
29	325	1	1225249094
83	326	1	1225323673
83	327	1	1225327046
29	328	1	1225328654
29	329	1	1225352667
83	330	1	1225382473
83	331	1	1225383645
83	331	1	1226322536
83	332	1	1225401054
83	333	1	1225401127
83	334	1	1225462448
83	334	1	1225574448
83	334	1	1225590799
83	334	1	1225602167
83	334	1	1225659773
83	334	1	1225684793
83	334	1	1225733466
83	334	1	1225778066
83	334	1	1225842066
83	334	1	1225864717
83	334	1	1226016460
83	334	1	1226382560
83	334	1	1226503199
83	334	1	1226948064
83	334	1	1226969050
83	334	1	1227106846
83	334	1	1227881016
83	334	1	1228204175
83	334	1	1229416813
83	334	1	1230234567
83	334	1	1230243242
83	334	1	1230771596
83	334	1	1231591848
83	334	1	1232072188
83	334	1	1232476397
83	334	1	1232485222
83	334	1	1233060823
83	334	1	1233102159
83	334	1	1233127077
83	334	1	1233213452
83	334	1	1233558807
83	334	1	1234454827
83	334	1	1234763519
83	334	1	1234766657
83	334	1	1234953924
83	334	1	1235330512
83	334	1	1235499450
83	334	1	1236130434
83	334	1	1237342082
83	334	1	1238048607
83	334	1	1238721292
83	334	1	1240465552
29	335	1	1225584221
29	336	1	1225678977
29	337	1	1225771065
29	338	1	1225860578
83	339	1	1225935258
83	340	1	1225946737
1	341	1	1225958128
1	341	1	1225958184
1	342	1	1225958232
83	343	1	1225964338
83	343	1	1226313435
83	344	1	1226241320
29	345	1	1226471521
84	346	1	1226496359
29	347	1	1227249854
29	348	1	1227884097
85	349	1	1229796129
29	350	1	1234149676
29	351	1	1234564137
29	352	1	1235275705
29	353	1	1235279946
83	354	1	1237304850
29	355	1	1237616637
34	356	1	1238747815
34	357	1	1238747825
1	358	1	1238747935
1	359	1	1238748266
1	360	1	1238748317
34	360	1	1281886536
34	360	1	1363425422
37	360	1	1424962687
1	361	1	1238748402
35	361	1	1363341006
34	361	1	1363390948
34	361	1	1363435555
34	361	1	1363435635
34	361	1	1363438100
34	361	1	1363441019
86	361	1	1391872810
29	362	1	1239506146
29	363	1	1239579369
29	364	1	1239582762
29	365	1	1240007889
29	366	1	1240015835
29	367	1	1240079212
29	368	1	1240088370
87	369	1	1242924348
88	370	1	1246043060
89	370	1	1444983479
2	370	1	1445474471
88	371	1	1246043068
88	372	1	1246043073
90	373	1	1246819326
26	373	1	1429230028
91	374	1	1247348853
1	375	1	1247394520
19	375	1	1426652560
26	375	1	1429230028
19	375	1	1429245680
1	376	1	1247394535
1	377	1	1247394549
1	377	1	1247394565
92	378	1	1248111052
29	379	1	1251834065
29	380	1	1252735330
29	381	1	1252744219
29	382	1	1252815864
93	383	1	1257185038
94	384	1	1260062324
42	385	1	1262251726
29	386	1	1264237275
29	387	1	1264292119
29	388	1	1264389317
29	389	1	1264467397
29	390	1	1264473369
29	391	1	1264551993
29	392	1	1264720868
29	393	1	1264732171
29	394	1	1264919125
29	395	1	1264921583
29	396	1	1264923270
95	397	1	1265452065
29	398	1	1266706553
29	398	1	1379473372
29	399	1	1266717433
96	400	1	1268601697
71	400	1	1332500871
97	401	1	1270138663
36	402	1	1270201099
36	402	1	1379250955
36	403	1	1270469343
36	403	1	1379250968
36	404	1	1270657119
36	404	1	1379250972
29	405	1	1271126966
98	406	1	1274812857
99	407	1	1276238141
29	408	1	1276992399
29	409	1	1277066119
29	410	1	1277158901
29	411	1	1277167857
29	412	1	1277178795
29	413	1	1277180308
29	414	1	1277247220
29	415	1	1277578928
29	415	1	1289164588
100	415	1	1308762198
100	415	1	1309106878
100	415	1	1322677319
100	415	1	1356645076
100	415	1	1356695936
29	416	1	1280795617
29	417	1	1280799679
101	418	1	1280959934
101	418	1	1281005657
101	419	1	1281096690
29	420	1	1281149053
29	421	1	1281153054
29	422	1	1281154760
29	423	1	1281158171
101	424	1	1281177861
29	424	1	1289163329
100	424	1	1308799903
100	424	1	1309110649
100	424	1	1356645076
29	425	1	1281232562
29	426	1	1281234358
101	427	1	1281258219
102	428	1	1281993602
102	429	1	1281993613
29	430	1	1283020687
103	431	1	1283391460
103	431	1	1284614467
9	431	1	1408317636
29	432	1	1283393073
103	433	1	1283408722
103	434	1	1285792123
104	436	1	1300348499
103	441	1	1286349085
29	442	1	1287261278
29	443	1	1289160110
29	444	1	1289172731
103	445	1	1289953893
103	445	1	1291477248
103	445	1	1295306099
10	445	1	1327612206
105	445	1	1337663042
105	445	1	1342549019
105	445	1	1349131606
105	445	1	1360200956
42	446	1	1290259429
42	446	1	1290259522
42	446	1	1290259571
102	447	1	1293738866
106	448	1	1294090956
29	449	1	1296442394
29	449	1	1333237284
107	449	1	1390292981
29	450	1	1296448522
29	451	1	1296528595
29	452	1	1296616917
29	453	1	1296783700
108	454	1	1297757684
29	455	1	1298435510
29	456	1	1301869672
103	457	1	1302755015
29	458	1	1302977837
102	458	1	1331477489
29	459	1	1302982368
29	460	1	1302994230
29	461	1	1303350777
29	462	1	1305156857
29	462	1	1333910982
109	463	1	1306315221
109	463	1	1314544535
103	464	1	1306446583
103	465	1	1306518758
110	466	1	1307397542
111	466	1	1332356485
100	467	1	1308809891
100	467	1	1308814057
100	468	1	1308813943
112	469	1	1309301407
112	469	1	1331458109
112	469	1	1401150089
112	469	1	1423195009
113	470	1	1309513811
113	471	1	1309526709
100	472	1	1309540198
100	473	1	1309542315
29	474	1	1309570013
29	475	1	1309578762
29	476	1	1309582852
29	477	1	1309622900
29	478	1	1309631815
114	479	1	1313791971
29	480	1	1314241096
29	480	1	1422211740
115	481	1	1314250831
115	481	1	1388777709
65	482	1	1314708796
65	483	1	1314708796
65	484	1	1314709352
65	484	1	1316862756
29	485	1	1315763021
29	486	1	1315767568
29	487	1	1315772024
116	488	1	1316292560
111	489	1	1318461371
117	490	1	1318481438
29	491	1	1318974508
103	492	1	1319840997
103	492	1	1429212130
118	493	1	1319994796
119	493	1	1497569648
120	494	1	1320841204
120	495	1	1320841335
121	496	1	1321040408
122	497	1	1321068825
121	498	1	1321205083
121	499	1	1321205084
121	499	1	1321205239
123	500	1	1321543899
123	500	1	1349177050
123	500	1	1353721755
29	501	1	1321762658
29	502	1	1321848080
29	503	1	1321919175
29	504	1	1321922799
29	504	1	1322092677
29	505	1	1321927038
29	505	1	1322094401
100	506	1	1321999794
29	507	1	1322096575
29	508	1	1322097819
29	509	1	1322099025
124	510	1	1322265291
125	511	1	1322396072
29	511	1	1346639027
29	512	1	1323015268
29	513	1	1323046155
29	514	1	1323049868
111	515	1	1325910763
111	515	1	1325967616
29	516	1	1326049034
103	517	1	1326327578
111	518	1	1328130750
126	519	1	1328448525
126	519	1	1328453386
126	519	1	1328466036
126	520	1	1328448534
126	520	1	1328452414
126	520	1	1328465208
29	521	1	1329069799
29	522	1	1329082546
102	523	1	1329313410
102	524	1	1329728736
111	525	1	1329746055
111	526	1	1329760037
100	527	1	1329832919
100	528	1	1329837286
100	528	1	1356636969
71	529	1	1330329769
29	529	1	1344218973
29	529	1	1344230865
102	530	1	1330632129
102	531	1	1330704606
29	532	1	1332039316
29	533	1	1333243828
29	534	1	1333419117
29	535	1	1333499811
29	535	1	1333582044
29	536	1	1333587066
29	537	1	1333904793
29	538	1	1333906827
111	539	1	1334113569
29	540	1	1334509607
96	541	1	1335651355
29	542	1	1336323214
127	543	1	1338008873
127	543	1	1437046480
127	544	1	1338014126
111	545	1	1338321344
7	546	1	1338438482
7	546	1	1338441462
7	546	1	1342491168
29	547	1	1338649386
29	548	1	1338655716
29	549	1	1338659757
29	550	1	1339378552
29	551	1	1339992837
111	552	1	1340667374
29	553	1	1344111624
128	554	1	1344244771
29	555	1	1344379771
129	556	1	1345348254
130	557	1	1346356743
130	558	1	1346431242
131	558	1	1347097445
131	559	1	1346442676
29	560	1	1346627230
29	561	1	1346632954
29	562	1	1346636979
132	563	1	1348940491
102	564	1	1351192373
102	565	1	1351240837
102	566	1	1351248648
102	567	1	1351248657
123	568	1	1353721773
16	569	1	1354613599
16	570	1	1354743797
29	571	1	1355087785
29	572	1	1355091552
29	573	1	1355105557
29	574	1	1355108918
29	575	1	1355112762
133	576	1	1355256092
134	577	1	1355726994
22	577	1	1491263978
111	578	1	1359582162
111	579	1	1359582260
133	580	1	1359911614
29	581	1	1360030664
11	581	1	1417132138
11	581	1	1487251495
29	582	1	1360034990
111	583	1	1360701701
29	584	1	1361149682
29	585	1	1361155326
111	586	1	1361234678
135	587	1	1363889459
135	588	1	1363889468
111	589	1	1364093827
29	590	1	1364142401
29	591	1	1364146472
29	592	1	1364172914
29	593	1	1364174765
136	593	1	1451502353
137	594	1	1366086944
111	595	1	1367175628
138	596	1	1367354634
136	596	1	1451502328
139	597	1	1369580153
139	597	1	1380375017
29	597	1	1381706556
139	597	1	1384698799
139	597	1	1408420675
29	598	1	1370217449
74	599	1	1371284406
29	600	1	1372733627
29	601	1	1372820726
140	602	1	1376683863
140	603	1	1377991994
36	604	1	1379250522
36	605	1	1379250524
36	605	1	1379250543
29	606	1	1379281062
29	607	1	1379302484
136	607	1	1451505931
29	608	1	1379463777
29	609	1	1379467489
29	610	1	1379560775
29	611	1	1379562466
29	612	1	1379563810
29	613	1	1379897233
29	614	1	1379899014
29	615	1	1380159644
29	616	1	1380163872
29	617	1	1380395946
29	618	1	1380397323
29	619	1	1380400959
141	619	1	1385796249
141	619	1	1388052299
141	619	1	1391248043
29	619	1	1408626485
142	619	1	1411917970
143	619	1	1411919503
29	619	1	1413772549
29	619	1	1438465569
29	620	1	1380407525
141	620	1	1385474217
141	620	1	1386742885
141	620	1	1391655517
141	620	1	1393935312
142	620	1	1411917970
143	620	1	1411919503
29	620	1	1414898080
29	621	1	1381683850
29	622	1	1381700155
139	622	1	1382878722
139	622	1	1382932514
139	623	1	1382861495
144	624	1	1382905476
145	625	1	1383038750
146	626	1	1384646039
147	627	1	1384698927
72	628	1	1384786328
148	629	1	1385383863
149	630	1	1387293474
29	631	1	1390174909
150	631	1	1487202086
29	632	1	1390254161
29	633	1	1390265298
151	634	1	1390300089
152	635	1	1392385235
152	636	1	1392392267
29	637	1	1393563756
29	638	1	1393571024
153	639	1	1393634701
72	640	1	1394757080
154	641	1	1395185196
154	641	1	1395427247
154	641	1	1396578442
155	642	1	1396562932
156	643	1	1396597005
19	644	1	1400531917
9	645	1	1408317636
29	646	1	1409106460
29	647	1	1410622618
157	647	1	1447384084
29	648	1	1410709696
29	649	1	1411003658
157	649	1	1447384234
142	650	1	1411917970
66	650	1	1415696678
29	650	1	1420952269
142	651	1	1411917970
66	651	1	1415696701
29	651	1	1420959007
143	652	1	1411919503
143	653	1	1411919503
158	654	1	1413408127
158	654	1	1447359281
158	654	1	1447793538
29	655	1	1416714191
159	655	1	1472039356
159	655	1	1472133437
29	656	1	1416721307
159	656	1	1472039356
159	656	1	1472133437
11	657	1	1417132138
11	658	1	1417132139
29	659	1	1417321434
160	660	1	1418658872
29	661	1	1421017640
29	662	1	1421111678
29	663	1	1421115658
29	664	1	1421119713
29	664	1	1423374937
129	664	1	1424432119
159	665	1	1422983122
159	665	1	1422986704
159	666	1	1422983122
159	666	1	1422986704
159	667	1	1422986704
159	668	1	1422986704
29	669	1	1423370593
29	670	1	1423377302
129	670	1	1424432120
29	671	1	1423708298
29	672	1	1423940388
161	673	1	1424204445
29	674	1	1424392712
159	674	1	1438202363
129	675	1	1424432119
129	676	1	1424432120
29	677	1	1424582873
159	677	1	1438202360
29	678	1	1424584988
66	678	1	1438455662
29	679	1	1426641938
19	680	1	1426652559
26	680	1	1429230028
19	680	1	1429245680
19	681	1	1426652560
26	681	1	1429230028
19	681	1	1429245680
19	682	1	1426652560
19	683	1	1426652560
19	684	1	1426652560
26	684	1	1429230028
19	684	1	1429245680
19	685	1	1426652560
26	685	1	1429230028
19	685	1	1429245699
103	686	1	1429212131
159	687	1	1438202360
159	688	1	1438202363
162	689	1	1438644989
163	690	1	1442068658
163	690	1	1442089660
89	691	1	1442090412
164	692	1	1442095090
162	693	1	1443816482
162	694	1	1443816483
162	695	1	1443816483
162	696	1	1443816483
162	697	1	1443816483
162	698	1	1443816483
162	699	1	1443816483
136	700	1	1451502329
136	701	1	1451502353
136	702	1	1451505931
136	703	1	1462383624
165	705	1	1463822708
159	706	1	1472133437
159	707	1	1472133438
150	708	1	1487202086
11	709	1	1487251495
119	710	1	1497569648
