1	1	1	1135348098
2	1	1	1157148371
3	2	1	1124795895
3	2	1	1124795897
3	2	1	1155838337
3	2	1	1155838441
3	2	1	1155838608
3	2	1	1155838753
3	2	1	1155838826
3	2	1	1155838852
3	2	1	1155838884
3	2	1	1155838910
3	2	1	1155839041
3	2	1	1155839077
3	2	1	1155839118
3	2	1	1155839168
3	2	1	1155839279
3	2	1	1155839365
3	2	1	1155839898
3	2	1	1155840053
3	2	1	1155840159
3	2	1	1155840688
3	2	1	1155840881
2	2	1	1156102158
2	2	1	1156139111
2	2	1	1156652336
2	2	1	1156701775
2	2	1	1156704189
2	2	1	1156790650
3	2	1	1157128529
3	2	1	1157132780
3	2	1	1157133589
3	2	1	1157134370
3	2	1	1157135040
3	2	1	1157135219
3	2	1	1157140634
2	2	1	1157225361
3	2	1	1157257635
2	2	1	1157307762
2	2	1	1158702371
3	2	1	1160328753
3	2	1	1160329092
3	2	1	1160329392
4	2	1	1211854054
5	2	1	1213950953
3	2	1	1232726069
3	2	1	1232726151
6	2	1	1232967785
6	2	1	1232968505
7	3	1	1125578295
8	4	1	1133625910
8	4	1	1134281908
1	4	1	1134674559
1	4	1	1135572456
2	4	1	1155940523
2	4	1	1156704693
2	4	1	1157072187
2	4	1	1218831878
8	5	1	1133626009
8	6	1	1133626039
9	7	1	1136147672
9	7	1	1442529556
9	8	1	1136147790
3	10	1	1155840341
3	10	1	1155840393
2	10	1	1155944082
2	10	1	1156796306
2	10	1	1156796950
3	11	1	1155840462
3	11	1	1155840591
2	11	1	1156796329
2	11	1	1156797178
3	12	1	1155840789
3	12	1	1155840859
2	12	1	1155944020
2	12	1	1156704099
2	12	1	1156704392
2	12	1	1156797633
10	12	1	1157140990
11	12	1	1251089936
12	12	1	1438599022
2	13	1	1155941201
2	13	1	1157072362
2	13	1	1157148007
2	13	1	1157149076
3	13	1	1157224005
2	13	1	1157304022
2	13	1	1157581714
2	13	1	1157582012
5	13	1	1216110997
5	13	1	1216555782
2	13	1	1218830371
13	13	1	1218847560
2	13	1	1218854459
13	13	1	1218897211
5	13	1	1219210364
2	13	1	1219607241
2	13	1	1246057929
14	13	1	1269500977
15	13	1	1309682245
15	13	1	1319676438
15	13	1	1324472416
15	13	1	1326586187
15	13	1	1329058850
15	13	1	1338598694
15	13	1	1338920255
15	13	1	1340945298
15	13	1	1342728279
15	13	1	1346896539
15	13	1	1347283114
15	13	1	1350356031
15	13	1	1350493154
15	13	1	1357678380
15	13	1	1358608612
15	13	1	1359577473
15	13	1	1363203305
15	13	1	1366778433
15	13	1	1367293024
15	13	1	1367346418
15	13	1	1369082105
15	13	1	1370309545
15	13	1	1371961674
15	13	1	1372940844
16	13	1	1372948024
15	13	1	1374585200
17	13	1	1374597052
15	13	1	1377025510
15	13	1	1379989646
15	13	1	1380911641
15	13	1	1381262862
15	13	1	1383681331
15	13	1	1384816941
18	13	1	1389854815
18	13	1	1392813034
18	13	1	1393020003
18	13	1	1393616658
18	13	1	1394747785
18	13	1	1396307092
18	13	1	1400531926
18	13	1	1400880580
18	13	1	1403214869
18	13	1	1408642520
18	13	1	1408659315
18	13	1	1409676735
18	13	1	1414346695
18	13	1	1415986580
18	13	1	1416593532
18	13	1	1416594937
18	13	1	1419620387
18	13	1	1423161022
18	13	1	1423251670
18	13	1	1424851100
18	13	1	1425249219
18	13	1	1425499365
18	13	1	1426275933
18	13	1	1428682325
18	13	1	1428695309
18	13	1	1429592906
18	13	1	1430711310
18	13	1	1431883695
18	13	1	1431887510
18	13	1	1433533551
18	13	1	1433546569
18	13	1	1434192257
18	13	1	1434202247
18	13	1	1434751296
19	13	1	1434764580
19	13	1	1434764863
18	13	1	1437714474
18	13	1	1437719566
18	13	1	1438386174
18	13	1	1438400954
18	13	1	1439591305
18	13	1	1439597129
18	13	1	1439939333
20	13	1	1439942813
18	13	1	1439943233
18	13	1	1441217559
18	13	1	1441222295
18	13	1	1441399974
18	13	1	1441403960
18	13	1	1441815125
18	13	1	1442936893
18	13	1	1442955671
18	13	1	1442964488
18	13	1	1443459378
18	13	1	1446229068
18	13	1	1447106281
18	13	1	1447152457
18	13	1	1447796542
18	13	1	1448488107
18	13	1	1448980693
18	13	1	1450472289
18	13	1	1451001968
18	13	1	1451958545
18	13	1	1453143976
18	13	1	1456514511
18	13	1	1459439241
18	13	1	1460927288
18	13	1	1466751875
18	13	1	1470765784
18	13	1	1473696516
18	13	1	1475266259
18	13	1	1475717710
18	13	1	1476553779
18	13	1	1479081565
18	13	1	1479082293
18	13	1	1481743912
18	13	1	1487190681
18	13	1	1489088621
18	13	1	1489813773
18	13	1	1491536282
18	13	1	1491932060
18	13	1	1493838867
18	13	1	1494254499
18	13	1	1494612343
18	13	1	1494945886
18	13	1	1494968999
18	13	1	1495573570
2	14	1	1155944020
2	15	1	1155944082
21	15	1	1312034374
2	16	1	1156704314
3	16	1	1163183401
22	16	1	1251083306
11	16	1	1251089913
12	16	1	1438599032
2	17	1	1157070809
2	17	1	1157406094
11	17	1	1251539346
2	18	1	1156705828
2	18	1	1157406000
2	19	1	1156706442
2	19	1	1157070782
2	20	1	1156701355
2	20	1	1156703919
2	20	1	1156704018
2	20	1	1157072959
2	21	1	1156701801
2	21	1	1156790550
2	21	1	1156905085
3	21	1	1157131243
3	21	1	1160329527
2	22	1	1156701873
2	23	1	1156701926
2	25	1	1156789336
2	25	1	1156790465
2	25	1	1156790887
3	25	1	1163183360
23	25	1	1229699990
2	26	1	1156790806
2	26	1	1156791174
2	26	1	1157070891
3	26	1	1163181963
2	27	1	1156793680
2	27	1	1156793787
3	27	1	1163182853
2	28	1	1156793909
2	28	1	1156794742
2	30	1	1156789063
2	31	1	1156789336
2	32	1	1156795969
2	32	1	1157070857
2	33	1	1156790806
2	34	1	1156793788
2	35	1	1156793909
2	36	1	1156795969
21	36	1	1312034414
2	37	1	1156796306
2	38	1	1156796329
2	39	1	1156971187
3	39	1	1163183091
11	39	1	1251127095
11	39	1	1256465702
12	39	1	1438599042
24	39	1	1496808394
2	40	1	1157070952
3	40	1	1157391859
3	40	1	1157392086
2	40	1	1157406338
2	41	1	1156971638
2	42	1	1156973022
2	43	1	1156969258
13	43	1	1218837701
13	43	1	1218847592
2	44	1	1156969360
3	45	1	1157128632
3	45	1	1157128671
3	45	1	1157128767
2	46	1	1157070514
3	46	1	1157128784
3	46	1	1157128821
2	46	1	1157399206
2	46	1	1157600443
3	46	1	1163181774
2	47	1	1157069904
2	47	1	1157600686
2	47	1	1157600712
2	48	1	1157070436
2	48	1	1157600556
2	49	1	1157070633
2	49	1	1157600743
2	49	1	1157600797
2	50	1	1157070333
2	50	1	1157600634
2	51	1	1157070014
2	51	1	1157600712
2	52	1	1157070436
2	52	1	1157600596
2	53	1	1157070782
2	54	1	1157070857
2	55	1	1157071807
3	55	1	1157391824
3	55	1	1157394290
2	55	1	1157408466
2	55	1	1157408502
3	55	1	1184065723
25	55	1	1264307570
2	55	1	1270417260
2	56	1	1157072022
3	56	1	1157128633
2	57	1	1157132238
3	57	1	1163183176
3	57	1	1184267888
2	58	1	1157399945
3	58	1	1162915753
3	58	1	1162916011
3	58	1	1183974535
3	58	1	1197305060
3	59	1	1157128632
3	60	1	1157128633
3	61	1	1157128784
3	62	1	1157128986
3	62	1	1157129134
3	62	1	1157129302
2	62	1	1157144394
3	63	1	1157130237
3	63	1	1169045608
3	63	1	1183479324
3	64	1	1157133922
3	64	1	1157133995
3	65	1	1157134182
2	65	1	1157145510
22	65	1	1251091482
3	66	1	1157134553
3	66	1	1157134608
2	66	1	1157147839
2	68	1	1157145808
2	68	1	1157145883
3	69	1	1157141373
2	69	1	1157146790
3	69	1	1160329441
2	70	1	1157140249
3	71	1	1157140545
3	71	1	1157141419
3	71	1	1160328860
3	71	1	1186607349
3	71	1	1186607414
3	72	1	1157140545
10	73	1	1157140623
10	74	1	1157140649
3	75	1	1157141053
3	75	1	1157141073
3	75	1	1157141316
3	75	1	1157141466
3	75	1	1157141529
2	76	1	1157145808
2	77	1	1157234336
2	77	1	1210875527
4	77	1	1211854431
26	77	1	1468059353
2	78	1	1157304254
2	79	1	1157306753
2	79	1	1158702493
2	79	1	1158702850
27	79	1	1220919428
2	80	1	1157407166
3	80	1	1162916536
3	80	1	1162916697
3	81	1	1157391759
3	81	1	1157391798
3	81	1	1157394434
2	81	1	1157406972
2	81	1	1157407335
2	81	1	1157408669
3	82	1	1157391824
28	82	1	1209182655
3	83	1	1157393947
2	83	1	1157407375
2	83	1	1157408032
3	84	1	1157395022
2	84	1	1157408776
2	84	1	1157410571
2	85	1	1157399142
2	86	1	1157400138
2	87	1	1157405218
2	88	1	1157407375
2	89	1	1157408502
2	90	1	1157408776
2	91	1	1157600556
2	92	1	1157600634
2	93	1	1157600712
2	94	1	1157600712
2	95	1	1157600743
4	96	1	1220142235
27	96	1	1220828839
27	96	1	1220828948
6	96	1	1229679772
6	97	1	1229679885
6	97	1	1246278152
6	98	1	1158761360
3	98	1	1163183129
12	98	1	1438599052
6	99	1	1158761668
3	99	1	1185229330
6	100	1	1158762764
6	100	1	1158921939
6	100	1	1160050371
6	100	1	1160051031
6	100	1	1160051664
29	100	1	1403109756
3	101	1	1160329063
3	102	1	1162915304
3	102	1	1162916868
3	102	1	1163008189
3	102	1	1186608991
3	103	1	1163007959
3	103	1	1163008037
3	104	1	1163008776
3	104	1	1186609008
3	105	1	1172407591
3	106	1	1163180372
3	106	1	1163182512
3	106	1	1163182549
3	107	1	1163181262
3	110	1	1169044978
3	111	1	1169045027
3	112	1	1169045069
3	113	1	1169045175
3	114	1	1169045498
3	115	1	1169045633
3	116	1	1169045657
3	117	1	1169045742
3	118	1	1169045801
3	119	1	1169045889
3	120	1	1169045924
3	121	1	1169045974
3	121	1	1169047352
3	122	1	1169046030
3	122	1	1169046149
3	123	1	1169046085
3	124	1	1169047707
3	125	1	1169047748
6	125	1	1251367304
30	126	1	1183046619
31	126	1	1277172959
31	126	1	1277174652
3	127	1	1183982656
3	127	1	1184065202
3	127	1	1184065262
3	128	1	1185230180
3	130	1	1186607510
3	131	1	1186608676
3	132	1	1186608906
32	133	1	1187985560
32	134	1	1187985606
33	135	1	1188160617
33	135	1	1188300076
33	136	1	1188300107
33	137	1	1188300127
3	138	1	1188693052
3	138	1	1188693290
34	139	1	1190674435
34	139	1	1190674445
34	139	1	1191810809
34	139	1	1192636251
34	140	1	1190674468
33	141	1	1191578551
35	142	1	1191985432
35	143	1	1191985437
31	144	1	1192044955
31	144	1	1319173311
31	144	1	1329450348
31	144	1	1329450772
36	145	1	1193437337
36	145	1	1199557533
37	146	1	1196633098
38	147	1	1198537693
39	148	1	1200946110
39	149	1	1200946117
36	150	1	1205439883
36	150	1	1205441737
36	150	1	1205442855
40	151	1	1206617815
39	152	1	1210647468
31	152	1	1225430493
2	153	1	1210875527
2	153	1	1246058041
41	154	1	1212293632
42	155	1	1212797899
42	156	1	1212797954
43	157	1	1213055312
43	157	1	1217415357
43	157	1	1349138632
43	157	1	1349168853
43	157	1	1350437076
43	157	1	1350437208
44	158	1	1213744401
44	158	1	1213797697
44	158	1	1293351987
44	158	1	1372516387
11	159	1	1213814660
22	159	1	1251089533
11	159	1	1251089783
11	159	1	1252254863
11	159	1	1254431100
11	159	1	1254560433
11	159	1	1254759338
11	159	1	1256243285
11	159	1	1259495682
5	160	1	1213951223
5	160	1	1216554368
5	160	1	1216560876
5	160	1	1216561011
5	160	1	1216565171
5	160	1	1216565913
44	161	1	1214148822
5	162	1	1216556214
5	162	1	1216557226
5	163	1	1216556262
5	164	1	1216556611
5	165	1	1216557286
5	165	1	1217254274
5	166	1	1216557530
4	166	1	1360551829
5	167	1	1216560942
5	168	1	1216561072
5	169	1	1216562834
5	169	1	1216566898
5	169	1	1218148239
5	170	1	1216566875
5	171	1	1216567094
13	172	1	1216584619
13	173	1	1216584630
38	173	1	1224487024
5	174	1	1217780453
31	174	1	1217827307
2	174	1	1218832142
31	174	1	1220573674
2	174	1	1220633226
19	174	1	1434764453
19	174	1	1434764498
5	175	1	1217780658
2	175	1	1218831869
5	176	1	1217781051
5	177	1	1217781109
5	177	1	1217781127
2	177	1	1218830491
2	177	1	1218832161
19	177	1	1434764354
5	178	1	1217782331
5	179	1	1218123303
45	180	1	1218566863
2	181	1	1218830278
2	182	1	1218830649
2	183	1	1218831687
2	184	1	1218831857
2	184	1	1218831916
2	184	1	1246057818
2	185	1	1218831916
31	186	1	1225169685
31	187	1	1225246006
46	188	1	1225312832
46	189	1	1225317955
46	190	1	1225322137
31	191	1	1225327918
31	192	1	1225352243
46	193	1	1225373110
46	193	1	1226320453
46	194	1	1225385538
46	195	1	1225385758
46	196	1	1225456157
46	196	1	1225479429
46	196	1	1225586728
46	196	1	1225599883
46	196	1	1225654110
46	196	1	1225682800
46	196	1	1225727818
46	196	1	1225774935
46	196	1	1225835921
46	196	1	1225861459
46	196	1	1225879819
46	196	1	1226011754
46	196	1	1226379471
46	196	1	1226499628
46	196	1	1226940066
46	196	1	1226947152
46	196	1	1226968566
46	196	1	1227103473
46	196	1	1227877530
46	196	1	1228203535
46	196	1	1229412272
46	196	1	1230227955
46	196	1	1230239880
46	196	1	1230768184
46	196	1	1231586495
46	196	1	1232068808
46	196	1	1232472569
46	196	1	1232480472
46	196	1	1233057367
46	196	1	1233098303
46	196	1	1233123545
46	196	1	1233209838
46	196	1	1233556628
46	196	1	1234450182
46	196	1	1234762970
46	196	1	1234766182
46	196	1	1234949773
46	196	1	1235327623
46	196	1	1235495975
46	196	1	1236128364
46	196	1	1237339885
46	196	1	1238044917
46	196	1	1238717940
46	196	1	1240463104
31	197	1	1225529819
31	198	1	1225583918
31	199	1	1225678741
2	200	1	1225742597
2	201	1	1225742682
2	202	1	1225742817
2	203	1	1225743846
31	204	1	1225770758
31	205	1	1225860263
46	206	1	1225931503
46	207	1	1225944660
46	208	1	1225959902
46	208	1	1226310112
46	209	1	1226231750
31	210	1	1226471298
47	211	1	1226492331
47	212	1	1226504334
31	213	1	1227249641
31	214	1	1227883885
6	215	1	1229679709
6	215	1	1231158411
6	215	1	1232632820
6	215	1	1240322269
4	215	1	1305013334
4	215	1	1390212457
48	216	1	1229787389
6	217	1	1232630670
6	217	1	1232707979
6	218	1	1232707895
6	219	1	1232718505
6	219	1	1232718548
6	220	1	1232718665
49	221	1	1233646199
31	222	1	1234149501
31	223	1	1234563950
50	224	1	1235108303
50	224	1	1235108324
50	224	1	1235108389
50	225	1	1235108414
31	226	1	1235275554
31	227	1	1235279812
46	228	1	1237301311
31	229	1	1237616487
51	230	1	1238746782
51	231	1	1238746792
31	232	1	1239502297
31	233	1	1239579223
31	234	1	1239582626
31	235	1	1240007708
31	236	1	1240015680
31	237	1	1240079052
31	238	1	1240088229
6	239	1	1240321859
6	240	1	1240322092
52	241	1	1242925378
2	242	1	1243008990
2	242	1	1246308514
2	243	1	1243009064
2	243	1	1243009151
39	243	1	1245771926
39	243	1	1245799778
53	244	1	1246042030
2	244	1	1246058109
54	244	1	1413413836
53	245	1	1246042038
2	245	1	1246057516
53	246	1	1246042043
2	246	1	1246057554
2	247	1	1246057477
2	248	1	1246058010
2	249	1	1246058186
55	250	1	1246612219
56	250	1	1429226174
57	251	1	1248106278
22	252	1	1251089439
11	252	1	1252254905
11	252	1	1254432231
11	252	1	1254560545
11	252	1	1254759447
11	252	1	1256243045
11	252	1	1259495922
11	252	1	1275654684
22	253	1	1251091439
6	254	1	1251367548
58	255	1	1251709593
2	255	1	1251737159
31	256	1	1251833145
31	257	1	1252735157
31	258	1	1252742655
31	259	1	1252815702
59	260	1	1257188091
60	261	1	1259889475
31	262	1	1264237196
31	263	1	1264292045
40	264	1	1264349448
31	265	1	1264389223
31	266	1	1264467298
31	267	1	1264473301
31	268	1	1264551915
31	269	1	1264720799
31	270	1	1264732041
31	271	1	1264919065
31	272	1	1264921519
31	273	1	1264923209
31	274	1	1266706492
31	274	1	1379473315
31	275	1	1266717369
61	276	1	1268601145
62	277	1	1270200426
62	277	1	1379162573
62	278	1	1270468580
62	278	1	1379162576
62	279	1	1270656641
62	279	1	1379162580
63	280	1	1270934448
31	281	1	1271126907
64	282	1	1274812903
65	283	1	1276238038
31	284	1	1276992351
31	285	1	1277066063
31	286	1	1277158846
31	287	1	1277167799
31	288	1	1277178748
31	289	1	1277180259
31	290	1	1277247161
31	291	1	1277578868
31	291	1	1289164523
66	291	1	1308759521
66	291	1	1309106257
66	291	1	1322675159
66	291	1	1356642905
66	291	1	1356693711
31	292	1	1280795547
31	293	1	1280799623
67	294	1	1280959874
67	294	1	1281005569
67	295	1	1281096617
31	296	1	1281148985
31	297	1	1281152998
31	298	1	1281154705
31	299	1	1281158106
67	300	1	1281177765
31	300	1	1289163250
66	300	1	1308798945
66	300	1	1309110028
66	300	1	1356642890
31	301	1	1281232505
31	302	1	1281234305
67	303	1	1281258168
68	304	1	1281993278
68	305	1	1281993289
69	306	1	1282093053
70	306	1	1422983245
69	307	1	1282093063
70	307	1	1422983246
31	308	1	1283020637
31	309	1	1283393003
71	310	1	1283396676
71	310	1	1284614263
72	310	1	1408317608
71	311	1	1283413825
73	312	1	1285020610
71	313	1	1285791332
71	313	1	1285791931
71	314	1	1286348892
31	315	1	1287261235
31	316	1	1289160031
31	317	1	1289172641
71	318	1	1289953779
71	318	1	1291477056
71	318	1	1295305907
74	318	1	1327429540
75	318	1	1337663179
75	318	1	1342549168
75	318	1	1349131719
75	318	1	1360201050
68	319	1	1293738698
76	320	1	1294089973
31	321	1	1296442348
31	321	1	1333237168
77	321	1	1390289753
77	321	1	1390291582
31	322	1	1296448483
31	323	1	1296528542
31	324	1	1296616854
31	325	1	1296783636
78	326	1	1297756824
31	327	1	1298435463
79	328	1	1299509034
31	329	1	1301869619
71	330	1	1302754823
31	331	1	1302977781
68	331	1	1331473031
31	332	1	1302982318
31	333	1	1302994182
31	334	1	1303350712
31	335	1	1305156804
31	335	1	1333910902
80	336	1	1306238925
80	336	1	1314533080
71	337	1	1306446409
71	338	1	1306518584
81	339	1	1307396737
82	339	1	1332352624
83	340	1	1308097064
66	341	1	1308809032
66	341	1	1308812916
66	342	1	1308812755
84	343	1	1309301251
84	343	1	1331454840
84	343	1	1401149215
84	343	1	1423194157
85	344	1	1309512876
85	345	1	1309526477
66	346	1	1309539681
66	347	1	1309541830
31	348	1	1309569947
31	349	1	1309578706
31	350	1	1309582787
31	351	1	1309622851
31	352	1	1309631766
86	354	1	1313792319
31	355	1	1314241032
31	355	1	1422211651
31	356	1	1315762952
31	357	1	1315767504
31	358	1	1315771968
87	359	1	1316291396
82	360	1	1318456704
88	361	1	1318481048
31	362	1	1318973496
71	363	1	1319840899
71	363	1	1429211997
89	364	1	1319990895
90	364	1	1497568358
91	365	1	1320839795
91	366	1	1320839984
92	367	1	1321040347
93	368	1	1321068976
92	369	1	1321204994
92	370	1	1321204995
92	370	1	1321205195
31	371	1	1321762587
31	372	1	1321848024
31	373	1	1321919121
31	374	1	1321922751
31	374	1	1322092608
31	375	1	1321926984
31	375	1	1322094343
66	376	1	1321987125
66	377	1	1321992903
66	378	1	1322030651
31	379	1	1322096519
31	380	1	1322097773
31	381	1	1322098975
94	382	1	1322263295
95	383	1	1322392446
31	383	1	1346638964
31	384	1	1323015196
31	385	1	1323046102
31	386	1	1323049815
82	387	1	1325894338
82	387	1	1325965545
71	388	1	1326327391
82	389	1	1328128310
31	390	1	1329069734
68	391	1	1329727949
82	392	1	1329744022
82	393	1	1329750009
74	393	1	1329753255
66	394	1	1329830905
66	395	1	1329835243
66	395	1	1356634668
61	396	1	1330559694
68	397	1	1330622368
68	398	1	1330703016
31	399	1	1332039252
31	400	1	1333243772
31	401	1	1333419059
31	402	1	1333499752
31	402	1	1333581976
31	403	1	1333587012
31	404	1	1333904707
31	405	1	1333906742
82	406	1	1334111477
31	407	1	1334509544
31	408	1	1336323160
96	409	1	1338008970
96	410	1	1338014336
82	411	1	1338318870
97	412	1	1338438743
97	412	1	1338441708
97	412	1	1342491476
31	413	1	1338649321
31	414	1	1338655658
31	415	1	1338659656
98	416	1	1338913149
98	416	1	1338914684
98	417	1	1338913150
98	418	1	1338933433
98	418	1	1338934457
98	419	1	1338933434
31	420	1	1339378374
31	421	1	1339992782
82	422	1	1340665215
99	423	1	1341140142
31	424	1	1341259087
31	424	1	1344109910
100	425	1	1342274786
31	425	1	1344218909
31	425	1	1344226150
31	426	1	1344111572
101	427	1	1344244879
31	428	1	1344379712
102	429	1	1346356415
102	430	1	1346430911
103	430	1	1347097846
103	431	1	1346442359
31	432	1	1346627163
31	433	1	1346632904
31	434	1	1346636924
104	435	1	1348937113
43	436	1	1350437147
43	436	1	1350437226
68	437	1	1351191379
68	438	1	1351240080
68	439	1	1351245356
68	440	1	1351245367
105	441	1	1351433776
15	442	1	1354613009
15	443	1	1354743499
31	444	1	1355087711
31	445	1	1355091501
31	446	1	1355108884
31	447	1	1355112711
106	448	1	1355254971
107	449	1	1355725684
4	449	1	1491263556
82	450	1	1359579885
82	451	1	1359580018
106	452	1	1359910322
31	453	1	1360030592
108	453	1	1417131908
108	453	1	1487248320
31	454	1	1360034931
31	455	1	1361149618
31	456	1	1361155267
82	457	1	1361232426
109	458	1	1363800827
109	459	1	1363800834
82	460	1	1364091663
31	461	1	1364142334
31	462	1	1364146416
31	463	1	1364172857
31	464	1	1364174706
110	464	1	1451502300
111	465	1	1365253016
112	466	1	1366079913
82	467	1	1367173329
113	468	1	1367353786
110	468	1	1451505874
114	469	1	1368719535
115	470	1	1369404189
115	470	1	1376487466
31	470	1	1381706505
115	470	1	1384697904
115	470	1	1408419672
31	471	1	1370217376
31	472	1	1372733561
31	473	1	1372820667
115	474	1	1374386194
115	474	1	1382846858
115	474	1	1382860693
116	475	1	1374867731
31	475	1	1381682326
117	476	1	1375898012
118	477	1	1376681680
118	478	1	1377991587
119	479	1	1378035216
115	480	1	1378219922
115	480	1	1382877919
115	480	1	1382931838
62	481	1	1379162156
62	482	1	1379162158
31	483	1	1379281005
31	484	1	1379302435
110	484	1	1451505873
31	485	1	1379463720
31	486	1	1379467436
31	487	1	1379560728
31	488	1	1379562424
31	489	1	1379563769
31	490	1	1379897178
31	491	1	1379898971
31	492	1	1380159596
31	493	1	1380163826
31	494	1	1380395899
31	495	1	1380397277
31	496	1	1380400916
120	496	1	1385795620
120	496	1	1388051571
120	496	1	1391246948
31	496	1	1408626434
121	496	1	1411917955
122	496	1	1411919410
31	496	1	1413772405
31	496	1	1438465511
31	497	1	1380407484
120	497	1	1385473488
120	497	1	1386742247
120	497	1	1391654550
120	497	1	1393934615
121	497	1	1411917955
122	497	1	1411919410
31	497	1	1414897927
31	498	1	1381683797
31	499	1	1381723265
70	499	1	1450286790
123	500	1	1382942030
124	500	1	1383002097
125	501	1	1383338041
126	502	1	1384698514
124	503	1	1384786014
127	504	1	1385383552
128	505	1	1387293242
31	506	1	1390174843
129	506	1	1487199420
31	507	1	1390254115
31	508	1	1390265252
130	509	1	1390299702
131	510	1	1392387956
131	511	1	1392393523
31	512	1	1393563702
31	513	1	1393570983
132	514	1	1394755089
133	515	1	1395184165
133	515	1	1395426333
133	515	1	1396577290
134	516	1	1396562611
135	517	1	1396596660
136	518	1	1396957350
18	519	1	1400531926
72	520	1	1408317608
31	521	1	1409106286
31	522	1	1410622501
137	522	1	1447384142
31	523	1	1410709576
31	524	1	1411003530
137	524	1	1447384168
121	525	1	1411917955
98	525	1	1415695699
31	525	1	1420952141
121	526	1	1411917956
98	526	1	1415695709
31	526	1	1420958876
122	527	1	1411919410
122	528	1	1411919411
54	529	1	1413409971
54	529	1	1447325954
54	529	1	1447612679
54	530	1	1413413865
138	530	1	1444956754
9	530	1	1445547705
31	531	1	1416714048
70	531	1	1472037100
70	531	1	1472125364
31	532	1	1416721164
70	532	1	1472037100
70	532	1	1472125365
108	533	1	1417131908
108	534	1	1417131909
31	535	1	1417321179
139	536	1	1417981167
140	537	1	1418634308
140	537	1	1418635211
31	538	1	1421017426
31	539	1	1421111556
31	540	1	1421115547
31	541	1	1421119599
31	541	1	1423374863
99	541	1	1424432231
70	542	1	1422983245
70	543	1	1422983246
31	544	1	1423370527
31	545	1	1423377230
99	545	1	1424432231
31	546	1	1423708208
31	547	1	1423940301
31	548	1	1424392604
70	548	1	1438202271
99	549	1	1424432231
99	550	1	1424432231
31	551	1	1424582766
70	551	1	1438202208
31	552	1	1424584888
98	552	1	1438438974
31	553	1	1426641795
18	554	1	1426642949
56	554	1	1429226175
18	554	1	1429245572
18	555	1	1426642949
56	555	1	1429226175
18	555	1	1429245573
18	556	1	1426642949
18	557	1	1426642949
18	558	1	1426642949
56	558	1	1429226175
18	558	1	1429245573
18	559	1	1426642949
56	559	1	1429226175
18	559	1	1429245573
18	560	1	1426642950
56	560	1	1429226175
18	560	1	1429245573
18	561	1	1426642950
56	561	1	1429226175
18	561	1	1429245573
71	562	1	1429211997
141	563	1	1433717955
70	564	1	1438202209
70	565	1	1438202271
142	566	1	1438644743
143	567	1	1442288946
144	568	1	1442289183
144	568	1	1442329830
138	569	1	1442289376
138	569	1	1442344985
142	570	1	1443815958
142	571	1	1443815958
142	572	1	1443815958
142	573	1	1443815959
142	574	1	1443815959
142	575	1	1443815959
142	576	1	1443815959
70	577	1	1450286790
70	578	1	1450290317
110	579	1	1451502300
110	580	1	1451505873
110	581	1	1451505874
110	582	1	1462387260
145	583	1	1463820415
70	584	1	1472125364
70	585	1	1472125365
146	586	1	1481822554
129	587	1	1487199420
108	588	1	1487248320
147	591	1	1489482332
90	592	1	1497568358
