1	1	1	1098699203
1	1	1	1098699247
1	1	1	1102510208
1	1	1	1102511616
1	1	1	1102513091
1	1	1	1102513659
1	1	1	1102513788
1	1	1	1102513892
1	1	1	1102514076
1	1	1	1102514195
1	1	1	1102518874
1	1	1	1102519566
1	1	1	1105880112
1	1	1	1105880277
1	1	1	1105880517
1	1	1	1105880596
1	1	1	1105880692
1	1	1	1105880872
1	1	1	1105880954
1	1	1	1105881046
1	1	1	1105881154
1	1	1	1106069832
1	1	1	1106069911
1	1	1	1106069991
1	1	1	1106070102
1	1	1	1106070180
1	1	1	1106225396
1	1	1	1106225535
1	1	1	1106581309
2	1	1	1107024254
1	1	1	1107058709
1	1	1	1108302529
1	1	1	1108302807
1	1	1	1108303547
3	1	1	1112092944
1	1	1	1119793037
4	1	1	1135349986
4	1	1	1136770810
5	1	1	1137913128
6	1	1	1138955240
5	1	1	1145681338
5	1	1	1146998711
7	1	1	1147586517
5	1	1	1148087424
8	1	1	1150026912
5	1	1	1150966945
5	1	1	1153378426
5	1	1	1153557493
9	1	1	1154324848
10	1	1	1168680872
10	1	1	1169045718
10	1	1	1169199304
10	1	1	1169281164
10	1	1	1169289186
10	1	1	1170005363
11	1	1	1198573639
11	1	1	1198573701
10	1	1	1412868672
10	1	1	1414339834
1	2	1	1098697764
1	2	1	1098698132
1	2	1	1098968691
11	2	1	1210418352
11	2	1	1210419040
11	2	1	1210419822
11	2	1	1210419898
12	2	1	1219400308
12	2	1	1219400601
12	2	1	1219400758
10	2	1	1329209036
13	2	1	1330452231
10	2	1	1398096722
1	3	1	1098972244
1	3	1	1100624063
1	3	1	1100624103
14	3	1	1196437842
11	3	1	1210418803
10	3	1	1219509971
10	3	1	1329208953
10	3	1	1397874206
1	4	1	1098698762
1	4	1	1098859542
1	4	1	1098872919
1	4	1	1098873057
1	4	1	1098873167
1	4	1	1098874317
1	4	1	1098968781
1	4	1	1098969351
1	4	1	1098969718
10	4	1	1397737579
10	4	1	1397873735
1	5	1	1098873230
1	5	1	1098969987
10	5	1	1329209291
15	5	1	1369000751
10	5	1	1397873896
1	6	1	1098873331
10	6	1	1397738133
10	6	1	1397873839
1	7	1	1098873395
10	7	1	1397738306
10	7	1	1397873813
1	8	1	1098873444
1	8	1	1098969441
10	8	1	1329209303
10	8	1	1397873796
1	9	1	1098873657
1	9	1	1098970359
10	9	1	1397738129
10	9	1	1397873830
16	9	1	1441444410
17	9	1	1459623278
1	10	1	1098873857
1	10	1	1098970413
10	10	1	1329209316
10	10	1	1397873750
1	11	1	1098873890
1	11	1	1098970479
10	11	1	1329209283
10	11	1	1397873910
1	12	1	1098873924
1	12	1	1098970528
10	12	1	1329209221
10	12	1	1397873822
1	13	1	1098874052
1	13	1	1098970574
10	13	1	1397737840
10	13	1	1397873803
1	14	1	1098874085
1	14	1	1098970620
10	14	1	1397738163
10	14	1	1397873888
1	15	1	1098874446
11	15	1	1210418265
10	15	1	1329208699
10	15	1	1397721825
10	15	1	1397873742
1	16	1	1098968826
1	16	1	1098970206
10	16	1	1397738059
10	16	1	1397874067
1	17	1	1098969414
1	17	1	1098970098
10	17	1	1397737879
10	17	1	1397873790
1	18	1	1098969468
1	18	1	1098970145
10	18	1	1397738188
10	18	1	1397873905
1	19	1	1098969523
1	19	1	1098970285
10	19	1	1397738050
10	19	1	1397874075
1	20	1	1098969557
10	20	1	1329209310
10	20	1	1397873783
1	21	1	1098969601
10	21	1	1329209299
10	21	1	1397873848
1	22	1	1098969763
10	22	1	1397738032
10	22	1	1397874081
1	23	1	1098969785
10	23	1	1397738193
10	23	1	1397874060
1	24	1	1098969808
1	24	1	1098970734
10	24	1	1397737625
10	24	1	1397874053
1	25	1	1100624289
1	25	1	1100624324
1	25	1	1100624870
1	25	1	1100951126
1	25	1	1105723341
1	25	1	1105899644
1	25	1	1105899873
1	25	1	1106458729
1	25	1	1106458953
14	25	1	1185083316
11	25	1	1210418806
10	25	1	1219510021
18	25	1	1329245308
10	25	1	1397874186
1	26	1	1106459105
1	26	1	1107087296
1	26	1	1108296293
1	26	1	1108296445
11	26	1	1210418821
10	26	1	1219510073
18	26	1	1329245316
10	26	1	1397874174
1	27	1	1102519101
1	27	1	1102519101
1	27	1	1102519439
1	27	1	1102520405
1	27	1	1102520914
1	27	1	1102521654
19	27	1	1173822513
19	27	1	1173822912
19	27	1	1173823149
19	27	1	1173823280
11	27	1	1210417808
20	27	1	1262122579
10	27	1	1397831488
10	27	1	1397875043
18	28	1	1329244988
10	28	1	1397874396
5	29	1	1147614853
5	29	1	1147618478
21	29	1	1242359285
22	29	1	1250875419
10	29	1	1304020053
10	29	1	1304020091
18	29	1	1329245255
23	29	1	1339672708
24	29	1	1340185739
25	29	1	1357310744
26	29	1	1359292419
10	29	1	1397873511
27	30	1	1103616211
27	30	1	1119698133
28	30	1	1135632676
29	30	1	1169663075
1	31	1	1108299914
1	32	1	1110114681
1	32	1	1110708021
11	32	1	1210418824
10	32	1	1329208773
10	32	1	1397874168
1	33	1	1119791032
1	33	1	1119791118
11	33	1	1210418902
18	33	1	1329245049
10	33	1	1397874215
1	34	1	1119169843
11	34	1	1210418904
18	34	1	1329245041
10	34	1	1397874263
1	35	1	1119170143
1	35	1	1119790722
11	35	1	1210418910
18	35	1	1329245323
13	35	1	1331141764
10	35	1	1397736201
11	36	1	1210418907
18	36	1	1329245279
10	36	1	1397874269
11	37	1	1210418913
10	37	1	1329208946
10	37	1	1397874192
11	38	1	1210418916
30	39	1	1164509155
31	39	1	1299083078
32	39	1	1335783146
10	39	1	1397830065
10	39	1	1397875020
10	40	1	1397829899
10	40	1	1397874536
10	41	1	1397829935
10	41	1	1397874513
10	42	1	1397829969
10	42	1	1397874449
18	43	1	1329245552
10	43	1	1397874436
18	44	1	1329245527
10	44	1	1397874539
10	45	1	1397829860
10	45	1	1397875000
18	46	1	1329245507
10	46	1	1397875007
18	47	1	1329244981
10	47	1	1397874423
18	48	1	1329245535
10	48	1	1397874519
18	49	1	1329244966
10	49	1	1397874506
10	50	1	1397829684
10	50	1	1397874409
18	51	1	1329244951
10	51	1	1397874546
18	52	1	1329245543
10	52	1	1397874502
18	53	1	1329244975
10	53	1	1397874442
18	54	1	1329244958
10	54	1	1397874525
18	55	1	1329244941
10	55	1	1397875016
18	56	1	1329245560
10	56	1	1397874416
10	57	1	1397829999
10	57	1	1397874431
10	58	1	1397829817
10	58	1	1397874495
18	59	1	1329245516
10	59	1	1397874983
10	60	1	1397830403
10	60	1	1397874094
33	61	1	1185564477
33	61	1	1185564704
14	61	1	1196437483
18	61	1	1329245270
10	61	1	1397873478
11	62	1	1210418918
10	62	1	1329208764
13	62	1	1331141676
13	62	1	1331142044
10	62	1	1397736208
5	63	1	1145182530
11	63	1	1210418921
18	63	1	1329245287
10	63	1	1397874222
11	64	1	1210418973
10	64	1	1329208806
10	64	1	1397874180
11	65	1	1210418975
11	66	1	1210418978
18	66	1	1329245297
10	66	1	1397874200
11	67	1	1210418980
10	67	1	1329209000
10	67	1	1397874286
11	68	1	1210418982
10	68	1	1329208994
10	68	1	1397874257
11	69	1	1210418985
10	69	1	1329209037
13	69	1	1331141740
10	69	1	1397736163
34	70	1	1133658933
4	70	1	1134679672
35	70	1	1413978962
34	71	1	1133659179
34	72	1	1133659198
10	72	1	1188323511
36	72	1	1336234300
18	73	1	1329245780
10	73	1	1397873634
5	74	1	1137917876
10	74	1	1329209349
10	74	1	1397873714
5	75	1	1137915199
18	75	1	1329245764
10	75	1	1397873721
5	76	1	1137915297
10	76	1	1329209183
10	76	1	1397873518
5	77	1	1137915387
18	77	1	1329245797
10	77	1	1397873582
5	78	1	1137915510
18	78	1	1329245247
10	78	1	1397873592
5	79	1	1137915615
37	79	1	1195551045
10	79	1	1329209368
10	79	1	1397873599
5	80	1	1137915773
18	80	1	1329245789
10	80	1	1397873606
5	81	1	1137915949
18	81	1	1329245240
10	81	1	1397873614
5	82	1	1137916076
10	82	1	1329209364
10	82	1	1397873622
18	83	1	1329245230
10	83	1	1397873641
5	84	1	1137916312
10	84	1	1329209354
10	84	1	1397873694
5	85	1	1137916418
18	85	1	1329245773
10	85	1	1397873701
5	86	1	1137916869
18	86	1	1329245222
10	86	1	1397873707
5	87	1	1137917281
18	87	1	1329245213
10	87	1	1397873729
24	89	1	1379081285
10	89	1	1397722121
10	89	1	1397873470
28	90	1	1135627767
10	91	1	1397725566
10	91	1	1397725585
10	92	1	1169207021
10	92	1	1329207469
10	92	1	1329207481
10	92	1	1329207498
10	92	1	1329207614
18	92	1	1329245804
10	92	1	1329963959
10	92	1	1397725537
10	92	1	1487144820
10	92	1	1487145172
4	93	1	1136528783
4	93	1	1137571709
9	93	1	1154324848
38	93	1	1205518500
39	93	1	1312608404
13	93	1	1344278210
4	94	1	1136528804
4	94	1	1137571697
5	95	1	1137408726
4	95	1	1137571732
12	95	1	1219399457
40	97	1	1136899420
40	98	1	1136900095
40	99	1	1136900393
36	99	1	1336234158
40	99	1	1443375202
18	100	1	1329245837
10	100	1	1397873494
11	101	1	1210418921
7	102	1	1147599075
7	102	1	1147599334
7	102	1	1147599508
7	102	1	1147599540
7	102	1	1147599671
7	102	1	1147668168
7	102	1	1147668427
7	102	1	1147669015
10	102	1	1309005778
18	102	1	1329244771
10	102	1	1397875755
8	103	1	1150027408
10	103	1	1329209325
10	103	1	1397875558
8	104	1	1150030284
18	104	1	1329244733
10	104	1	1397875741
8	105	1	1150032005
18	105	1	1329244742
10	105	1	1397875631
8	106	1	1150121014
18	106	1	1329244751
10	106	1	1397875612
8	107	1	1150122086
10	107	1	1397831061
10	107	1	1397875587
8	108	1	1150122419
10	108	1	1397781157
10	108	1	1397875652
8	109	1	1150122988
10	109	1	1397781065
10	109	1	1397875686
8	110	1	1150123379
18	110	1	1329245441
10	110	1	1397875692
8	111	1	1150123709
18	111	1	1329244758
10	111	1	1397875579
8	112	1	1150124123
10	112	1	1397781327
10	112	1	1397875638
8	113	1	1150124467
8	113	1	1150124610
18	113	1	1329245469
10	113	1	1397781377
10	113	1	1397875625
8	114	1	1150125101
10	114	1	1397830883
10	114	1	1397875565
8	115	1	1150125345
18	115	1	1329245449
10	115	1	1397875660
8	116	1	1150279454
10	116	1	1397781357
10	116	1	1397875619
8	117	1	1150279861
18	117	1	1329245477
10	117	1	1397875606
8	118	1	1150280151
18	118	1	1329245456
10	118	1	1397875644
8	119	1	1150280449
18	119	1	1329244715
10	119	1	1397875698
8	120	1	1150280774
18	120	1	1329244723
10	120	1	1397875680
8	121	1	1150281502
18	121	1	1329245490
10	121	1	1397875571
9	122	1	1154324848
9	123	1	1154324848
41	124	1	1253170988
42	124	1	1314985990
10	124	1	1397830568
10	124	1	1397875032
43	126	1	1168234970
10	127	1	1168680685
10	127	1	1169281559
10	128	1	1169045930
10	128	1	1169046099
10	128	1	1169046306
10	128	1	1169046527
10	128	1	1169046848
10	128	1	1169046978
10	128	1	1169050091
18	128	1	1329244868
10	128	1	1397875092
10	129	1	1169047068
10	130	1	1169047232
18	130	1	1329244835
10	130	1	1397875537
10	131	1	1169047321
10	132	1	1169047420
10	133	1	1169047555
10	134	1	1169048268
10	135	1	1169048408
10	135	1	1169401989
10	135	1	1169402127
10	135	1	1169402492
10	136	1	1169182812
10	136	1	1169186001
10	136	1	1169192726
10	136	1	1169194106
10	136	1	1169197025
10	136	1	1169197358
10	136	1	1169200648
10	136	1	1169278034
10	136	1	1169278343
10	136	1	1169278539
10	137	1	1169183645
10	137	1	1169186662
10	137	1	1169186704
10	137	1	1169187082
10	137	1	1169187379
10	137	1	1169282391
10	137	1	1169291741
10	137	1	1188320453
11	137	1	1198327074
10	137	1	1249279584
10	137	1	1270146014
44	137	1	1272125682
10	137	1	1323559344
10	137	1	1329205606
10	137	1	1329282041
10	137	1	1329282416
10	137	1	1329304165
10	137	1	1361518565
10	137	1	1388035214
10	137	1	1397905530
10	137	1	1397905696
10	137	1	1406367988
10	138	1	1169184018
10	138	1	1169184121
10	138	1	1169184661
10	138	1	1169293528
10	138	1	1169293666
10	138	1	1226588104
10	138	1	1226588442
10	138	1	1226589160
10	138	1	1226589451
10	138	1	1270146318
10	139	1	1169184579
10	139	1	1169281371
10	140	1	1169185249
10	140	1	1169282343
10	141	1	1169187533
10	141	1	1169187814
10	142	1	1169192257
10	142	1	1169281609
10	143	1	1169193664
10	143	1	1169281660
10	144	1	1169195390
10	144	1	1169196176
10	144	1	1169196282
10	144	1	1170005116
10	144	1	1170005219
10	145	1	1169196433
10	145	1	1170479246
10	146	1	1169196485
10	147	1	1169199187
10	147	1	1169382325
10	147	1	1169382968
10	147	1	1169383025
11	147	1	1201588787
11	147	1	1202124916
45	147	1	1269502053
46	147	1	1309683467
46	147	1	1319677563
46	147	1	1324522563
46	147	1	1326644637
46	147	1	1329059471
46	147	1	1338599607
46	147	1	1338921040
46	147	1	1340945470
46	147	1	1342728991
47	147	1	1343970320
46	147	1	1346897133
46	147	1	1347283818
46	147	1	1350356739
46	147	1	1350493886
46	147	1	1357679287
46	147	1	1358609495
46	147	1	1359578437
46	147	1	1363205401
46	147	1	1366779745
46	147	1	1367294163
46	147	1	1367347568
46	147	1	1369083404
46	147	1	1370310672
46	147	1	1370441394
46	147	1	1371962843
46	147	1	1374586394
48	147	1	1374598040
46	147	1	1377026824
46	147	1	1379991246
46	147	1	1380913150
46	147	1	1381264466
46	147	1	1383682867
46	147	1	1384817901
49	147	1	1389854822
49	147	1	1392813042
49	147	1	1393020005
49	147	1	1393616675
49	147	1	1394747758
49	147	1	1396307090
49	147	1	1400531919
49	147	1	1400880570
49	147	1	1403214873
10	147	1	1406044954
49	147	1	1408642524
49	147	1	1408659319
49	147	1	1409676728
10	147	1	1412867721
10	147	1	1412868494
10	147	1	1413268946
49	147	1	1414346729
10	147	1	1414934585
49	147	1	1415986576
49	147	1	1416593532
49	147	1	1416594936
49	147	1	1419620385
49	147	1	1423161022
49	147	1	1423251670
49	147	1	1424851098
49	147	1	1425249216
49	147	1	1425499302
49	147	1	1426275936
49	147	1	1428682329
49	147	1	1428695308
49	147	1	1429592830
49	147	1	1430711310
49	147	1	1431883696
49	147	1	1431887412
50	147	1	1431981882
49	147	1	1433533604
49	147	1	1433546569
49	147	1	1434192258
49	147	1	1434197771
49	147	1	1434751267
49	147	1	1437714478
49	147	1	1437724661
49	147	1	1438386175
49	147	1	1438391745
49	147	1	1439591307
49	147	1	1439606410
49	147	1	1439939334
49	147	1	1439945697
49	147	1	1441217603
49	147	1	1441399980
49	147	1	1441815125
49	147	1	1442936893
49	147	1	1442955670
49	147	1	1443459379
49	147	1	1443469544
49	147	1	1446229091
49	147	1	1447106321
49	147	1	1447152481
49	147	1	1447796547
49	147	1	1448488070
49	147	1	1448980692
49	147	1	1449212664
49	147	1	1450472294
49	147	1	1451001971
49	147	1	1451958593
49	147	1	1453143977
49	147	1	1456521674
49	147	1	1459439267
51	147	1	1461063251
52	147	1	1466752998
49	147	1	1467566415
49	147	1	1467732321
49	147	1	1470765785
49	147	1	1473692902
49	147	1	1475266261
49	147	1	1475717712
49	147	1	1476553823
49	147	1	1479081564
49	147	1	1479082298
49	147	1	1480450091
49	147	1	1487190642
49	147	1	1489088625
49	147	1	1489813819
49	147	1	1491536190
49	147	1	1491932058
49	147	1	1493838966
49	147	1	1494254528
49	147	1	1494612428
49	147	1	1494945882
49	147	1	1494968981
49	147	1	1495573542
53	147	1	1496342153
10	148	1	1169200183
10	148	1	1169200312
10	148	1	1169200360
10	148	1	1169202256
10	148	1	1169202659
10	148	1	1169282457
10	148	1	1169292912
10	150	1	1169279640
10	150	1	1169281706
10	151	1	1169280706
10	151	1	1397831329
10	152	1	1169280858
10	153	1	1169282205
10	154	1	1169288020
10	156	1	1169291880
54	156	1	1177655314
11	156	1	1198327644
11	156	1	1198328306
11	156	1	1198328338
11	156	1	1198328533
11	156	1	1198328594
11	156	1	1198561576
11	156	1	1198850872
10	157	1	1169292057
10	158	1	1169292345
10	159	1	1169292441
10	159	1	1416234891
10	159	1	1416235137
10	159	1	1416237787
10	159	1	1416238108
10	159	1	1416241114
10	159	1	1416243420
10	159	1	1416248118
10	159	1	1416248245
10	159	1	1416248332
10	159	1	1416248376
10	159	1	1416248462
10	159	1	1416248585
10	159	1	1416283249
10	160	1	1169292600
10	161	1	1169365437
10	161	1	1169382420
10	161	1	1169382486
10	162	1	1169382673
10	162	1	1169382709
55	162	1	1181379613
10	162	1	1397723499
10	162	1	1397723600
10	164	1	1169400952
10	164	1	1169401038
10	164	1	1188317917
10	165	1	1169401470
10	165	1	1169401850
10	165	1	1169402627
10	165	1	1169402751
56	166	1	1169425446
10	166	1	1170765880
29	166	1	1190601457
29	166	1	1190601463
56	167	1	1169425743
57	167	1	1225249038
58	168	1	1169427670
58	169	1	1169427891
29	170	1	1169663046
10	171	1	1170765054
10	172	1	1178460344
10	172	1	1487147622
55	173	1	1181378275
59	173	1	1429229104
55	174	1	1181381598
18	174	1	1329244843
10	174	1	1397875063
55	175	1	1181383255
55	175	1	1186501453
55	175	1	1186586949
10	175	1	1329209006
10	175	1	1397873485
60	176	1	1183047964
57	176	1	1277173006
57	176	1	1277174698
10	178	1	1191752477
10	178	1	1191752552
10	182	1	1188318202
10	182	1	1188318730
10	182	1	1188318764
36	186	1	1336234152
61	187	1	1188307946
10	188	1	1188317785
10	188	1	1188322514
61	188	1	1192460151
36	188	1	1336234663
62	189	1	1188320599
10	190	1	1188320649
62	190	1	1188320719
10	191	1	1188321519
10	192	1	1188321580
10	193	1	1188321656
10	194	1	1188322242
10	195	1	1188322422
10	195	1	1188322460
53	195	1	1207523452
10	196	1	1188323304
36	196	1	1336234473
10	197	1	1188323327
10	198	1	1188323348
36	198	1	1336234804
10	199	1	1188323392
10	199	1	1191825740
36	199	1	1336234083
10	200	1	1188323415
36	200	1	1336234476
49	200	1	1426650479
10	201	1	1188323435
36	201	1	1336233982
49	201	1	1426650479
59	201	1	1429229116
49	201	1	1429245659
10	202	1	1188323463
36	202	1	1336234240
10	203	1	1188323483
36	203	1	1336234069
10	204	1	1188323533
59	204	1	1429229116
10	205	1	1188323556
36	205	1	1336234479
49	205	1	1426650478
59	205	1	1429229112
49	205	1	1429245658
10	206	1	1188323585
10	207	1	1188323620
36	207	1	1336234089
10	208	1	1188323687
59	208	1	1429229112
10	209	1	1188323771
10	210	1	1188323800
10	211	1	1188323826
59	211	1	1429229108
10	212	1	1188323864
10	213	1	1188323915
56	213	1	1188324081
36	213	1	1336234570
10	214	1	1188323939
59	214	1	1429229108
10	215	1	1188323967
59	215	1	1429229108
10	216	1	1188401593
10	217	1	1191258893
10	218	1	1189174880
10	219	1	1189174904
10	220	1	1189439792
36	220	1	1336234573
10	221	1	1189440144
63	221	1	1201825428
63	221	1	1201826106
64	221	1	1313338993
36	221	1	1336234394
17	221	1	1487311144
10	221	1	1487343927
10	221	1	1487344046
10	222	1	1189862078
36	222	1	1336232637
49	222	1	1426650473
59	222	1	1429229079
49	222	1	1429245657
10	223	1	1190221972
10	224	1	1190222090
10	224	1	1190222245
10	224	1	1336228253
36	224	1	1336233986
49	224	1	1426650473
59	224	1	1429229079
49	224	1	1429245657
10	225	1	1190557981
10	226	1	1190558024
29	227	1	1190601428
29	227	1	1190601486
10	228	1	1191752619
53	228	1	1192755055
53	228	1	1219270363
65	228	1	1305300633
65	228	1	1305300694
10	229	1	1191752721
10	231	1	1191825668
10	232	1	1192248206
36	232	1	1336234140
49	232	1	1426650475
59	232	1	1429229080
49	232	1	1429245658
53	233	1	1192755048
10	234	1	1192811921
36	234	1	1336234383
49	234	1	1426650527
59	234	1	1429229104
49	234	1	1429245701
57	235	1	1193058464
10	235	1	1193152775
57	235	1	1319173796
57	235	1	1319173957
57	235	1	1319173968
57	235	1	1329450828
36	235	1	1336234317
57	235	1	1336327780
57	235	1	1354492753
10	236	1	1193152991
66	237	1	1194213190
66	237	1	1200091328
10	238	1	1194711789
36	238	1	1336233930
10	239	1	1194711807
66	239	1	1196003008
36	239	1	1336234243
10	240	1	1195232609
36	240	1	1336233989
10	241	1	1195580177
36	241	1	1336234482
10	242	1	1195580205
36	242	1	1336233970
10	243	1	1196343239
36	243	1	1336234576
49	243	1	1426650473
59	243	1	1429229108
49	243	1	1429245709
67	244	1	1196512048
10	245	1	1196447632
10	246	1	1196447688
10	247	1	1196447732
36	247	1	1336234485
49	247	1	1426650477
59	247	1	1429229112
49	247	1	1429245658
10	248	1	1196618950
10	249	1	1196618982
36	249	1	1336234488
49	249	1	1426650479
59	249	1	1429229116
49	249	1	1429245658
68	250	1	1196736542
67	251	1	1197550325
67	251	1	1197550443
67	252	1	1197550877
59	252	1	1429229116
11	253	1	1198324764
11	253	1	1201588401
11	253	1	1201588559
11	253	1	1211551590
11	254	1	1198324788
11	254	1	1198329493
10	254	1	1198409252
11	254	1	1198559121
11	254	1	1201588371
11	254	1	1201588530
36	254	1	1336234397
11	255	1	1198327067
11	256	1	1198327745
11	257	1	1198328482
11	258	1	1198329014
11	259	1	1198559257
11	260	1	1198559538
69	260	1	1198818393
69	260	1	1214073538
36	260	1	1336234579
69	260	1	1336378539
11	261	1	1198559572
36	261	1	1336233973
49	261	1	1426650523
59	261	1	1429229100
49	261	1	1429245687
11	262	1	1198910090
36	262	1	1336234557
70	263	1	1199117747
10	264	1	1199631024
36	264	1	1336233998
71	265	1	1200952539
71	266	1	1200952548
36	266	1	1336234730
11	267	1	1201588342
36	267	1	1336234310
11	268	1	1201588347
36	268	1	1336234733
49	268	1	1426650480
59	268	1	1429229085
49	268	1	1429245660
63	269	1	1201825343
63	270	1	1201825351
36	270	1	1336233976
72	271	1	1203606738
72	272	1	1203606761
36	272	1	1336234385
10	273	1	1203864941
10	273	1	1336228390
36	273	1	1336234143
10	274	1	1203864963
36	274	1	1336234715
10	275	1	1204995798
36	275	1	1336234146
49	275	1	1426650474
59	275	1	1429229080
49	275	1	1429245658
38	276	1	1205506330
24	276	1	1314708670
36	276	1	1336234247
73	276	1	1338933602
38	276	1	1338933637
38	277	1	1205506918
73	277	1	1205511843
73	277	1	1205972383
73	277	1	1206292260
73	277	1	1206296385
73	277	1	1206613711
24	277	1	1314708670
73	277	1	1338933594
73	277	1	1338934390
38	278	1	1205509152
73	278	1	1205510538
73	278	1	1206288952
73	278	1	1206615955
74	278	1	1218799319
73	278	1	1338913479
73	278	1	1338914583
73	279	1	1205513136
74	279	1	1218799320
73	279	1	1317843306
73	279	1	1338913483
38	280	1	1205549459
73	281	1	1206064370
74	281	1	1218799320
10	282	1	1206268842
75	283	1	1206330617
75	284	1	1206330624
11	285	1	1206596784
75	285	1	1206676329
36	285	1	1336234080
11	286	1	1206596821
36	286	1	1336234818
11	287	1	1206596825
36	287	1	1336233979
49	287	1	1426650479
59	287	1	1429229116
49	287	1	1429245659
11	288	1	1206596865
36	288	1	1336234652
76	289	1	1206628075
75	290	1	1206682110
11	291	1	1210418079
36	291	1	1336234216
49	291	1	1426650500
59	291	1	1429229093
49	291	1	1429245675
11	292	1	1210418123
76	292	1	1305054823
36	292	1	1336234294
11	293	1	1210418126
36	293	1	1336234665
11	294	1	1210418128
36	294	1	1336234226
11	295	1	1210418367
11	296	1	1210418377
11	297	1	1210418451
11	298	1	1210418921
11	299	1	1211551621
36	299	1	1336234669
11	300	1	1211551624
36	300	1	1336234230
77	301	1	1211981246
78	302	1	1212143960
78	302	1	1212155633
78	302	1	1213350582
79	303	1	1212281729
79	303	1	1212285785
80	304	1	1212800372
80	305	1	1212800568
81	306	1	1226373676
81	306	1	1226373720
81	306	1	1226373785
81	306	1	1226374944
81	306	1	1226375553
81	306	1	1226375631
81	306	1	1226376317
81	306	1	1226376394
10	306	1	1226588796
10	306	1	1226634518
82	307	1	1213745000
82	307	1	1213791423
82	307	1	1293302017
82	307	1	1372516578
82	308	1	1214152240
36	308	1	1336234313
76	308	1	1336323126
74	309	1	1218799319
74	310	1	1218799320
74	311	1	1218799320
73	311	1	1313701548
73	311	1	1317843350
57	313	1	1225170081
83	314	1	1225320943
83	315	1	1225325140
57	316	1	1225328560
57	317	1	1225352610
83	318	1	1225376816
83	319	1	1225380129
83	319	1	1226322104
83	320	1	1225395777
83	321	1	1225395855
57	322	1	1225430706
71	322	1	1236651596
83	323	1	1225460824
83	323	1	1225571896
83	323	1	1225590067
83	323	1	1225601665
83	323	1	1225658563
83	323	1	1225684407
83	323	1	1225732331
83	323	1	1225777342
83	323	1	1225841027
83	323	1	1225864136
83	323	1	1225883301
83	323	1	1226015591
83	323	1	1226381830
83	323	1	1226502477
83	323	1	1226947758
83	323	1	1226968948
83	323	1	1227106124
83	323	1	1227880288
83	323	1	1228204047
83	323	1	1229415916
83	323	1	1230233240
83	323	1	1230242557
83	323	1	1230770898
83	323	1	1231590752
83	323	1	1232071485
83	323	1	1232475691
83	323	1	1232484704
83	323	1	1233060219
83	323	1	1233101346
83	323	1	1233126343
83	323	1	1233212561
83	323	1	1233558345
83	323	1	1234454069
83	323	1	1234763401
83	323	1	1234766564
83	323	1	1234953048
83	323	1	1235330083
83	323	1	1235498776
83	323	1	1236130023
83	323	1	1237341655
83	323	1	1238047787
83	323	1	1238720564
83	323	1	1240465043
57	324	1	1225530289
53	324	1	1234465829
57	325	1	1225584158
57	326	1	1225678928
10	326	1	1336228495
36	326	1	1336234656
84	326	1	1336240986
57	327	1	1225771003
57	328	1	1225860536
83	329	1	1225934509
83	329	1	1226290416
83	330	1	1225946148
83	331	1	1225963045
83	331	1	1226313059
83	332	1	1226240295
81	333	1	1226377068
81	333	1	1226377186
18	333	1	1329244827
10	333	1	1397875551
57	334	1	1226471480
85	335	1	1226495985
10	336	1	1226587660
36	336	1	1336234306
10	337	1	1226587752
36	337	1	1336234672
10	338	1	1226812841
36	338	1	1336234721
49	338	1	1426650520
59	338	1	1429229097
49	338	1	1429245677
81	339	1	1226979959
81	339	1	1226980060
81	339	1	1266316839
10	339	1	1269972317
10	339	1	1270143969
10	339	1	1270144810
10	339	1	1270145367
10	339	1	1270145635
57	340	1	1227249804
57	342	1	1227884055
86	343	1	1250244566
87	344	1	1229789781
57	345	1	1234149643
57	346	1	1234564101
57	347	1	1235275676
57	348	1	1235279920
83	349	1	1237304105
57	350	1	1237616603
88	351	1	1238747545
88	352	1	1238747555
36	352	1	1336234560
57	353	1	1239506105
57	354	1	1239579338
57	355	1	1239582732
57	356	1	1240007852
57	357	1	1240015800
57	358	1	1240079174
57	359	1	1240088339
89	360	1	1242924736
90	361	1	1245670647
36	362	1	1336234724
91	363	1	1246042860
92	363	1	1444961908
40	363	1	1445473693
91	364	1	1246042868
91	365	1	1246042872
36	365	1	1336234233
10	366	1	1397830079
10	366	1	1397875026
93	367	1	1248109737
10	369	1	1249279690
94	369	1	1351941310
10	369	1	1397723044
95	369	1	1419258998
57	370	1	1251833948
57	371	1	1252735282
57	372	1	1252743906
57	373	1	1252815823
96	374	1	1257185701
41	375	1	1257590263
36	375	1	1336233995
41	376	1	1257590383
41	376	1	1380819016
41	377	1	1257590600
36	377	1	1336234162
41	378	1	1257590679
36	378	1	1336234155
41	379	1	1257590735
36	379	1	1336234712
97	380	1	1260059297
10	381	1	1260195634
10	381	1	1397831784
10	381	1	1397836318
10	381	1	1397875748
20	382	1	1262123125
57	383	1	1264237262
57	384	1	1264292105
57	385	1	1264389299
57	386	1	1264467367
57	387	1	1264473353
57	388	1	1264551978
57	389	1	1264720855
57	390	1	1264732160
57	391	1	1264919113
57	392	1	1264921570
57	393	1	1264923257
57	394	1	1266706540
57	394	1	1379473363
57	395	1	1266717420
31	396	1	1267881834
98	397	1	1268118026
36	397	1	1336234821
57	397	1	1421017595
45	398	1	1268543044
99	399	1	1268601588
10	400	1	1270146054
10	400	1	1397724648
10	400	1	1397875052
100	403	1	1270201024
100	403	1	1379193322
100	404	1	1270469291
100	404	1	1379193325
100	405	1	1270657030
100	405	1	1379193328
101	406	1	1270935680
102	407	1	1274793956
103	408	1	1276238405
57	409	1	1276992389
57	410	1	1277066107
57	411	1	1277158890
57	412	1	1277167844
57	413	1	1277178785
57	414	1	1277180298
57	415	1	1277247207
57	416	1	1277578914
57	416	1	1289164574
104	416	1	1308761717
104	416	1	1309106756
104	416	1	1322676913
104	416	1	1356644660
104	416	1	1356695511
10	417	1	1397738669
10	417	1	1397875082
24	418	1	1279200433
24	418	1	1316862346
24	419	1	1279200442
36	419	1	1336234149
24	419	1	1336343895
105	420	1	1279289795
57	420	1	1379889487
57	421	1	1280795602
57	422	1	1280799667
106	423	1	1280932686
106	423	1	1282019933
107	424	1	1280959920
107	424	1	1281005641
107	425	1	1281096675
57	426	1	1281149038
57	427	1	1281153042
57	428	1	1281154748
57	429	1	1281158154
107	430	1	1281177839
57	430	1	1289163313
104	430	1	1308799724
104	430	1	1309110528
104	430	1	1356644659
57	431	1	1281232549
57	432	1	1281234346
107	433	1	1281258208
108	434	1	1281995274
108	435	1	1281995285
36	435	1	1336234401
109	436	1	1282094275
110	436	1	1422986688
109	437	1	1282094286
36	437	1	1336234085
110	437	1	1422986689
18	438	1	1329245697
10	438	1	1397874087
57	439	1	1283020676
57	440	1	1283393059
111	441	1	1283393512
111	441	1	1284614417
112	441	1	1408317612
111	442	1	1283411790
9	443	1	1285024006
111	444	1	1285792081
111	445	1	1286349043
57	446	1	1289160092
57	447	1	1289172712
111	448	1	1289953863
111	448	1	1291477206
111	448	1	1295306057
113	448	1	1327434049
114	448	1	1337663357
114	448	1	1342549315
114	448	1	1349131865
114	448	1	1360201176
108	450	1	1293739339
115	451	1	1294091195
116	452	1	1294468459
117	453	1	1296425613
57	454	1	1296442387
57	454	1	1333237266
118	454	1	1390292676
57	455	1	1296616908
57	456	1	1296783690
57	457	1	1298435502
10	458	1	1298799274
36	458	1	1336234466
31	459	1	1299083097
36	459	1	1336234001
31	459	1	1336503752
119	460	1	1299509001
119	460	1	1388777921
57	461	1	1301869664
111	462	1	1302754973
57	463	1	1302977828
108	463	1	1331476603
57	464	1	1302982359
57	465	1	1302994222
57	466	1	1303350766
57	468	1	1305156849
57	468	1	1333910969
120	469	1	1306313230
120	469	1	1314538237
111	470	1	1306446554
111	471	1	1306518728
18	472	1	1307192490
36	472	1	1336234807
18	473	1	1307192635
36	473	1	1336234827
18	474	1	1307192743
36	474	1	1336234469
18	475	1	1307193340
36	475	1	1336234076
18	476	1	1307193465
18	477	1	1307193556
18	477	1	1307193572
10	477	1	1336228605
36	477	1	1336234564
18	478	1	1307193662
36	478	1	1336234004
18	479	1	1307193785
10	479	1	1336228726
36	479	1	1336234388
49	479	1	1426650469
59	479	1	1429229079
49	479	1	1429245656
18	480	1	1307193926
36	480	1	1336234072
18	481	1	1307193961
36	481	1	1336234814
18	482	1	1307193998
36	482	1	1336234010
18	483	1	1307194040
36	483	1	1336234810
18	484	1	1307194071
36	484	1	1336234007
49	484	1	1426650523
59	484	1	1429229100
49	484	1	1429245700
64	485	1	1307397378
121	485	1	1332355801
18	486	1	1307856010
18	486	1	1307856719
36	486	1	1336234567
104	487	1	1308809729
104	487	1	1308813863
104	488	1	1308813743
122	489	1	1309301472
122	489	1	1331458029
122	489	1	1401150084
122	489	1	1423195004
123	490	1	1309513761
123	491	1	1309526669
104	492	1	1309540100
104	493	1	1309542225
57	494	1	1309570001
57	495	1	1309578755
57	496	1	1309582841
57	497	1	1309622892
57	498	1	1309631807
64	499	1	1313338987
36	499	1	1336234392
124	500	1	1313792900
57	501	1	1314241085
57	501	1	1422211726
24	502	1	1314708670
24	503	1	1314708670
42	504	1	1314976744
42	504	1	1314976838
10	504	1	1397726339
10	504	1	1397726467
10	504	1	1397733837
10	504	1	1397733970
10	504	1	1397734003
10	504	1	1397734025
57	505	1	1315763005
57	506	1	1315767560
57	507	1	1315772015
125	508	1	1316292402
36	509	1	1336233992
121	510	1	1318456254
126	511	1	1318481375
57	512	1	1318974459
111	513	1	1319840976
111	513	1	1429212177
127	514	1	1319994035
128	514	1	1497569394
129	515	1	1320841203
129	516	1	1320841334
36	516	1	1336234303
130	517	1	1321040399
36	517	1	1336234659
131	518	1	1321068740
130	519	1	1321205060
130	520	1	1321205061
130	520	1	1321205231
132	521	1	1321535630
132	521	1	1349174111
132	521	1	1352421103
57	522	1	1321762646
57	523	1	1321848071
57	525	1	1321919167
57	526	1	1321922791
57	526	1	1322092666
57	527	1	1321927029
57	527	1	1322094391
36	527	1	1336234675
104	528	1	1321999435
57	529	1	1322096566
57	530	1	1322097812
57	531	1	1322099017
133	532	1	1322264904
134	533	1	1322395354
57	533	1	1346639016
57	534	1	1323015255
57	536	1	1323046146
57	537	1	1323049860
10	538	1	1323559219
121	539	1	1325910374
121	539	1	1325967222
57	540	1	1326049023
111	541	1	1326327544
121	543	1	1328130333
36	543	1	1336234718
135	544	1	1328447649
135	545	1	1328447659
136	546	1	1328718557
57	548	1	1329069788
57	549	1	1329082536
10	550	1	1329204673
10	550	1	1329204707
10	550	1	1329204719
10	550	1	1329205745
13	550	1	1329307594
10	551	1	1329204967
10	551	1	1373023394
18	552	1	1329241782
18	552	1	1329241873
18	553	1	1329242018
108	554	1	1329728583
121	555	1	1329745670
121	556	1	1329759644
36	556	1	1336234066
104	557	1	1329832532
104	558	1	1329836895
104	558	1	1356636507
137	559	1	1330018190
138	560	1	1330358796
108	561	1	1330631233
36	561	1	1336234379
139	561	1	1336241357
108	562	1	1330704390
57	563	1	1332039306
36	563	1	1336234727
57	564	1	1333243820
36	564	1	1336234824
57	565	1	1333419107
57	566	1	1333499801
57	566	1	1333582033
36	566	1	1336234297
57	567	1	1333587057
57	568	1	1333904781
57	569	1	1333906813
36	569	1	1336234237
121	570	1	1334113167
57	571	1	1334509596
99	572	1	1335651054
10	573	1	1336228214
10	574	1	1336228226
10	575	1	1336228239
10	576	1	1336228244
10	577	1	1336228259
10	578	1	1336228323
49	578	1	1426650473
59	578	1	1429229079
49	578	1	1429245657
10	579	1	1336228326
10	580	1	1336228331
10	581	1	1336228334
10	582	1	1336228343
49	582	1	1426650473
59	582	1	1429229079
49	582	1	1429245657
10	583	1	1336228347
10	584	1	1336228352
10	585	1	1336228357
10	586	1	1336228366
10	587	1	1336228373
49	587	1	1426650472
59	587	1	1429229079
49	587	1	1429245657
10	588	1	1336228379
10	589	1	1336228393
10	590	1	1336228397
10	591	1	1336228403
10	592	1	1336228407
10	593	1	1336228410
10	594	1	1336228414
10	595	1	1336228418
10	596	1	1336228423
10	597	1	1336228427
10	598	1	1336228430
10	599	1	1336228433
10	600	1	1336228436
10	601	1	1336228439
10	602	1	1336228445
10	603	1	1336228448
10	604	1	1336228460
10	605	1	1336228463
10	606	1	1336228469
10	607	1	1336228472
10	608	1	1336228475
10	609	1	1336228478
10	610	1	1336228481
10	611	1	1336228502
10	612	1	1336228505
10	613	1	1336228509
10	614	1	1336228512
10	615	1	1336228515
10	616	1	1336228518
10	617	1	1336228525
10	618	1	1336228529
10	619	1	1336228535
10	620	1	1336228541
10	621	1	1336228547
49	621	1	1426650470
59	621	1	1429229079
49	621	1	1429245656
10	622	1	1336228550
10	623	1	1336228554
10	624	1	1336228557
10	625	1	1336228561
140	625	1	1465147820
10	626	1	1336228564
10	627	1	1336228567
10	628	1	1336228571
10	629	1	1336228586
10	630	1	1336228645
10	631	1	1336228648
10	632	1	1336228652
10	633	1	1336228656
10	634	1	1336228659
10	635	1	1336228663
10	636	1	1336228667
10	637	1	1336228690
10	638	1	1336228697
10	639	1	1336228704
10	640	1	1336228710
10	641	1	1336228733
10	641	1	1336228740
49	641	1	1426650470
59	641	1	1429229079
49	641	1	1429245656
10	642	1	1336228746
10	643	1	1336228750
10	644	1	1336228753
10	645	1	1336228757
10	646	1	1336228800
10	647	1	1336228810
10	648	1	1336228816
10	649	1	1336228820
10	650	1	1336228823
10	651	1	1336228827
10	652	1	1336228831
10	653	1	1336228885
139	654	1	1336241487
141	654	1	1351426721
57	655	1	1336323205
142	656	1	1338049131
142	657	1	1338049186
142	658	1	1338049443
121	659	1	1338320907
143	660	1	1338437284
143	660	1	1338440294
143	660	1	1342489747
57	661	1	1338649373
57	662	1	1338655707
57	663	1	1338659740
57	664	1	1339378541
10	665	1	1339939204
121	666	1	1340666961
57	667	1	1341259134
57	667	1	1344109966
144	668	1	1342275957
57	668	1	1344218963
57	668	1	1344226269
145	669	1	1342450569
57	670	1	1344111615
146	671	1	1344244675
57	672	1	1344379761
147	674	1	1346356686
147	675	1	1346431185
148	675	1	1347098016
148	676	1	1346442620
57	677	1	1346627218
57	678	1	1346632946
57	679	1	1346636970
149	680	1	1348938165
108	681	1	1351192156
108	682	1	1351240683
108	683	1	1351247990
108	684	1	1351248000
132	686	1	1352421200
10	687	1	1397721279
10	687	1	1397721328
10	687	1	1397721349
10	687	1	1397735821
10	687	1	1397735855
10	687	1	1397832588
10	687	1	1397833016
46	688	1	1354613494
46	689	1	1354743744
57	690	1	1355087773
57	691	1	1355091543
57	692	1	1355112753
150	693	1	1355255874
151	694	1	1355726721
53	694	1	1491327185
10	695	1	1356097902
10	696	1	1397780921
10	696	1	1397874402
10	697	1	1397737387
10	697	1	1397873502
10	699	1	1397830767
10	699	1	1397875544
25	700	1	1357730826
25	701	1	1357809893
25	701	1	1357809931
25	701	1	1357809981
10	701	1	1397738426
10	701	1	1397874100
25	702	1	1357810335
10	702	1	1397738463
10	702	1	1397874114
10	703	1	1397831722
121	704	1	1359581723
121	705	1	1359581829
150	706	1	1359911357
57	707	1	1360030651
152	707	1	1417132144
152	707	1	1487250889
57	708	1	1360034980
57	709	1	1361149671
57	710	1	1361155316
121	711	1	1361234235
10	712	1	1361518619
10	712	1	1361532894
10	712	1	1361532928
153	712	1	1458495220
10	713	1	1361518624
10	713	1	1361532650
10	713	1	1361533458
153	713	1	1458495042
10	714	1	1361532821
10	714	1	1362754270
10	714	1	1362754322
10	714	1	1362754504
10	714	1	1362754680
10	714	1	1362754958
10	714	1	1362755022
10	714	1	1362755198
10	714	1	1362755340
10	714	1	1362755517
10	714	1	1373432331
154	715	1	1364074313
154	716	1	1364074319
121	717	1	1364093412
57	718	1	1364142390
57	719	1	1364146463
57	720	1	1364161444
57	721	1	1364172904
57	722	1	1364174755
140	722	1	1451502366
155	723	1	1366085219
121	724	1	1367175185
156	725	1	1367354461
140	725	1	1451505780
157	726	1	1368014928
158	727	1	1369577903
158	727	1	1380347756
57	727	1	1381706548
158	727	1	1384698609
158	727	1	1408420468
57	728	1	1370217437
57	729	1	1372733616
57	730	1	1372820716
10	731	1	1372846696
10	731	1	1372847480
10	731	1	1372849351
10	731	1	1372851162
10	731	1	1372853762
10	731	1	1372854536
10	731	1	1373030942
10	731	1	1373213322
10	731	1	1373269840
10	731	1	1373269867
10	731	1	1373430299
10	731	1	1373430319
10	732	1	1372859548
10	732	1	1372859835
10	732	1	1372860475
10	732	1	1372861757
10	732	1	1373009490
10	732	1	1373430106
10	733	1	1373023899
10	733	1	1373023975
10	733	1	1373429720
10	733	1	1373430354
10	733	1	1373433008
10	733	1	1373433665
10	733	1	1373433780
10	733	1	1389777927
10	733	1	1389788294
10	733	1	1389788805
10	733	1	1412582342
10	733	1	1412583066
10	733	1	1412583189
10	733	1	1412583234
10	734	1	1373269840
10	735	1	1374986425
159	736	1	1376683471
159	737	1	1377991913
100	738	1	1379192571
100	739	1	1379192573
57	740	1	1379281054
57	741	1	1379302476
140	741	1	1451505780
57	742	1	1379463767
57	743	1	1379467481
57	744	1	1379560767
57	745	1	1379562459
57	746	1	1379563803
57	747	1	1379897225
57	748	1	1379899007
57	749	1	1380159636
57	750	1	1380163864
57	751	1	1380395938
57	752	1	1380397315
57	753	1	1380400952
160	753	1	1385796124
160	753	1	1388052150
160	753	1	1391247824
57	753	1	1408626474
84	753	1	1411917917
161	753	1	1411919422
57	753	1	1413772525
57	753	1	1438465559
57	754	1	1380407519
160	754	1	1385474076
160	754	1	1386742756
160	754	1	1391655292
160	754	1	1393935176
84	754	1	1411917917
161	754	1	1411919423
57	754	1	1414898059
57	755	1	1381683841
57	756	1	1381700148
158	756	1	1382878511
158	756	1	1382932373
57	757	1	1381723304
110	757	1	1450286738
158	758	1	1382847512
158	758	1	1382861324
162	759	1	1382905351
163	760	1	1383038579
164	761	1	1383340600
165	762	1	1384645565
166	763	1	1384698836
167	764	1	1384786258
168	765	1	1385383799
169	766	1	1387293427
57	767	1	1390174898
170	767	1	1487201643
57	768	1	1390254153
57	769	1	1390265291
171	770	1	1390300015
172	771	1	1392385124
172	772	1	1392393828
57	774	1	1393571017
173	775	1	1393651583
167	776	1	1394757015
174	777	1	1395185010
174	777	1	1395427015
174	777	1	1396578247
175	779	1	1396562868
176	780	1	1396596940
10	782	1	1397658068
10	782	1	1397658329
10	782	1	1397658430
10	783	1	1397723499
10	784	1	1397726044
10	785	1	1397733942
10	785	1	1397733985
10	785	1	1397734081
10	785	1	1397734117
10	785	1	1397734368
10	785	1	1397734430
10	785	1	1397734625
10	785	1	1397734692
10	785	1	1397734807
10	785	1	1397734859
10	785	1	1397734983
10	785	1	1397735144
10	785	1	1397735165
10	785	1	1397735367
10	785	1	1397735385
10	785	1	1397735599
10	785	1	1397735653
10	785	1	1397875854
10	785	1	1397875876
10	785	1	1397875937
10	785	1	1397875986
10	785	1	1397896385
10	786	1	1397780921
10	787	1	1397836079
177	787	1	1397836218
49	788	1	1400531920
112	789	1	1408317613
10	790	1	1408957034
10	790	1	1408957156
57	791	1	1409106440
57	792	1	1410622601
178	792	1	1447384081
57	793	1	1410709679
57	794	1	1411003638
178	794	1	1447384084
10	795	1	1411371976
10	795	1	1411372011
10	795	1	1411372159
10	795	1	1411372346
10	795	1	1411373817
10	795	1	1411374391
10	796	1	1411372346
73	796	1	1411458597
10	797	1	1411373817
84	798	1	1411917917
73	798	1	1415696556
57	798	1	1420952246
84	799	1	1411917918
73	799	1	1415696565
57	799	1	1420958984
161	800	1	1411919423
161	801	1	1411919423
10	802	1	1412530354
10	802	1	1415210006
10	802	1	1415210941
10	802	1	1415211060
10	802	1	1415211188
10	803	1	1412530503
10	803	1	1412531653
10	803	1	1412531816
10	803	1	1412531913
10	803	1	1412532312
10	803	1	1412532743
10	803	1	1412532813
10	803	1	1412532936
10	803	1	1412533044
10	803	1	1412533078
10	803	1	1412563442
10	803	1	1412563518
10	803	1	1412563600
10	803	1	1412566646
10	803	1	1412566678
10	803	1	1412566806
10	803	1	1412574911
10	803	1	1412575142
10	803	1	1412575197
10	803	1	1412575229
10	803	1	1412575447
10	803	1	1412575495
10	803	1	1412575517
10	803	1	1412575667
10	803	1	1412575688
10	803	1	1412576460
10	803	1	1412576607
10	803	1	1412576781
10	803	1	1412576847
10	803	1	1412576917
10	803	1	1412576956
10	803	1	1412577112
10	803	1	1412578405
10	803	1	1412578488
10	803	1	1412587525
10	803	1	1412587571
10	803	1	1412605541
10	803	1	1412605589
10	803	1	1412606225
10	803	1	1412608458
10	803	1	1412730297
10	803	1	1412730395
10	803	1	1412734980
10	803	1	1413007800
10	803	1	1413007846
10	803	1	1413009278
10	803	1	1413269925
10	803	1	1413302678
10	803	1	1413302719
10	803	1	1413308829
10	803	1	1413308872
10	803	1	1413310014
10	803	1	1414679735
10	803	1	1414680667
10	803	1	1415087950
10	803	1	1415119955
10	803	1	1415167554
10	803	1	1415184836
10	803	1	1415208653
10	803	1	1415208710
10	803	1	1415208752
10	803	1	1415208806
10	803	1	1415208988
10	803	1	1415209016
10	803	1	1415209100
10	803	1	1415209367
10	803	1	1415210461
10	803	1	1415211876
10	803	1	1415211921
10	803	1	1416234731
179	803	1	1433402762
10	803	1	1482930935
10	803	1	1482930982
10	803	1	1498639748
10	803	1	1500274872
10	804	1	1412532109
10	805	1	1412532184
10	806	1	1412574976
10	807	1	1412575020
10	808	1	1412867670
10	809	1	1412871119
10	810	1	1412871157
10	811	1	1412871192
10	812	1	1413308082
10	812	1	1413308154
10	812	1	1413308198
10	813	1	1413309167
10	813	1	1413309763
10	813	1	1413309814
10	814	1	1413310135
10	815	1	1413310821
180	816	1	1413413264
180	816	1	1447356801
180	816	1	1447792238
10	817	1	1414679991
10	818	1	1414680119
10	818	1	1414680342
10	818	1	1414680362
10	818	1	1414775804
10	818	1	1414839175
10	818	1	1414931128
10	818	1	1414943585
10	819	1	1414680207
10	819	1	1414775733
10	819	1	1414837859
145	819	1	1414842341
181	819	1	1415041822
10	820	1	1414680310
10	820	1	1414680577
10	820	1	1414680612
10	820	1	1414943527
10	821	1	1414775332
145	821	1	1414842869
10	822	1	1414775449
10	822	1	1414776004
10	822	1	1414776033
145	822	1	1414843166
10	823	1	1414838095
10	823	1	1414943554
10	824	1	1414943527
10	825	1	1414943554
10	826	1	1415200276
10	827	1	1415203467
10	827	1	1415208336
10	827	1	1415208523
10	827	1	1415208577
10	828	1	1415208228
10	829	1	1415208912
10	830	1	1415209891
10	831	1	1415210063
10	832	1	1415210189
10	833	1	1415210496
10	834	1	1415210583
10	835	1	1415210750
10	835	1	1415210799
10	836	1	1415211805
10	837	1	1416234891
10	838	1	1416239079
10	839	1	1416243685
10	839	1	1416243826
10	839	1	1416246520
10	839	1	1416246851
10	839	1	1416248039
10	840	1	1416243859
10	840	1	1416244874
10	840	1	1416246075
10	840	1	1416246197
10	841	1	1416245105
10	842	1	1416245222
10	842	1	1416246232
10	843	1	1416245620
10	843	1	1416245684
10	844	1	1416245904
10	845	1	1416246354
10	845	1	1416246383
10	846	1	1416246667
10	846	1	1416246704
10	847	1	1416246910
10	848	1	1416247965
57	849	1	1416714167
110	849	1	1472038967
110	849	1	1472132074
57	850	1	1416721284
110	850	1	1472038967
110	850	1	1472132075
152	851	1	1417132144
152	852	1	1417132145
57	853	1	1417321391
57	854	1	1421111656
57	855	1	1421115641
57	856	1	1421119696
57	856	1	1423374924
145	856	1	1424435626
110	858	1	1422986689
110	859	1	1422986689
57	860	1	1423370584
57	861	1	1423377291
145	861	1	1424435626
57	862	1	1423708280
57	863	1	1423940374
182	864	1	1424204717
57	865	1	1424392689
110	865	1	1438202361
145	866	1	1424435626
145	867	1	1424435626
57	868	1	1424582851
110	868	1	1438202323
57	869	1	1424584968
73	869	1	1438451362
57	870	1	1426641908
49	871	1	1426650470
59	871	1	1429229079
49	871	1	1429245656
49	872	1	1426650473
59	872	1	1429229104
49	872	1	1429245708
49	873	1	1426650473
59	873	1	1429229104
49	873	1	1429245709
49	874	1	1426650473
59	874	1	1429229079
49	874	1	1429245657
49	875	1	1426650473
59	875	1	1429229080
49	875	1	1429245657
49	876	1	1426650473
59	876	1	1429229108
49	876	1	1429245656
49	877	1	1426650473
59	877	1	1429229108
49	877	1	1429245656
49	878	1	1426650473
59	878	1	1429229108
49	878	1	1429245656
49	879	1	1426650473
59	879	1	1429229108
49	879	1	1429245656
49	880	1	1426650473
59	880	1	1429229108
49	880	1	1429245657
49	881	1	1426650473
59	881	1	1429229108
49	881	1	1429245657
49	882	1	1426650474
59	882	1	1429229080
49	882	1	1429245657
49	883	1	1426650474
59	883	1	1429229080
49	883	1	1429245657
49	884	1	1426650474
59	884	1	1429229080
49	884	1	1429245658
49	885	1	1426650474
59	885	1	1429229080
49	885	1	1429245658
49	886	1	1426650474
59	886	1	1429229108
49	886	1	1429245657
49	887	1	1426650474
59	887	1	1429229080
49	887	1	1429245658
49	888	1	1426650474
59	888	1	1429229108
49	888	1	1429245657
49	889	1	1426650475
59	889	1	1429229108
49	889	1	1429245657
49	890	1	1426650475
59	890	1	1429229112
49	890	1	1429245657
49	891	1	1426650475
59	891	1	1429229080
49	891	1	1429245658
49	892	1	1426650475
59	892	1	1429229112
49	892	1	1429245657
49	893	1	1426650475
59	893	1	1429229112
49	893	1	1429245658
49	894	1	1426650475
59	894	1	1429229112
49	894	1	1429245657
49	895	1	1426650476
59	895	1	1429229080
49	895	1	1429245659
49	896	1	1426650476
59	896	1	1429229082
49	896	1	1429245659
49	897	1	1426650477
59	897	1	1429229112
49	897	1	1429245657
49	898	1	1426650477
59	898	1	1429229082
49	898	1	1429245659
49	899	1	1426650478
59	899	1	1429229112
49	899	1	1429245658
49	900	1	1426650478
59	900	1	1429229112
49	900	1	1429245658
49	901	1	1426650478
59	901	1	1429229082
49	901	1	1429245659
49	902	1	1426650479
59	902	1	1429229082
49	902	1	1429245659
49	903	1	1426650479
59	903	1	1429229112
49	903	1	1429245658
49	904	1	1426650479
59	904	1	1429229116
49	904	1	1429245658
49	905	1	1426650479
59	905	1	1429229082
49	905	1	1429245659
49	906	1	1426650479
59	906	1	1429229082
49	906	1	1429245659
49	907	1	1426650479
59	907	1	1429229082
49	907	1	1429245659
49	908	1	1426650479
59	908	1	1429229082
49	908	1	1429245659
49	909	1	1426650479
49	910	1	1426650479
59	910	1	1429229082
49	910	1	1429245659
49	911	1	1426650480
59	911	1	1429229082
49	911	1	1429245659
49	912	1	1426650480
59	912	1	1429229085
49	912	1	1429245659
49	913	1	1426650480
59	913	1	1429229085
49	913	1	1429245659
49	914	1	1426650480
59	914	1	1429229085
49	914	1	1429245659
49	915	1	1426650480
59	915	1	1429229085
49	915	1	1429245659
49	916	1	1426650480
59	916	1	1429229085
49	916	1	1429245659
49	917	1	1426650485
59	917	1	1429229085
49	917	1	1429245660
49	918	1	1426650485
59	918	1	1429229085
49	918	1	1429245661
49	919	1	1426650485
59	919	1	1429229085
49	919	1	1429245661
49	920	1	1426650485
59	920	1	1429229085
49	920	1	1429245661
49	921	1	1426650485
59	921	1	1429229087
49	921	1	1429245661
49	922	1	1426650485
59	922	1	1429229087
49	922	1	1429245661
49	923	1	1426650491
59	923	1	1429229087
49	923	1	1429245661
49	924	1	1426650491
59	924	1	1429229087
49	924	1	1429245663
49	925	1	1426650492
59	925	1	1429229087
49	925	1	1429245664
49	926	1	1426650492
59	926	1	1429229087
49	926	1	1429245665
49	927	1	1426650492
59	927	1	1429229087
49	927	1	1429245665
49	928	1	1426650492
59	928	1	1429229087
49	928	1	1429245665
49	929	1	1426650493
59	929	1	1429229087
49	929	1	1429245665
49	930	1	1426650493
59	930	1	1429229087
49	930	1	1429245665
49	931	1	1426650493
59	931	1	1429229090
49	931	1	1429245665
49	932	1	1426650493
59	932	1	1429229090
49	932	1	1429245667
49	933	1	1426650493
59	933	1	1429229090
49	933	1	1429245667
49	934	1	1426650493
49	935	1	1426650493
49	936	1	1426650493
59	936	1	1429229090
49	936	1	1429245668
49	937	1	1426650494
59	937	1	1429229090
49	937	1	1429245669
49	938	1	1426650494
59	938	1	1429229090
49	938	1	1429245669
49	939	1	1426650494
59	939	1	1429229090
49	939	1	1429245669
49	940	1	1426650496
59	940	1	1429229090
49	940	1	1429245670
49	941	1	1426650496
59	941	1	1429229090
49	941	1	1429245670
49	942	1	1426650499
59	942	1	1429229093
49	942	1	1429245674
49	943	1	1426650499
59	943	1	1429229093
49	943	1	1429245670
49	944	1	1426650499
59	944	1	1429229093
49	944	1	1429245674
49	945	1	1426650500
59	945	1	1429229093
49	945	1	1429245674
49	946	1	1426650500
59	946	1	1429229093
49	946	1	1429245674
49	947	1	1426650500
59	947	1	1429229093
49	947	1	1429245675
49	948	1	1426650509
59	948	1	1429229093
49	948	1	1429245675
49	949	1	1426650510
59	949	1	1429229093
49	949	1	1429245675
49	950	1	1426650511
59	950	1	1429229093
49	950	1	1429245675
49	951	1	1426650511
59	951	1	1429229097
49	951	1	1429245676
49	952	1	1426650512
59	952	1	1429229097
49	952	1	1429245676
49	953	1	1426650520
59	953	1	1429229097
49	953	1	1429245676
49	954	1	1426650520
59	954	1	1429229097
49	954	1	1429245679
49	955	1	1426650520
59	955	1	1429229097
49	955	1	1429245678
49	956	1	1426650520
59	956	1	1429229097
49	956	1	1429245681
49	957	1	1426650520
59	957	1	1429229097
49	957	1	1429245681
49	958	1	1426650522
59	958	1	1429229097
49	958	1	1429245682
49	959	1	1426650522
59	959	1	1429229097
49	959	1	1429245682
49	960	1	1426650522
59	960	1	1429229100
49	960	1	1429245682
49	961	1	1426650522
59	961	1	1429229100
49	961	1	1429245688
49	962	1	1426650522
59	962	1	1429229100
49	962	1	1429245688
49	963	1	1426650523
59	963	1	1429229100
49	963	1	1429245700
49	964	1	1426650523
59	964	1	1429229100
49	964	1	1429245688
49	965	1	1426650523
59	965	1	1429229100
49	965	1	1429245700
49	966	1	1426650523
59	966	1	1429229100
49	966	1	1429245700
49	967	1	1426650523
59	967	1	1429229100
49	967	1	1429245700
49	968	1	1426650527
59	968	1	1429229104
49	968	1	1429245700
49	969	1	1426650527
59	969	1	1429229104
49	969	1	1429245703
49	970	1	1426650527
59	970	1	1429229104
49	970	1	1429245700
49	971	1	1426650528
59	971	1	1429229104
49	971	1	1429245703
49	972	1	1426650528
59	972	1	1429229104
49	972	1	1429245703
49	973	1	1426650528
59	973	1	1429229104
49	973	1	1429245708
49	974	1	1426650528
59	974	1	1429229104
49	974	1	1429245707
49	975	1	1427211916
111	976	1	1429212177
110	977	1	1438202323
110	978	1	1438202361
10	979	1	1438415241
183	980	1	1438644935
184	981	1	1439986163
185	982	1	1441760302
92	983	1	1442610743
186	984	1	1442612015
186	984	1	1442612797
183	985	1	1443816372
183	986	1	1443816372
183	987	1	1443816372
183	988	1	1443816372
183	989	1	1443816372
183	990	1	1443816373
183	991	1	1443816373
187	992	1	1445845631
187	993	1	1445845779
188	994	1	1447112676
110	995	1	1450286738
110	996	1	1450290307
140	997	1	1451502367
140	998	1	1451505780
140	999	1	1451505780
140	1000	1	1462383637
189	1001	1	1463822304
140	1002	1	1465147820
190	1003	1	1465388941
110	1004	1	1472132074
110	1005	1	1472132075
170	1006	1	1487201643
152	1007	1	1487250889
128	1009	1	1497569394
