53	53	1
91	238	1
111	227	1
1472	1325	1
149	1538	1
999	1092	1
191	155	1
1242	1727	1
1357	94	1
1370	283	1
138	996	1
38	149	1
832	1670	1
1403	337	1
48	1173	1
1197	1195	1
844	85	1
271	305	1
1180	1707	1
464	649	1
455	453	1
296	338	1
23	257	1
1472	1257	1
961	64	1
1001	1043	1
362	1759	1
1050	814	1
809	916	1
61	63	1
742	1118	1
47	124	1
908	984	1
742	1065	1
50	387	1
1319	1359	1
107	190	1
1004	64	1
1472	274	1
412	941	1
455	521	1
1472	385	1
171	810	1
996	967	1
412	988	1
1172	1310	1
805	787	1
330	373	1
1472	48	1
333	1554	1
560	602	1
740	824	1
46	393	1
727	710	1
124	889	1
384	384	1
1472	175	1
279	541	1
1267	1206	1
1472	222	1
920	1717	1
48	236	1
1060	1021	1
379	666	1
1472	845	1
224	941	1
1770	1458	1
47	1067	1
1001	171	1
215	225	1
54	33	1
129	158	1
149	211	1
7	149	1
1472	619	1
61	1356	1
46	1248	1
1613	606	1
379	361	1
1402	1147	1
1472	666	1
742	988	1
1132	1740	1
952	366	1
91	202	1
920	972	1
9	211	1
485	478	1
844	155	1
47	988	1
34	1293	1
909	1213	1
1298	1308	1
109	115	1
793	1692	1
1496	649	1
67	1391	1
999	1358	1
965	1126	1
988	1289	1
807	839	1
1472	1094	1
168	1310	1
48	1024	1
774	1684	1
1293	1128	1
1361	1422	1
165	131	1
224	1045	1
836	1096	1
605	661	1
496	437	1
67	1050	1
1050	1089	1
575	558	1
409	403	1
531	460	1
168	38	1
149	1325	1
50	54	1
362	356	1
236	333	1
399	1205	1
316	341	1
46	58	1
751	1103	1
1472	28	1
560	582	1
79	54	1
271	1052	1
1704	998	1
965	194	1
967	1096	1
130	1767	1
1342	1132	1
1472	826	1
957	958	1
559	606	1
432	55	1
920	155	1
1472	984	1
64	977	1
138	120	1
231	1439	1
404	411	1
999	1198	1
47	1325	1
409	523	1
38	608	1
98	1751	1
1472	742	1
815	808	1
211	768	1
90	115	1
0	151	1
1472	1301	1
657	715	1
471	675	1
700	879	1
751	1003	1
74	1179	1
407	411	1
1261	970	1
50	1248	1
768	283	1
380	383	1
471	528	1
113	28	1
989	979	1
97	1115	1
48	897	1
1373	1441	1
1062	916	1
73	1490	1
1047	1036	1
941	1249	1
48	784	1
1226	1137	1
1087	1732	1
109	889	1
146	133	1
1055	1146	1
1310	1341	1
1472	1233	1
170	271	1
1117	1273	1
53	594	1
330	969	1
1385	1421	1
996	1322	1
117	271	1
999	929	1
94	1757	1
1067	861	1
861	896	1
3	50	1
1389	362	1
72	751	1
1472	346	1
149	1345	1
1080	271	1
909	155	1
110	922	1
185	1345	1
1749	107	1
1024	1026	1
46	86	1
209	1263	1
1172	1018	1
909	236	1
83	207	1
607	608	1
1055	988	1
814	970	1
73	374	1
441	506	1
1472	774	1
867	1128	1
116	188	1
1331	1741	1
379	578	1
867	941	1
1111	1174	1
105	54	1
128	107	1
555	596	1
146	1180	1
404	456	1
727	306	1
1006	895	1
20	24	1
114	143	1
1472	595	1
404	447	1
149	380	1
314	317	1
46	1004	1
1155	1170	1
157	129	1
168	922	1
830	1720	1
48	752	1
380	189	1
241	225	1
941	914	1
138	961	1
1003	1113	1
67	1686	1
909	1221	1
471	564	1
751	892	1
932	1082	1
204	209	1
1472	1055	1
49	784	1
48	941	1
660	684	1
809	814	1
330	779	1
1012	803	1
1472	1166	1
8	11	1
762	790	1
122	169	1
605	684	1
109	861	1
1012	850	1
259	410	1
1325	1375	1
1055	1118	1
7	1492	1
941	1110	1
1444	1459	1
951	1009	1
421	434	1
762	1000	1
50	412	1
107	213	1
130	260	1
1472	311	1
97	863	1
67	867	1
399	1404	1
1472	422	1
224	326	1
370	784	1
1050	399	1
1472	469	1
117	182	1
55	224	1
12	149	1
1050	161	1
1472	243	1
59	82	1
889	807	1
146	818	1
202	1178	1
1050	208	1
236	970	1
863	1091	1
21	18	1
1472	866	1
957	1050	1
116	144	1
1295	1270	1
211	764	1
620	608	1
54	90	1
382	375	1
149	190	1
477	1601	1
768	1000	1
146	980	1
37	1001	1
1472	512	1
370	182	1
30	98	1
910	946	1
50	1380	1
921	1711	1
208	180	1
380	82	1
367	852	1
1472	1326	1
980	1021	1
74	916	1
789	1285	1
1285	384	1
238	227	1
220	954	1
1472	1373	1
64	1110	1
792	346	1
850	1156	1
1080	941	1
431	457	1
1046	1094	1
807	930	1
666	786	1
1472	1147	1
146	186	1
1472	1258	1
243	790	1
1036	811	1
374	60	1
1024	803	1
341	429	1
1007	1036	1
146	205	1
700	740	1
264	256	1
996	1250	1
867	250	1
387	90	1
541	613	1
1319	1358	1
1069	1315	1
1472	275	1
792	901	1
334	632	1
179	845	1
236	362	1
311	344	1
1472	386	1
774	848	1
813	758	1
67	1004	1
1438	1455	1
671	744	1
124	1495	1
54	762	1
715	668	1
1472	49	1
408	408	1
117	138	1
399	1142	1
1472	160	1
283	1205	1
63	1445	1
1301	387	1
1768	1246	1
1267	1209	1
441	449	1
1472	223	1
546	612	1
283	886	1
1194	868	1
109	1080	1
537	415	1
1472	846	1
295	443	1
48	124	1
1001	170	1
965	271	1
914	1087	1
1285	1244	1
21	423	1
1472	1021	1
412	1328	1
1714	337	1
1472	620	1
764	782	1
67	70	1
727	250	1
312	287	1
243	265	1
685	674	1
337	828	1
856	860	1
1670	703	1
168	1106	1
64	1027	1
1155	1147	1
1403	399	1
185	354	1
994	728	1
1472	1064	1
67	1390	1
47	844	1
889	1226	1
768	1691	1
431	493	1
654	1648	1
1472	1095	1
774	1685	1
341	464	1
640	617	1
400	398	1
138	1054	1
1373	1406	1
605	660	1
1117	1029	1
1472	383	1
370	969	1
740	1155	1
944	952	1
49	740	1
1403	1458	1
46	59	1
415	386	1
783	722	1
37	412	1
1472	29	1
260	1089	1
560	583	1
941	182	1
1004	1326	1
1472	140	1
60	1730	1
219	803	1
454	1614	1
37	766	1
867	1103	1
1472	827	1
955	87	1
867	803	1
1167	1090	1
961	1338	1
1369	1445	1
201	509	1
1067	1242	1
146	1062	1
1472	938	1
957	814	1
146	909	1
988	900	1
275	723	1
1472	985	1
81	224	1
1095	1133	1
50	1373	1
34	54	1
81	113	1
1311	961	1
1613	577	1
716	653	1
55	541	1
1472	743	1
752	889	1
91	809	1
1252	958	1
1472	1302	1
941	941	1
651	651	1
851	851	1
941	830	1
807	917	1
523	546	1
1433	1147	1
1285	250	1
1174	775	1
204	829	1
48	1069	1
467	469	1
1310	1314	1
957	202	1
1474	84	1
1369	186	1
374	100	1
1167	107	1
50	358	1
105	977	1
1120	836	1
109	777	1
37	124	1
97	961	1
109	922	1
346	1404	1
130	289	1
1472	347	1
259	236	1
9	1525	1
50	219	1
73	138	1
1472	458	1
404	550	1
83	97	1
1267	1107	1
91	1230	1
1472	121	1
1752	177	1
560	611	1
1367	1460	1
79	186	1
83	191	1
172	1556	1
909	973	1
412	1067	1
73	373	1
236	999	1
1472	775	1
957	961	1
337	184	1
1001	209	1
287	862	1
72	59	1
330	1027	1
93	1487	1
717	1685	1
957	1126	1
1070	107	1
1180	1535	1
7	79	1
441	219	1
168	893	1
162	135	1
1375	1437	1
55	752	1
114	140	1
367	194	1
1472	596	1
1682	1339	1
1001	412	1
253	311	1
1142	1031	1
807	202	1
400	1199	1
1472	707	1
1180	1036	1
411	541	1
138	895	1
64	1244	1
1247	840	1
1252	850	1
226	532	1
902	885	1
81	383	1
7	531	1
789	1361	1
366	1556	1
695	678	1
1262	1746	1
67	1318	1
48	942	1
1174	803	1
73	1485	1
38	73	1
1036	1236	1
1385	1358	1
1472	1167	1
1012	1272	1
762	791	1
122	182	1
217	154	1
111	1062	1
220	1743	1
1050	1252	1
1310	1310	1
109	1005	1
402	399	1
335	351	1
1319	1445	1
107	212	1
1004	94	1
914	370	1
454	443	1
1472	264	1
1396	1439	1
807	1126	1
1472	423	1
1403	1421	1
961	934	1
412	1018	1
1046	961	1
330	351	1
1472	470	1
792	1096	1
740	774	1
1179	209	1
1472	69	1
793	782	1
54	825	1
1472	244	1
374	1050	1
836	891	1
50	944	1
1472	867	1
116	145	1
79	271	1
47	1041	1
48	81	1
46	700	1
1295	1265	1
620	609	1
215	223	1
1050	64	1
1472	914	1
48	32	1
1472	513	1
149	302	1
61	1318	1
727	209	1
20	61	1
204	306	1
98	1325	1
1472	688	1
114	3	1
380	194	1
109	508	1
91	785	1
121	1494	1
300	1539	1
178	1507	1
1003	1092	1
471	618	1
807	972	1
217	980	1
252	379	1
1118	1118	1
1285	161	1
807	861	1
1145	988	1
1472	1148	1
1001	1152	1
375	383	1
1022	1262	1
23	259	1
1472	1259	1
1001	1041	1
1261	179	1
1083	1087	1
809	922	1
98	179	1
762	922	1
952	1006	1
977	1209	1
83	330	1
1472	276	1
977	1226	1
356	1169	1
211	238	1
411	496	1
1472	387	1
614	528	1
170	905	1
948	1132	1
1472	50	1
1752	250	1
958	1053	1
334	283	1
170	792	1
740	826	1
130	186	1
1472	161	1
50	965	1
965	236	1
89	793	1
1285	1337	1
1472	208	1
957	920	1
412	1043	1
1431	1444	1
1147	1147	1
61	1128	1
741	710	1
47	1077	1
465	459	1
1535	300	1
125	97	1
362	853	1
1155	850	1
1029	1205	1
903	1692	1
1472	1022	1
867	996	1
49	1713	1
362	740	1
1472	621	1
149	322	1
1717	861	1
1080	1294	1
0	30	1
113	699	1
1472	668	1
241	223	1
171	180	1
74	905	1
1324	399	1
167	128	1
1472	1466	1
130	790	1
1472	1065	1
168	1393	1
243	727	1
133	129	1
1483	391	1
252	671	1
179	383	1
130	905	1
807	833	1
1675	773	1
186	893	1
151	1021	1
1472	1112	1
986	996	1
165	129	1
810	182	1
23	295	1
460	451	1
1001	1037	1
1145	1242	1
1293	412	1
27	81	1
335	358	1
54	1118	1
922	814	1
155	181	1
356	786	1
1408	1421	1
74	47	1
259	243	1
740	1016	1
784	850	1
404	515	1
224	271	1
1126	1084	1
69	121	1
73	126	1
2	34	1
1167	1199	1
432	459	1
1087	1092	1
1357	1113	1
844	876	1
454	1615	1
441	476	1
1472	828	1
1080	1117	1
1369	1444	1
1686	827	1
620	538	1
159	174	1
1067	1245	1
1472	939	1
82	425	1
768	802	1
1007	155	1
96	373	1
1472	986	1
1424	1449	1
50	1370	1
412	1301	1
73	523	1
186	362	1
1472	585	1
961	1268	1
50	1325	1
768	64	1
38	614	1
777	790	1
358	1015	1
418	440	1
807	182	1
220	972	1
138	811	1
803	1251	1
107	1310	1
621	664	1
768	366	1
527	1616	1
1	1506	1
1403	283	1
941	846	1
47	867	1
73	1488	1
48	1070	1
47	208	1
341	499	1
893	1702	1
146	131	1
455	399	1
1248	1062	1
623	626	1
61	101	1
541	556	1
50	73	1
1244	1133	1
893	1145	1
540	1624	1
1056	155	1
779	996	1
341	1591	1
415	464	1
1	420	1
1472	459	1
149	740	1
117	208	1
862	282	1
1472	122	1
374	1164	1
1297	129	1
1367	1463	1
909	891	1
1022	988	1
969	208	1
1087	1144	1
810	768	1
1080	1162	1
1058	1082	1
50	909	1
231	846	1
1209	1214	1
179	723	1
1050	250	1
1472	792	1
116	190	1
335	988	1
48	182	1
814	827	1
358	343	1
54	124	1
717	1684	1
1285	1154	1
920	330	1
1472	951	1
525	525	1
1472	550	1
30	4	1
1375	1436	1
205	179	1
777	818	1
1313	832	1
63	85	1
768	219	1
792	209	1
170	173	1
969	1259	1
177	803	1
610	638	1
1012	958	1
1472	1041	1
977	981	1
320	496	1
1242	107	1
523	577	1
1041	1036	1
107	1560	1
312	1472	1
182	1002	1
73	1484	1
48	1482	1
146	231	1
491	1594	1
1365	208	1
1012	1128	1
37	31	1
97	1004	1
179	194	1
50	1734	1
531	409	1
753	729	1
335	1563	1
454	459	1
1472	440	1
614	629	1
50	252	1
1063	540	1
454	346	1
399	1263	1
1472	471	1
170	1033	1
83	124	1
73	54	1
844	1145	1
130	215	1
128	1361	1
1001	914	1
732	774	1
810	996	1
1111	1110	1
1472	868	1
204	1194	1
211	766	1
869	1704	1
362	894	1
202	967	1
1472	915	1
367	1759	1
1018	1161	1
373	1694	1
789	908	1
96	317	1
1472	514	1
168	858	1
283	1303	1
409	592	1
768	921	1
253	361	1
863	1008	1
55	727	1
957	1387	1
1070	358	1
828	853	1
143	176	1
60	850	1
1114	961	1
214	239	1
236	1311	1
1472	1375	1
47	965	1
909	1174	1
178	1504	1
412	117	1
179	354	1
1050	1319	1
67	1285	1
358	1128	1
464	539	1
891	900	1
50	348	1
146	203	1
460	559	1
565	508	1
383	177	1
402	496	1
957	98	1
920	1357	1
813	978	1
742	1068	1
13	10	1
1472	277	1
3	12	1
60	107	1
170	999	1
211	241	1
191	911	1
140	147	1
537	545	1
224	356	1
1205	1170	1
1438	1453	1
1118	129	1
809	1697	1
844	1018	1
1001	1021	1
836	954	1
179	621	1
1472	162	1
560	556	1
47	1238	1
374	920	1
967	1121	1
1172	1151	1
1472	209	1
168	393	1
1167	1128	1
1080	1090	1
1285	1353	1
1472	832	1
1055	807	1
243	237	1
957	889	1
867	999	1
1369	1385	1
768	1014	1
236	1230	1
1472	622	1
312	289	1
74	1408	1
922	1062	1
1472	669	1
1058	346	1
338	1549	1
46	810	1
752	863	1
182	1722	1
220	1001	1
560	1634	1
1472	1292	1
63	109	1
1421	1405	1
50	1128	1
471	664	1
814	1182	1
50	1275	1
1472	1066	1
902	973	1
62	62	1
138	1338	1
1036	747	1
48	920	1
1107	1138	1
1472	1113	1
279	1527	1
1004	370	1
217	160	1
252	527	1
201	619	1
146	156	1
1106	1222	1
734	671	1
868	1685	1
367	1326	1
1474	78	1
67	1422	1
1046	1346	1
217	209	1
752	362	1
182	1169	1
1069	1268	1
399	1424	1
226	240	1
541	583	1
164	174	1
74	44	1
97	133	1
727	897	1
126	280	1
608	631	1
1472	480	1
922	961	1
671	718	1
412	803	1
328	318	1
1472	31	1
124	920	1
412	850	1
220	107	1
684	730	1
1682	785	1
1004	1215	1
695	1670	1
98	1018	1
337	338	1
889	989	1
109	1050	1
920	367	1
1472	940	1
149	131	1
1404	1147	1
1004	1117	1
983	812	1
1748	208	1
404	55	1
295	302	1
243	201	1
412	1302	1
54	179	1
236	1074	1
55	750	1
614	1655	1
9	274	1
1080	1323	1
399	237	1
48	727	1
541	1632	1
873	892	1
1058	209	1
306	1462	1
107	1297	1
178	1497	1
454	518	1
74	938	1
920	858	1
1472	1415	1
156	148	1
446	490	1
751	869	1
271	197	1
1472	1078	1
243	690	1
64	1295	1
28	77	1
192	1507	1
1248	1096	1
1087	1729	1
240	235	1
110	1713	1
1472	1236	1
1167	117	1
362	1554	1
623	637	1
809	977	1
61	100	1
942	727	1
109	920	1
1472	302	1
151	87	1
155	144	1
140	196	1
74	64	1
697	981	1
149	1358	1
567	604	1
73	136	1
537	537	1
1472	460	1
1115	1092	1
1155	209	1
661	1656	1
224	155	1
1205	1147	1
1111	988	1
1018	1021	1
528	451	1
909	890	1
325	371	1
128	977	1
82	104	1
126	97	1
1472	793	1
211	741	1
1369	1415	1
523	1597	1
1472	904	1
1128	1082	1
984	850	1
146	1007	1
202	819	1
614	1664	1
1472	551	1
404	459	1
920	250	1
1424	1430	1
1142	1258	1
38	560	1
236	1046	1
957	1350	1
1113	1188	1
1472	709	1
171	110	1
116	1494	1
574	672	1
1472	1396	1
252	482	1
454	610	1
53	255	1
540	743	1
523	499	1
123	119	1
217	1022	1
1472	1042	1
1062	951	1
217	111	1
965	1083	1
1361	878	1
1055	1226	1
605	681	1
363	322	1
330	921	1
1007	961	1
957	236	1
48	1370	1
1720	962	1
941	1107	1
231	459	1
1361	1380	1
951	1010	1
779	805	1
1472	266	1
61	1581	1
186	1415	1
663	1659	1
301	298	1
454	456	1
1472	441	1
224	1709	1
279	279	1
715	757	1
1472	40	1
117	179	1
467	1608	1
905	813	1
121	176	1
779	737	1
73	390	1
1472	246	1
900	871	1
334	479	1
922	219	1
967	1037	1
159	208	1
1472	869	1
922	330	1
47	1043	1
1080	1046	1
1001	179	1
471	179	1
130	1373	1
382	378	1
1472	916	1
224	884	1
130	1484	1
47	1393	1
335	721	1
105	160	1
20	63	1
1472	690	1
47	742	1
980	905	1
90	135	1
204	387	1
168	1145	1
464	464	1
1001	271	1
146	260	1
1128	830	1
1472	1360	1
49	1111	1
1080	961	1
1395	840	1
1388	1415	1
191	357	1
1298	1351	1
988	1313	1
1070	803	1
48	1048	1
809	783	1
166	188	1
1472	1261	1
1001	1047	1
941	1062	1
50	349	1
605	653	1
809	920	1
1055	1087	1
541	497	1
67	1058	1
341	283	1
605	574	1
863	250	1
1145	1197	1
226	237	1
1458	1778	1
107	178	1
1472	278	1
211	240	1
283	271	1
965	807	1
920	1132	1
387	381	1
67	977	1
358	208	1
412	984	1
527	593	1
73	64	1
37	485	1
1472	52	1
333	1550	1
996	850	1
12	37	1
124	885	1
124	1089	1
550	557	1
1433	399	1
1472	163	1
83	136	1
209	1349	1
124	996	1
640	1653	1
415	201	1
239	277	1
1472	210	1
138	366	1
1366	1330	1
710	694	1
146	789	1
922	1682	1
117	1294	1
938	1061	1
862	924	1
1472	1008	1
1036	209	1
98	825	1
1709	182	1
110	380	1
1472	623	1
47	1301	1
752	961	1
91	81	1
825	891	1
204	336	1
920	929	1
846	803	1
1221	1021	1
47	762	1
1368	1375	1
129	1305	1
922	1110	1
1472	1293	1
9	215	1
1058	202	1
485	474	1
74	951	1
941	983	1
889	1118	1
138	900	1
807	1010	1
1070	972	1
1472	1067	1
217	54	1
312	862	1
1472	1114	1
977	540	1
889	1208	1
770	727	1
146	157	1
165	143	1
1055	1154	1
23	289	1
1415	1425	1
454	231	1
792	710	1
867	138	1
367	1438	1
47	1728	1
961	209	1
1655	649	1
920	1194	1
226	241	1
615	617	1
1293	1751	1
1338	1268	1
531	464	1
330	179	1
1472	370	1
219	1036	1
922	863	1
279	238	1
50	50	1
412	909	1
770	795	1
1472	481	1
1126	1074	1
46	62	1
50	133	1
415	399	1
73	124	1
1342	1334	1
1403	1316	1
941	179	1
279	460	1
893	1318	1
1172	1197	1
130	156	1
1472	143	1
810	810	1
867	727	1
1080	1264	1
1082	1182	1
454	1613	1
1586	498	1
1472	830	1
889	988	1
1369	1450	1
49	165	1
146	889	1
37	844	1
1472	941	1
370	283	1
63	972	1
893	941	1
55	376	1
1472	988	1
28	1508	1
825	806	1
1006	871	1
1472	587	1
149	356	1
1380	1356	1
1015	751	1
49	1324	1
980	1158	1
107	1522	1
124	460	1
1126	967	1
1472	762	1
999	1083	1
114	73	1
367	905	1
1472	1385	1
170	183	1
762	1145	1
1061	969	1
1472	1432	1
50	1180	1
1356	862	1
117	632	1
62	219	1
67	1359	1
942	907	1
692	1666	1
146	110	1
807	871	1
1385	1367	1
1472	1190	1
1389	1759	1
1007	940	1
23	325	1
955	1089	1
531	1594	1
235	803	1
74	367	1
952	825	1
402	422	1
920	1303	1
164	380	1
1069	1239	1
1429	1434	1
1472	303	1
135	1497	1
1099	64	1
346	1258	1
792	960	1
740	926	1
9	1530	1
567	607	1
1142	209	1
54	1370	1
46	90	1
374	551	1
692	712	1
1472	124	1
204	1442	1
408	467	1
279	464	1
83	211	1
304	292	1
358	107	1
1472	235	1
701	759	1
1162	1147	1
172	1559	1
374	961	1
1004	1180	1
784	237	1
253	240	1
657	1649	1
867	1132	1
1472	794	1
1422	1124	1
211	740	1
809	1067	1
1050	107	1
219	177	1
1472	905	1
867	977	1
281	278	1
1242	1299	1
1318	1124	1
768	768	1
202	816	1
98	1429	1
1472	568	1
367	94	1
850	900	1
48	406	1
966	1026	1
91	104	1
404	443	1
980	1178	1
428	449	1
1006	1010	1
920	921	1
1472	710	1
922	1055	1
380	185	1
146	289	1
81	380	1
1022	1047	1
217	844	1
664	1657	1
1714	969	1
62	100	1
46	1385	1
471	560	1
807	954	1
1472	1043	1
232	1514	1
374	165	1
1248	1254	1
358	1090	1
784	1141	1
271	329	1
1472	1154	1
122	181	1
341	405	1
74	304	1
1628	596	1
941	1106	1
1311	1304	1
1473	117	1
575	541	1
840	854	1
454	446	1
164	144	1
1472	267	1
1307	202	1
1128	445	1
226	185	1
48	1721	1
211	215	1
179	885	1
404	598	1
168	226	1
920	1041	1
67	1012	1
63	1199	1
412	1013	1
1525	171	1
54	1318	1
117	178	1
124	850	1
1472	88	1
149	887	1
50	988	1
124	1197	1
47	1197	1
211	275	1
105	1576	1
224	902	1
1454	186	1
889	916	1
778	1687	1
125	90	1
768	893	1
220	370	1
1285	1252	1
1730	1021	1
1472	917	1
149	186	1
758	758	1
64	1006	1
1111	1206	1
20	73	1
275	268	1
1472	516	1
341	531	1
124	389	1
825	862	1
20	56	1
53	1627	1
957	1385	1
46	1080	1
49	1396	1
1080	740	1
105	304	1
128	361	1
1070	727	1
485	421	1
214	237	1
50	1090	1
124	107	1
768	185	1
694	827	1
167	153	1
1472	1361	1
471	615	1
313	381	1
1567	395	1
742	742	1
191	356	1
1293	1262	1
814	1267	1
72	1024	1
1171	346	1
527	510	1
768	455	1
1050	1317	1
941	1172	1
235	717	1
988	1233	1
204	832	1
1472	1262	1
224	1038	1
762	822	1
941	1061	1
1024	807	1
605	652	1
237	264	1
1007	996	1
72	1357	1
179	179	1
38	1638	1
1408	1444	1
789	1703	1
164	180	1
438	575	1
1472	279	1
666	722	1
209	1033	1
412	938	1
1248	1742	1
311	340	1
1472	390	1
224	358	1
1015	1740	1
179	1322	1
50	158	1
287	223	1
490	489	1
40	408	1
1472	53	1
334	286	1
1024	1230	1
1018	963	1
728	805	1
217	1036	1
124	1090	1
1472	164	1
814	919	1
1001	908	1
727	690	1
1472	211	1
1686	786	1
362	961	1
1087	1283	1
21	50	1
867	920	1
362	1444	1
1004	1147	1
1197	208	1
1369	1391	1
341	582	1
65	1063	1
34	46	1
271	1531	1
1472	608	1
171	395	1
1369	1176	1
379	364	1
162	202	1
114	211	1
1472	671	1
868	824	1
60	1261	1
9	325	1
595	608	1
1613	554	1
1172	208	1
1003	1287	1
220	1247	1
922	1111	1
1472	1294	1
920	977	1
485	473	1
1062	1143	1
171	198	1
431	376	1
69	1195	1
130	789	1
38	170	1
920	751	1
48	922	1
303	306	1
1132	1150	1
1768	346	1
988	1286	1
1472	1115	1
320	314	1
1248	1198	1
23	288	1
1472	1226	1
762	842	1
1242	208	1
1325	1443	1
17	24	1
1429	1413	1
38	374	1
97	810	1
792	886	1
156	1497	1
107	145	1
893	1106	1
1357	995	1
1472	371	1
961	1010	1
941	1724	1
1118	208	1
73	146	1
399	1200	1
957	358	1
1024	1083	1
1167	727	1
675	653	1
366	728	1
1472	17	1
171	922	1
889	129	1
83	54	1
961	540	1
82	1567	1
451	442	1
1142	916	1
1472	128	1
1055	999	1
63	1477	1
893	842	1
50	996	1
231	807	1
54	996	1
454	1602	1
955	107	1
867	807	1
374	1089	1
1610	509	1
1318	1262	1
1022	129	1
146	1058	1
1472	942	1
61	1161	1
48	28	1
1015	1044	1
1004	1119	1
752	1024	1
914	1055	1
1472	989	1
50	1369	1
149	355	1
61	1387	1
243	376	1
105	383	1
1641	652	1
74	1442	1
204	373	1
1472	763	1
81	390	1
908	1147	1
335	1337	1
762	1047	1
346	994	1
1199	1181	1
170	180	1
105	409	1
250	1362	1
1472	1433	1
137	150	1
889	1145	1
199	208	1
1216	1226	1
1472	1032	1
1061	1066	1
146	111	1
809	821	1
1055	1232	1
1472	1191	1
260	251	1
1001	1117	1
363	344	1
996	1344	1
1021	1011	1
1050	867	1
383	250	1
402	423	1
1325	1415	1
61	98	1
740	697	1
727	1089	1
550	430	1
792	850	1
144	129	1
164	204	1
1472	351	1
1401	367	1
792	961	1
740	927	1
762	179	1
9	1529	1
179	905	1
1	441	1
550	648	1
715	715	1
1472	462	1
758	815	1
279	354	1
83	101	1
211	24	1
909	231	1
550	539	1
1472	125	1
560	615	1
1001	955	1
1004	1294	1
967	1178	1
1761	1421	1
1472	236	1
1001	836	1
58	399	1
47	1145	1
1368	988	1
1369	1413	1
961	1306	1
358	330	1
814	830	1
1066	1075	1
1067	1082	1
845	860	1
1472	906	1
288	1527	1
893	944	1
177	356	1
236	1153	1
111	1015	1
1472	569	1
117	1142	1
850	901	1
7	216	1
941	346	1
67	117	1
98	1285	1
1472	680	1
920	107	1
81	81	1
908	1160	1
560	1629	1
920	922	1
1454	1415	1
658	1650	1
9	238	1
1015	784	1
1368	1415	1
138	970	1
50	1070	1
252	508	1
789	1373	1
129	1521	1
610	650	1
224	1285	1
156	250	1
1103	1750	1
1401	862	1
208	1509	1
1472	1044	1
47	768	1
1472	1155	1
1285	107	1
1007	963	1
98	171	1
727	1268	1
1634	662	1
1361	1370	1
109	1001	1
1232	878	1
130	366	1
779	807	1
1180	117	1
50	104	1
179	884	1
177	1742	1
130	432	1
1472	443	1
809	237	1
1438	1460	1
122	374	1
54	1319	1
97	60	1
186	1767	1
727	824	1
73	388	1
94	1278	1
867	1082	1
1472	200	1
337	271	1
1111	1107	1
1366	1300	1
909	1005	1
236	967	1
1472	871	1
63	950	1
727	399	1
219	156	1
55	306	1
537	55	1
1472	918	1
758	759	1
373	1691	1
34	11	1
412	1321	1
110	358	1
20	74	1
1472	517	1
727	237	1
162	167	1
271	891	1
1472	692	1
9	296	1
191	48	1
428	422	1
105	311	1
641	1647	1
90	133	1
1472	1315	1
980	1018	1
1297	1333	1
124	219	1
1118	1203	1
435	1588	1
1713	337	1
61	742	1
1301	1302	1
1472	1136	1
770	753	1
109	171	1
146	183	1
914	1741	1
23	287	1
138	1127	1
693	1667	1
905	540	1
944	1142	1
969	337	1
50	1769	1
179	803	1
370	1162	1
110	996	1
37	274	1
537	550	1
1472	391	1
740	855	1
1629	663	1
192	197	1
412	986	1
164	107	1
809	346	1
1472	54	1
168	366	1
330	383	1
455	916	1
149	1525	1
217	1043	1
54	878	1
109	1297	1
1472	165	1
560	559	1
996	803	1
50	961	1
909	896	1
789	346	1
537	497	1
77	408	1
1472	212	1
1285	1317	1
867	1110	1
465	446	1
897	969	1
201	452	1
1472	835	1
938	1059	1
390	398	1
211	671	1
105	96	1
1021	178	1
1248	250	1
54	59	1
311	1532	1
1472	1010	1
758	723	1
910	992	1
34	47	1
916	177	1
789	941	1
168	825	1
335	695	1
944	138	1
214	300	1
50	1285	1
330	1337	1
1472	656	1
81	409	1
1276	1402	1
752	850	1
220	996	1
74	1054	1
367	887	1
243	445	1
60	1117	1
124	136	1
250	1343	1
454	537	1
146	358	1
1472	1470	1
9	38	1
485	553	1
109	109	1
38	171	1
1472	1069	1
48	1207	1
1203	1199	1
1285	129	1
1001	1120	1
1114	117	1
485	779	1
312	1531	1
53	471	1
201	616	1
1047	1111	1
988	1206	1
61	1004	1
155	107	1
1373	1401	1
138	1258	1
909	399	1
94	1771	1
917	900	1
130	342	1
920	1196	1
191	863	1
107	144	1
74	43	1
330	177	1
1472	372	1
67	830	1
411	464	1
50	48	1
1338	1381	1
362	366	1
1472	483	1
170	1085	1
762	271	1
283	666	1
909	194	1
231	64	1
199	1510	1
97	100	1
836	921	1
412	1197	1
1472	129	1
1472	816	1
61	1047	1
370	390	1
387	902	1
673	669	1
379	700	1
920	370	1
1472	943	1
1529	306	1
1015	1047	1
362	1433	1
69	1721	1
185	852	1
172	182	1
1288	1164	1
236	1069	1
146	1221	1
168	789	1
1380	1358	1
107	1524	1
1162	399	1
1472	1387	1
9	241	1
64	1124	1
83	1472	1
803	1255	1
485	508	1
384	1367	1
475	570	1
47	1022	1
893	1600	1
199	211	1
240	256	1
1472	1033	1
1024	194	1
126	1004	1
146	108	1
977	1354	1
1472	1208	1
170	358	1
83	955	1
697	655	1
951	1030	1
1472	1239	1
191	669	1
957	54	1
944	891	1
961	179	1
852	860	1
1444	1300	1
807	1256	1
130	314	1
1472	289	1
168	121	1
1370	1396	1
50	69	1
454	483	1
1051	231	1
40	51	1
1472	336	1
3	73	1
1103	1190	1
1048	1055	1
527	538	1
1472	463	1
1254	1249	1
121	153	1
63	1050	1
784	961	1
30	1489	1
1252	1110	1
2	2	1
54	1483	1
1472	126	1
408	469	1
7	279	1
1438	1147	1
988	208	1
1472	237	1
82	103	1
1388	337	1
512	586	1
1067	1196	1
957	1264	1
1472	796	1
1110	1086	1
211	742	1
412	1111	1
237	666	1
130	1396	1
219	179	1
109	1275	1
1472	907	1
984	853	1
236	1154	1
246	795	1
162	128	1
38	567	1
74	1396	1
1472	681	1
1380	1378	1
9	307	1
1276	1331	1
394	383	1
1190	999	1
91	155	1
1472	728	1
168	896	1
126	1247	1
747	820	1
1319	362	1
220	940	1
114	107	1
1472	1399	1
81	370	1
941	908	1
1293	1399	1
53	252	1
9	126	1
1388	1438	1
807	948	1
208	1510	1
67	1325	1
501	443	1
1041	1024	1
412	412	1
1472	1156	1
170	346	1
1001	1080	1
334	836	1
740	719	1
48	1373	1
67	1099	1
1672	936	1
1444	1465	1
989	1720	1
60	236	1
387	100	1
1205	1432	1
107	203	1
1117	1096	1
54	1050	1
1472	269	1
3	20	1
1055	1402	1
683	694	1
1001	747	1
861	879	1
1711	879	1
1472	444	1
97	194	1
212	245	1
412	1015	1
758	776	1
224	1567	1
1297	208	1
358	186	1
124	876	1
130	211	1
1472	90	1
1318	1365	1
50	986	1
325	340	1
220	46	1
1472	201	1
374	803	1
50	941	1
463	1643	1
63	1389	1
784	346	1
74	1718	1
867	1307	1
1408	399	1
752	984	1
825	860	1
98	1318	1
1472	693	1
205	194	1
1417	1300	1
64	1166	1
1155	1268	1
984	1103	1
109	358	1
1472	1316	1
1099	1095	1
146	259	1
220	944	1
422	476	1
647	653	1
1421	1446	1
220	807	1
523	528	1
742	740	1
1080	947	1
1050	1315	1
868	346	1
942	961	1
762	709	1
47	807	1
252	743	1
236	156	1
109	170	1
182	970	1
1472	1248	1
1435	1300	1
156	1021	1
165	121	1
61	56	1
27	72	1
48	1401	1
1590	459	1
1173	1069	1
700	337	1
778	787	1
374	464	1
1300	1440	1
107	183	1
0	1471	1
1472	361	1
1198	1303	1
2	168	1
73	1576	1
1472	408	1
168	192	1
346	1184	1
73	69	1
220	236	1
1472	55	1
170	1513	1
126	194	1
1472	166	1
149	905	1
50	1022	1
325	328	1
1	130	1
537	496	1
1472	213	1
1403	1147	1
1538	360	1
412	1128	1
1022	107	1
508	501	1
73	304	1
1161	1163	1
1472	836	1
149	107	1
867	922	1
428	214	1
1595	470	1
125	124	1
275	701	1
438	411	1
1472	1011	1
867	1003	1
211	527	1
379	497	1
1301	208	1
1709	179	1
98	1371	1
168	826	1
1169	1170	1
49	1285	1
379	366	1
1472	657	1
9	331	1
46	1114	1
358	972	1
73	844	1
1673	1095	1
171	171	1
445	968	1
69	1004	1
124	137	1
938	219	1
367	999	1
9	37	1
725	753	1
543	544	1
306	1633	1
471	517	1
204	128	1
739	781	1
1472	1070	1
999	1351	1
375	425	1
527	476	1
784	1056	1
1472	1117	1
170	387	1
63	1756	1
1361	1415	1
535	598	1
807	717	1
810	179	1
1311	1357	1
50	380	1
431	201	1
330	988	1
367	1435	1
1663	843	1
1021	862	1
334	559	1
367	1032	1
1293	1748	1
505	451	1
343	807	1
164	170	1
1472	373	1
792	999	1
50	49	1
1472	484	1
958	1107	1
226	494	1
211	126	1
1438	1421	1
73	97	1
1472	19	1
224	243	1
996	881	1
79	63	1
1056	850	1
1004	1316	1
909	850	1
94	1316	1
1472	130	1
1682	781	1
325	300	1
219	825	1
867	1141	1
957	951	1
374	1095	1
893	825	1
362	803	1
1472	928	1
149	143	1
390	107	1
105	67	1
859	870	1
1128	1105	1
390	250	1
74	1361	1
441	50	1
1472	590	1
168	790	1
999	1191	1
409	524	1
48	380	1
980	861	1
564	576	1
130	1058	1
1472	765	1
1433	1458	1
110	121	1
1472	1388	1
170	178	1
9	240	1
1421	1437	1
412	155	1
1155	1117	1
1472	1435	1
49	1180	1
235	617	1
240	257	1
132	153	1
445	206	1
965	1091	1
1472	1209	1
97	1485	1
122	156	1
217	128	1
237	317	1
113	375	1
743	759	1
1154	1148	1
402	421	1
60	201	1
903	775	1
460	627	1
27	48	1
179	237	1
177	1367	1
164	383	1
952	939	1
130	315	1
1472	290	1
961	803	1
545	556	1
1472	337	1
986	1261	1
412	1004	1
537	541	1
54	1369	1
170	1054	1
83	103	1
306	314	1
73	29	1
664	664	1
884	883	1
79	19	1
337	400	1
217	1098	1
1472	238	1
334	455	1
49	117	1
412	1057	1
1598	421	1
73	383	1
988	64	1
952	1110	1
1472	797	1
116	187	1
98	922	1
337	178	1
889	1021	1
673	696	1
211	745	1
1001	219	1
1285	977	1
1472	908	1
82	390	1
1111	1199	1
54	224	1
402	513	1
1232	1036	1
592	583	1
1695	811	1
149	276	1
47	1369	1
124	380	1
50	1403	1
343	194	1
81	87	1
46	1015	1
73	955	1
914	1315	1
1472	729	1
117	1174	1
337	894	1
1000	202	1
768	208	1
366	1711	1
237	221	1
74	1111	1
114	104	1
1472	1352	1
170	150	1
53	251	1
1080	920	1
768	1706	1
146	62	1
1472	1046	1
156	107	1
893	1748	1
1154	1342	1
49	922	1
467	503	1
1484	104	1
1107	1183	1
576	597	1
1325	1368	1
1698	786	1
50	260	1
752	182	1
1656	664	1
91	1380	1
54	1128	1
224	494	1
1092	1135	1
614	671	1
151	119	1
121	90	1
742	1172	1
770	815	1
454	460	1
1472	445	1
61	358	1
1438	1466	1
2	116	1
370	666	1
496	545	1
467	1612	1
46	117	1
654	628	1
1472	91	1
208	1744	1
1022	1021	1
126	54	1
73	394	1
1155	94	1
1472	202	1
867	784	1
73	283	1
1472	889	1
61	1118	1
116	159	1
889	921	1
428	243	1
999	356	1
125	87	1
130	1369	1
1472	1000	1
1111	1203	1
565	591	1
732	464	1
914	1125	1
1472	519	1
149	296	1
961	1030	1
30	101	1
341	528	1
1117	803	1
55	722	1
74	1385	1
114	170	1
98	1319	1
1472	694	1
49	1385	1
138	138	1
412	1737	1
1248	941	1
1472	1317	1
46	1454	1
999	1148	1
1179	1178	1
1080	965	1
217	941	1
100	862	1
986	155	1
1070	807	1
1080	803	1
809	883	1
23	281	1
1472	1249	1
373	852	1
697	710	1
367	1414	1
999	913	1
1300	1330	1
341	295	1
952	1012	1
1324	1096	1
455	739	1
402	493	1
528	579	1
749	763	1
50	1767	1
807	1203	1
473	512	1
1472	362	1
231	201	1
185	1297	1
73	1583	1
1472	409	1
149	694	1
412	980	1
1048	1112	1
1472	8	1
334	285	1
113	1248	1
330	460	1
1472	167	1
49	44	1
909	958	1
1285	1315	1
1472	214	1
810	965	1
146	1085	1
337	250	1
1207	999	1
1433	94	1
146	1100	1
1197	205	1
1472	1012	1
149	219	1
918	918	1
30	54	1
379	496	1
433	1592	1
91	36	1
219	107	1
98	1368	1
1132	1732	1
485	373	1
87	129	1
241	209	1
1293	1325	1
124	138	1
909	1060	1
1118	1282	1
471	663	1
1325	988	1
1472	1456	1
170	110	1
889	1122	1
1022	1106	1
825	202	1
132	166	1
988	1281	1
1472	1118	1
61	889	1
48	1080	1
46	1559	1
374	224	1
85	115	1
770	723	1
74	740	1
146	153	1
109	141	1
1174	1005	1
1036	1178	1
48	1431	1
260	800	1
762	952	1
528	528	1
17	29	1
399	1439	1
541	578	1
1015	399	1
164	171	1
1472	374	1
922	859	1
944	959	1
50	46	1
984	400	1
231	237	1
177	1556	1
110	902	1
1472	485	1
61	1730	1
116	275	1
188	160	1
351	660	1
121	131	1
177	177	1
488	666	1
73	96	1
275	796	1
217	1133	1
451	447	1
94	1317	1
53	1195	1
1472	131	1
965	202	1
567	138	1
1472	818	1
79	348	1
98	1015	1
55	455	1
1067	1235	1
98	1050	1
1472	929	1
211	701	1
185	858	1
335	740	1
961	1117	1
531	523	1
803	366	1
471	484	1
1472	591	1
1015	747	1
67	43	1
50	1319	1
91	177	1
1361	185	1
1433	1457	1
1128	747	1
922	1206	1
1472	1389	1
170	179	1
191	219	1
252	475	1
909	1096	1
803	989	1
977	850	1
46	1361	1
289	304	1
199	205	1
1216	1229	1
380	375	1
1472	1035	1
63	354	1
941	840	1
224	1114	1
762	762	1
229	1515	1
1366	1754	1
1087	1740	1
138	1085	1
74	363	1
920	1307	1
961	177	1
50	1756	1
751	1316	1
330	64	1
944	972	1
541	550	1
283	346	1
50	67	1
1689	786	1
454	481	1
751	1173	1
1472	338	1
1473	143	1
889	64	1
1472	449	1
204	1359	1
591	1645	1
740	873	1
46	94	1
1226	208	1
893	1365	1
220	213	1
537	653	1
1472	112	1
97	390	1
444	429	1
49	27	1
21	149	1
1472	239	1
231	836	1
394	1557	1
325	271	1
58	394	1
663	699	1
741	695	1
1295	1178	1
23	1533	1
1472	909	1
867	1249	1
1055	250	1
646	650	1
337	194	1
784	399	1
585	356	1
236	1276	1
1472	572	1
47	1368	1
48	394	1
91	108	1
1709	250	1
38	565	1
1472	683	1
81	86	1
50	1483	1
72	367	1
1252	970	1
60	836	1
1472	730	1
9	130	1
1061	792	1
50	1114	1
380	181	1
146	285	1
49	1070	1
138	969	1
909	1132	1
1197	1325	1
130	809	1
393	1577	1
46	1389	1
551	476	1
130	984	1
921	963	1
1472	1047	1
814	1098	1
375	400	1
785	1692	1
455	472	1
1593	462	1
146	225	1
330	898	1
1619	670	1
1107	1182	1
957	231	1
151	144	1
91	1383	1
1370	1447	1
541	409	1
768	1047	1
531	415	1
130	284	1
1472	271	1
999	850	1
1004	996	1
537	591	1
1472	446	1
171	825	1
83	405	1
100	1501	1
768	1333	1
1472	45	1
224	205	1
496	546	1
671	653	1
69	59	1
50	984	1
325	338	1
73	393	1
867	1087	1
1472	203	1
765	1680	1
113	1317	1
889	920	1
48	72	1
1001	182	1
559	542	1
215	212	1
1248	209	1
130	1366	1
54	82	1
1176	1282	1
96	324	1
1472	1001	1
374	1343	1
1561	381	1
1147	1458	1
1472	536	1
980	807	1
1006	803	1
54	380	1
114	171	1
1472	695	1
9	1537	1
53	60	1
1472	1318	1
1118	1011	1
124	103	1
909	1087	1
1472	1365	1
449	464	1
485	562	1
289	271	1
117	907	1
47	944	1
217	989	1
1352	1365	1
53	496	1
146	178	1
1021	967	1
1062	807	1
1004	155	1
454	252	1
1619	698	1
1012	1098	1
48	1403	1
541	460	1
38	334	1
124	1289	1
50	1764	1
914	337	1
1472	363	1
186	1444	1
889	399	1
49	752	1
89	727	1
179	853	1
608	609	1
73	1582	1
1472	410	1
1325	1262	1
67	980	1
1046	996	1
1004	863	1
1001	999	1
508	529	1
1	279	1
1472	184	1
171	963	1
560	546	1
283	1165	1
1058	1037	1
728	728	1
1318	1399	1
1765	1410	1
1472	215	1
1080	1096	1
1004	1248	1
1110	1124	1
54	62	1
330	1090	1
111	955	1
861	1702	1
1472	1013	1
243	243	1
891	1711	1
961	1136	1
1047	974	1
988	815	1
28	1548	1
908	1276	1
1024	1725	1
1344	1178	1
1472	659	1
999	1042	1
965	1722	1
922	1107	1
996	64	1
700	860	1
455	237	1
226	727	1
48	1243	1
471	519	1
1472	1056	1
902	967	1
62	179	1
941	1268	1
1178	1237	1
165	138	1
1472	1230	1
61	1001	1
1057	208	1
740	306	1
238	1519	1
1128	219	1
957	47	1
98	110	1
367	1445	1
813	927	1
1206	1182	1
374	387	1
356	650	1
1050	1110	1
259	107	1
1369	64	1
374	306	1
807	1110	1
1472	375	1
168	47	1
370	961	1
740	999	1
64	64	1
50	47	1
330	271	1
1472	486	1
283	671	1
124	807	1
1393	1392	1
412	825	1
1096	1254	1
415	394	1
55	179	1
1431	94	1
1472	21	1
149	826	1
432	450	1
73	496	1
220	97	1
1472	132	1
1515	230	1
37	742	1
1472	819	1
262	277	1
1114	1256	1
109	1044	1
952	1067	1
957	1114	1
116	208	1
922	399	1
546	499	1
1100	1178	1
453	519	1
1472	977	1
1128	1107	1
172	177	1
941	370	1
779	155	1
1369	1359	1
531	522	1
1373	367	1
1371	1513	1
74	1375	1
1472	576	1
49	1319	1
1015	1334	1
252	246	1
1248	999	1
922	1028	1
367	807	1
63	62	1
747	845	1
986	399	1
768	246	1
60	784	1
1472	1390	1
902	129	1
83	1477	1
306	1456	1
752	704	1
220	1070	1
608	1636	1
1350	1262	1
69	863	1
240	259	1
1472	1036	1
146	107	1
535	519	1
861	1040	1
259	280	1
167	387	1
1472	1211	1
479	509	1
48	1061	1
374	205	1
1007	1247	1
55	1698	1
878	717	1
97	1340	1
559	1614	1
231	1673	1
952	830	1
402	419	1
97	985	1
792	807	1
1325	1411	1
94	1738	1
792	854	1
334	521	1
1370	1395	1
454	486	1
74	74	1
168	11	1
1473	142	1
922	956	1
745	759	1
130	91	1
54	1375	1
727	784	1
124	1047	1
1216	967	1
110	1126	1
1472	113	1
830	1035	1
171	1018	1
922	94	1
346	1033	1
793	826	1
1041	236	1
220	69	1
1472	224	1
904	1048	1
47	1172	1
1061	370	1
179	1028	1
185	923	1
1080	1024	1
236	878	1
1472	910	1
386	1589	1
48	60	1
1021	119	1
146	1001	1
238	259	1
1147	1449	1
1472	573	1
149	274	1
47	1371	1
50	1401	1
236	1036	1
114	132	1
1472	684	1
149	387	1
999	1221	1
46	1013	1
1454	1419	1
63	82	1
1389	1402	1
867	1724	1
740	182	1
81	375	1
9	18	1
485	541	1
789	1369	1
366	368	1
1080	922	1
907	918	1
179	271	1
252	367	1
146	60	1
1472	1128	1
501	440	1
64	1377	1
431	429	1
252	734	1
53	411	1
1178	1178	1
955	1011	1
117	712	1
1001	1085	1
1435	1466	1
1628	593	1
1067	803	1
1069	1189	1
902	1044	1
996	1271	1
1070	1114	1
955	1233	1
1370	1444	1
409	417	1
50	405	1
383	107	1
809	64	1
185	1531	1
1069	1351	1
73	1585	1
170	1121	1
809	209	1
944	1196	1
909	182	1
779	1261	1
1472	46	1
740	782	1
73	63	1
810	860	1
444	434	1
337	1702	1
752	1311	1
909	920	1
920	399	1
1472	204	1
830	1206	1
633	1644	1
1080	1197	1
1756	1376	1
1472	891	1
337	156	1
1080	1052	1
1004	1036	1
72	95	1
91	429	1
1358	283	1
146	1126	1
1490	115	1
149	197	1
78	85	1
758	715	1
1375	1384	1
94	943	1
1472	537	1
117	1110	1
423	443	1
752	987	1
863	1017	1
789	774	1
957	1380	1
1472	648	1
669	1660	1
380	107	1
55	605	1
1472	1319	1
740	219	1
908	1087	1
789	728	1
1472	1366	1
7	623	1
74	1004	1
844	248	1
1316	1374	1
1036	1121	1
362	1714	1
455	447	1
402	201	1
38	109	1
961	94	1
50	343	1
1335	1392	1
330	935	1
182	1164	1
179	182	1
1226	1281	1
952	1014	1
1024	1334	1
545	633	1
1472	364	1
867	370	1
1011	1026	1
109	747	1
54	1172	1
1472	411	1
809	205	1
741	778	1
1126	1032	1
1096	1227	1
73	74	1
1472	10	1
113	1254	1
130	178	1
1472	185	1
204	1511	1
138	1689	1
283	976	1
432	438	1
399	722	1
1050	138	1
454	1627	1
441	456	1
224	968	1
941	107	1
1001	768	1
1686	791	1
1285	902	1
1080	1080	1
48	117	1
768	862	1
54	63	1
863	831	1
1230	1750	1
813	194	1
63	807	1
961	1143	1
341	577	1
236	1221	1
151	1472	1
1472	613	1
149	330	1
1365	1418	1
578	556	1
1454	1360	1
98	1737	1
1472	660	1
404	376	1
815	798	1
816	840	1
445	1312	1
878	250	1
143	157	1
74	1050	1
191	161	1
621	684	1
69	1285	1
751	985	1
844	141	1
492	480	1
1472	1458	1
117	1021	1
67	1736	1
941	977	1
449	435	1
223	225	1
1472	1057	1
48	1195	1
1080	850	1
1046	1147	1
965	1132	1
1036	1029	1
341	487	1
53	467	1
1645	664	1
48	1417	1
109	796	1
952	803	1
957	46	1
813	926	1
67	1028	1
122	89	1
109	941	1
91	1454	1
168	1717	1
830	919	1
1103	1230	1
1472	328	1
362	362	1
235	232	1
73	149	1
1110	1733	1
723	815	1
740	887	1
279	341	1
83	76	1
46	64	1
1393	1399	1
69	97	1
893	1359	1
1	449	1
220	243	1
1472	22	1
83	61	1
1747	1337	1
1472	133	1
149	938	1
399	1117	1
867	1142	1
1472	820	1
204	1178	1
63	1361	1
109	1043	1
146	1055	1
441	341	1
1298	803	1
346	346	1
202	774	1
295	295	1
370	356	1
172	178	1
47	1350	1
67	412	1
1369	1358	1
54	138	1
1472	577	1
404	429	1
149	366	1
28	1553	1
428	475	1
752	995	1
739	767	1
1472	752	1
999	1073	1
1166	1140	1
873	869	1
751	908	1
182	1689	1
1472	1391	1
1015	779	1
1293	1359	1
485	504	1
1472	1438	1
170	64	1
407	429	1
1166	1174	1
179	306	1
1197	1368	1
240	260	1
1472	1037	1
1058	970	1
69	751	1
109	222	1
122	155	1
89	82	1
363	351	1
164	388	1
1507	190	1
938	879	1
1325	1393	1
1055	1132	1
356	728	1
1205	811	1
109	768	1
1050	1080	1
97	984	1
957	50	1
226	60	1
346	1349	1
784	807	1
1620	556	1
399	967	1
1	444	1
1472	451	1
792	1141	1
614	464	1
121	157	1
306	313	1
627	1639	1
130	203	1
171	1021	1
225	207	1
54	810	1
1472	225	1
832	832	1
1111	1098	1
179	731	1
73	380	1
236	984	1
109	1126	1
1142	868	1
867	1170	1
1472	784	1
149	63	1
315	299	1
79	306	1
98	921	1
117	1375	1
1021	133	1
768	663	1
715	778	1
1472	911	1
125	33	1
862	862	1
48	396	1
124	383	1
957	1375	1
1472	685	1
9	311	1
742	771	1
671	269	1
50	1481	1
1472	732	1
464	491	1
909	1049	1
109	271	1
237	218	1
236	1331	1
938	271	1
50	1067	1
15	15	1
471	601	1
366	369	1
149	1749	1
902	1021	1
407	433	1
46	1395	1
908	1402	1
217	967	1
458	507	1
1472	1129	1
46	1762	1
948	250	1
455	474	1
810	231	1
1472	1176	1
122	191	1
412	271	1
341	415	1
159	1494	1
1050	977	1
146	223	1
1325	1365	1
517	1617	1
109	996	1
97	996	1
762	1022	1
179	202	1
3	24	1
768	1176	1
1	623	1
1472	432	1
868	1049	1
920	1047	1
64	393	1
1472	47	1
149	768	1
1180	784	1
79	67	1
209	1217	1
126	170	1
893	1399	1
969	107	1
1472	94	1
922	179	1
374	1248	1
1001	922	1
107	267	1
73	399	1
1402	1462	1
1472	205	1
443	1593	1
283	868	1
113	1499	1
1472	892	1
116	154	1
7	21	1
488	769	1
146	955	1
1472	1003	1
149	196	1
194	943	1
155	1503	1
445	1081	1
379	489	1
146	970	1
809	1178	1
238	284	1
74	1285	1
1472	538	1
168	834	1
1148	1003	1
155	1100	1
341	541	1
362	1388	1
412	1365	1
957	1379	1
1472	649	1
208	174	1
380	100	1
74	779	1
330	1425	1
957	1748	1
1472	1336	1
1380	1425	1
138	792	1
74	922	1
54	412	1
1396	399	1
1472	1367	1
540	595	1
9	13	1
337	744	1
1022	1077	1
124	208	1
160	175	1
130	779	1
807	967	1
1070	955	1
404	1578	1
341	81	1
252	652	1
53	333	1
1472	1141	1
48	1055	1
49	810	1
374	155	1
1062	970	1
965	1048	1
878	283	1
550	1634	1
1472	1252	1
1057	202	1
47	144	1
237	258	1
170	717	1
88	78	1
507	516	1
1103	1092	1
149	1197	1
83	341	1
999	995	1
528	582	1
1300	1452	1
50	1762	1
164	178	1
1103	1269	1
1472	365	1
790	346	1
792	911	1
170	1007	1
287	308	1
807	1085	1
2	164	1
73	1580	1
1472	412	1
224	380	1
171	807	1
671	722	1
283	693	1
1085	64	1
1472	11	1
63	1118	1
12	220	1
201	237	1
1051	961	1
110	1055	1
1472	186	1
82	152	1
53	1221	1
1472	809	1
224	969	1
1110	1035	1
79	325	1
337	366	1
46	374	1
73	308	1
54	909	1
55	508	1
146	1080	1
109	1070	1
740	1700	1
148	194	1
957	768	1
814	891	1
1595	490	1
1481	158	1
1067	1145	1
438	415	1
1472	1015	1
215	107	1
1472	614	1
1380	1367	1
961	1255	1
379	354	1
752	1016	1
1172	367	1
789	793	1
1472	661	1
1380	1318	1
685	664	1
999	1036	1
1458	1432	1
50	1425	1
574	656	1
9	216	1
49	1051	1
412	179	1
124	133	1
367	995	1
380	366	1
681	1663	1
1472	1058	1
575	415	1
977	900	1
481	513	1
972	185	1
1385	1404	1
955	973	1
1472	1105	1
48	1083	1
170	286	1
138	1028	1
67	1142	1
1080	177	1
64	1753	1
179	100	1
1007	1066	1
1671	729	1
1403	1777	1
867	179	1
47	1737	1
27	40	1
374	385	1
551	1621	1
54	1111	1
402	460	1
1370	1437	1
48	1768	1
961	859	1
541	607	1
944	1047	1
50	90	1
1472	329	1
957	271	1
117	82	1
1496	127	1
543	1642	1
110	901	1
130	117	1
1472	504	1
149	727	1
204	1318	1
170	1062	1
170	850	1
496	541	1
287	185	1
362	250	1
73	101	1
236	727	1
506	1610	1
1472	23	1
1001	961	1
34	392	1
914	740	1
944	367	1
1021	271	1
54	1022	1
441	491	1
1472	821	1
1529	324	1
63	1360	1
130	1389	1
367	1710	1
531	524	1
1472	578	1
314	300	1
538	716	1
67	44	1
752	996	1
1472	753	1
560	411	1
742	1015	1
337	790	1
375	250	1
358	1004	1
241	242	1
375	107	1
105	387	1
217	889	1
289	324	1
220	884	1
366	346	1
1472	1439	1
1007	727	1
63	367	1
375	393	1
1118	747	1
38	91	1
1050	1383	1
61	922	1
1275	988	1
965	1232	1
1107	1159	1
1145	1036	1
1361	1392	1
989	1711	1
496	460	1
957	49	1
61	124	1
279	37	1
1111	400	1
727	1119	1
740	679	1
1080	60	1
961	182	1
69	401	1
1600	691	1
346	1346	1
334	527	1
920	1165	1
1663	760	1
50	126	1
784	792	1
1396	1421	1
164	202	1
2	253	1
73	1563	1
1472	341	1
1230	1201	1
1010	1088	1
1629	681	1
69	179	1
1472	452	1
205	947	1
792	1142	1
46	93	1
374	574	1
399	1027	1
1472	115	1
560	541	1
1472	226	1
810	777	1
1055	961	1
334	459	1
1247	1385	1
1472	785	1
337	182	1
1133	1138	1
1167	836	1
768	872	1
54	117	1
330	1033	1
148	250	1
1472	896	1
236	1279	1
146	1171	1
920	194	1
11	275	1
105	204	1
1022	1709	1
91	97	1
1472	686	1
1180	1175	1
202	1313	1
1472	733	1
243	459	1
999	1108	1
411	535	1
541	1628	1
114	100	1
1472	1356	1
117	771	1
941	903	1
700	774	1
497	453	1
431	318	1
1285	179	1
130	983	1
54	1747	1
1180	399	1
551	473	1
1718	907	1
660	695	1
535	549	1
48	1475	1
1080	250	1
146	220	1
496	409	1
98	165	1
226	110	1
460	572	1
48	1362	1
1331	811	1
1738	1087	1
952	988	1
592	451	1
387	107	1
279	73	1
1720	953	1
54	1055	1
211	220	1
1004	999	1
1085	970	1
224	337	1
1403	1415	1
719	1672	1
412	972	1
235	179	1
54	1337	1
1472	32	1
50	836	1
412	867	1
508	520	1
527	746	1
73	61	1
451	491	1
560	569	1
999	1750	1
980	366	1
988	177	1
1070	179	1
909	999	1
768	709	1
253	173	1
146	809	1
897	999	1
182	107	1
1087	1300	1
1472	893	1
7	20	1
1538	304	1
1747	250	1
957	1408	1
1472	1004	1
1015	1242	1
464	1615	1
656	665	1
803	346	1
1472	539	1
538	661	1
105	168	1
114	166	1
96	421	1
1472	650	1
226	1516	1
208	175	1
1472	1337	1
621	710	1
217	768	1
454	567	1
220	909	1
74	1143	1
117	999	1
81	337	1
9	12	1
60	1062	1
1080	969	1
124	209	1
53	219	1
700	810	1
402	37	1
431	466	1
1319	107	1
130	955	1
1070	811	1
1472	1142	1
1080	807	1
784	1096	1
1195	182	1
240	220	1
550	1635	1
50	341	1
807	1353	1
146	192	1
109	967	1
130	332	1
790	488	1
191	1141	1
50	1763	1
807	1199	1
1472	366	1
224	398	1
21	1506	1
47	358	1
784	864	1
1048	1069	1
1085	1006	1
751	1230	1
740	861	1
179	967	1
54	1285	1
1472	12	1
97	82	1
958	1035	1
1001	996	1
1472	187	1
1056	954	1
63	1454	1
124	1020	1
236	914	1
111	742	1
537	507	1
1472	810	1
810	961	1
740	1701	1
315	338	1
379	519	1
768	848	1
54	61	1
453	544	1
148	178	1
1472	968	1
567	497	1
1472	615	1
1180	1192	1
10	14	1
409	571	1
30	69	1
341	560	1
252	237	1
38	624	1
114	202	1
560	496	1
9	334	1
362	1232	1
768	237	1
1359	1375	1
143	159	1
185	397	1
922	1118	1
1472	1285	1
168	1117	1
1180	1102	1
49	1050	1
167	186	1
725	764	1
889	1126	1
303	330	1
358	803	1
217	909	1
50	1264	1
220	768	1
768	1686	1
807	891	1
961	399	1
464	609	1
296	314	1
166	208	1
1472	1217	1
74	371	1
109	794	1
938	792	1
98	109	1
61	87	1
47	1736	1
1111	399	1
1221	1115	1
1319	1430	1
1062	209	1
411	1557	1
48	1769	1
50	91	1
1408	1415	1
236	306	1
1472	330	1
90	1487	1
341	1561	1
23	253	1
83	78	1
209	1279	1
1441	1458	1
94	1438	1
537	693	1
1472	104	1
171	915	1
560	626	1
83	63	1
1017	445	1
1478	82	1
54	844	1
110	740	1
1472	135	1
281	224	1
965	182	1
412	1242	1
969	179	1
889	996	1
1366	1366	1
1167	867	1
1154	94	1
306	708	1
54	110	1
1285	1172	1
185	862	1
920	231	1
1472	980	1
941	367	1
1015	1154	1
485	179	1
362	1298	1
1635	617	1
459	472	1
149	364	1
9	281	1
67	47	1
485	260	1
168	938	1
238	55	1
1472	1377	1
117	814	1
100	131	1
105	531	1
217	1001	1
50	1172	1
380	371	1
643	645	1
211	1671	1
49	1248	1
67	1335	1
1132	1113	1
1022	1245	1
855	898	1
1335	1428	1
1385	1375	1
762	774	1
961	107	1
740	721	1
407	226	1
941	1126	1
1007	1097	1
109	1022	1
367	1466	1
61	123	1
170	642	1
779	816	1
1472	295	1
1198	1249	1
541	546	1
454	485	1
73	1562	1
1473	131	1
63	1203	1
908	250	1
965	999	1
1319	1176	1
53	1001	1
1472	453	1
1172	1242	1
1472	116	1
560	542	1
818	346	1
432	481	1
1022	970	1
110	640	1
1472	227	1
909	962	1
867	1172	1
1472	786	1
663	695	1
116	128	1
315	301	1
1732	1168	1
374	840	1
54	74	1
1472	897	1
98	774	1
727	337	1
768	792	1
146	996	1
809	1212	1
1472	560	1
47	1380	1
114	131	1
994	851	1
6	11	1
428	441	1
1062	1236	1
109	380	1
1292	1309	1
1472	734	1
74	868	1
146	281	1
219	373	1
753	1693	1
792	219	1
922	1174	1
1472	1357	1
1293	1393	1
752	751	1
677	672	1
74	1015	1
47	920	1
217	965	1
61	844	1
1007	1167	1
236	182	1
1472	1178	1
460	430	1
1001	1058	1
818	728	1
1004	179	1
38	471	1
921	1077	1
762	909	1
1444	1447	1
867	202	1
107	193	1
1472	259	1
1000	1028	1
287	338	1
219	1100	1
1472	434	1
149	1385	1
170	920	1
83	409	1
961	947	1
909	179	1
1472	33	1
496	550	1
1162	1317	1
98	742	1
889	209	1
451	490	1
306	475	1
110	813	1
775	735	1
1001	920	1
50	980	1
969	250	1
790	1684	1
1406	840	1
217	1242	1
231	868	1
55	410	1
1472	894	1
386	1637	1
47	1050	1
814	861	1
63	1387	1
1652	663	1
1472	1005	1
168	693	1
81	148	1
98	810	1
1325	64	1
1472	540	1
205	107	1
850	864	1
742	850	1
214	283	1
984	1190	1
114	167	1
1472	651	1
208	160	1
49	1388	1
283	1694	1
920	1021	1
1472	1338	1
149	1557	1
1292	1281	1
1206	1755	1
1012	1426	1
64	1442	1
1317	803	1
217	944	1
807	961	1
48	1154	1
1018	1730	1
431	477	1
252	654	1
902	1338	1
955	931	1
1472	1143	1
64	1344	1
807	807	1
723	728	1
1472	1254	1
811	1696	1
965	1175	1
146	193	1
460	545	1
1012	1110	1
302	324	1
124	1686	1
1247	250	1
1226	1292	1
182	1074	1
1370	1415	1
83	343	1
217	1737	1
1472	367	1
527	555	1
54	1387	1
1110	384	1
1046	1016	1
1472	13	1
496	578	1
1111	814	1
1058	1174	1
217	1044	1
69	27	1
988	231	1
130	177	1
1472	188	1
171	967	1
7	341	1
742	306	1
1438	1205	1
124	1021	1
965	209	1
858	791	1
893	1418	1
130	1556	1
948	929	1
182	197	1
1472	811	1
957	941	1
98	1004	1
32	1474	1
1472	858	1
1717	896	1
938	1066	1
867	896	1
889	952	1
1614	568	1
1481	156	1
412	1429	1
91	394	1
1472	969	1
243	247	1
836	1716	1
455	1594	1
98	1365	1
1472	632	1
171	387	1
944	129	1
46	961	1
1015	1326	1
114	203	1
1472	663	1
9	333	1
1369	893	1
908	1103	1
1613	546	1
1132	1729	1
53	28	1
114	90	1
98	1719	1
938	306	1
922	1119	1
217	867	1
454	528	1
74	1128	1
170	107	1
331	1547	1
681	1661	1
109	1682	1
132	163	1
1472	1060	1
1276	250	1
48	914	1
138	540	1
275	1673	1
1285	138	1
330	740	1
914	1689	1
954	1102	1
1472	1107	1
252	513	1
1050	996	1
109	136	1
110	1699	1
50	374	1
1069	1113	1
1007	768	1
1385	1436	1
528	533	1
122	100	1
1319	1425	1
957	412	1
1423	1431	1
144	157	1
164	208	1
1472	331	1
538	1681	1
961	970	1
74	165	1
383	445	1
1472	506	1
1180	811	1
173	175	1
124	803	1
179	1294	1
69	110	1
1118	107	1
73	107	1
1	454	1
1472	105	1
432	454	1
55	60	1
130	149	1
1472	152	1
904	1120	1
7	441	1
373	393	1
484	1594	1
867	1147	1
1472	823	1
367	367	1
47	1133	1
211	723	1
214	758	1
0	312	1
1285	999	1
98	1047	1
98	867	1
63	1015	1
236	1173	1
1472	981	1
961	1104	1
50	1361	1
34	74	1
162	119	1
1048	740	1
114	156	1
828	928	1
107	1517	1
204	365	1
367	803	1
1472	755	1
171	124	1
74	1085	1
461	491	1
83	1481	1
969	1268	1
289	346	1
1216	1107	1
1472	1425	1
46	1370	1
941	818	1
217	1000	1
768	488	1
952	117	1
451	1594	1
1385	1741	1
1472	1024	1
168	1368	1
1012	988	1
61	920	1
1015	219	1
467	481	1
1007	951	1
1050	1172	1
867	64	1
49	961	1
1373	1366	1
476	512	1
792	811	1
867	209	1
48	1287	1
742	1043	1
1173	1135	1
1365	1751	1
370	1402	1
961	805	1
541	545	1
50	124	1
1472	343	1
867	399	1
779	1221	1
502	502	1
751	1025	1
1472	454	1
1024	1055	1
1048	1173	1
627	1640	1
1472	117	1
149	858	1
171	1022	1
337	394	1
73	400	1
1472	228	1
429	459	1
179	732	1
236	987	1
367	387	1
810	902	1
7	50	1
889	903	1
1311	250	1
1369	1421	1
130	1359	1
867	1252	1
1472	898	1
149	173	1
777	716	1
944	107	1
48	48	1
1472	561	1
149	286	1
409	577	1
1173	999	1
130	1425	1
863	897	1
1199	1115	1
1472	672	1
6	8	1
283	1717	1
220	1256	1
238	97	1
920	994	1
1472	735	1
50	1111	1
116	1496	1
1472	1358	1
1401	1368	1
485	537	1
124	207	1
50	1062	1
407	434	1
803	1049	1
1061	1125	1
1285	177	1
1472	1132	1
252	730	1
1472	1179	1
836	1126	1
252	585	1
1050	988	1
454	149	1
1047	1172	1
48	1364	1
337	1357	1
891	866	1
109	993	1
1067	807	1
578	1628	1
61	158	1
460	653	1
252	815	1
1396	1404	1
130	281	1
1472	260	1
944	1005	1
48	1714	1
999	841	1
896	832	1
328	386	1
454	454	1
1103	1155	1
170	921	1
1472	34	1
224	194	1
792	1108	1
889	208	1
211	60	1
727	816	1
1154	370	1
130	170	1
1472	81	1
1056	912	1
814	896	1
49	58	1
784	179	1
73	396	1
1472	192	1
149	1007	1
63	1285	1
146	807	1
186	100	1
1472	895	1
296	1532	1
663	730	1
54	87	1
202	970	1
920	177	1
1472	1006	1
168	694	1
386	1557	1
412	1313	1
1472	541	1
149	306	1
46	938	1
1472	652	1
9	1540	1
46	789	1
380	103	1
1396	283	1
1472	1339	1
1606	498	1
1015	863	1
814	1310	1
217	774	1
236	1298	1
789	740	1
243	598	1
9	50	1
306	1652	1
224	1337	1
48	1015	1
358	1172	1
1472	1096	1
889	1194	1
485	799	1
1194	209	1
1472	1255	1
740	283	1
172	1503	1
1728	1064	1
98	71	1
1012	1111	1
88	81	1
252	988	1
130	330	1
666	680	1
374	299	1
217	1736	1
732	697	1
217	412	1
1472	352	1
614	701	1
944	905	1
374	346	1
214	1523	1
537	558	1
1472	415	1
224	383	1
999	194	1
432	332	1
366	709	1
1418	1392	1
260	654	1
889	236	1
909	807	1
1004	747	1
1472	189	1
349	314	1
1167	920	1
909	952	1
130	1557	1
236	908	1
1070	205	1
1472	812	1
1751	1262	1
146	779	1
73	313	1
236	803	1
271	528	1
1197	182	1
1070	60	1
1472	859	1
224	955	1
1529	286	1
367	443	1
1004	1132	1
215	247	1
768	850	1
146	922	1
129	232	1
1472	970	1
1057	988	1
412	1285	1
768	961	1
1472	633	1
149	342	1
1024	1714	1
91	171	1
1472	744	1
370	94	1
908	1096	1
74	810	1
53	27	1
143	153	1
114	91	1
574	663	1
1591	430	1
50	1055	1
769	715	1
74	1129	1
1472	1462	1
48	1232	1
62	90	1
762	1242	1
184	196	1
220	770	1
1472	1061	1
38	50	1
1472	1108	1
374	250	1
217	173	1
723	759	1
61	996	1
431	214	1
952	807	1
61	85	1
779	790	1
48	1308	1
217	1723	1
1226	1313	1
208	1106	1
47	1723	1
409	413	1
752	1695	1
1021	1044	1
807	1101	1
91	1491	1
330	185	1
1472	332	1
792	1006	1
961	969	1
194	1036	1
1472	507	1
404	535	1
496	528	1
922	980	1
67	951	1
97	124	1
1167	1203	1
432	455	1
967	1193	1
34	391	1
130	146	1
1472	153	1
889	889	1
969	177	1
540	1036	1
11	10	1
1001	224	1
432	37	1
1	16	1
1110	1157	1
944	64	1
146	1022	1
493	469	1
1015	1180	1
50	1358	1
34	75	1
125	138	1
752	904	1
1373	362	1
53	1641	1
114	157	1
868	886	1
9	287	1
49	1370	1
105	358	1
252	243	1
69	1475	1
752	999	1
130	1085	1
330	1349	1
908	1132	1
471	704	1
1472	1379	1
1114	908	1
1132	1461	1
50	1027	1
289	345	1
1433	1316	1
313	339	1
48	1276	1
1041	863	1
1166	1178	1
810	124	1
1110	803	1
986	861	1
988	1251	1
455	498	1
1012	989	1
830	202	1
97	1478	1
727	1402	1
1396	1147	1
697	663	1
938	875	1
373	790	1
67	1111	1
941	1124	1
231	472	1
1050	1028	1
279	38	1
779	818	1
1205	1420	1
1702	848	1
109	909	1
130	306	1
1472	313	1
615	647	1
211	197	1
469	517	1
458	1594	1
920	1087	1
1	432	1
751	1024	1
1472	455	1
61	1760	1
496	572	1
334	300	1
370	1117	1
671	663	1
217	1058	1
948	1003	1
867	1033	1
1472	229	1
429	458	1
124	1266	1
1361	1747	1
111	792	1
867	1174	1
1080	1029	1
356	1681	1
1004	1061	1
128	202	1
620	641	1
752	1061	1
202	1098	1
238	260	1
96	301	1
1472	562	1
7	211	1
83	1561	1
961	1075	1
30	112	1
768	905	1
110	194	1
20	46	1
9	315	1
428	443	1
50	1477	1
1248	920	1
1472	720	1
1310	208	1
217	809	1
1472	1359	1
740	179	1
9	21	1
49	1056	1
191	229	1
1038	1042	1
909	1126	1
74	1013	1
825	155	1
130	803	1
224	1310	1
1015	920	1
100	161	1
47	922	1
470	1603	1
1004	399	1
236	1741	1
627	656	1
1472	1133	1
1373	1431	1
485	762	1
1472	1180	1
224	1148	1
341	411	1
770	661	1
241	1515	1
53	535	1
49	1004	1
941	1096	1
1335	1176	1
74	393	1
383	129	1
1103	1132	1
131	194	1
374	460	1
1318	117	1
999	840	1
50	97	1
179	895	1
1085	967	1
454	455	1
1472	436	1
1110	1686	1
1115	1036	1
909	177	1
740	779	1
279	409	1
467	1621	1
451	492	1
328	353	1
94	1364	1
130	171	1
1472	82	1
370	740	1
79	252	1
279	526	1
1022	996	1
1050	179	1
1070	182	1
1477	80	1
1001	815	1
49	138	1
672	793	1
909	996	1
768	728	1
1195	803	1
1015	1062	1
432	237	1
215	210	1
271	684	1
1472	1007	1
107	1174	1
412	1314	1
1358	399	1
1375	1367	1
149	305	1
54	374	1
1361	362	1
114	165	1
1472	653	1
1755	1354	1
394	283	1
752	815	1
1670	717	1
1112	1087	1
63	125	1
252	426	1
768	179	1
920	878	1
1536	336	1
1114	836	1
1350	1176	1
124	236	1
313	395	1
465	1600	1
790	786	1
902	1336	1
1128	967	1
1717	177	1
1248	1180	1
236	148	1
740	260	1
460	460	1
867	155	1
367	1423	1
88	82	1
792	868	1
107	175	1
1247	117	1
1375	64	1
219	1085	1
922	846	1
109	742	1
130	109	1
1472	400	1
61	387	1
376	427	1
770	189	1
236	751	1
1472	15	1
82	1585	1
137	1500	1
1472	190	1
81	955	1
559	730	1
1472	813	1
116	75	1
47	1099	1
1472	860	1
408	51	1
295	318	1
727	283	1
341	588	1
730	749	1
186	347	1
1472	634	1
149	341	1
668	683	1
984	1156	1
91	170	1
1674	725	1
863	984	1
1769	337	1
999	1032	1
143	152	1
807	129	1
574	660	1
98	1717	1
215	1518	1
124	129	1
969	1246	1
384	1348	1
1126	816	1
1472	1463	1
97	1247	1
49	1128	1
156	132	1
138	907	1
113	97	1
1128	916	1
1472	1062	1
810	1717	1
407	501	1
1015	64	1
467	598	1
952	202	1
807	884	1
1701	816	1
48	867	1
1067	64	1
146	144	1
1310	1328	1
1423	1779	1
803	1294	1
238	1521	1
1007	1078	1
1067	977	1
402	441	1
67	1035	1
53	752	1
55	1658	1
1709	1331	1
902	1233	1
334	567	1
541	603	1
941	1313	1
454	508	1
54	1242	1
1472	333	1
944	1178	1
1472	508	1
920	1107	1
83	83	1
46	69	1
1472	107	1
774	697	1
1001	965	1
432	504	1
50	779	1
1145	1682	1
1716	949	1
50	922	1
1472	777	1
961	1332	1
1117	209	1
130	1385	1
54	109	1
438	460	1
1472	952	1
445	1036	1
412	1531	1
1472	983	1
138	107	1
50	1359	1
1142	1178	1
220	675	1
74	1369	1
1472	582	1
961	1223	1
107	1519	1
91	182	1
1147	1761	1
168	941	1
560	415	1
1458	1464	1
417	1614	1
179	1563	1
220	961	1
366	495	1
1472	1380	1
1114	909	1
1024	445	1
83	1483	1
217	893	1
50	1024	1
289	344	1
220	880	1
117	988	1
942	807	1
191	337	1
217	1006	1
199	202	1
1472	1026	1
809	803	1
170	367	1
1369	283	1
467	483	1
914	94	1
957	220	1
367	1366	1
740	732	1
67	1110	1
1015	330	1
1024	1017	1
803	1322	1
415	528	1
1361	1396	1
330	1016	1
0	1472	1
476	433	1
1472	314	1
387	384	1
999	807	1
396	82	1
185	1505	1
73	1567	1
50	205	1
54	1361	1
1205	1246	1
46	97	1
217	1057	1
289	1532	1
306	306	1
1472	119	1
168	303	1
279	485	1
432	484	1
217	1106	1
124	944	1
1070	155	1
149	969	1
179	734	1
453	451	1
867	1177	1
1472	789	1
1055	850	1
47	1027	1
1015	1117	1
72	41	1
1252	1292	1
914	998	1
555	564	1
1472	900	1
1128	1062	1
957	836	1
1357	1315	1
146	1167	1
374	1349	1
906	953	1
1369	1197	1
910	929	1
768	906	1
54	363	1
114	190	1
1472	674	1
1359	1379	1
1472	721	1
48	751	1
211	813	1
708	771	1
143	208	1
202	1724	1
46	1285	1
252	502	1
790	900	1
217	970	1
786	855	1
204	192	1
243	666	1
48	1128	1
1331	1317	1
1017	1351	1
358	1145	1
179	386	1
356	618	1
109	846	1
1055	1103	1
466	1597	1
807	1334	1
130	356	1
476	486	1
460	655	1
804	740	1
1117	1119	1
914	356	1
54	1043	1
1472	262	1
614	663	1
205	1117	1
283	319	1
73	199	1
110	982	1
537	592	1
809	219	1
3	172	1
61	382	1
122	380	1
475	1604	1
1637	634	1
1472	36	1
149	779	1
217	1085	1
231	899	1
475	501	1
79	255	1
909	914	1
306	425	1
54	779	1
1472	194	1
1055	929	1
335	790	1
211	284	1
1001	814	1
999	271	1
909	995	1
179	1126	1
853	853	1
1472	881	1
171	762	1
7	16	1
231	758	1
130	1361	1
809	1036	1
988	979	1
1310	384	1
146	967	1
917	202	1
98	1356	1
1472	543	1
149	304	1
423	433	1
63	158	1
961	1054	1
980	814	1
727	231	1
789	768	1
9	1546	1
896	1702	1
957	1775	1
1472	1341	1
922	1094	1
1126	954	1
63	124	1
454	555	1
751	963	1
769	749	1
941	999	1
156	161	1
952	64	1
828	1087	1
1472	1098	1
774	1688	1
1015	236	1
941	1161	1
1055	1170	1
1001	1027	1
217	192	1
1047	1210	1
1024	929	1
1021	1181	1
130	328	1
296	96	1
957	117	1
226	225	1
531	448	1
1472	354	1
334	587	1
54	1390	1
922	1022	1
46	46	1
432	334	1
50	149	1
110	861	1
224	224	1
97	86	1
204	1422	1
117	155	1
1472	191	1
1080	1248	1
1001	889	1
1167	922	1
50	1015	1
1472	814	1
889	972	1
46	379	1
1	10	1
789	209	1
1472	861	1
146	920	1
366	775	1
1472	972	1
295	313	1
374	1298	1
1047	967	1
362	1357	1
825	903	1
735	1676	1
38	628	1
914	1232	1
1161	1021	1
220	1022	1
920	988	1
138	825	1
394	399	1
130	889	1
828	1132	1
47	1004	1
289	300	1
768	271	1
1709	878	1
61	768	1
1401	1415	1
67	1375	1
63	374	1
335	1277	1
275	1674	1
146	126	1
1359	1262	1
1050	1292	1
1472	1110	1
941	1261	1
1221	1317	1
402	295	1
1036	1170	1
1128	179	1
367	1341	1
1472	1221	1
48	1423	1
374	107	1
1080	182	1
72	1285	1
179	107	1
47	1748	1
1230	1327	1
402	457	1
97	807	1
922	816	1
48	1773	1
1472	334	1
96	1485	1
944	1179	1
1472	509	1
171	774	1
83	82	1
46	74	1
374	727	1
121	139	1
412	816	1
73	104	1
1472	108	1
235	268	1
1472	155	1
1167	1022	1
909	986	1
184	1497	1
1472	778	1
1110	1064	1
79	292	1
1285	996	1
54	98	1
988	996	1
1472	953	1
362	1423	1
379	551	1
1445	1262	1
768	816	1
53	1478	1
980	1051	1
94	873	1
114	155	1
1380	1392	1
1683	783	1
752	793	1
1361	177	1
957	1702	1
1472	758	1
1310	250	1
1369	862	1
50	1454	1
1472	1381	1
289	351	1
1472	1428	1
46	1369	1
1293	1242	1
130	972	1
1472	1027	1
162	1501	1
952	231	1
809	802	1
122	165	1
182	907	1
1285	124	1
868	1726	1
957	219	1
47	87	1
1028	786	1
1335	1206	1
109	1018	1
37	109	1
1221	1083	1
1173	1132	1
50	1748	1
91	1408	1
1472	315	1
779	901	1
636	636	1
965	850	1
73	1566	1
1472	426	1
1435	94	1
740	1110	1
149	1361	1
961	939	1
356	907	1
965	995	1
1712	1072	1
1	438	1
550	647	1
2	105	1
809	271	1
1472	473	1
740	785	1
1082	1124	1
55	236	1
91	1247	1
537	661	1
1472	72	1
1472	231	1
334	460	1
807	1719	1
185	924	1
146	1514	1
1472	790	1
1	114	1
1285	1268	1
768	796	1
1472	564	1
155	850	1
46	909	1
30	118	1
531	559	1
957	1369	1
6	15	1
1319	399	1
130	1055	1
81	1579	1
367	832	1
1472	722	1
908	1042	1
873	843	1
432	527	1
1389	1395	1
970	1027	1
49	1062	1
941	898	1
392	124	1
335	1028	1
54	1748	1
810	94	1
762	695	1
155	271	1
431	426	1
236	178	1
1089	966	1
182	1288	1
1472	1182	1
1017	995	1
1001	1062	1
341	409	1
97	909	1
72	1373	1
358	1368	1
202	192	1
130	357	1
331	300	1
938	732	1
908	948	1
1702	882	1
1319	1370	1
107	197	1
514	543	1
1472	263	1
334	620	1
170	1013	1
283	318	1
909	94	1
454	453	1
1472	438	1
186	1403	1
50	238	1
412	969	1
306	324	1
73	87	1
1	402	1
1472	37	1
279	411	1
1056	915	1
47	1216	1
1050	177	1
1285	1334	1
1472	195	1
965	138	1
224	914	1
335	902	1
215	236	1
146	1121	1
1472	993	1
1390	1415	1
1472	528	1
224	752	1
999	1169	1
1170	1279	1
67	90	1
114	163	1
1472	655	1
168	983	1
980	1218	1
9	1545	1
1155	1278	1
623	38	1
920	961	1
1472	1342	1
740	194	1
471	650	1
306	1651	1
807	1021	1
407	467	1
47	952	1
1472	1099	1
762	715	1
47	809	1
48	889	1
341	460	1
72	1435	1
1007	1199	1
182	960	1
146	170	1
114	758	1
836	1093	1
909	271	1
217	199	1
1385	1444	1
367	1417	1
27	66	1
762	941	1
37	37	1
541	629	1
1686	1095	1
74	58	1
1472	355	1
3	122	1
996	1121	1
796	933	1
209	1029	1
358	1702	1
110	1011	1
130	107	1
1472	402	1
168	202	1
170	1100	1
740	858	1
67	988	1
1388	94	1
1438	1439	1
50	146	1
527	676	1
415	414	1
73	115	1
179	970	1
349	390	1
170	779	1
1001	1007	1
82	1583	1
1472	176	1
830	1226	1
908	1712	1
47	1252	1
67	762	1
367	343	1
1472	815	1
751	445	1
1	9	1
789	208	1
146	1074	1
1472	862	1
777	696	1
741	759	1
1114	1167	1
94	995	1
149	226	1
30	63	1
362	727	1
1142	1212	1
1472	636	1
49	1331	1
908	1268	1
48	330	1
50	1336	1
37	1490	1
789	803	1
1472	747	1
1385	94	1
1351	817	1
171	165	1
215	1512	1
1472	1417	1
50	1261	1
988	1387	1
204	186	1
1472	1080	1
485	687	1
146	127	1
130	920	1
1070	840	1
1472	1111	1
836	1066	1
201	533	1
769	795	1
48	1408	1
341	337	1
1021	1231	1
402	439	1
97	949	1
1050	1071	1
131	143	1
779	779	1
48	1311	1
179	155	1
402	454	1
334	565	1
83	375	1
107	141	1
179	776	1
1472	335	1
868	1096	1
149	1340	1
941	1712	1
235	225	1
110	911	1
1472	510	1
170	1056	1
171	889	1
920	1109	1
1180	807	1
67	952	1
893	1352	1
73	111	1
1342	1315	1
1472	109	1
279	451	1
231	970	1
349	283	1
1472	156	1
25	125	1
1055	1003	1
279	560	1
1682	771	1
432	73	1
50	920	1
1472	779	1
814	814	1
11	15	1
1015	1147	1
379	585	1
1612	599	1
330	1055	1
1	21	1
55	478	1
146	1046	1
202	958	1
1472	954	1
61	1181	1
445	1034	1
50	762	1
236	1169	1
275	739	1
920	236	1
117	1126	1
47	1359	1
1369	1367	1
1022	1723	1
362	1311	1
1066	869	1
567	464	1
809	1236	1
988	779	1
1472	600	1
404	436	1
168	768	1
81	97	1
1441	399	1
48	374	1
55	621	1
167	119	1
1472	759	1
404	283	1
1247	836	1
237	239	1
1472	1382	1
1293	1352	1
485	481	1
74	988	1
9	79	1
49	1162	1
941	814	1
803	1121	1
909	1232	1
1472	1028	1
97	1130	1
734	730	1
1472	1203	1
762	771	1
145	153	1
164	387	1
146	242	1
652	680	1
1004	219	1
1444	1416	1
784	1316	1
202	173	1
700	700	1
402	411	1
792	815	1
61	118	1
50	1749	1
1021	1092	1
130	305	1
1472	316	1
247	1520	1
454	478	1
224	1695	1
999	182	1
179	917	1
240	1521	1
1252	1226	1
1472	474	1
170	1028	1
537	660	1
399	1033	1
1472	73	1
941	138	1
432	486	1
231	1006	1
1050	346	1
607	595	1
149	983	1
810	1011	1
904	1024	1
82	90	1
1351	1316	1
893	866	1
909	1021	1
54	988	1
1472	791	1
97	383	1
1021	158	1
1050	124	1
109	1264	1
1472	902	1
295	371	1
758	743	1
7	191	1
660	1655	1
1472	565	1
47	1379	1
428	295	1
412	1352	1
324	336	1
1375	1421	1
114	188	1
149	395	1
49	1403	1
970	1201	1
1087	946	1
1472	723	1
996	177	1
63	90	1
211	815	1
1472	1346	1
1015	996	1
49	1061	1
752	740	1
220	1034	1
1359	1411	1
185	313	1
501	543	1
441	528	1
1001	1172	1
1114	129	1
341	55	1
807	830	1
1417	94	1
387	179	1
723	707	1
762	807	1
138	1143	1
279	1613	1
109	844	1
1050	1268	1
97	908	1
97	1360	1
264	277	1
1444	1452	1
130	354	1
409	425	1
69	383	1
107	196	1
909	1720	1
1472	280	1
170	1010	1
374	370	1
411	484	1
231	223	1
61	380	1
727	863	1
412	970	1
454	341	1
878	813	1
130	55	1
1472	38	1
1358	1147	1
412	889	1
55	243	1
37	580	1
1472	85	1
219	970	1
867	1062	1
1472	196	1
46	349	1
893	774	1
967	1027	1
37	678	1
1472	883	1
810	1126	1
1110	1105	1
663	726	1
7	18	1
47	1057	1
1018	1065	1
523	1623	1
356	1712	1
1004	1028	1
952	1259	1
21	402	1
1472	994	1
850	970	1
146	965	1
130	1502	1
346	285	1
46	942	1
30	83	1
1472	640	1
9	1544	1
989	1035	1
922	1092	1
1736	988	1
1331	1268	1
252	421	1
1099	1136	1
109	492	1
1472	1454	1
46	1319	1
69	910	1
929	997	1
358	825	1
1197	1288	1
952	1686	1
850	1141	1
1472	1100	1
48	1046	1
146	171	1
1369	337	1
1373	1385	1
91	1325	1
130	727	1
1675	759	1
1055	1069	1
460	606	1
109	961	1
952	1022	1
1344	384	1
862	129	1
902	1256	1
48	1731	1
1015	445	1
179	815	1
1472	356	1
636	677	1
1004	961	1
53	955	1
74	138	1
1472	403	1
149	700	1
387	363	1
211	111	1
46	44	1
67	991	1
1172	988	1
412	814	1
415	409	1
110	867	1
844	1001	1
1472	2	1
97	84	1
1070	1739	1
451	461	1
124	1111	1
1742	1273	1
1085	202	1
109	1285	1
399	1089	1
1472	177	1
124	1018	1
909	948	1
54	789	1
236	904	1
441	464	1
955	90	1
79	322	1
1111	1035	1
1441	1147	1
1247	1199	1
1472	863	1
50	727	1
809	1134	1
146	1090	1
148	184	1
1472	974	1
243	250	1
752	1120	1
965	399	1
863	948	1
53	1553	1
387	1297	1
1472	637	1
1035	953	1
67	57	1
1015	1317	1
803	717	1
1472	748	1
999	1029	1
110	104	1
367	891	1
1472	1307	1
740	231	1
138	807	1
250	1347	1
1757	1315	1
1114	807	1
179	1758	1
109	97	1
1001	1219	1
941	858	1
85	136	1
431	508	1
146	124	1
1180	1689	1
941	1259	1
467	456	1
165	177	1
334	792	1
1236	1184	1
238	1524	1
112	56	1
1385	1415	1
1325	1430	1
762	974	1
217	1727	1
1483	98	1
109	933	1
54	1070	1
238	699	1
897	1135	1
951	697	1
614	605	1
170	970	1
1111	747	1
231	231	1
168	167	1
701	771	1
376	458	1
641	632	1
1472	110	1
168	310	1
617	617	1
867	1041	1
1472	157	1
810	796	1
47	1275	1
889	893	1
1368	862	1
73	328	1
224	1004	1
867	850	1
1126	1689	1
47	1128	1
63	1369	1
1004	1085	1
130	1380	1
1472	955	1
116	217	1
91	493	1
275	738	1
660	1628	1
1472	554	1
404	454	1
172	170	1
105	217	1
969	1292	1
910	968	1
271	790	1
114	153	1
149	374	1
850	805	1
908	1177	1
1080	1338	1
752	795	1
970	1178	1
1472	712	1
1458	1463	1
241	235	1
74	1062	1
1472	1383	1
740	155	1
191	205	1
105	388	1
692	1650	1
986	182	1
807	900	1
1085	1110	1
204	223	1
1472	1029	1
868	182	1
48	1103	1
743	778	1
1373	1423	1
1062	954	1
1307	1397	1
762	768	1
1001	1096	1
980	1727	1
138	1104	1
467	484	1
373	865	1
330	916	1
740	735	1
727	1255	1
7	1506	1
376	1578	1
415	541	1
1021	1234	1
1007	1111	1
1324	1147	1
1007	803	1
208	1187	1
957	74	1
61	117	1
335	330	1
37	252	1
920	1172	1
50	121	1
1318	988	1
531	506	1
1686	1036	1
1472	428	1
61	343	1
83	387	1
362	182	1
73	185	1
878	790	1
128	1494	1
1472	475	1
83	112	1
46	100	1
358	138	1
1686	538	1
451	500	1
182	356	1
1472	74	1
836	993	1
1022	972	1
73	411	1
1472	249	1
1057	1229	1
217	1216	1
394	1563	1
914	850	1
21	12	1
867	1178	1
358	327	1
920	346	1
1472	903	1
464	1626	1
346	262	1
53	1496	1
168	878	1
149	281	1
83	1565	1
124	375	1
50	1390	1
46	1070	1
49	1402	1
961	1184	1
920	999	1
63	69	1
432	513	1
1472	1347	1
1015	999	1
69	937	1
126	1114	1
1709	803	1
695	689	1
1659	664	1
48	1180	1
1248	1285	1
485	661	1
89	148	1
1390	64	1
1046	1096	1
1472	1121	1
48	863	1
1248	1268	1
431	436	1
252	727	1
643	628	1
330	825	1
723	706	1
464	559	1
146	215	1
1285	94	1
1070	1264	1
961	250	1
47	117	1
402	508	1
331	302	1
98	47	1
460	650	1
1024	1315	1
779	850	1
306	96	1
1085	850	1
1472	281	1
374	371	1
999	836	1
20	1477	1
168	208	1
740	928	1
121	208	1
306	322	1
110	836	1
164	100	1
1022	921	1
124	1100	1
328	357	1
220	179	1
1006	1110	1
1148	1087	1
560	560	1
965	231	1
967	1133	1
126	61	1
37	724	1
21	191	1
1472	197	1
1477	92	1
48	243	1
179	1131	1
146	1484	1
1472	884	1
650	656	1
941	399	1
7	13	1
523	1622	1
72	72	1
362	878	1
128	170	1
219	235	1
920	182	1
1472	995	1
1180	1324	1
1128	1172	1
54	330	1
55	551	1
957	1403	1
1472	641	1
226	1511	1
742	807	1
138	177	1
9	1551	1
252	55	1
984	1115	1
1357	250	1
716	710	1
171	187	1
63	121	1
107	1337	1
752	690	1
53	179	1
889	1107	1
231	1028	1
109	124	1
471	629	1
354	357	1
67	1380	1
48	1004	1
527	460	1
575	496	1
965	1024	1
1472	1276	1
605	670	1
697	723	1
809	905	1
988	1110	1
61	76	1
867	236	1
107	163	1
1472	357	1
1325	1107	1
170	983	1
1254	1147	1
909	64	1
140	131	1
73	224	1
1472	404	1
168	204	1
97	250	1
922	1021	1
23	214	1
1438	1437	1
671	730	1
909	209	1
487	421	1
220	224	1
2	47	1
97	107	1
1293	43	1
46	412	1
50	867	1
770	40	1
844	889	1
1472	178	1
334	411	1
941	209	1
863	1024	1
367	337	1
1110	1027	1
386	464	1
116	87	1
47	1111	1
889	977	1
179	1095	1
91	275	1
1472	848	1
758	701	1
47	1476	1
819	811	1
859	790	1
914	1069	1
1472	975	1
149	224	1
295	314	1
61	1256	1
224	815	1
1369	1401	1
30	61	1
91	49	1
789	944	1
1105	1367	1
1380	1375	1
259	1521	1
1080	1311	1
62	1478	1
30	76	1
920	944	1
1472	749	1
1248	836	1
53	102	1
130	1221	1
1472	1419	1
1111	64	1
1463	1467	1
909	1194	1
240	273	1
790	835	1
1472	1082	1
496	1631	1
48	904	1
1132	1132	1
38	55	1
260	245	1
467	459	1
217	176	1
1359	1176	1
146	140	1
23	310	1
3	1473	1
941	1147	1
330	960	1
1325	1429	1
205	1280	1
268	270	1
374	264	1
908	894	1
965	891	1
1408	1438	1
107	143	1
1472	321	1
3	88	1
117	90	1
1	431	1
1472	496	1
168	168	1
922	977	1
740	888	1
83	87	1
391	374	1
1018	902	1
304	344	1
126	155	1
73	109	1
537	702	1
130	252	1
1472	111	1
922	64	1
727	759	1
1304	1132	1
1472	158	1
423	1590	1
46	299	1
179	710	1
453	491	1
1285	1292	1
1529	332	1
63	1368	1
358	344	1
751	467	1
1047	774	1
146	1044	1
168	740	1
819	775	1
275	741	1
129	207	1
1472	555	1
404	455	1
500	552	1
752	909	1
1043	1044	1
91	29	1
130	1415	1
1623	581	1
155	1036	1
1597	566	1
91	138	1
54	306	1
807	208	1
290	301	1
60	955	1
81	496	1
1388	1304	1
69	948	1
1247	727	1
289	348	1
1472	1431	1
47	909	1
1472	1030	1
97	1128	1
126	793	1
807	788	1
1472	1205	1
281	1042	1
63	1764	1
363	342	1
146	240	1
151	129	1
170	762	1
663	1665	1
109	1015	1
809	961	1
402	409	1
330	996	1
1036	1280	1
226	53	1
279	61	1
545	591	1
50	1747	1
952	951	1
130	271	1
1472	318	1
61	1561	1
1527	344	1
1408	1402	1
107	107	1
807	1132	1
454	476	1
1472	429	1
260	1521	1
1473	132	1
758	142	1
878	791	1
1472	476	1
117	175	1
83	115	1
463	471	1
2	23	1
751	1148	1
1472	75	1
168	275	1
283	1246	1
283	994	1
867	1036	1
1472	250	1
1248	337	1
1472	873	1
224	905	1
116	143	1
957	1007	1
740	1685	1
1472	920	1
149	183	1
758	741	1
752	1114	1
54	252	1
404	475	1
224	727	1
49	1768	1
485	208	1
859	975	1
54	367	1
789	1000	1
1001	370	1
110	182	1
238	107	1
241	261	1
792	179	1
399	209	1
1472	725	1
243	467	1
1472	1348	1
170	154	1
1368	1429	1
126	1115	1
74	1194	1
243	753	1
977	939	1
48	961	1
344	344	1
199	170	1
236	1738	1
1001	1178	1
431	439	1
109	185	1
988	1244	1
402	219	1
723	709	1
460	421	1
1012	1226	1
464	544	1
1310	1292	1
151	165	1
49	999	1
337	1351	1
177	1310	1
171	1044	1
957	109	1
316	91	1
1423	1444	1
727	1147	1
283	386	1
54	1047	1
330	107	1
219	1236	1
605	460	1
110	986	1
2	217	1
330	250	1
1472	393	1
205	1066	1
279	295	1
671	737	1
1391	1206	1
1172	1302	1
179	1011	1
1	407	1
164	101	1
1472	56	1
79	74	1
1472	87	1
386	346	1
1753	202	1
941	236	1
814	906	1
130	1547	1
149	1001	1
410	455	1
948	1327	1
1021	207	1
507	1609	1
417	417	1
897	1023	1
94	1147	1
789	185	1
1472	885	1
7	12	1
983	887	1
125	107	1
146	944	1
128	171	1
1050	94	1
1047	846	1
1195	1115	1
1472	996	1
6	204	1
1325	1748	1
961	1121	1
727	370	1
306	790	1
914	1113	1
220	752	1
98	1352	1
1472	531	1
171	412	1
825	879	1
1006	814	1
226	1508	1
61	1445	1
318	300	1
64	1179	1
751	94	1
789	893	1
454	559	1
1015	970	1
47	980	1
889	1106	1
1118	905	1
306	1646	1
929	1019	1
471	628	1
130	768	1
354	354	1
1113	1315	1
803	879	1
1067	202	1
146	22	1
1001	1142	1
941	1157	1
889	1196	1
182	967	1
240	212	1
61	986	1
762	825	1
1120	1115	1
528	544	1
177	1338	1
1103	1103	1
922	728	1
151	62	1
250	247	1
164	187	1
1103	1276	1
1472	358	1
224	390	1
1473	211	1
762	138	1
1062	399	1
54	1378	1
922	1018	1
1205	1249	1
671	709	1
306	359	1
415	411	1
1103	1298	1
97	106	1
1001	1004	1
63	1089	1
1472	179	1
386	318	1
941	208	1
1472	802	1
47	1110	1
961	1315	1
984	1020	1
1618	559	1
54	922	1
920	356	1
362	1431	1
1047	850	1
449	589	1
1635	629	1
38	537	1
202	891	1
957	1325	1
1472	639	1
61	1368	1
1275	1310	1
742	881	1
984	1161	1
1006	970	1
1142	1058	1
61	1481	1
411	550	1
138	850	1
126	1201	1
90	107	1
989	1133	1
727	1689	1
63	412	1
768	1600	1
920	847	1
902	803	1
1022	1118	1
1004	445	1
969	850	1
109	1675	1
1472	1083	1
179	337	1
1012	967	1
938	1006	1
1055	1261	1
1472	1194	1
61	909	1
1310	1333	1
723	765	1
61	1022	1
7	1528	1
337	1406	1
752	155	1
74	379	1
809	996	1
402	434	1
1047	1242	1
48	1298	1
23	23	1
316	3	1
944	988	1
367	1055	1
961	850	1
107	142	1
1686	1126	1
454	497	1
537	611	1
1472	322	1
149	1337	1
941	1709	1
784	836	1
231	225	1
179	954	1
1087	1168	1
1472	497	1
61	418	1
1629	717	1
1472	96	1
1367	1469	1
1147	1227	1
49	68	1
54	1015	1
1472	782	1
116	180	1
1538	321	1
905	1143	1
969	1744	1
1472	957	1
176	208	1
362	1419	1
53	1474	1
1472	556	1
149	259	1
409	622	1
967	747	1
224	699	1
208	208	1
6	39	1
1388	1147	1
138	231	1
46	996	1
980	866	1
803	747	1
110	155	1
789	836	1
980	977	1
114	121	1
526	568	1
362	1103	1
1155	1096	1
50	1085	1
366	355	1
497	464	1
46	1373	1
380	395	1
49	792	1
47	893	1
1370	94	1
1472	1206	1
122	161	1
146	241	1
1566	395	1
1055	1110	1
407	250	1
762	881	1
240	107	1
1473	121	1
171	1067	1
955	1230	1
908	908	1
1479	71	1
3	38	1
920	1174	1
481	480	1
505	490	1
768	1206	1
896	891	1
969	283	1
1472	430	1
920	1029	1
411	394	1
988	384	1
1087	1204	1
751	1038	1
560	647	1
1647	664	1
967	1274	1
289	1527	1
110	793	1
1472	76	1
996	794	1
775	755	1
73	409	1
1176	1044	1
367	283	1
1472	251	1
50	955	1
253	128	1
1006	1178	1
283	1535	1
148	131	1
867	1261	1
1472	921	1
441	1619	1
379	455	1
146	988	1
20	69	1
98	1445	1
1472	520	1
149	295	1
1110	1322	1
83	1567	1
50	1388	1
34	105	1
1080	728	1
428	433	1
362	1153	1
1472	726	1
815	728	1
337	873	1
146	273	1
920	792	1
1472	1349	1
1606	536	1
941	1022	1
1714	1017	1
97	1050	1
46	1401	1
100	175	1
1022	1174	1
237	498	1
67	1307	1
893	1767	1
217	126	1
235	721	1
810	237	1
957	138	1
1472	1170	1
38	463	1
1675	716	1
170	735	1
109	986	1
917	861	1
171	1047	1
28	320	1
318	1598	1
1472	283	1
98	412	1
140	153	1
582	1630	1
1176	803	1
130	387	1
1472	394	1
61	1709	1
958	1157	1
23	204	1
209	1198	1
1167	751	1
73	91	1
130	50	1
330	330	1
1001	1015	1
396	337	1
126	208	1
399	850	1
76	1021	1
109	1310	1
952	1313	1
1472	168	1
50	972	1
909	909	1
1105	1086	1
1472	199	1
1477	90	1
412	1050	1
1618	584	1
957	1062	1
219	237	1
867	1021	1
130	1501	1
201	1595	1
117	1115	1
1128	1174	1
403	1575	1
1080	1285	1
125	844	1
412	1711	1
1046	370	1
789	779	1
186	304	1
850	747	1
1358	179	1
914	1400	1
807	155	1
920	965	1
63	123	1
337	853	1
803	1244	1
1248	809	1
130	878	1
220	902	1
1472	1441	1
941	994	1
1705	853	1
217	952	1
220	821	1
1070	961	1
404	1596	1
132	183	1
303	302	1
487	1597	1
807	846	1
1472	1103	1
1132	1177	1
1248	1170	1
569	1625	1
770	704	1
916	1258	1
1195	161	1
279	1618	1
50	330	1
165	107	1
97	941	1
356	666	1
1173	1087	1
37	33	1
346	1424	1
792	874	1
1319	1402	1
1004	941	1
752	94	1
779	961	1
356	1164	1
742	1197	1
999	874	1
50	63	1
1391	1124	1
343	902	1
283	286	1
54	1379	1
920	1149	1
370	1036	1
387	364	1
330	366	1
224	229	1
1056	836	1
727	749	1
124	902	1
527	721	1
1022	955	1
1006	1136	1
386	319	1
893	1410	1
73	337	1
1006	1251	1
98	1176	1
1472	803	1
337	356	1
63	1318	1
1388	399	1
984	1021	1
585	462	1
1	13	1
146	1070	1
1472	850	1
116	192	1
1015	1024	1
916	209	1
1472	961	1
149	238	1
370	375	1
130	1441	1
771	735	1
1472	624	1
149	351	1
312	307	1
1472	751	1
49	1408	1
1311	878	1
358	1022	1
217	762	1
50	1415	1
220	1199	1
367	900	1
1472	1310	1
81	283	1
651	659	1
321	340	1
50	1046	1
938	205	1
1472	1421	1
986	209	1
168	1380	1
977	1010	1
48	1190	1
1015	94	1
804	869	1
988	1302	1
97	751	1
1055	1260	1
332	338	1
1472	1195	1
252	537	1
996	1372	1
1472	1242	1
61	1021	1
1012	1027	1
1311	1331	1
969	540	1
53	585	1
98	98	1
149	1126	1
47	1747	1
1070	1070	1
67	1265	1
47	47	1
217	1724	1
1439	1439	1
1028	970	1
897	1132	1
1007	889	1
496	297	1
1702	958	1
47	412	1
74	90	1
50	35	1
362	337	1
751	1269	1
54	1359	1
1472	498	1
171	893	1
1126	1059	1
1254	1268	1
83	89	1
1472	97	1
97	117	1
1111	970	1
358	124	1
893	1333	1
37	537	1
1472	144	1
559	644	1
217	1257	1
252	1606	1
1472	783	1
97	343	1
63	1370	1
1004	1080	1
130	1379	1
55	474	1
1472	958	1
149	145	1
171	313	1
1380	1055	1
545	1620	1
362	1416	1
1004	1103	1
1047	881	1
402	527	1
441	211	1
404	449	1
1110	1295	1
172	165	1
67	393	1
412	1376	1
94	850	1
404	432	1
1128	1262	1
48	362	1
984	1126	1
91	140	1
914	1329	1
1472	715	1
46	1408	1
541	1614	1
220	1203	1
1396	346	1
1472	1402	1
171	133	1
9	226	1
1172	107	1
909	1147	1
243	535	1
62	121	1
1472	1048	1
977	990	1
138	1484	1
1167	161	1
487	1605	1
69	1024	1
809	805	1
146	238	1
455	376	1
941	1117	1
260	777	1
409	465	1
48	1343	1
528	617	1
944	1118	1
1117	1141	1
50	1745	1
109	902	1
1472	304	1
83	279	1
541	569	1
374	362	1
752	1714	1
1408	1404	1
236	271	1
54	1208	1
1472	431	1
170	941	1
83	388	1
130	47	1
727	804	1
728	894	1
217	1067	1
30	1472	1
109	1337	1
1472	77	1
792	1263	1
50	809	1
1010	939	1
1472	252	1
146	1511	1
1080	1036	1
48	89	1
1369	1429	1
859	803	1
54	67	1
148	140	1
1472	922	1
850	994	1
48	40	1
1248	177	1
238	271	1
697	1665	1
1472	521	1
295	252	1
117	1094	1
47	1391	1
779	179	1
214	500	1
50	1389	1
124	370	1
768	896	1
988	747	1
236	1024	1
55	732	1
114	184	1
98	1301	1
1472	696	1
878	1715	1
9	1552	1
1472	727	1
126	1230	1
1319	283	1
113	961	1
972	902	1
1472	1350	1
170	152	1
941	1021	1
1692	838	1
165	387	1
402	55	1
220	850	1
9	111	1
1388	1421	1
969	873	1
1262	1766	1
1472	1124	1
889	1174	1
784	1126	1
809	769	1
38	125	1
921	895	1
790	760	1
1681	765	1
762	803	1
1331	900	1
1311	1402	1
64	1772	1
496	403	1
957	250	1
151	167	1
744	761	1
358	1373	1
784	1284	1
957	107	1
524	530	1
727	1141	1
1319	1361	1
1483	47	1
469	433	1
164	129	1
350	364	1
334	625	1
46	165	1
73	201	1
110	984	1
537	602	1
1472	395	1
3	146	1
1403	1425	1
922	996	1
387	371	1
594	605	1
50	235	1
1685	877	1
306	321	1
73	90	1
751	1069	1
1472	58	1
149	789	1
793	881	1
758	795	1
117	129	1
374	528	1
1463	1780	1
508	514	1
1347	1351	1
334	386	1
1035	1209	1
1262	1290	1
1487	99	1
889	826	1
961	1349	1
710	696	1
1472	887	1
204	1237	1
792	1513	1
7	14	1
1015	1087	1
105	116	1
1004	1024	1
54	47	1
146	1114	1
202	1010	1
961	1127	1
412	1337	1
146	961	1
1007	236	1
146	1261	1
98	1350	1
149	314	1
341	546	1
214	272	1
985	966	1
1390	1403	1
77	40	1
1472	644	1
1380	1333	1
996	194	1
578	591	1
984	1118	1
271	1016	1
294	299	1
1472	1331	1
449	306	1
69	1017	1
252	417	1
700	845	1
167	136	1
740	94	1
1705	852	1
909	1155	1
27	394	1
412	64	1
179	375	1
271	271	1
1252	64	1
1012	1209	1
889	1202	1
1062	961	1
109	155	1
165	153	1
809	893	1
23	303	1
1472	1279	1
61	984	1
48	1433	1
653	692	1
47	165	1
217	202	1
807	1347	1
1007	1015	1
332	1549	1
27	89	1
528	546	1
1117	1036	1
957	399	1
335	271	1
944	1126	1
235	107	1
164	165	1
1472	376	1
939	1129	1
50	60	1
69	224	1
415	500	1
1472	407	1
224	375	1
996	1021	1
957	337	1
26	53	1
814	202	1
46	48	1
1048	1190	1
94	1448	1
220	227	1
751	1089	1
330	367	1
1472	6	1
149	809	1
124	903	1
1347	1315	1
867	1094	1
1472	804	1
97	330	1
1247	1195	1
1248	283	1
271	536	1
1	12	1
202	903	1
23	1483	1
1472	851	1
48	97	1
1015	1027	1
251	618	1
863	803	1
996	384	1
1172	387	1
1043	1021	1
34	63	1
185	185	1
168	809	1
149	350	1
47	1319	1
48	335	1
114	192	1
60	914	1
1472	736	1
367	790	1
768	231	1
1433	1447	1
1472	1311	1
464	430	1
138	803	1
252	453	1
909	1110	1
454	521	1
844	129	1
55	810	1
938	202	1
1472	1422	1
156	131	1
171	1682	1
1472	1085	1
97	1089	1
48	1191	1
63	380	1
666	835	1
1472	1196	1
1080	205	1
252	538	1
373	826	1
49	988	1
122	250	1
50	367	1
1117	1279	1
255	314	1
402	432	1
496	475	1
792	728	1
460	638	1
605	528	1
752	236	1
1103	1069	1
50	81	1
1004	914	1
893	1121	1
537	609	1
1472	324	1
920	1067	1
67	814	1
231	227	1
1	428	1
61	1748	1
204	1369	1
922	988	1
1024	1036	1
83	88	1
980	202	1
1472	98	1
171	909	1
407	517	1
182	271	1
1472	145	1
1012	202	1
82	115	1
1001	863	1
505	520	1
897	948	1
441	496	1
1472	768	1
1110	1058	1
98	905	1
54	100	1
94	1073	1
146	1043	1
224	863	1
362	1417	1
275	742	1
1472	558	1
404	450	1
1750	1329	1
172	166	1
905	1367	1
1015	1172	1
1369	1370	1
531	537	1
34	67	1
1247	941	1
732	366	1
346	209	1
1741	1170	1
957	1359	1
1472	605	1
404	433	1
46	1046	1
204	358	1
1472	716	1
171	119	1
411	516	1
1720	1122	1
1248	867	1
220	984	1
74	1058	1
1472	1403	1
977	819	1
105	392	1
471	585	1
495	1607	1
48	984	1
50	1162	1
909	1227	1
988	1348	1
1070	1022	1
67	1313	1
1041	1044	1
1050	1386	1
1472	1160	1
252	574	1
1050	961	1
109	867	1
1024	1008	1
1004	208	1
346	1446	1
402	404	1
409	464	1
464	869	1
396	250	1
107	223	1
807	1176	1
753	801	1
1472	305	1
46	142	1
727	961	1
191	867	1
50	117	1
337	1146	1
807	1129	1
868	1129	1
170	938	1
1041	445	1
212	225	1
415	460	1
692	730	1
306	301	1
1731	1123	1
1472	78	1
97	400	1
335	138	1
73	415	1
21	167	1
1472	253	1
920	384	1
996	747	1
1111	1118	1
283	916	1
909	1016	1
485	1606	1
1359	64	1
957	1024	1
224	908	1
867	1182	1
172	100	1
63	1401	1
399	399	1
94	1069	1
202	991	1
1070	124	1
1110	1209	1
146	986	1
53	1572	1
47	1390	1
752	940	1
825	848	1
219	417	1
914	1155	1
20	54	1
74	1380	1
1472	697	1
155	985	1
428	435	1
105	330	1
238	110	1
792	182	1
191	156	1
1370	367	1
909	1037	1
989	1107	1
146	271	1
1047	747	1
1472	1351	1
97	1199	1
351	346	1
485	512	1
358	790	1
1359	1422	1
471	621	1
149	1753	1
1403	346	1
130	938	1
1085	1142	1
46	1774	1
467	535	1
1472	1172	1
243	784	1
138	1136	1
47	128	1
146	211	1
1385	1458	1
48	1357	1
49	996	1
1021	1266	1
1728	1140	1
202	202	1
977	1088	1
1473	91	1
50	390	1
358	1325	1
809	179	1
1472	285	1
121	107	1
109	762	1
1172	1297	1
73	89	1
1	404	1
537	714	1
351	722	1
124	1096	1
550	564	1
1472	170	1
560	564	1
83	129	1
1001	902	1
49	49	1
727	696	1
836	961	1
412	1253	1
219	961	1
1472	217	1
367	1557	1
46	358	1
984	995	1
1472	840	1
938	1084	1
741	733	1
215	234	1
54	44	1
96	338	1
1472	999	1
370	337	1
20	91	1
789	920	1
1472	534	1
149	313	1
46	1247	1
409	548	1
105	149	1
253	373	1
208	154	1
999	1052	1
919	1035	1
1425	862	1
1118	1021	1
124	117	1
859	202	1
471	640	1
1015	967	1
1145	774	1
977	916	1
1248	1317	1
217	47	1
965	1147	1
53	337	1
894	851	1
844	124	1
402	171	1
988	1292	1
1472	1089	1
965	1036	1
623	480	1
1206	1309	1
191	628	1
111	1105	1
399	1563	1
996	1289	1
48	1385	1
91	1361	1
130	323	1
922	807	1
61	185	1
1370	1421	1
1319	1396	1
164	166	1
1472	377	1
920	1232	1
351	528	1
980	64	1
727	905	1
999	868	1
50	61	1
231	254	1
770	770	1
454	283	1
435	461	1
399	1198	1
1472	488	1
170	1078	1
50	140	1
73	117	1
1103	1311	1
560	577	1
727	751	1
836	918	1
110	727	1
1712	945	1
1472	182	1
334	415	1
922	155	1
546	543	1
432	419	1
306	580	1
124	1219	1
417	465	1
1472	805	1
404	201	1
61	1026	1
146	768	1
54	921	1
201	507	1
952	1053	1
1472	852	1
224	948	1
105	87	1
379	528	1
91	388	1
128	138	1
236	1195	1
219	203	1
185	847	1
1472	963	1
7	130	1
251	730	1
412	1310	1
985	1092	1
1047	988	1
219	120	1
220	727	1
91	1753	1
346	1558	1
1472	626	1
149	349	1
60	1288	1
742	884	1
47	1318	1
1080	1315	1
91	162	1
130	1070	1
716	663	1
114	193	1
920	948	1
1472	737	1
1011	885	1
1385	64	1
1310	129	1
742	967	1
1180	1089	1
727	1690	1
909	1109	1
920	850	1
1472	1423	1
133	107	1
38	216	1
204	176	1
48	1112	1
908	1334	1
64	1335	1
48	908	1
1070	850	1
1472	1197	1
740	337	1
363	366	1
1141	811	1
1472	1244	1
727	1246	1
1021	1021	1
67	1267	1
412	762	1
1004	124	1
179	225	1
1230	1334	1
130	295	1
666	661	1
541	595	1
155	152	1
411	306	1
50	78	1
1389	367	1
107	131	1
1004	915	1
179	782	1
1472	325	1
226	271	1
170	951	1
412	920	1
790	237	1
1472	500	1
83	91	1
110	768	1
1709	1118	1
693	783	1
235	261	1
1472	146	1
701	736	1
83	185	1
1686	861	1
55	423	1
1105	1028	1
1472	769	1
404	237	1
98	902	1
742	1675	1
1472	944	1
281	271	1
1247	1055	1
768	823	1
220	260	1
1447	1205	1
1472	559	1
316	1483	1
479	521	1
1044	747	1
1317	1689	1
114	146	1
96	393	1
1472	606	1
404	434	1
168	774	1
811	888	1
1261	1280	1
1472	717	1
1458	1456	1
980	988	1
237	233	1
1472	1404	1
1080	908	1
986	179	1
1472	1050	1
1015	60	1
252	712	1
18	16	1
73	1483	1
740	373	1
941	1226	1
1248	1116	1
217	144	1
952	861	1
151	157	1
460	524	1
1361	1388	1
37	22	1
779	813	1
1205	1427	1
1472	306	1
236	265	1
809	231	1
1472	417	1
98	358	1
922	910	1
988	387	1
399	1254	1
1472	464	1
171	859	1
740	792	1
67	922	1
967	1271	1
69	72	1
287	129	1
844	1090	1
1472	79	1
685	366	1
444	444	1
50	807	1
231	996	1
967	1156	1
124	1172	1
179	697	1
113	1369	1
957	1198	1
1472	254	1
1402	1447	1
1247	1373	1
1447	1147	1
957	1055	1
98	1118	1
540	1129	1
1285	961	1
149	179	1
64	917	1
105	47	1
565	635	1
1043	967	1
162	62	1
53	1571	1
96	294	1
1472	523	1
47	1385	1
194	975	1
1686	202	1
55	734	1
114	182	1
149	405	1
1385	399	1
704	724	1
74	792	1
111	231	1
337	878	1
211	821	1
124	82	1
1472	1368	1
60	1046	1
728	1700	1
485	527	1
1197	1310	1
1085	1028	1
955	803	1
354	346	1
47	941	1
48	965	1
809	758	1
1472	1126	1
48	1120	1
1001	1182	1
1361	1454	1
1036	1218	1
1055	1190	1
387	185	1
1472	1173	1
1423	94	1
605	693	1
1067	896	1
1232	961	1
605	550	1
130	380	1
387	87	1
149	1180	1
1472	286	1
1366	894	1
889	1744	1
1103	1173	1
149	1406	1
140	107	1
124	1498	1
73	88	1
844	1047	1
454	335	1
383	383	1
399	1274	1
1472	60	1
168	356	1
953	1244	1
758	793	1
1370	1147	1
113	1268	1
55	201	1
128	1318	1
1472	171	1
171	980	1
49	48	1
432	440	1
1001	790	1
984	996	1
362	984	1
1055	830	1
445	1243	1
1066	1029	1
215	229	1
988	939	1
715	805	1
1472	1016	1
149	215	1
867	1022	1
367	1770	1
1472	535	1
404	507	1
47	1293	1
531	592	1
111	138	1
957	1398	1
1472	646	1
49	1433	1
431	531	1
55	595	1
789	889	1
846	842	1
1472	1333	1
170	235	1
908	1069	1
191	179	1
104	107	1
107	1340	1
379	179	1
1118	1302	1
1433	1402	1
1472	1444	1
156	185	1
231	1027	1
1373	1089	1
1107	1133	1
113	205	1
60	460	1
1472	1090	1
170	412	1
48	1036	1
252	752	1
957	171	1
224	1041	1
97	1285	1
762	837	1
48	1435	1
965	1180	1
109	810	1
124	1705	1
752	194	1
179	132	1
23	15	1
1369	117	1
107	166	1
164	167	1
415	502	1
537	564	1
1472	489	1
204	1335	1
367	1253	1
170	867	1
1331	94	1
961	916	1
49	370	1
1172	986	1
110	869	1
1472	24	1
217	1121	1
909	861	1
1117	1742	1
1472	183	1
1162	1119	1
1682	790	1
50	1007	1
1447	1458	1
867	1096	1
1110	1028	1
1477	59	1
1015	1132	1
21	79	1
1472	853	1
1110	1143	1
867	909	1
727	445	1
1004	1126	1
55	352	1
202	788	1
171	367	1
1315	1754	1
1042	1150	1
1111	1383	1
91	52	1
471	464	1
236	1083	1
988	830	1
1472	627	1
404	415	1
149	348	1
1001	445	1
330	1367	1
38	620	1
792	64	1
61	1477	1
53	97	1
1472	1297	1
454	527	1
952	1737	1
1472	1408	1
942	784	1
47	1012	1
527	446	1
1066	716	1
1385	1758	1
1472	1087	1
1001	1221	1
63	382	1
48	909	1
204	768	1
1472	1198	1
1331	1381	1
182	935	1
955	1097	1
61	1018	1
941	1142	1
182	854	1
697	754	1
988	1079	1
904	948	1
828	1704	1
122	107	1
54	1056	1
402	449	1
867	271	1
83	380	1
727	1087	1
155	155	1
732	663	1
1085	917	1
454	501	1
809	138	1
920	1069	1
502	481	1
287	287	1
1324	1346	1
1103	1357	1
1472	501	1
170	1067	1
810	740	1
922	986	1
984	271	1
1472	100	1
560	622	1
337	411	1
50	768	1
1022	986	1
789	283	1
3	394	1
337	308	1
325	283	1
1472	770	1
116	176	1
1373	94	1
1747	209	1
55	471	1
146	1041	1
1472	945	1
47	1511	1
910	803	1
346	300	1
110	445	1
867	1346	1
1472	544	1
404	460	1
149	271	1
224	704	1
1369	1368	1
1117	970	1
412	1379	1
236	1055	1
1472	607	1
412	1682	1
922	1047	1
1472	718	1
60	1180	1
464	509	1
49	1441	1
380	161	1
220	986	1
117	818	1
996	107	1
64	1142	1
747	971	1
989	906	1
313	345	1
23	1538	1
1070	909	1
407	419	1
49	1155	1
1080	909	1
941	807	1
1388	1444	1
909	1225	1
1729	1076	1
1380	64	1
204	213	1
1036	1096	1
211	1683	1
47	889	1
1316	1412	1
1615	544	1
1047	1044	1
1012	807	1
921	864	1
955	996	1
1472	1162	1
61	941	1
836	1141	1
1366	1770	1
1248	1117	1
111	1051	1
151	156	1
762	893	1
531	1614	1
1361	1379	1
454	55	1
94	94	1
545	578	1
620	386	1
970	209	1
920	1178	1
454	465	1
965	1003	1
1472	465	1
83	118	1
46	110	1
12	10	1
30	1479	1
1472	64	1
417	559	1
897	869	1
48	205	1
46	328	1
283	918	1
784	209	1
768	758	1
237	759	1
1472	878	1
335	938	1
1114	1247	1
1369	1434	1
1022	208	1
984	807	1
146	984	1
53	1570	1
146	1156	1
1472	524	1
1167	1373	1
341	523	1
252	186	1
87	123	1
114	183	1
1472	699	1
9	289	1
941	728	1
980	1206	1
789	868	1
367	840	1
1472	1322	1
149	1541	1
1112	1069	1
1417	1407	1
1472	1369	1
117	790	1
9	3	1
300	1542	1
909	1180	1
751	807	1
402	50	1
220	813	1
113	87	1
807	977	1
1085	1027	1
1262	1765	1
790	780	1
113	32	1
236	1735	1
762	703	1
889	1179	1
252	749	1
330	803	1
1055	1185	1
1472	1174	1
170	328	1
48	804	1
109	837	1
697	697	1
1007	988	1
1380	346	1
138	1217	1
67	1085	1
1311	1268	1
528	569	1
421	426	1
67	1226	1
13	16	1
1173	1160	1
107	189	1
50	1776	1
1334	1326	1
237	1586	1
809	177	1
1472	287	1
666	714	1
350	339	1
614	652	1
61	260	1
48	1709	1
67	859	1
144	208	1
224	366	1
168	214	1
957	330	1
224	1714	1
387	372	1
961	911	1
46	27	1
67	1000	1
1172	967	1
54	742	1
1472	61	1
98	762	1
46	394	1
50	889	1
412	880	1
231	954	1
451	470	1
1252	1124	1
182	346	1
1472	172	1
941	231	1
374	902	1
231	779	1
1142	803	1
1472	219	1
116	121	1
98	988	1
920	1714	1
965	370	1
113	1493	1
1015	1080	1
432	231	1
146	941	1
130	1318	1
219	225	1
149	214	1
236	1232	1
55	652	1
1194	1178	1
742	846	1
341	559	1
789	791	1
387	1355	1
1472	647	1
337	824	1
338	1555	1
1597	633	1
236	1526	1
1380	1415	1
375	177	1
124	119	1
250	1334	1
967	973	1
1015	961	1
337	730	1
306	1643	1
463	643	1
999	1357	1
1293	1050	1
1248	1319	1
807	842	1
1055	1268	1
1015	231	1
1128	64	1
957	170	1
295	1543	1
320	337	1
72	1298	1
252	608	1
109	809	1
91	1363	1
107	153	1
415	352	1
164	160	1
128	1142	1
1472	379	1
170	977	1
374	337	1
412	950	1
37	271	1
1709	1255	1
1472	490	1
922	967	1
50	138	1
805	778	1
1087	1224	1
1472	25	1
374	1199	1
94	1342	1
456	476	1
1087	1113	1
1167	1233	1
50	1004	1
909	941	1
73	341	1
54	1004	1
1285	1298	1
98	1172	1
1472	807	1
620	541	1
984	961	1
201	505	1
867	1240	1
1472	854	1
149	121	1
1313	1082	1
124	727	1
768	813	1
1472	965	1
961	1088	1
768	988	1
471	467	1
1472	628	1
902	107	1
63	165	1
105	375	1
1155	1205	1
1779	1465	1
815	815	1
209	209	1
762	1039	1
963	1016	1
362	1221	1
1433	1444	1
1472	1298	1
941	945	1
337	693	1
1387	1409	1
485	501	1
909	1107	1
852	663	1
9	91	1
47	1015	1
217	920	1
751	863	1
1603	510	1
1753	1421	1
48	1114	1
1373	1444	1
809	717	1
367	727	1
1472	1199	1
375	1564	1
165	186	1
1472	1246	1
541	271	1
67	1124	1
249	265	1
47	186	1
415	550	1
957	63	1
260	785	1
283	464	1
605	621	1
1085	803	1
1472	296	1
922	825	1
83	383	1
868	1136	1
226	269	1
46	224	1
944	1172	1
412	922	1
605	271	1
73	134	1
537	535	1
1472	502	1
920	1117	1
209	1258	1
69	82	1
110	774	1
310	324	1
1472	101	1
335	179	1
283	540	1
488	538	1
909	832	1
126	236	1
1472	148	1
814	967	1
46	301	1
1167	961	1
1117	182	1
182	189	1
1472	771	1
61	1060	1
412	1118	1
768	666	1
988	1021	1
1472	946	1
82	400	1
768	777	1
275	747	1
1472	545	1
1133	1186	1
1369	1375	1
236	1048	1
74	1359	1
114	144	1
69	1480	1
1252	967	1
920	914	1
220	1167	1
1472	1406	1
170	160	1
752	752	1
768	373	1
909	1143	1
1197	1336	1
236	1357	1
814	1228	1
217	1012	1
165	380	1
661	615	1
204	214	1
1472	1052	1
224	1276	1
852	538	1
46	1745	1
146	91	1
1047	1047	1
113	148	1
988	1270	1
182	1317	1
1373	1337	1
1007	955	1
170	740	1
48	1444	1
957	67	1
779	815	1
999	968	1
944	1106	1
1334	1347	1
1472	308	1
61	255	1
944	1021	1
999	857	1
231	179	1
986	1096	1
149	1368	1
412	1022	1
179	925	1
1050	384	1
170	1036	1
1393	1292	1
168	281	1
149	878	1
1307	384	1
577	611	1
124	1174	1
1172	1118	1
179	699	1
1433	346	1
1472	240	1
1096	1296	1
1472	879	1
7	38	1
211	763	1
358	382	1
34	128	1
54	71	1
957	1422	1
867	964	1
237	536	1
697	1669	1
920	208	1
1472	525	1
367	117	1
341	522	1
910	943	1
50	1385	1
34	98	1
752	943	1
1173	1003	1
236	1148	1
20	49	1
204	310	1
1472	700	1
704	726	1
941	727	1
105	335	1
50	1528	1
53	55	1
91	236	1
1472	1323	1
1370	362	1
308	155	1
1162	94	1
1472	1370	1
170	132	1
49	1117	1
449	475	1
69	1230	1
755	1679	1
471	622	1
67	1393	1
69	803	1
431	460	1
488	1678	1
50	1197	1
1197	1197	1
386	607	1
482	500	1
464	663	1
889	1178	1
455	459	1
661	748	1
61	944	1
464	550	1
1385	1463	1
27	113	1
49	537	1
231	497	1
894	1715	1
807	1320	1
1232	850	1
1608	525	1
231	1586	1
1472	272	1
922	881	1
117	107	1
121	104	1
374	330	1
537	606	1
73	1569	1
1472	399	1
535	511	1
774	861	1
1126	1052	1
170	909	1
260	527	1
618	1619	1
211	91	1
50	231	1
844	1021	1
1472	62	1
740	830	1
279	402	1
399	1141	1
1472	173	1
577	591	1
49	54	1
50	969	1
124	1210	1
113	1403	1
1472	220	1
281	171	1
1060	1011	1
768	723	1
1472	843	1
7	10	1
1015	1083	1
287	1534	1
155	1343	1
450	421	1
130	1319	1
1472	1018	1
1221	209	1
91	42	1
186	330	1
1472	617	1
1758	1383	1
161	152	1
789	790	1
1472	664	1
90	145	1
1709	94	1
920	970	1
149	1560	1
1114	984	1
814	1322	1
1389	1358	1
941	989	1
449	423	1
837	796	1
1778	1470	1
109	117	1
850	1133	1
97	1081	1
941	878	1
988	1295	1
1472	1092	1
61	867	1
1012	1157	1
569	1628	1
179	488	1
146	163	1
1472	1267	1
61	980	1
740	271	1
605	663	1
48	1388	1
130	350	1
476	476	1
614	734	1
904	873	1
1370	1416	1
779	887	1
541	588	1
356	790	1
807	1117	1
1472	380	1
920	1235	1
9	1492	1
283	277	1
1297	903	1
50	56	1
287	293	1
608	626	1
952	740	1
130	96	1
1472	491	1
54	1380	1
740	835	1
161	1310	1
972	1090	1
1472	26	1
727	744	1
432	471	1
909	859	1
819	741	1
374	1247	1
941	202	1
12	162	1
231	814	1
988	107	1
454	1611	1
1472	824	1
224	984	1
1043	803	1
146	1067	1
740	1707	1
1529	298	1
46	752	1
768	814	1
1709	271	1
271	661	1
236	1190	1
1472	966	1
1057	1000	1
46	1167	1
304	1562	1
752	920	1
38	531	1
957	1319	1
1472	629	1
961	1264	1
105	374	1
91	167	1
1472	740	1
1368	1333	1
541	1637	1
50	1408	1
1433	1451	1
1293	1371	1
485	500	1
38	844	1
938	182	1
1472	1410	1
289	314	1
380	381	1
792	399	1
1145	807	1
941	850	1
988	1299	1
1472	1184	1
1001	1108	1
965	1261	1
240	246	1
1036	1156	1
938	891	1
1472	1247	1
460	491	1
111	1142	1
727	1096	1
807	1264	1
1472	297	1
226	155	1
83	382	1
965	868	1
107	132	1
537	613	1
1472	344	1
50	220	1
1099	219	1
784	954	1
73	133	1
560	657	1
128	1393	1
1472	102	1
128	988	1
1252	1085	1
2	957	1
1472	149	1
335	803	1
102	106	1
231	850	1
412	1064	1
897	904	1
1472	772	1
97	362	1
663	673	1
1080	1141	1
1001	236	1
146	867	1
138	399	1
1369	1325	1
111	1006	1
109	1172	1
1056	1117	1
1472	546	1
404	462	1
172	162	1
1408	346	1
0	83	1
110	306	1
38	575	1
1047	1021	1
114	145	1
204	275	1
1472	593	1
149	382	1
46	1050	1
64	1194	1
48	367	1
394	375	1
1472	704	1
295	53	1
49	1447	1
143	193	1
366	1702	1
1683	759	1
941	916	1
700	881	1
243	538	1
100	177	1
889	1036	1
988	1344	1
224	1277	1
177	1033	1
259	267	1
848	834	1
122	171	1
1248	1119	1
213	208	1
53	519	1
130	740	1
957	209	1
170	741	1
740	711	1
762	891	1
916	1054	1
37	19	1
809	970	1
421	436	1
922	747	1
727	1132	1
768	1053	1
168	109	1
1771	1451	1
792	935	1
1331	250	1
110	961	1
454	471	1
751	1191	1
1473	157	1
740	948	1
502	451	1
527	630	1
1472	467	1
1035	1027	1
170	825	1
727	803	1
177	195	1
30	1477	1
893	1379	1
72	999	1
110	803	1
1526	309	1
179	1510	1
73	387	1
972	1305	1
1472	241	1
412	1036	1
105	1574	1
1319	893	1
236	968	1
1472	864	1
47	1044	1
869	1708	1
37	1070	1
1047	803	1
236	863	1
1357	1351	1
862	959	1
565	632	1
1248	182	1
825	747	1
988	881	1
402	620	1
20	67	1
914	1132	1
920	209	1
1472	526	1
697	1668	1
7	199	1
779	182	1
83	1573	1
1422	1176	1
124	399	1
20	50	1
60	999	1
957	1391	1
1472	701	1
920	64	1
1180	1254	1
9	295	1
63	252	1
1344	1235	1
1472	1324	1
1351	1008	1
1246	1246	1
252	410	1
146	267	1
1307	1178	1
412	202	1
909	1178	1
236	1714	1
421	1600	1
49	1197	1
1041	1115	1
1022	1176	1
179	286	1
1472	1145	1
498	536	1
337	1438	1
1472	1256	1
752	330	1
460	563	1
727	1155	1
909	370	1
109	980	1
37	55	1
130	379	1
1423	1453	1
1702	872	1
87	1021	1
1069	1317	1
168	73	1
211	237	1
445	1699	1
537	605	1
73	1568	1
1472	384	1
996	966	1
758	237	1
279	316	1
209	1184	1
73	93	1
1472	63	1
965	94	1
69	41	1
73	46	1
1472	174	1
28	770	1
1172	807	1
239	270	1
441	451	1
1491	107	1
114	1473	1
984	999	1
201	451	1
1472	844	1
867	914	1
7	5	1
177	346	1
113	1444	1
862	923	1
96	342	1
1110	1241	1
1317	1741	1
1142	1198	1
1472	618	1
390	177	1
893	208	1
1248	961	1
91	90	1
186	314	1
1408	177	1
1178	1291	1
1089	1404	1
914	1394	1
1472	1288	1
171	179	1
100	107	1
63	97	1
1242	1682	1
526	587	1
74	1126	1
1472	1447	1
941	988	1
471	525	1
113	113	1
171	1709	1
303	1536	1
807	836	1
643	600	1
165	132	1
1047	1118	1
1472	1268	1
48	1438	1
47	160	1
965	1177	1
48	1389	1
1154	999	1
130	351	1
1007	867	1
182	1036	1
60	156	1
209	994	1
1300	1468	1
144	175	1
164	162	1
1472	381	1
1128	399	1
47	375	1
965	784	1
412	944	1
74	179	1
1472	492	1
920	1091	1
188	175	1
980	179	1
965	929	1
412	807	1
91	1248	1
988	1682	1
1472	27	1
774	713	1
124	1128	1
844	881	1
1472	138	1
399	1096	1
279	550	1
1041	155	1
67	740	1
432	423	1
789	373	1
1472	825	1
1	7	1
55	460	1
1304	1334	1
957	784	1
379	532	1
399	451	1
38	641	1
310	186	1
1472	967	1
49	1752	1
341	592	1
50	1375	1
825	803	1
404	410	1
168	814	1
81	115	1
105	373	1
252	252	1
1391	373	1
1298	1230	1
1007	124	1
1472	741	1
237	769	1
920	807	1
1472	1300	1
1180	1117	1
977	202	1
677	665	1
289	328	1
694	745	1
220	864	1
632	608	1
407	408	1
907	1164	1
815	527	1
1042	1729	1
289	313	1
908	1330	1
1080	867	1
967	209	1
1010	1672	1
146	117	1
73	1491	1
61	902	1
1001	1115	1
986	1021	1
236	236	1
146	132	1
1055	1147	1
1472	1232	1
61	1015	1
910	194	1
1444	1438	1
1769	1415	1
402	429	1
97	963	1
496	464	1
98	124	1
1319	1415	1
807	1267	1
130	291	1
226	1612	1
168	1702	1
50	74	1
144	139	1
751	1154	1
1472	345	1
944	1174	1
87	1486	1
454	379	1
1472	456	1
168	144	1
46	81	1
412	779	1
328	342	1
844	774	1
830	1053	1
94	1304	1
1752	94	1
520	547	1
577	566	1
374	1080	1
337	297	1
362	908	1
73	375	1
275	527	1
37	660	1
1472	773	1
867	861	1
47	1139	1
91	375	1
54	121	1
146	1036	1
1472	948	1
98	885	1
1001	124	1
768	779	1
1709	370	1
38	685	1
789	107	1
47	1361	1
306	985	1
54	155	1
1472	594	1
46	1007	1
1285	540	1
1472	705	1
411	539	1
762	1057	1
50	1445	1
1472	1392	1
351	365	1
1385	177	1
220	836	1
46	1380	1
204	208	1
1472	1054	1
168	1350	1
1248	1249	1
431	411	1
965	1087	1
1285	208	1
73	1487	1
457	1588	1
1055	1230	1
1221	1294	1
1100	209	1
146	232	1
1089	864	1
916	900	1
957	208	1
1012	1133	1
1352	1262	1
376	1587	1
1206	1241	1
1007	1118	1
1361	1376	1
91	1388	1
97	1007	1
171	1056	1
226	205	1
279	53	1
50	415	1
840	849	1
50	110	1
1472	421	1
168	253	1
1643	628	1
279	283	1
1438	1458	1
209	1211	1
53	1018	1
54	1325	1
83	123	1
209	1236	1
107	385	1
73	49	1
1	316	1
1472	67	1
1145	1737	1
1111	996	1
1438	1132	1
325	363	1
73	386	1
770	488	1
168	426	1
1057	1220	1
1055	945	1
46	335	1
909	1011	1
105	1573	1
897	1003	1
236	969	1
47	1047	1
1111	1226	1
1026	1019	1
217	1513	1
146	983	1
271	716	1
1402	1268	1
1472	527	1
224	751	1
980	1090	1
341	520	1
33	463	1
1247	908	1
1230	250	1
114	178	1
957	1390	1
