12	1	1
15	1	1
33	1	1
34	1	1
35	1	1
36	1	1
41	1	1
43	1	1
167	1	1
176	1	1
183	1	1
193	1	1
199	1	1
245	1	1
246	1	1
253	1	1
5	2	1
12	2	1
15	2	1
16	2	1
17	2	1
18	2	1
29	2	1
30	2	1
31	2	1
32	2	1
44	2	1
52	2	1
60	2	1
65	2	1
73	2	1
89	2	1
92	2	1
100	2	1
112	2	1
115	2	1
128	2	1
153	2	1
158	2	1
161	2	1
175	2	1
180	2	1
203	2	1
212	2	1
227	2	1
12	3	1
15	3	1
18	3	1
51	3	1
55	3	1
66	3	1
72	3	1
90	3	1
98	3	1
99	3	1
105	3	1
106	3	1
110	3	1
147	3	1
169	3	1
183	3	1
202	3	1
205	3	1
211	3	1
225	3	1
253	3	1
254	3	1
255	3	1
256	3	1
257	3	1
262	3	1
267	3	1
18	4	1
19	4	1
30	4	1
31	4	1
32	4	1
39	4	1
56	4	1
60	4	1
65	4	1
66	4	1
68	4	1
69	4	1
70	4	1
72	4	1
87	4	1
90	4	1
91	4	1
93	4	1
109	4	1
130	4	1
144	4	1
145	4	1
148	4	1
153	4	1
168	4	1
169	4	1
188	4	1
199	4	1
200	4	1
202	4	1
203	4	1
204	4	1
205	4	1
214	4	1
219	4	1
224	4	1
2	5	1
9	5	1
51	5	1
52	5	1
57	5	1
89	5	1
98	5	1
99	5	1
169	5	1
197	5	1
198	5	1
64	6	1
72	6	1
125	6	1
135	6	1
254	6	1
258	6	1
259	6	1
262	6	1
263	6	1
265	6	1
267	6	1
57	7	1
64	7	1
72	7	1
84	7	1
85	7	1
125	7	1
135	7	1
254	7	1
258	7	1
259	7	1
261	7	1
262	7	1
263	7	1
265	7	1
267	7	1
47	8	1
54	8	1
57	8	1
64	8	1
72	8	1
125	8	1
135	8	1
138	8	1
182	8	1
254	8	1
258	8	1
259	8	1
261	8	1
262	8	1
263	8	1
265	8	1
267	8	1
5	9	1
47	9	1
54	9	1
57	9	1
64	9	1
72	9	1
125	9	1
135	9	1
138	9	1
182	9	1
254	9	1
258	9	1
259	9	1
261	9	1
262	9	1
263	9	1
265	9	1
267	9	1
268	9	1
18	10	1
30	10	1
51	10	1
72	10	1
89	10	1
90	10	1
91	10	1
93	10	1
96	10	1
103	10	1
159	10	1
168	10	1
169	10	1
199	10	1
200	10	1
202	10	1
203	10	1
204	10	1
205	10	1
214	10	1
234	10	1
15	11	1
16	11	1
26	11	1
27	11	1
48	11	1
51	11	1
53	11	1
56	11	1
57	11	1
66	11	1
68	11	1
87	11	1
89	11	1
97	11	1
98	11	1
99	11	1
105	11	1
164	11	1
175	11	1
177	11	1
178	11	1
214	11	1
236	11	1
1	12	1
2	12	1
3	12	1
15	12	1
18	12	1
33	12	1
34	12	1
35	12	1
43	12	1
47	12	1
58	12	1
87	12	1
106	12	1
134	12	1
176	12	1
234	12	1
256	12	1
42	13	1
55	13	1
124	13	1
125	13	1
270	13	1
26	14	1
27	14	1
51	14	1
58	14	1
65	14	1
89	14	1
92	14	1
98	14	1
99	14	1
101	14	1
166	14	1
1	15	1
2	15	1
3	15	1
11	15	1
12	15	1
18	15	1
26	15	1
27	15	1
29	15	1
30	15	1
36	15	1
41	15	1
53	15	1
55	15	1
59	15	1
61	15	1
66	15	1
68	15	1
70	15	1
73	15	1
87	15	1
91	15	1
95	15	1
97	15	1
99	15	1
101	15	1
105	15	1
112	15	1
115	15	1
117	15	1
130	15	1
139	15	1
145	15	1
148	15	1
153	15	1
157	15	1
167	15	1
168	15	1
171	15	1
172	15	1
175	15	1
177	15	1
178	15	1
187	15	1
194	15	1
199	15	1
202	15	1
203	15	1
205	15	1
211	15	1
214	15	1
216	15	1
220	15	1
226	15	1
260	15	1
275	15	1
2	16	1
11	16	1
18	16	1
22	16	1
30	16	1
33	16	1
35	16	1
36	16	1
51	16	1
56	16	1
66	16	1
67	16	1
68	16	1
69	16	1
70	16	1
73	16	1
74	16	1
76	16	1
88	16	1
89	16	1
92	16	1
94	16	1
96	16	1
97	16	1
98	16	1
99	16	1
100	16	1
103	16	1
113	16	1
121	16	1
143	16	1
145	16	1
147	16	1
153	16	1
156	16	1
157	16	1
168	16	1
199	16	1
200	16	1
202	16	1
205	16	1
227	16	1
234	16	1
260	16	1
2	17	1
18	17	1
22	17	1
30	17	1
33	17	1
35	17	1
36	17	1
51	17	1
56	17	1
66	17	1
67	17	1
68	17	1
69	17	1
70	17	1
73	17	1
74	17	1
76	17	1
88	17	1
89	17	1
92	17	1
94	17	1
96	17	1
97	17	1
98	17	1
99	17	1
100	17	1
113	17	1
121	17	1
143	17	1
147	17	1
153	17	1
156	17	1
157	17	1
168	17	1
199	17	1
200	17	1
202	17	1
205	17	1
227	17	1
260	17	1
2	18	1
3	18	1
4	18	1
10	18	1
12	18	1
15	18	1
16	18	1
17	18	1
21	18	1
23	18	1
24	18	1
25	18	1
26	18	1
27	18	1
29	18	1
31	18	1
32	18	1
33	18	1
35	18	1
36	18	1
44	18	1
45	18	1
46	18	1
47	18	1
51	18	1
56	18	1
60	18	1
61	18	1
66	18	1
69	18	1
70	18	1
72	18	1
73	18	1
74	18	1
75	18	1
84	18	1
85	18	1
88	18	1
89	18	1
90	18	1
91	18	1
93	18	1
95	18	1
97	18	1
103	18	1
107	18	1
109	18	1
111	18	1
114	18	1
116	18	1
131	18	1
137	18	1
142	18	1
143	18	1
144	18	1
145	18	1
147	18	1
148	18	1
153	18	1
155	18	1
156	18	1
157	18	1
158	18	1
160	18	1
161	18	1
163	18	1
164	18	1
165	18	1
168	18	1
169	18	1
174	18	1
175	18	1
177	18	1
178	18	1
187	18	1
188	18	1
190	18	1
194	18	1
199	18	1
200	18	1
202	18	1
203	18	1
204	18	1
205	18	1
207	18	1
208	18	1
209	18	1
210	18	1
211	18	1
214	18	1
216	18	1
217	18	1
220	18	1
222	18	1
223	18	1
224	18	1
225	18	1
226	18	1
227	18	1
228	18	1
231	18	1
233	18	1
236	18	1
240	18	1
243	18	1
244	18	1
260	18	1
287	18	1
289	18	1
295	18	1
296	18	1
4	19	1
28	19	1
31	19	1
32	19	1
51	19	1
56	19	1
60	19	1
63	19	1
89	19	1
98	19	1
99	19	1
122	19	1
145	19	1
160	19	1
181	19	1
182	19	1
184	19	1
203	19	1
205	19	1
209	19	1
216	19	1
217	19	1
225	19	1
226	19	1
283	19	1
36	20	1
51	20	1
52	20	1
91	20	1
177	20	1
199	20	1
209	20	1
225	20	1
18	21	1
30	21	1
33	21	1
36	21	1
56	21	1
74	21	1
75	21	1
111	21	1
162	21	1
240	21	1
16	22	1
17	22	1
33	22	1
36	22	1
56	22	1
66	22	1
74	22	1
75	22	1
96	22	1
111	22	1
192	22	1
240	22	1
18	23	1
27	23	1
29	23	1
30	23	1
37	23	1
66	23	1
72	23	1
91	23	1
112	23	1
125	23	1
139	23	1
149	23	1
163	23	1
172	23	1
175	23	1
194	23	1
18	24	1
37	24	1
51	24	1
68	24	1
69	24	1
70	24	1
90	24	1
91	24	1
99	24	1
112	24	1
113	24	1
124	24	1
125	24	1
131	24	1
153	24	1
158	24	1
168	24	1
188	24	1
189	24	1
297	24	1
298	24	1
299	24	1
18	25	1
28	25	1
37	25	1
51	25	1
68	25	1
69	25	1
70	25	1
90	25	1
91	25	1
99	25	1
112	25	1
113	25	1
124	25	1
125	25	1
131	25	1
153	25	1
168	25	1
188	25	1
189	25	1
297	25	1
298	25	1
299	25	1
11	26	1
14	26	1
15	26	1
18	26	1
30	26	1
32	26	1
33	26	1
56	26	1
66	26	1
68	26	1
69	26	1
70	26	1
91	26	1
96	26	1
156	26	1
168	26	1
170	26	1
188	26	1
199	26	1
205	26	1
208	26	1
11	27	1
14	27	1
15	27	1
18	27	1
23	27	1
30	27	1
32	27	1
33	27	1
56	27	1
66	27	1
91	27	1
96	27	1
105	27	1
156	27	1
168	27	1
170	27	1
188	27	1
199	27	1
205	27	1
208	27	1
214	27	1
19	28	1
25	28	1
72	28	1
90	28	1
91	28	1
99	28	1
113	28	1
125	28	1
132	28	1
133	28	1
135	28	1
189	28	1
194	28	1
223	28	1
276	28	1
299	28	1
2	29	1
15	29	1
18	29	1
23	29	1
43	29	1
66	29	1
73	29	1
87	29	1
92	29	1
95	29	1
99	29	1
112	29	1
113	29	1
140	29	1
147	29	1
153	29	1
160	29	1
172	29	1
175	29	1
194	29	1
197	29	1
199	29	1
202	29	1
203	29	1
208	29	1
216	29	1
220	29	1
226	29	1
299	29	1
2	30	1
4	30	1
10	30	1
15	30	1
16	30	1
17	30	1
21	30	1
23	30	1
26	30	1
27	30	1
33	30	1
36	30	1
44	30	1
51	30	1
59	30	1
61	30	1
65	30	1
66	30	1
68	30	1
69	30	1
70	30	1
72	30	1
73	30	1
74	30	1
75	30	1
89	30	1
90	30	1
91	30	1
93	30	1
101	30	1
103	30	1
105	30	1
111	30	1
114	30	1
131	30	1
137	30	1
142	30	1
144	30	1
145	30	1
147	30	1
148	30	1
156	30	1
157	30	1
160	30	1
161	30	1
163	30	1
164	30	1
165	30	1
168	30	1
169	30	1
175	30	1
177	30	1
178	30	1
191	30	1
192	30	1
193	30	1
194	30	1
199	30	1
200	30	1
202	30	1
203	30	1
204	30	1
205	30	1
207	30	1
208	30	1
209	30	1
210	30	1
211	30	1
214	30	1
216	30	1
217	30	1
220	30	1
222	30	1
225	30	1
226	30	1
227	30	1
228	30	1
231	30	1
233	30	1
236	30	1
240	30	1
260	30	1
295	30	1
296	30	1
2	31	1
4	31	1
18	31	1
19	31	1
44	31	1
51	31	1
61	31	1
65	31	1
73	31	1
89	31	1
98	31	1
99	31	1
108	31	1
111	31	1
118	31	1
137	31	1
160	31	1
163	31	1
168	31	1
188	31	1
189	31	1
200	31	1
202	31	1
209	31	1
216	31	1
217	31	1
225	31	1
226	31	1
2	32	1
4	32	1
18	32	1
19	32	1
26	32	1
27	32	1
43	32	1
44	32	1
51	32	1
61	32	1
69	32	1
70	32	1
73	32	1
89	32	1
98	32	1
99	32	1
106	32	1
108	32	1
111	32	1
118	32	1
137	32	1
160	32	1
163	32	1
168	32	1
188	32	1
189	32	1
200	32	1
202	32	1
209	32	1
216	32	1
217	32	1
225	32	1
226	32	1
1	33	1
12	33	1
16	33	1
17	33	1
18	33	1
21	33	1
22	33	1
26	33	1
27	33	1
30	33	1
34	33	1
39	33	1
42	33	1
47	33	1
48	33	1
52	33	1
56	33	1
66	33	1
87	33	1
89	33	1
111	33	1
126	33	1
131	33	1
153	33	1
157	33	1
158	33	1
161	33	1
162	33	1
175	33	1
177	33	1
180	33	1
181	33	1
183	33	1
199	33	1
208	33	1
214	33	1
236	33	1
240	33	1
242	33	1
1	34	1
12	34	1
33	34	1
35	34	1
36	34	1
255	34	1
1	35	1
12	35	1
16	35	1
17	35	1
18	35	1
34	35	1
42	35	1
51	35	1
52	35	1
89	35	1
98	35	1
99	35	1
131	35	1
153	35	1
175	35	1
177	35	1
183	35	1
240	35	1
1	36	1
15	36	1
16	36	1
17	36	1
18	36	1
20	36	1
21	36	1
22	36	1
30	36	1
34	36	1
42	36	1
47	36	1
48	36	1
52	36	1
89	36	1
111	36	1
126	36	1
131	36	1
153	36	1
157	36	1
158	36	1
162	36	1
175	36	1
177	36	1
180	36	1
181	36	1
183	36	1
199	36	1
208	36	1
214	36	1
236	36	1
240	36	1
242	36	1
23	37	1
24	37	1
25	37	1
38	37	1
44	37	1
56	37	1
71	37	1
79	37	1
80	37	1
81	37	1
82	37	1
83	37	1
153	37	1
158	37	1
37	38	1
44	38	1
93	38	1
147	38	1
148	38	1
227	38	1
238	38	1
4	39	1
33	39	1
41	39	1
55	39	1
58	39	1
93	39	1
103	39	1
105	39	1
135	39	1
153	39	1
166	39	1
221	39	1
234	39	1
260	39	1
93	40	1
135	40	1
153	40	1
221	40	1
264	40	1
1	41	1
15	41	1
39	41	1
43	41	1
53	41	1
58	41	1
66	41	1
72	41	1
89	41	1
90	41	1
91	41	1
93	41	1
103	41	1
106	41	1
168	41	1
175	41	1
177	41	1
178	41	1
200	41	1
205	41	1
227	41	1
234	41	1
253	41	1
267	41	1
13	42	1
33	42	1
35	42	1
36	42	1
248	42	1
249	42	1
1	43	1
12	43	1
29	43	1
32	43	1
41	43	1
51	43	1
56	43	1
89	43	1
98	43	1
99	43	1
107	43	1
108	43	1
109	43	1
2	44	1
18	44	1
30	44	1
31	44	1
32	44	1
37	44	1
38	44	1
46	44	1
47	44	1
56	44	1
60	44	1
61	44	1
65	44	1
71	44	1
72	44	1
82	44	1
83	44	1
90	44	1
91	44	1
93	44	1
100	44	1
102	44	1
103	44	1
105	44	1
111	44	1
126	44	1
144	44	1
145	44	1
156	44	1
157	44	1
158	44	1
161	44	1
163	44	1
164	44	1
175	44	1
177	44	1
178	44	1
191	44	1
194	44	1
223	44	1
224	44	1
234	44	1
240	44	1
242	44	1
243	44	1
244	44	1
260	44	1
18	45	1
72	45	1
114	45	1
140	45	1
173	45	1
182	45	1
236	45	1
18	46	1
44	46	1
89	46	1
199	46	1
205	46	1
8	47	1
9	47	1
12	47	1
18	47	1
33	47	1
36	47	1
44	47	1
52	47	1
56	47	1
73	47	1
90	47	1
93	47	1
98	47	1
99	47	1
100	47	1
152	47	1
153	47	1
166	47	1
168	47	1
176	47	1
177	47	1
202	47	1
203	47	1
205	47	1
221	47	1
234	47	1
260	47	1
274	47	1
11	48	1
33	48	1
36	48	1
49	48	1
50	48	1
51	48	1
48	49	1
65	49	1
66	49	1
48	50	1
51	50	1
53	50	1
56	50	1
66	50	1
97	50	1
164	50	1
175	50	1
177	50	1
178	50	1
214	50	1
236	50	1
3	51	1
5	51	1
10	51	1
11	51	1
14	51	1
16	51	1
17	51	1
18	51	1
19	51	1
20	51	1
24	51	1
25	51	1
30	51	1
31	51	1
32	51	1
35	51	1
43	51	1
48	51	1
50	51	1
55	51	1
56	51	1
60	51	1
64	51	1
70	51	1
73	51	1
88	51	1
92	51	1
94	51	1
100	51	1
106	51	1
107	51	1
108	51	1
110	51	1
112	51	1
115	51	1
118	51	1
124	51	1
125	51	1
130	51	1
150	51	1
151	51	1
160	51	1
161	51	1
167	51	1
174	51	1
188	51	1
189	51	1
190	51	1
192	51	1
216	51	1
2	52	1
5	52	1
20	52	1
33	52	1
35	52	1
36	52	1
47	52	1
59	52	1
65	52	1
68	52	1
69	52	1
70	52	1
73	52	1
100	52	1
101	52	1
105	52	1
127	52	1
142	52	1
144	52	1
145	52	1
158	52	1
174	52	1
180	52	1
181	52	1
190	52	1
199	52	1
214	52	1
11	53	1
15	53	1
41	53	1
50	53	1
68	53	1
73	53	1
85	53	1
92	53	1
97	53	1
98	53	1
105	53	1
113	53	1
119	53	1
120	53	1
122	53	1
127	53	1
138	53	1
139	53	1
140	53	1
144	53	1
149	53	1
150	53	1
153	53	1
166	53	1
167	53	1
171	53	1
172	53	1
173	53	1
176	53	1
179	53	1
183	53	1
185	53	1
186	53	1
199	53	1
200	53	1
202	53	1
215	53	1
225	53	1
8	54	1
9	54	1
86	54	1
88	54	1
89	54	1
3	55	1
13	55	1
15	55	1
39	55	1
51	55	1
56	55	1
65	55	1
89	55	1
98	55	1
99	55	1
101	55	1
117	55	1
118	55	1
126	55	1
223	55	1
224	55	1
243	55	1
270	55	1
271	55	1
4	56	1
11	56	1
16	56	1
17	56	1
18	56	1
19	56	1
21	56	1
22	56	1
26	56	1
27	56	1
33	56	1
37	56	1
43	56	1
44	56	1
47	56	1
50	56	1
51	56	1
55	56	1
62	56	1
66	56	1
67	56	1
69	56	1
70	56	1
72	56	1
73	56	1
74	56	1
76	56	1
86	56	1
88	56	1
89	56	1
90	56	1
91	56	1
92	56	1
94	56	1
95	56	1
96	56	1
97	56	1
98	56	1
99	56	1
100	56	1
108	56	1
113	56	1
114	56	1
115	56	1
120	56	1
121	56	1
123	56	1
124	56	1
142	56	1
144	56	1
147	56	1
148	56	1
150	56	1
151	56	1
156	56	1
167	56	1
168	56	1
170	56	1
174	56	1
175	56	1
178	56	1
179	56	1
181	56	1
182	56	1
184	56	1
199	56	1
200	56	1
202	56	1
204	56	1
209	56	1
210	56	1
214	56	1
217	56	1
220	56	1
225	56	1
226	56	1
228	56	1
234	56	1
235	56	1
238	56	1
240	56	1
260	56	1
272	56	1
273	56	1
284	56	1
286	56	1
291	56	1
299	56	1
300	56	1
5	57	1
7	57	1
8	57	1
9	57	1
11	57	1
214	57	1
251	57	1
12	58	1
14	58	1
39	58	1
41	58	1
133	58	1
169	58	1
176	58	1
213	58	1
215	58	1
227	58	1
255	58	1
15	59	1
30	59	1
52	59	1
108	59	1
125	59	1
135	59	1
152	59	1
153	59	1
168	59	1
177	59	1
178	59	1
211	59	1
214	59	1
219	59	1
226	59	1
227	59	1
234	59	1
248	59	1
249	59	1
267	59	1
270	59	1
276	59	1
2	60	1
4	60	1
18	60	1
19	60	1
44	60	1
51	60	1
61	60	1
65	60	1
69	60	1
70	60	1
73	60	1
89	60	1
98	60	1
99	60	1
108	60	1
111	60	1
118	60	1
137	60	1
160	60	1
163	60	1
168	60	1
188	60	1
189	60	1
200	60	1
202	60	1
209	60	1
216	60	1
217	60	1
225	60	1
226	60	1
15	61	1
18	61	1
30	61	1
31	61	1
32	61	1
44	61	1
60	61	1
62	61	1
66	61	1
103	61	1
111	61	1
126	61	1
156	61	1
157	61	1
162	61	1
163	61	1
169	61	1
175	61	1
178	61	1
202	61	1
203	61	1
208	61	1
230	61	1
242	61	1
56	62	1
61	62	1
63	62	1
287	62	1
289	62	1
290	62	1
292	62	1
293	62	1
294	62	1
295	62	1
296	62	1
19	63	1
62	63	1
123	63	1
235	63	1
236	63	1
6	64	1
7	64	1
8	64	1
9	64	1
51	64	1
77	64	1
89	64	1
98	64	1
99	64	1
129	64	1
138	64	1
155	64	1
164	64	1
2	65	1
4	65	1
14	65	1
30	65	1
31	65	1
44	65	1
49	65	1
52	65	1
55	65	1
60	65	1
71	65	1
74	65	1
75	65	1
76	65	1
78	65	1
80	65	1
81	65	1
82	65	1
83	65	1
111	65	1
137	65	1
142	65	1
144	65	1
146	65	1
147	65	1
160	65	1
161	65	1
165	65	1
194	65	1
199	65	1
209	65	1
210	65	1
214	65	1
216	65	1
217	65	1
225	65	1
226	65	1
233	65	1
235	65	1
260	65	1
3	66	1
4	66	1
11	66	1
15	66	1
16	66	1
17	66	1
18	66	1
22	66	1
23	66	1
26	66	1
27	66	1
29	66	1
30	66	1
33	66	1
41	66	1
49	66	1
50	66	1
56	66	1
61	66	1
67	66	1
69	66	1
70	66	1
71	66	1
72	66	1
74	66	1
75	66	1
76	66	1
78	66	1
79	66	1
80	66	1
81	66	1
82	66	1
83	66	1
103	66	1
105	66	1
111	66	1
142	66	1
147	66	1
148	66	1
158	66	1
160	66	1
168	66	1
169	66	1
175	66	1
177	66	1
178	66	1
191	66	1
199	66	1
202	66	1
203	66	1
204	66	1
205	66	1
209	66	1
210	66	1
214	66	1
216	66	1
217	66	1
225	66	1
226	66	1
238	66	1
240	66	1
244	66	1
16	67	1
17	67	1
56	67	1
66	67	1
68	67	1
69	67	1
70	67	1
4	68	1
11	68	1
15	68	1
16	68	1
17	68	1
24	68	1
25	68	1
26	68	1
30	68	1
52	68	1
53	68	1
67	68	1
73	68	1
74	68	1
87	68	1
89	68	1
95	68	1
97	68	1
107	68	1
136	68	1
153	68	1
158	68	1
160	68	1
166	68	1
174	68	1
175	68	1
177	68	1
178	68	1
185	68	1
208	68	1
209	68	1
211	68	1
216	68	1
217	68	1
225	68	1
226	68	1
227	68	1
243	68	1
260	68	1
275	68	1
297	68	1
298	68	1
299	68	1
300	68	1
4	69	1
16	69	1
17	69	1
18	69	1
24	69	1
25	69	1
26	69	1
30	69	1
32	69	1
52	69	1
56	69	1
60	69	1
66	69	1
67	69	1
73	69	1
74	69	1
75	69	1
87	69	1
89	69	1
95	69	1
97	69	1
107	69	1
136	69	1
144	69	1
153	69	1
154	69	1
160	69	1
166	69	1
174	69	1
180	69	1
194	69	1
199	69	1
208	69	1
209	69	1
211	69	1
216	69	1
217	69	1
225	69	1
226	69	1
227	69	1
234	69	1
235	69	1
243	69	1
260	69	1
297	69	1
298	69	1
299	69	1
300	69	1
4	70	1
15	70	1
16	70	1
17	70	1
18	70	1
24	70	1
25	70	1
26	70	1
30	70	1
32	70	1
51	70	1
52	70	1
56	70	1
60	70	1
66	70	1
67	70	1
73	70	1
74	70	1
75	70	1
87	70	1
89	70	1
95	70	1
97	70	1
98	70	1
99	70	1
107	70	1
128	70	1
136	70	1
142	70	1
144	70	1
145	70	1
153	70	1
154	70	1
160	70	1
166	70	1
174	70	1
180	70	1
185	70	1
194	70	1
199	70	1
208	70	1
209	70	1
211	70	1
216	70	1
217	70	1
225	70	1
226	70	1
227	70	1
234	70	1
235	70	1
243	70	1
260	70	1
297	70	1
298	70	1
299	70	1
300	70	1
37	71	1
44	71	1
65	71	1
66	71	1
73	71	1
89	71	1
93	71	1
99	71	1
113	71	1
124	71	1
125	71	1
144	71	1
147	71	1
148	71	1
153	71	1
178	71	1
190	71	1
194	71	1
209	71	1
235	71	1
299	71	1
3	72	1
4	72	1
6	72	1
7	72	1
8	72	1
9	72	1
10	72	1
18	72	1
23	72	1
28	72	1
30	72	1
41	72	1
44	72	1
45	72	1
56	72	1
66	72	1
102	72	1
126	72	1
147	72	1
148	72	1
160	72	1
162	72	1
175	72	1
177	72	1
178	72	1
192	72	1
195	72	1
196	72	1
209	72	1
214	72	1
216	72	1
217	72	1
225	72	1
226	72	1
229	72	1
236	72	1
238	72	1
240	72	1
2	73	1
15	73	1
16	73	1
17	73	1
18	73	1
29	73	1
30	73	1
31	73	1
32	73	1
47	73	1
51	73	1
52	73	1
53	73	1
56	73	1
60	73	1
68	73	1
69	73	1
70	73	1
71	73	1
78	73	1
79	73	1
80	73	1
81	73	1
82	73	1
83	73	1
89	73	1
99	73	1
113	73	1
128	73	1
158	73	1
175	73	1
177	73	1
178	73	1
190	73	1
192	73	1
16	74	1
17	74	1
18	74	1
21	74	1
22	74	1
30	74	1
56	74	1
65	74	1
66	74	1
68	74	1
69	74	1
70	74	1
76	74	1
127	74	1
154	74	1
18	75	1
21	75	1
22	75	1
30	75	1
65	75	1
66	75	1
69	75	1
70	75	1
76	75	1
142	75	1
144	75	1
145	75	1
154	75	1
16	76	1
17	76	1
56	76	1
65	76	1
66	76	1
74	76	1
75	76	1
143	76	1
64	77	1
95	77	1
135	77	1
182	77	1
194	77	1
65	78	1
66	78	1
73	78	1
93	78	1
99	78	1
113	78	1
124	78	1
125	78	1
178	78	1
190	78	1
194	78	1
299	78	1
37	79	1
66	79	1
73	79	1
93	79	1
99	79	1
113	79	1
124	79	1
125	79	1
178	79	1
190	79	1
194	79	1
299	79	1
37	80	1
65	80	1
66	80	1
73	80	1
93	80	1
99	80	1
113	80	1
124	80	1
125	80	1
178	80	1
190	80	1
194	80	1
299	80	1
37	81	1
65	81	1
66	81	1
73	81	1
93	81	1
99	81	1
113	81	1
124	81	1
125	81	1
147	81	1
148	81	1
178	81	1
190	81	1
194	81	1
209	81	1
235	81	1
299	81	1
37	82	1
44	82	1
65	82	1
66	82	1
73	82	1
93	82	1
99	82	1
113	82	1
124	82	1
125	82	1
144	82	1
147	82	1
148	82	1
153	82	1
178	82	1
190	82	1
194	82	1
209	82	1
235	82	1
299	82	1
37	83	1
44	83	1
65	83	1
66	83	1
73	83	1
93	83	1
99	83	1
113	83	1
124	83	1
125	83	1
144	83	1
147	83	1
148	83	1
153	83	1
178	83	1
190	83	1
194	83	1
209	83	1
235	83	1
299	83	1
7	84	1
18	84	1
98	84	1
148	84	1
154	84	1
202	84	1
204	84	1
240	84	1
269	84	1
7	85	1
18	85	1
53	85	1
98	85	1
148	85	1
154	85	1
175	85	1
177	85	1
178	85	1
202	85	1
204	85	1
240	85	1
269	85	1
54	86	1
56	86	1
87	86	1
4	87	1
11	87	1
12	87	1
15	87	1
29	87	1
33	87	1
68	87	1
69	87	1
70	87	1
86	87	1
92	87	1
97	87	1
139	87	1
160	87	1
163	87	1
167	87	1
168	87	1
169	87	1
209	87	1
211	87	1
216	87	1
217	87	1
225	87	1
226	87	1
227	87	1
16	88	1
17	88	1
18	88	1
51	88	1
54	88	1
56	88	1
89	88	1
92	88	1
95	88	1
97	88	1
98	88	1
99	88	1
111	88	1
128	88	1
168	88	1
214	88	1
217	88	1
218	88	1
2	89	1
5	89	1
10	89	1
11	89	1
14	89	1
16	89	1
17	89	1
18	89	1
19	89	1
30	89	1
31	89	1
32	89	1
33	89	1
35	89	1
36	89	1
41	89	1
43	89	1
46	89	1
54	89	1
55	89	1
56	89	1
60	89	1
64	89	1
68	89	1
69	89	1
70	89	1
71	89	1
73	89	1
88	89	1
92	89	1
94	89	1
95	89	1
96	89	1
97	89	1
100	89	1
101	89	1
103	89	1
106	89	1
107	89	1
108	89	1
112	89	1
115	89	1
116	89	1
118	89	1
124	89	1
125	89	1
143	89	1
150	89	1
151	89	1
155	89	1
160	89	1
167	89	1
174	89	1
177	89	1
180	89	1
181	89	1
188	89	1
189	89	1
190	89	1
192	89	1
216	89	1
240	89	1
242	89	1
3	90	1
4	90	1
10	90	1
18	90	1
24	90	1
25	90	1
28	90	1
30	90	1
41	90	1
44	90	1
47	90	1
56	90	1
102	90	1
110	90	1
117	90	1
126	90	1
147	90	1
148	90	1
160	90	1
162	90	1
175	90	1
177	90	1
178	90	1
209	90	1
212	90	1
214	90	1
216	90	1
217	90	1
225	90	1
226	90	1
229	90	1
236	90	1
238	90	1
240	90	1
4	91	1
10	91	1
15	91	1
18	91	1
20	91	1
23	91	1
24	91	1
25	91	1
26	91	1
27	91	1
28	91	1
30	91	1
41	91	1
44	91	1
56	91	1
102	91	1
105	91	1
126	91	1
147	91	1
148	91	1
160	91	1
162	91	1
175	91	1
177	91	1
178	91	1
209	91	1
214	91	1
216	91	1
217	91	1
225	91	1
226	91	1
229	91	1
236	91	1
238	91	1
239	91	1
240	91	1
2	92	1
14	92	1
16	92	1
17	92	1
29	92	1
51	92	1
53	92	1
56	92	1
87	92	1
88	92	1
89	92	1
99	92	1
123	92	1
142	92	1
144	92	1
145	92	1
170	92	1
174	92	1
175	92	1
177	92	1
178	92	1
4	93	1
10	93	1
18	93	1
30	93	1
38	93	1
39	93	1
40	93	1
41	93	1
44	93	1
47	93	1
71	93	1
78	93	1
79	93	1
80	93	1
81	93	1
82	93	1
83	93	1
102	93	1
126	93	1
147	93	1
148	93	1
160	93	1
162	93	1
175	93	1
177	93	1
178	93	1
209	93	1
214	93	1
216	93	1
217	93	1
225	93	1
226	93	1
229	93	1
236	93	1
238	93	1
239	93	1
240	93	1
16	94	1
17	94	1
51	94	1
56	94	1
89	94	1
95	94	1
96	94	1
97	94	1
98	94	1
99	94	1
283	94	1
15	95	1
18	95	1
29	95	1
56	95	1
68	95	1
69	95	1
70	95	1
77	95	1
88	95	1
89	95	1
94	95	1
96	95	1
128	95	1
129	95	1
274	95	1
10	96	1
16	96	1
17	96	1
22	96	1
26	96	1
27	96	1
56	96	1
89	96	1
94	96	1
95	96	1
97	96	1
107	96	1
119	96	1
120	96	1
121	96	1
122	96	1
123	96	1
139	96	1
140	96	1
150	96	1
167	96	1
168	96	1
170	96	1
171	96	1
172	96	1
173	96	1
174	96	1
278	96	1
279	96	1
280	96	1
281	96	1
282	96	1
283	96	1
284	96	1
285	96	1
286	96	1
290	96	1
292	96	1
293	96	1
294	96	1
295	96	1
296	96	1
11	97	1
15	97	1
16	97	1
17	97	1
18	97	1
50	97	1
53	97	1
56	97	1
68	97	1
69	97	1
70	97	1
87	97	1
88	97	1
89	97	1
94	97	1
96	97	1
105	97	1
175	97	1
177	97	1
178	97	1
274	97	1
3	98	1
5	98	1
11	98	1
14	98	1
16	98	1
17	98	1
19	98	1
31	98	1
32	98	1
35	98	1
43	98	1
47	98	1
53	98	1
55	98	1
56	98	1
60	98	1
64	98	1
70	98	1
84	98	1
85	98	1
88	98	1
94	98	1
106	98	1
107	98	1
108	98	1
118	98	1
119	98	1
120	98	1
121	98	1
122	98	1
123	98	1
124	98	1
125	98	1
130	98	1
150	98	1
151	98	1
167	98	1
174	98	1
175	98	1
177	98	1
178	98	1
188	98	1
189	98	1
190	98	1
283	98	1
284	98	1
285	98	1
286	98	1
3	99	1
5	99	1
11	99	1
14	99	1
15	99	1
16	99	1
17	99	1
19	99	1
24	99	1
25	99	1
28	99	1
29	99	1
31	99	1
32	99	1
35	99	1
43	99	1
47	99	1
55	99	1
56	99	1
60	99	1
64	99	1
70	99	1
71	99	1
73	99	1
78	99	1
79	99	1
80	99	1
81	99	1
82	99	1
83	99	1
88	99	1
92	99	1
94	99	1
106	99	1
107	99	1
108	99	1
112	99	1
115	99	1
118	99	1
124	99	1
125	99	1
130	99	1
142	99	1
144	99	1
145	99	1
150	99	1
151	99	1
160	99	1
167	99	1
174	99	1
188	99	1
189	99	1
190	99	1
192	99	1
216	99	1
2	100	1
16	100	1
17	100	1
44	100	1
47	100	1
51	100	1
52	100	1
56	100	1
89	100	1
103	100	1
127	100	1
144	100	1
166	100	1
168	100	1
199	100	1
202	100	1
204	100	1
206	100	1
212	100	1
236	100	1
14	101	1
15	101	1
30	101	1
52	101	1
55	101	1
89	101	1
125	101	1
149	101	1
150	101	1
151	101	1
160	101	1
168	101	1
175	101	1
179	101	1
194	101	1
202	101	1
203	101	1
214	101	1
216	101	1
44	102	1
72	102	1
90	102	1
91	102	1
93	102	1
103	102	1
114	102	1
126	102	1
131	102	1
147	102	1
148	102	1
162	102	1
208	102	1
211	102	1
214	102	1
217	102	1
220	102	1
226	102	1
227	102	1
228	102	1
229	102	1
230	102	1
236	102	1
240	102	1
10	103	1
16	103	1
18	103	1
30	103	1
39	103	1
41	103	1
44	103	1
61	103	1
66	103	1
89	103	1
100	103	1
102	103	1
110	103	1
116	103	1
126	103	1
142	103	1
144	103	1
145	103	1
148	103	1
155	103	1
162	103	1
175	103	1
177	103	1
178	103	1
192	103	1
213	103	1
214	103	1
229	103	1
238	103	1
240	103	1
185	104	1
227	104	1
3	105	1
11	105	1
15	105	1
27	105	1
30	105	1
39	105	1
44	105	1
52	105	1
53	105	1
66	105	1
91	105	1
97	105	1
125	105	1
130	105	1
147	105	1
166	105	1
175	105	1
177	105	1
178	105	1
187	105	1
209	105	1
225	105	1
227	105	1
234	105	1
3	106	1
12	106	1
32	106	1
41	106	1
51	106	1
89	106	1
98	106	1
99	106	1
107	106	1
108	106	1
109	106	1
110	106	1
111	106	1
18	107	1
43	107	1
51	107	1
68	107	1
69	107	1
70	107	1
89	107	1
96	107	1
98	107	1
99	107	1
106	107	1
211	107	1
277	107	1
31	108	1
32	108	1
43	108	1
51	108	1
56	108	1
59	108	1
60	108	1
89	108	1
98	108	1
99	108	1
106	108	1
4	109	1
18	109	1
43	109	1
106	109	1
160	109	1
199	109	1
205	109	1
209	109	1
216	109	1
217	109	1
225	109	1
226	109	1
3	110	1
51	110	1
90	110	1
103	110	1
106	110	1
114	110	1
124	110	1
125	110	1
228	110	1
234	110	1
258	110	1
18	111	1
21	111	1
22	111	1
30	111	1
31	111	1
32	111	1
33	111	1
36	111	1
44	111	1
60	111	1
61	111	1
65	111	1
66	111	1
88	111	1
106	111	1
174	111	1
2	112	1
15	112	1
23	112	1
24	112	1
25	112	1
29	112	1
51	112	1
89	112	1
99	112	1
158	112	1
202	112	1
204	112	1
16	113	1
17	113	1
24	113	1
25	113	1
28	113	1
29	113	1
53	113	1
56	113	1
71	113	1
73	113	1
78	113	1
79	113	1
80	113	1
81	113	1
82	113	1
83	113	1
175	113	1
177	113	1
178	113	1
18	114	1
30	114	1
45	114	1
56	114	1
102	114	1
110	114	1
2	115	1
15	115	1
51	115	1
56	115	1
89	115	1
99	115	1
116	115	1
117	115	1
18	116	1
89	116	1
103	116	1
115	116	1
176	116	1
177	116	1
15	117	1
55	117	1
90	117	1
115	117	1
183	117	1
199	117	1
203	117	1
209	117	1
216	117	1
234	117	1
31	118	1
32	118	1
51	118	1
55	118	1
60	118	1
89	118	1
98	118	1
99	118	1
119	118	1
120	118	1
121	118	1
122	118	1
123	118	1
124	118	1
125	118	1
283	118	1
284	118	1
285	118	1
286	118	1
53	119	1
96	119	1
98	119	1
118	119	1
150	119	1
175	119	1
177	119	1
178	119	1
188	119	1
53	120	1
56	120	1
96	120	1
98	120	1
118	120	1
150	120	1
168	120	1
169	120	1
175	120	1
176	120	1
177	120	1
178	120	1
188	120	1
199	120	1
200	120	1
202	120	1
203	120	1
204	120	1
205	120	1
16	121	1
17	121	1
56	121	1
96	121	1
98	121	1
118	121	1
150	121	1
168	121	1
169	121	1
170	121	1
188	121	1
199	121	1
200	121	1
202	121	1
203	121	1
204	121	1
205	121	1
19	122	1
53	122	1
96	122	1
98	122	1
118	122	1
150	122	1
168	122	1
169	122	1
175	122	1
177	122	1
178	122	1
188	122	1
199	122	1
200	122	1
202	122	1
203	122	1
204	122	1
205	122	1
56	123	1
63	123	1
92	123	1
96	123	1
98	123	1
118	123	1
127	123	1
150	123	1
168	123	1
169	123	1
188	123	1
199	123	1
200	123	1
202	123	1
203	123	1
204	123	1
205	123	1
13	124	1
24	124	1
25	124	1
51	124	1
56	124	1
71	124	1
78	124	1
79	124	1
80	124	1
81	124	1
82	124	1
83	124	1
89	124	1
98	124	1
99	124	1
110	124	1
118	124	1
126	124	1
223	124	1
224	124	1
243	124	1
271	124	1
6	125	1
7	125	1
8	125	1
9	125	1
13	125	1
23	125	1
24	125	1
25	125	1
28	125	1
51	125	1
59	125	1
71	125	1
78	125	1
79	125	1
80	125	1
81	125	1
82	125	1
83	125	1
89	125	1
98	125	1
99	125	1
101	125	1
105	125	1
110	125	1
118	125	1
126	125	1
132	125	1
133	125	1
135	125	1
158	125	1
223	125	1
224	125	1
243	125	1
271	125	1
33	126	1
36	126	1
44	126	1
55	126	1
61	126	1
72	126	1
90	126	1
91	126	1
93	126	1
102	126	1
103	126	1
124	126	1
125	126	1
147	126	1
148	126	1
156	126	1
157	126	1
184	126	1
52	127	1
53	127	1
74	127	1
100	127	1
123	127	1
142	127	1
144	127	1
145	127	1
174	127	1
175	127	1
177	127	1
178	127	1
2	128	1
70	128	1
73	128	1
88	128	1
95	128	1
140	128	1
64	129	1
95	129	1
135	129	1
182	129	1
194	129	1
4	130	1
15	130	1
51	130	1
98	130	1
99	130	1
105	130	1
160	130	1
209	130	1
216	130	1
217	130	1
225	130	1
226	130	1
18	131	1
24	131	1
25	131	1
30	131	1
33	131	1
35	131	1
36	131	1
102	131	1
141	131	1
158	131	1
162	131	1
229	131	1
28	132	1
125	132	1
147	132	1
176	132	1
227	132	1
235	132	1
28	133	1
58	133	1
125	133	1
147	133	1
176	133	1
227	133	1
235	133	1
12	134	1
256	134	1
276	134	1
6	135	1
7	135	1
8	135	1
9	135	1
28	135	1
39	135	1
40	135	1
59	135	1
77	135	1
125	135	1
129	135	1
136	135	1
68	136	1
69	136	1
70	136	1
135	136	1
166	136	1
18	137	1
30	137	1
31	137	1
32	137	1
60	137	1
65	137	1
211	137	1
234	137	1
8	138	1
9	138	1
53	138	1
64	138	1
175	138	1
177	138	1
178	138	1
268	138	1
15	139	1
23	139	1
53	139	1
87	139	1
96	139	1
175	139	1
177	139	1
178	139	1
274	139	1
29	140	1
45	140	1
53	140	1
96	140	1
128	140	1
175	140	1
177	140	1
178	140	1
187	140	1
274	140	1
131	141	1
176	141	1
193	141	1
214	141	1
216	141	1
270	141	1
18	142	1
30	142	1
52	142	1
56	142	1
65	142	1
66	142	1
70	142	1
75	142	1
92	142	1
99	142	1
103	142	1
127	142	1
146	142	1
147	142	1
148	142	1
158	142	1
160	142	1
161	142	1
162	142	1
165	142	1
168	142	1
202	142	1
220	142	1
222	142	1
225	142	1
227	142	1
234	142	1
260	142	1
16	143	1
17	143	1
18	143	1
76	143	1
89	143	1
240	143	1
4	144	1
18	144	1
30	144	1
44	144	1
52	144	1
53	144	1
56	144	1
65	144	1
69	144	1
70	144	1
71	144	1
75	144	1
82	144	1
83	144	1
92	144	1
99	144	1
100	144	1
103	144	1
127	144	1
146	144	1
147	144	1
148	144	1
160	144	1
161	144	1
162	144	1
165	144	1
168	144	1
175	144	1
177	144	1
178	144	1
202	144	1
209	144	1
216	144	1
217	144	1
220	144	1
222	144	1
223	144	1
224	144	1
225	144	1
226	144	1
227	144	1
234	144	1
235	144	1
243	144	1
260	144	1
4	145	1
15	145	1
16	145	1
18	145	1
19	145	1
30	145	1
44	145	1
52	145	1
70	145	1
75	145	1
92	145	1
99	145	1
103	145	1
127	145	1
146	145	1
147	145	1
148	145	1
160	145	1
161	145	1
165	145	1
168	145	1
202	145	1
209	145	1
216	145	1
217	145	1
220	145	1
222	145	1
225	145	1
226	145	1
227	145	1
234	145	1
235	145	1
260	145	1
65	146	1
142	146	1
144	146	1
145	146	1
3	147	1
16	147	1
17	147	1
18	147	1
29	147	1
30	147	1
38	147	1
56	147	1
65	147	1
66	147	1
71	147	1
72	147	1
81	147	1
82	147	1
83	147	1
90	147	1
91	147	1
93	147	1
102	147	1
105	147	1
126	147	1
132	147	1
133	147	1
142	147	1
144	147	1
145	147	1
156	147	1
157	147	1
175	147	1
177	147	1
178	147	1
241	147	1
4	148	1
15	148	1
18	148	1
30	148	1
38	148	1
56	148	1
66	148	1
71	148	1
72	148	1
81	148	1
82	148	1
83	148	1
84	148	1
85	148	1
90	148	1
91	148	1
93	148	1
102	148	1
103	148	1
126	148	1
142	148	1
144	148	1
145	148	1
156	148	1
157	148	1
160	148	1
175	148	1
177	148	1
178	148	1
191	148	1
192	148	1
209	148	1
216	148	1
217	148	1
225	148	1
226	148	1
229	148	1
239	148	1
23	149	1
53	149	1
101	149	1
169	149	1
175	149	1
177	149	1
178	149	1
202	149	1
51	150	1
53	150	1
56	150	1
89	150	1
96	150	1
98	150	1
99	150	1
101	150	1
119	150	1
120	150	1
121	150	1
122	150	1
123	150	1
169	150	1
175	150	1
177	150	1
178	150	1
202	150	1
283	150	1
284	150	1
285	150	1
286	150	1
51	151	1
56	151	1
89	151	1
98	151	1
99	151	1
101	151	1
169	151	1
202	151	1
47	152	1
59	152	1
153	152	1
288	152	1
2	153	1
4	153	1
15	153	1
16	153	1
17	153	1
18	153	1
24	153	1
25	153	1
29	153	1
33	153	1
35	153	1
36	153	1
37	153	1
39	153	1
40	153	1
47	153	1
53	153	1
59	153	1
68	153	1
69	153	1
70	153	1
71	153	1
82	153	1
83	153	1
152	153	1
158	153	1
160	153	1
166	153	1
167	153	1
169	153	1
175	153	1
177	153	1
178	153	1
190	153	1
206	153	1
209	153	1
216	153	1
217	153	1
220	153	1
225	153	1
226	153	1
228	153	1
240	153	1
69	154	1
70	154	1
74	154	1
75	154	1
84	154	1
85	154	1
18	155	1
64	155	1
89	155	1
103	155	1
164	155	1
16	156	1
17	156	1
18	156	1
26	156	1
27	156	1
30	156	1
44	156	1
56	156	1
61	156	1
126	156	1
147	156	1
148	156	1
162	156	1
197	156	1
198	156	1
208	156	1
214	156	1
15	157	1
16	157	1
17	157	1
18	157	1
30	157	1
33	157	1
36	157	1
44	157	1
61	157	1
126	157	1
147	157	1
148	157	1
162	157	1
197	157	1
198	157	1
208	157	1
214	157	1
240	157	1
2	158	1
18	158	1
24	158	1
33	158	1
36	158	1
37	158	1
44	158	1
52	158	1
66	158	1
68	158	1
73	158	1
112	158	1
125	158	1
131	158	1
142	158	1
153	158	1
176	158	1
177	158	1
199	158	1
203	158	1
284	158	1
286	158	1
300	158	1
10	159	1
182	159	1
226	159	1
234	159	1
235	159	1
237	159	1
240	159	1
18	160	1
19	160	1
29	160	1
30	160	1
31	160	1
32	160	1
51	160	1
60	160	1
65	160	1
66	160	1
68	160	1
69	160	1
70	160	1
72	160	1
87	160	1
89	160	1
90	160	1
91	160	1
93	160	1
99	160	1
101	160	1
109	160	1
130	160	1
142	160	1
144	160	1
145	160	1
148	160	1
153	160	1
168	160	1
169	160	1
188	160	1
199	160	1
200	160	1
202	160	1
203	160	1
204	160	1
205	160	1
214	160	1
219	160	1
224	160	1
227	160	1
2	161	1
18	161	1
30	161	1
33	161	1
44	161	1
51	161	1
65	161	1
142	161	1
144	161	1
145	161	1
21	162	1
33	162	1
36	162	1
61	162	1
72	162	1
90	162	1
91	162	1
93	162	1
102	162	1
103	162	1
131	162	1
142	162	1
144	162	1
156	162	1
157	162	1
182	162	1
184	162	1
18	163	1
23	163	1
30	163	1
31	163	1
32	163	1
44	163	1
60	163	1
61	163	1
87	163	1
175	163	1
177	163	1
178	163	1
242	163	1
11	164	1
18	164	1
30	164	1
44	164	1
50	164	1
64	164	1
155	164	1
242	164	1
18	165	1
30	165	1
65	165	1
142	165	1
144	165	1
145	165	1
195	165	1
196	165	1
14	166	1
39	166	1
47	166	1
53	166	1
68	166	1
69	166	1
70	166	1
100	166	1
105	166	1
136	166	1
153	166	1
175	166	1
177	166	1
178	166	1
192	166	1
214	166	1
234	166	1
259	166	1
265	166	1
267	166	1
271	166	1
1	167	1
15	167	1
51	167	1
53	167	1
56	167	1
87	167	1
89	167	1
96	167	1
98	167	1
99	167	1
153	167	1
175	167	1
177	167	1
178	167	1
4	168	1
10	168	1
15	168	1
16	168	1
17	168	1
18	168	1
24	168	1
25	168	1
26	168	1
27	168	1
30	168	1
31	168	1
32	168	1
41	168	1
47	168	1
56	168	1
59	168	1
60	168	1
66	168	1
87	168	1
88	168	1
96	168	1
100	168	1
101	168	1
120	168	1
121	168	1
122	168	1
123	168	1
142	168	1
144	168	1
145	168	1
160	168	1
170	168	1
180	168	1
181	168	1
192	168	1
207	168	1
209	168	1
212	168	1
216	168	1
217	168	1
225	168	1
226	168	1
240	168	1
3	169	1
4	169	1
5	169	1
10	169	1
18	169	1
30	169	1
58	169	1
61	169	1
66	169	1
87	169	1
120	169	1
121	169	1
122	169	1
123	169	1
149	169	1
150	169	1
151	169	1
153	169	1
160	169	1
175	169	1
177	169	1
178	169	1
201	169	1
207	169	1
209	169	1
216	169	1
217	169	1
225	169	1
226	169	1
240	169	1
26	170	1
27	170	1
56	170	1
92	170	1
96	170	1
121	170	1
168	170	1
15	171	1
53	171	1
96	171	1
175	171	1
177	171	1
178	171	1
274	171	1
15	172	1
23	172	1
29	172	1
53	172	1
96	172	1
175	172	1
177	172	1
178	172	1
274	172	1
45	173	1
53	173	1
96	173	1
175	173	1
177	173	1
178	173	1
187	173	1
274	173	1
18	174	1
51	174	1
52	174	1
56	174	1
68	174	1
69	174	1
70	174	1
89	174	1
92	174	1
96	174	1
98	174	1
99	174	1
111	174	1
127	174	1
175	174	1
177	174	1
178	174	1
211	174	1
277	174	1
286	174	1
2	175	1
11	175	1
15	175	1
18	175	1
23	175	1
29	175	1
30	175	1
33	175	1
35	175	1
36	175	1
41	175	1
44	175	1
50	175	1
56	175	1
61	175	1
66	175	1
68	175	1
72	175	1
73	175	1
85	175	1
90	175	1
91	175	1
92	175	1
93	175	1
97	175	1
98	175	1
101	175	1
103	175	1
105	175	1
113	175	1
119	175	1
120	175	1
122	175	1
127	175	1
138	175	1
139	175	1
140	175	1
144	175	1
147	175	1
148	175	1
149	175	1
150	175	1
153	175	1
163	175	1
166	175	1
167	175	1
169	175	1
171	175	1
172	175	1
173	175	1
174	175	1
176	175	1
179	175	1
183	175	1
185	175	1
186	175	1
190	175	1
199	175	1
200	175	1
202	175	1
203	175	1
204	175	1
205	175	1
215	175	1
225	175	1
234	175	1
236	175	1
260	175	1
1	176	1
12	176	1
47	176	1
53	176	1
58	176	1
116	176	1
120	176	1
132	176	1
133	176	1
141	176	1
158	176	1
175	176	1
177	176	1
178	176	1
11	177	1
15	177	1
18	177	1
20	177	1
30	177	1
33	177	1
35	177	1
36	177	1
41	177	1
44	177	1
47	177	1
50	177	1
59	177	1
66	177	1
68	177	1
72	177	1
73	177	1
85	177	1
89	177	1
90	177	1
91	177	1
92	177	1
93	177	1
97	177	1
98	177	1
103	177	1
105	177	1
113	177	1
116	177	1
119	177	1
120	177	1
122	177	1
127	177	1
138	177	1
139	177	1
140	177	1
144	177	1
147	177	1
148	177	1
149	177	1
150	177	1
153	177	1
158	177	1
163	177	1
166	177	1
167	177	1
169	177	1
171	177	1
172	177	1
173	177	1
174	177	1
176	177	1
179	177	1
183	177	1
185	177	1
186	177	1
199	177	1
200	177	1
202	177	1
203	177	1
204	177	1
205	177	1
215	177	1
225	177	1
234	177	1
236	177	1
260	177	1
11	178	1
15	178	1
18	178	1
30	178	1
41	178	1
44	178	1
50	178	1
56	178	1
59	178	1
61	178	1
66	178	1
68	178	1
71	178	1
72	178	1
73	178	1
78	178	1
79	178	1
80	178	1
81	178	1
82	178	1
83	178	1
85	178	1
90	178	1
91	178	1
92	178	1
93	178	1
97	178	1
98	178	1
103	178	1
105	178	1
113	178	1
119	178	1
120	178	1
122	178	1
127	178	1
138	178	1
139	178	1
140	178	1
144	178	1
147	178	1
148	178	1
149	178	1
150	178	1
153	178	1
163	178	1
166	178	1
167	178	1
169	178	1
171	178	1
172	178	1
173	178	1
174	178	1
176	178	1
179	178	1
183	178	1
185	178	1
186	178	1
199	178	1
200	178	1
202	178	1
203	178	1
204	178	1
205	178	1
215	178	1
225	178	1
234	178	1
236	178	1
260	178	1
53	179	1
56	179	1
101	179	1
175	179	1
177	179	1
178	179	1
2	180	1
33	180	1
36	180	1
52	180	1
69	180	1
70	180	1
89	180	1
168	180	1
199	180	1
202	180	1
203	180	1
205	180	1
227	180	1
19	181	1
33	181	1
36	181	1
52	181	1
56	181	1
89	181	1
168	181	1
199	181	1
202	181	1
203	181	1
205	181	1
227	181	1
8	182	1
9	182	1
19	182	1
45	182	1
56	182	1
77	182	1
129	182	1
159	182	1
162	182	1
1	183	1
3	183	1
33	183	1
35	183	1
36	183	1
53	183	1
117	183	1
175	183	1
177	183	1
178	183	1
19	184	1
56	184	1
126	184	1
162	184	1
227	184	1
53	185	1
68	185	1
70	185	1
104	185	1
175	185	1
177	185	1
178	185	1
53	186	1
175	186	1
177	186	1
178	186	1
15	187	1
18	187	1
105	187	1
140	187	1
173	187	1
208	187	1
4	188	1
18	188	1
24	188	1
25	188	1
26	188	1
27	188	1
31	188	1
32	188	1
51	188	1
60	188	1
89	188	1
98	188	1
99	188	1
119	188	1
120	188	1
121	188	1
122	188	1
123	188	1
160	188	1
199	188	1
205	188	1
209	188	1
216	188	1
217	188	1
225	188	1
226	188	1
283	188	1
284	188	1
285	188	1
286	188	1
24	189	1
25	189	1
28	189	1
31	189	1
32	189	1
51	189	1
60	189	1
89	189	1
98	189	1
99	189	1
199	189	1
18	190	1
51	190	1
52	190	1
71	190	1
73	190	1
78	190	1
79	190	1
80	190	1
81	190	1
82	190	1
83	190	1
89	190	1
98	190	1
99	190	1
153	190	1
175	190	1
205	190	1
214	190	1
30	191	1
44	191	1
66	191	1
148	191	1
208	191	1
214	191	1
227	191	1
22	192	1
30	192	1
51	192	1
72	192	1
73	192	1
89	192	1
99	192	1
103	192	1
148	192	1
166	192	1
168	192	1
1	193	1
30	193	1
141	193	1
15	194	1
18	194	1
23	194	1
28	194	1
29	194	1
30	194	1
44	194	1
65	194	1
69	194	1
70	194	1
71	194	1
77	194	1
78	194	1
79	194	1
80	194	1
81	194	1
82	194	1
83	194	1
101	194	1
129	194	1
72	195	1
165	195	1
222	195	1
238	195	1
72	196	1
165	196	1
222	196	1
238	196	1
5	197	1
29	197	1
156	197	1
157	197	1
5	198	1
156	198	1
157	198	1
1	199	1
4	199	1
10	199	1
15	199	1
16	199	1
17	199	1
18	199	1
20	199	1
26	199	1
27	199	1
29	199	1
30	199	1
33	199	1
36	199	1
46	199	1
52	199	1
53	199	1
56	199	1
65	199	1
66	199	1
69	199	1
70	199	1
100	199	1
109	199	1
117	199	1
120	199	1
121	199	1
122	199	1
123	199	1
158	199	1
160	199	1
175	199	1
177	199	1
178	199	1
180	199	1
181	199	1
188	199	1
189	199	1
201	199	1
206	199	1
207	199	1
209	199	1
216	199	1
217	199	1
225	199	1
226	199	1
240	199	1
4	200	1
10	200	1
16	200	1
17	200	1
18	200	1
30	200	1
31	200	1
32	200	1
41	200	1
53	200	1
56	200	1
60	200	1
120	200	1
121	200	1
122	200	1
123	200	1
160	200	1
175	200	1
177	200	1
178	200	1
201	200	1
207	200	1
209	200	1
216	200	1
217	200	1
225	200	1
226	200	1
240	200	1
169	201	1
199	201	1
200	201	1
202	201	1
3	202	1
4	202	1
10	202	1
15	202	1
16	202	1
17	202	1
18	202	1
29	202	1
30	202	1
31	202	1
32	202	1
47	202	1
53	202	1
56	202	1
60	202	1
61	202	1
66	202	1
84	202	1
85	202	1
100	202	1
101	202	1
112	202	1
120	202	1
121	202	1
122	202	1
123	202	1
142	202	1
144	202	1
145	202	1
149	202	1
150	202	1
151	202	1
160	202	1
175	202	1
177	202	1
178	202	1
180	202	1
181	202	1
201	202	1
207	202	1
209	202	1
212	202	1
216	202	1
217	202	1
225	202	1
226	202	1
240	202	1
2	203	1
4	203	1
10	203	1
15	203	1
18	203	1
19	203	1
29	203	1
30	203	1
47	203	1
61	203	1
66	203	1
101	203	1
117	203	1
120	203	1
121	203	1
122	203	1
123	203	1
158	203	1
160	203	1
175	203	1
177	203	1
178	203	1
180	203	1
181	203	1
206	203	1
207	203	1
209	203	1
216	203	1
217	203	1
225	203	1
226	203	1
240	203	1
4	204	1
10	204	1
18	204	1
30	204	1
56	204	1
66	204	1
84	204	1
85	204	1
100	204	1
112	204	1
120	204	1
121	204	1
122	204	1
123	204	1
160	204	1
175	204	1
177	204	1
178	204	1
207	204	1
209	204	1
216	204	1
217	204	1
225	204	1
226	204	1
240	204	1
3	205	1
4	205	1
10	205	1
15	205	1
16	205	1
17	205	1
18	205	1
19	205	1
26	205	1
27	205	1
30	205	1
41	205	1
46	205	1
47	205	1
66	205	1
109	205	1
120	205	1
121	205	1
122	205	1
123	205	1
160	205	1
175	205	1
177	205	1
178	205	1
180	205	1
181	205	1
188	205	1
190	205	1
207	205	1
209	205	1
212	205	1
216	205	1
217	205	1
225	205	1
226	205	1
241	205	1
100	206	1
153	206	1
199	206	1
203	206	1
18	207	1
30	207	1
168	207	1
169	207	1
199	207	1
200	207	1
202	207	1
203	207	1
204	207	1
205	207	1
18	208	1
26	208	1
27	208	1
29	208	1
30	208	1
33	208	1
36	208	1
61	208	1
68	208	1
69	208	1
70	208	1
102	208	1
156	208	1
157	208	1
187	208	1
191	208	1
18	209	1
19	209	1
20	209	1
30	209	1
31	209	1
32	209	1
56	209	1
60	209	1
65	209	1
66	209	1
68	209	1
69	209	1
70	209	1
71	209	1
72	209	1
81	209	1
82	209	1
83	209	1
87	209	1
90	209	1
91	209	1
93	209	1
105	209	1
109	209	1
117	209	1
130	209	1
144	209	1
145	209	1
148	209	1
153	209	1
168	209	1
169	209	1
188	209	1
199	209	1
200	209	1
202	209	1
203	209	1
204	209	1
205	209	1
212	209	1
214	209	1
219	209	1
224	209	1
18	210	1
30	210	1
56	210	1
65	210	1
66	210	1
3	211	1
15	211	1
18	211	1
30	211	1
59	211	1
68	211	1
69	211	1
70	211	1
87	211	1
102	211	1
107	211	1
137	211	1
174	211	1
2	212	1
90	212	1
100	212	1
168	212	1
202	212	1
205	212	1
209	212	1
216	212	1
225	212	1
272	212	1
58	213	1
103	213	1
4	214	1
10	214	1
11	214	1
15	214	1
18	214	1
27	214	1
30	214	1
33	214	1
36	214	1
50	214	1
52	214	1
56	214	1
57	214	1
59	214	1
65	214	1
66	214	1
72	214	1
88	214	1
90	214	1
91	214	1
93	214	1
101	214	1
102	214	1
103	214	1
141	214	1
156	214	1
157	214	1
160	214	1
166	214	1
190	214	1
191	214	1
209	214	1
215	214	1
216	214	1
217	214	1
225	214	1
226	214	1
227	214	1
53	215	1
58	215	1
175	215	1
177	215	1
178	215	1
214	215	1
15	216	1
18	216	1
19	216	1
29	216	1
30	216	1
31	216	1
32	216	1
51	216	1
60	216	1
65	216	1
66	216	1
68	216	1
69	216	1
70	216	1
72	216	1
87	216	1
89	216	1
90	216	1
91	216	1
93	216	1
99	216	1
101	216	1
109	216	1
117	216	1
130	216	1
141	216	1
144	216	1
145	216	1
148	216	1
153	216	1
168	216	1
169	216	1
188	216	1
199	216	1
200	216	1
202	216	1
203	216	1
204	216	1
205	216	1
212	216	1
214	216	1
219	216	1
224	216	1
18	217	1
19	217	1
30	217	1
31	217	1
32	217	1
56	217	1
60	217	1
65	217	1
66	217	1
68	217	1
69	217	1
70	217	1
72	217	1
87	217	1
88	217	1
90	217	1
91	217	1
93	217	1
102	217	1
109	217	1
130	217	1
144	217	1
145	217	1
148	217	1
153	217	1
168	217	1
169	217	1
188	217	1
199	217	1
200	217	1
202	217	1
203	217	1
204	217	1
205	217	1
214	217	1
219	217	1
224	217	1
88	218	1
240	218	1
4	219	1
59	219	1
160	219	1
209	219	1
216	219	1
217	219	1
220	219	1
225	219	1
226	219	1
15	220	1
18	220	1
29	220	1
30	220	1
56	220	1
102	220	1
142	220	1
144	220	1
145	220	1
153	220	1
219	220	1
221	220	1
229	220	1
39	221	1
40	221	1
47	221	1
220	221	1
262	221	1
18	222	1
30	222	1
142	222	1
144	222	1
145	222	1
195	222	1
196	222	1
18	223	1
28	223	1
44	223	1
55	223	1
124	223	1
125	223	1
144	223	1
275	223	1
4	224	1
18	224	1
44	224	1
55	224	1
124	224	1
125	224	1
144	224	1
160	224	1
209	224	1
216	224	1
217	224	1
225	224	1
226	224	1
3	225	1
18	225	1
19	225	1
20	225	1
30	225	1
31	225	1
32	225	1
53	225	1
56	225	1
60	225	1
65	225	1
66	225	1
68	225	1
69	225	1
70	225	1
72	225	1
87	225	1
90	225	1
91	225	1
93	225	1
105	225	1
109	225	1
130	225	1
142	225	1
144	225	1
145	225	1
148	225	1
153	225	1
168	225	1
169	225	1
175	225	1
177	225	1
178	225	1
188	225	1
199	225	1
200	225	1
202	225	1
203	225	1
204	225	1
205	225	1
212	225	1
214	225	1
219	225	1
224	225	1
227	225	1
15	226	1
18	226	1
19	226	1
29	226	1
30	226	1
31	226	1
32	226	1
56	226	1
59	226	1
60	226	1
65	226	1
66	226	1
68	226	1
69	226	1
70	226	1
72	226	1
87	226	1
90	226	1
91	226	1
93	226	1
102	226	1
109	226	1
130	226	1
144	226	1
145	226	1
148	226	1
153	226	1
159	226	1
168	226	1
169	226	1
188	226	1
199	226	1
200	226	1
202	226	1
203	226	1
204	226	1
205	226	1
214	226	1
219	226	1
224	226	1
227	226	1
2	227	1
16	227	1
17	227	1
18	227	1
30	227	1
38	227	1
41	227	1
58	227	1
59	227	1
68	227	1
69	227	1
70	227	1
87	227	1
102	227	1
104	227	1
105	227	1
132	227	1
133	227	1
142	227	1
144	227	1
145	227	1
160	227	1
180	227	1
181	227	1
184	227	1
191	227	1
214	227	1
225	227	1
226	227	1
240	227	1
18	228	1
30	228	1
56	228	1
102	228	1
110	228	1
153	228	1
72	229	1
90	229	1
91	229	1
93	229	1
102	229	1
103	229	1
131	229	1
148	229	1
220	229	1
238	229	1
61	230	1
102	230	1
231	230	1
233	230	1
236	230	1
18	231	1
30	231	1
230	231	1
232	231	1
231	232	1
233	232	1
18	233	1
30	233	1
65	233	1
230	233	1
232	233	1
10	234	1
12	234	1
16	234	1
39	234	1
41	234	1
44	234	1
47	234	1
56	234	1
59	234	1
69	234	1
70	234	1
105	234	1
110	234	1
117	234	1
137	234	1
142	234	1
144	234	1
145	234	1
159	234	1
166	234	1
175	234	1
177	234	1
178	234	1
238	234	1
56	235	1
63	235	1
65	235	1
69	235	1
70	235	1
71	235	1
81	235	1
82	235	1
83	235	1
132	235	1
133	235	1
144	235	1
145	235	1
159	235	1
11	236	1
18	236	1
30	236	1
33	236	1
36	236	1
45	236	1
50	236	1
63	236	1
72	236	1
90	236	1
91	236	1
93	236	1
100	236	1
102	236	1
175	236	1
177	236	1
178	236	1
230	236	1
159	237	1
38	238	1
56	238	1
66	238	1
72	238	1
90	238	1
91	238	1
93	238	1
103	238	1
195	238	1
196	238	1
229	238	1
234	238	1
91	239	1
93	239	1
148	239	1
18	240	1
21	240	1
22	240	1
30	240	1
33	240	1
35	240	1
36	240	1
44	240	1
56	240	1
66	240	1
72	240	1
84	240	1
85	240	1
89	240	1
90	240	1
91	240	1
93	240	1
102	240	1
103	240	1
143	240	1
153	240	1
157	240	1
159	240	1
168	240	1
169	240	1
199	240	1
200	240	1
202	240	1
203	240	1
204	240	1
218	240	1
227	240	1
242	240	1
147	241	1
205	241	1
33	242	1
36	242	1
44	242	1
61	242	1
89	242	1
163	242	1
164	242	1
240	242	1
18	243	1
44	243	1
55	243	1
68	243	1
69	243	1
70	243	1
124	243	1
125	243	1
144	243	1
18	244	1
44	244	1
66	244	1
1	245	1
246	245	1
247	245	1
1	246	1
245	246	1
247	246	1
270	246	1
245	247	1
246	247	1
42	248	1
59	248	1
42	249	1
59	249	1
251	250	1
252	250	1
57	251	1
250	251	1
252	251	1
255	251	1
250	252	1
251	252	1
1	253	1
3	253	1
41	253	1
267	253	1
287	253	1
289	253	1
3	254	1
6	254	1
7	254	1
8	254	1
9	254	1
255	254	1
3	255	1
34	255	1
58	255	1
251	255	1
254	255	1
3	256	1
12	256	1
134	256	1
3	257	1
258	257	1
6	258	1
7	258	1
8	258	1
9	258	1
110	258	1
257	258	1
6	259	1
7	259	1
8	259	1
9	259	1
166	259	1
264	259	1
15	260	1
16	260	1
17	260	1
18	260	1
30	260	1
39	260	1
44	260	1
47	260	1
56	260	1
65	260	1
68	260	1
69	260	1
70	260	1
142	260	1
144	260	1
145	260	1
175	260	1
177	260	1
178	260	1
7	261	1
8	261	1
9	261	1
3	262	1
6	262	1
7	262	1
8	262	1
9	262	1
221	262	1
6	263	1
7	263	1
8	263	1
9	263	1
40	264	1
259	264	1
6	265	1
7	265	1
8	265	1
9	265	1
166	265	1
267	265	1
268	266	1
3	267	1
6	267	1
7	267	1
8	267	1
9	267	1
41	267	1
59	267	1
166	267	1
253	267	1
265	267	1
9	268	1
138	268	1
266	268	1
84	269	1
85	269	1
13	270	1
55	270	1
59	270	1
141	270	1
246	270	1
55	271	1
124	271	1
125	271	1
166	271	1
56	272	1
212	272	1
56	273	1
47	274	1
95	274	1
97	274	1
139	274	1
140	274	1
171	274	1
172	274	1
173	274	1
15	275	1
68	275	1
223	275	1
28	276	1
59	276	1
134	276	1
107	277	1
174	277	1
96	278	1
96	279	1
96	280	1
96	281	1
96	282	1
19	283	1
94	283	1
96	283	1
98	283	1
118	283	1
150	283	1
188	283	1
56	284	1
96	284	1
98	284	1
118	284	1
150	284	1
158	284	1
188	284	1
96	285	1
98	285	1
118	285	1
150	285	1
188	285	1
56	286	1
96	286	1
98	286	1
118	286	1
150	286	1
158	286	1
174	286	1
188	286	1
18	287	1
62	287	1
253	287	1
288	287	1
152	288	1
287	288	1
18	289	1
62	289	1
253	289	1
62	290	1
96	290	1
291	290	1
56	291	1
290	291	1
292	291	1
293	291	1
294	291	1
295	291	1
296	291	1
62	292	1
96	292	1
291	292	1
62	293	1
96	293	1
291	293	1
62	294	1
96	294	1
291	294	1
18	295	1
30	295	1
62	295	1
96	295	1
291	295	1
18	296	1
30	296	1
62	296	1
96	296	1
291	296	1
24	297	1
25	297	1
68	297	1
69	297	1
70	297	1
24	298	1
25	298	1
68	298	1
69	298	1
70	298	1
24	299	1
25	299	1
28	299	1
29	299	1
56	299	1
68	299	1
69	299	1
70	299	1
71	299	1
78	299	1
79	299	1
80	299	1
81	299	1
82	299	1
83	299	1
56	300	1
68	300	1
69	300	1
70	300	1
158	300	1
