% bip positive
1	1	1	1099288539
2	1	1	1149772490
3	1	1	1154282741
4	1	1	1288323032
5	1	1	1293554004
5	1	1	1293554110
5	1	1	1293554874
5	1	1	1293557182
5	1	1	1293557594
5	1	1	1293557662
6	1	1	1293596106
6	1	1	1293596265
7	1	1	1293648943
8	1	1	1302443374
9	1	1	1397219739
10	1	1	1472290241
11	1	1	1487773296
1	2	1	1099289075
1	2	1	1099710989
12	2	1	1100503615
13	2	1	1151834369
13	2	1	1151834589
14	2	1	1158136024
14	2	1	1158222031
14	2	1	1158222126
14	2	1	1158427862
14	2	1	1158564041
14	2	1	1158747513
14	2	1	1159093759
14	2	1	1159771537
14	2	1	1160225735
14	2	1	1160289662
14	2	1	1160908460
14	2	1	1161780298
14	2	1	1162116189
14	2	1	1162118795
14	2	1	1162120839
15	2	1	1163817019
14	2	1	1164021264
14	2	1	1169290003
14	2	1	1180609812
14	2	1	1193999841
14	2	1	1193999911
16	2	1	1205324013
17	2	1	1221908833
18	2	1	1249625146
18	2	1	1249625368
18	2	1	1249625396
18	2	1	1249625587
19	2	1	1252830756
19	2	1	1252830813
19	2	1	1252830872
19	2	1	1252832643
19	2	1	1252832765
19	2	1	1252833099
19	2	1	1252833351
19	2	1	1252833813
19	2	1	1252834013
19	2	1	1252834215
19	2	1	1252834518
19	2	1	1252834588
19	2	1	1255636348
19	2	1	1255636890
19	2	1	1255636942
19	2	1	1255637181
19	2	1	1255637210
19	2	1	1255637275
19	2	1	1255637308
19	2	1	1255637351
19	2	1	1255637378
19	2	1	1255637425
19	2	1	1255637454
19	2	1	1255637524
19	2	1	1255637569
19	2	1	1255637640
19	2	1	1255637663
19	2	1	1255637730
19	2	1	1255637761
19	2	1	1255637840
19	2	1	1255637870
19	2	1	1255637915
19	2	1	1255637941
19	2	1	1255638036
19	2	1	1255638098
19	2	1	1255638133
19	2	1	1255638180
19	2	1	1255638217
19	2	1	1255638280
19	2	1	1255638351
19	2	1	1255638392
19	2	1	1255638432
19	2	1	1255638479
19	2	1	1255638528
19	2	1	1255638627
19	2	1	1255638692
19	2	1	1255638763
19	2	1	1255638833
19	2	1	1255638896
19	2	1	1255639006
19	2	1	1255639028
19	2	1	1255639079
19	2	1	1255639223
19	2	1	1255639262
19	2	1	1255639289
19	2	1	1255639334
19	2	1	1255639400
19	2	1	1255639455
19	2	1	1255639554
19	2	1	1255639598
19	2	1	1255639690
19	2	1	1255639745
19	2	1	1255639820
19	2	1	1255639864
19	2	1	1255639924
19	2	1	1255639997
19	2	1	1255640024
19	2	1	1255640054
19	2	1	1255640077
19	2	1	1255640110
19	2	1	1255640138
19	2	1	1255640169
19	2	1	1255640201
19	2	1	1255640255
19	2	1	1255640290
19	2	1	1255640325
19	2	1	1255640351
19	2	1	1255640389
19	2	1	1255640413
19	2	1	1255640452
19	2	1	1255640473
19	2	1	1255640513
19	2	1	1255640538
19	2	1	1255640569
19	2	1	1255640598
19	2	1	1255640640
19	2	1	1255640688
19	2	1	1255640728
19	2	1	1255640754
19	2	1	1255640792
19	2	1	1255640822
19	2	1	1255640866
19	2	1	1255640931
19	2	1	1255640968
19	2	1	1255640998
19	2	1	1255641033
19	2	1	1255641056
19	2	1	1255641086
19	2	1	1255641111
19	2	1	1255641151
19	2	1	1255641173
19	2	1	1255641240
19	2	1	1255641294
19	2	1	1255641317
19	2	1	1255641333
19	2	1	1255641361
19	2	1	1255641391
19	2	1	1255641437
19	2	1	1255641469
19	2	1	1255641499
19	2	1	1255641534
19	2	1	1255641575
19	2	1	1255641604
19	2	1	1255641630
19	2	1	1255641661
19	2	1	1255641729
19	2	1	1255641759
19	2	1	1255641785
19	2	1	1255641813
19	2	1	1255699977
19	2	1	1255700515
19	2	1	1255700717
19	2	1	1255701100
19	2	1	1255701131
19	2	1	1255701288
19	2	1	1255701370
19	2	1	1255701858
19	2	1	1255701911
19	2	1	1255702388
19	2	1	1255702473
19	2	1	1257431651
19	2	1	1260122012
20	2	1	1291467431
21	2	1	1291488046
21	2	1	1291488184
21	2	1	1291488330
7	2	1	1293529316
7	2	1	1293529826
5	2	1	1293557943
7	2	1	1293623953
5	2	1	1293645654
5	2	1	1293645901
7	2	1	1293647167
7	2	1	1293648155
5	2	1	1293648581
20	2	1	1296295156
7	2	1	1300211404
7	2	1	1300211571
7	2	1	1300211766
7	2	1	1300211872
7	2	1	1318925743
7	2	1	1318925862
22	2	1	1320448318
22	2	1	1320448815
22	2	1	1320450268
22	2	1	1320450744
22	2	1	1320451000
22	2	1	1320452161
23	2	1	1342176213
23	2	1	1342176732
23	2	1	1342177290
23	2	1	1342177552
7	2	1	1397196408
7	2	1	1413979178
7	2	1	1413979244
7	2	1	1413979608
24	2	1	1419870289
24	2	1	1419870451
25	2	1	1437717051
25	2	1	1437717366
10	2	1	1447496202
10	2	1	1447497306
10	2	1	1448713577
1	3	1	1099313286
1	3	1	1099313664
26	3	1	1152612005
27	3	1	1256697324
28	3	1	1256764275
29	3	1	1496124902
1	4	1	1099709728
1	4	1	1099709912
1	5	1	1099710322
1	5	1	1099710387
1	6	1	1099710501
1	6	1	1099710529
5	6	1	1293557862
5	6	1	1293558285
5	6	1	1293563644
30	6	1	1387442004
31	6	1	1395061417
32	6	1	1455688358
33	6	1	1480861739
1	7	1	1099710620
5	7	1	1293595683
30	7	1	1324010523
30	7	1	1324010700
33	7	1	1478270776
1	8	1	1099710674
34	8	1	1275599610
5	8	1	1293557799
5	8	1	1293558142
5	8	1	1293559832
8	8	1	1293561452
5	8	1	1293562518
35	8	1	1295186172
35	8	1	1295259760
36	8	1	1308838785
30	8	1	1367468120
31	8	1	1391749231
30	8	1	1395899409
30	8	1	1395899838
31	8	1	1396852358
31	8	1	1401455030
31	8	1	1435311694
31	8	1	1436849468
31	8	1	1449899058
31	8	1	1453044869
31	8	1	1453535097
31	8	1	1464091924
33	8	1	1478853492
33	8	1	1478870715
31	8	1	1480055872
31	8	1	1482917093
1	9	1	1099710788
5	9	1	1293564792
31	9	1	1407825066
1	10	1	1099711226
1	10	1	1099711345
1	10	1	1099711464
37	10	1	1268150590
38	12	1	1134299697
38	13	1	1134299708
26	14	1	1136901765
26	15	1	1136902356
39	15	1	1444943238
26	16	1	1136902786
1	17	1	1139318677
1	17	1	1139318704
1	17	1	1139318734
3	19	1	1154282741
28	19	1	1254182024
28	19	1	1255553594
40	19	1	1271628635
40	19	1	1271628777
41	19	1	1312608056
30	19	1	1450207375
3	20	1	1154282741
3	21	1	1154282741
42	22	1	1268434663
43	23	1	1174772383
44	24	1	1189963632
44	25	1	1189963694
44	26	1	1189963724
11	27	1	1269500798
45	27	1	1309683235
45	27	1	1319677180
45	27	1	1324472883
45	27	1	1326644361
45	27	1	1329059262
45	27	1	1338599308
45	27	1	1338920776
45	27	1	1340945424
45	27	1	1342728751
45	27	1	1346896920
45	27	1	1347283594
45	27	1	1350356511
45	27	1	1350493655
45	27	1	1357678984
45	27	1	1358609223
45	27	1	1359578138
45	27	1	1363205042
45	27	1	1366779303
45	27	1	1367293794
45	27	1	1367347188
45	27	1	1369082985
45	27	1	1370310305
45	27	1	1370441346
45	27	1	1371962461
45	27	1	1374586001
46	27	1	1374597729
45	27	1	1377026386
45	27	1	1379990715
45	27	1	1380912651
45	27	1	1381263942
47	27	1	1381412224
45	27	1	1383682360
45	27	1	1384817601
48	27	1	1389854849
48	27	1	1392813046
48	27	1	1393020006
48	27	1	1393616662
48	27	1	1394229526
48	27	1	1394747759
48	27	1	1396307092
48	27	1	1396979587
48	27	1	1400342591
48	27	1	1400880578
48	27	1	1402426095
48	27	1	1403214868
48	27	1	1408642520
48	27	1	1408659319
48	27	1	1409676720
48	27	1	1414346692
48	27	1	1415986492
48	27	1	1416593531
48	27	1	1416594937
48	27	1	1419620385
48	27	1	1423161021
48	27	1	1425249166
48	27	1	1425499298
48	27	1	1426275933
48	27	1	1428682392
48	27	1	1428695306
48	27	1	1429592904
48	27	1	1430711366
48	27	1	1431883696
48	27	1	1431887511
48	27	1	1433533550
48	27	1	1433546568
48	27	1	1433685931
48	27	1	1434192258
48	27	1	1434197771
48	27	1	1434751238
48	27	1	1434762090
48	27	1	1437714475
48	27	1	1437720819
48	27	1	1438386177
48	27	1	1439591339
48	27	1	1439939332
49	27	1	1439945820
48	27	1	1439948153
48	27	1	1441217559
48	27	1	1441221747
48	27	1	1441399974
48	27	1	1441403930
48	27	1	1442955671
48	27	1	1442960980
48	27	1	1443459379
48	27	1	1446229068
48	27	1	1447106261
48	27	1	1447152456
48	27	1	1447796577
48	27	1	1448488070
48	27	1	1448980693
48	27	1	1450472288
48	27	1	1450475891
48	27	1	1451001970
48	27	1	1451958592
48	27	1	1453143996
48	27	1	1459442840
50	27	1	1460931753
48	27	1	1466776916
48	27	1	1467087699
48	27	1	1467566415
48	27	1	1467732318
48	27	1	1470765752
48	27	1	1473692903
48	27	1	1475266261
48	27	1	1475717710
48	27	1	1476553824
48	27	1	1479081564
48	27	1	1479082287
48	27	1	1480450096
48	27	1	1481743948
48	27	1	1487190699
48	27	1	1489088627
48	27	1	1489813778
48	27	1	1491536229
48	27	1	1491932027
48	27	1	1493838864
48	27	1	1494254502
48	27	1	1494612400
48	27	1	1494945848
48	27	1	1494968982
48	27	1	1495573592
51	27	1	1496335020
48	27	1	1500319602
44	28	1	1192003531
40	29	1	1192843315
40	29	1	1329592018
52	30	1	1193958920
52	30	1	1217587833
53	31	1	1196730548
54	32	1	1198361387
54	33	1	1198361391
55	34	1	1199112558
56	35	1	1201113498
56	36	1	1201113506
57	37	1	1205103843
57	38	1	1205103847
58	39	1	1206642834
59	40	1	1211755039
59	41	1	1211755096
60	42	1	1212089516
40	42	1	1277173946
40	42	1	1277175337
61	43	1	1212288260
61	43	1	1212288419
62	44	1	1212354265
63	45	1	1213741034
63	45	1	1213786249
63	45	1	1261739762
63	45	1	1264523778
63	45	1	1293285925
63	45	1	1372515094
63	46	1	1214150879
30	47	1	1368260939
57	48	1	1221620172
40	48	1	1225432447
40	49	1	1225174553
40	50	1	1225271637
64	51	1	1225317817
64	52	1	1225322539
64	53	1	1225326829
40	54	1	1225343554
64	55	1	1225377085
64	55	1	1226321455
64	56	1	1225391898
64	57	1	1225391947
40	58	1	1225408244
64	59	1	1225459051
64	59	1	1225570452
64	59	1	1225588886
64	59	1	1225600995
64	59	1	1225657051
64	59	1	1225683781
64	59	1	1225730543
64	59	1	1225776060
64	59	1	1225839239
64	59	1	1225863212
64	59	1	1225881956
64	59	1	1226014108
64	59	1	1226380828
64	59	1	1226501382
64	59	1	1227104930
64	59	1	1227879098
64	59	1	1229414441
64	59	1	1230231219
64	59	1	1230241527
64	59	1	1230769753
64	59	1	1231589152
64	59	1	1232070457
64	59	1	1232474611
64	59	1	1232483210
64	59	1	1233059137
64	59	1	1233100329
64	59	1	1233125177
64	59	1	1233211500
64	59	1	1233557675
64	59	1	1234452667
64	59	1	1234951886
64	59	1	1235329366
64	59	1	1235497728
64	59	1	1236129410
64	59	1	1237340965
64	59	1	1238046627
64	59	1	1238719495
64	59	1	1240464297
40	60	1	1225532113
40	61	1	1225586530
40	62	1	1225682439
40	63	1	1225773931
40	64	1	1225863429
47	64	1	1381411452
64	65	1	1225933485
64	65	1	1226289553
64	66	1	1225945561
64	67	1	1225961863
64	67	1	1226312441
64	68	1	1226233577
65	69	1	1226495393
40	70	1	1226545488
40	71	1	1227251864
40	72	1	1227886385
66	73	1	1229953130
40	74	1	1234152313
40	75	1	1234567274
40	76	1	1235277404
40	77	1	1235281265
64	78	1	1237303051
40	79	1	1237617964
67	80	1	1238742177
67	81	1	1238742200
40	82	1	1239507576
40	83	1	1239580576
40	84	1	1239584111
40	85	1	1240009649
40	86	1	1240017283
40	87	1	1240082355
40	88	1	1240089990
68	89	1	1242925123
69	90	1	1246047069
70	90	1	1444946427
69	91	1	1246047077
69	92	1	1246047081
71	93	1	1248107955
40	94	1	1251839297
40	95	1	1252737114
40	96	1	1252745921
40	97	1	1252817473
28	98	1	1255553610
40	98	1	1271628800
72	99	1	1255638984
28	100	1	1256583451
28	101	1	1256764275
73	102	1	1257288000
42	103	1	1258042493
42	103	1	1291929255
74	104	1	1260042861
75	104	1	1334638794
76	105	1	1260441697
40	106	1	1264238167
40	107	1	1264292718
58	108	1	1264353830
40	109	1	1264390150
40	110	1	1264468177
40	111	1	1264474014
40	112	1	1264552765
40	113	1	1264722028
40	114	1	1264732983
40	115	1	1264916571
40	116	1	1264919751
40	117	1	1264922246
40	118	1	1264923893
40	119	1	1266707089
40	119	1	1379474055
40	120	1	1266718090
77	121	1	1268601412
78	122	1	1269710380
79	123	1	1270196756
79	123	1	1379184817
79	124	1	1270471449
79	124	1	1379184820
79	125	1	1270660526
79	125	1	1379184824
80	126	1	1270842054
40	127	1	1271127488
40	128	1	1271628635
40	128	1	1271628669
81	128	1	1458810261
40	129	1	1271628821
40	130	1	1277066720
40	131	1	1277159468
40	132	1	1277168456
40	133	1	1277179413
40	134	1	1277180895
40	135	1	1277247849
40	136	1	1277579478
40	136	1	1289087849
82	136	1	1308760797
82	136	1	1309106554
82	136	1	1322676215
82	136	1	1356643936
82	136	1	1356694791
40	137	1	1280796282
40	138	1	1280800286
83	139	1	1280960497
83	139	1	1281006330
83	140	1	1281097422
40	141	1	1281149687
40	142	1	1281153788
40	143	1	1281155377
40	144	1	1281158770
83	145	1	1281183044
40	145	1	1289145725
82	145	1	1308799411
82	145	1	1309110327
82	145	1	1356643928
40	146	1	1281233155
40	147	1	1281234927
83	148	1	1281258756
40	149	1	1283021183
40	150	1	1283393728
84	151	1	1283394018
84	151	1	1284616579
47	151	1	1408317603
84	152	1	1283412582
3	153	1	1285024102
84	154	1	1285794254
84	155	1	1287790162
40	156	1	1289158773
40	157	1	1289173434
84	158	1	1289955411
84	158	1	1291479388
84	158	1	1295308235
85	158	1	1328875340
86	158	1	1337664362
86	158	1	1342549154
86	158	1	1349131781
86	158	1	1360201032
87	159	1	1291889281
88	160	1	1291890472
5	161	1	1293553959
5	161	1	1293557480
8	161	1	1306826489
10	161	1	1454676458
89	161	1	1467995198
5	162	1	1293555106
5	162	1	1293555304
5	162	1	1293556579
5	162	1	1293557048
5	162	1	1293557117
8	162	1	1293563965
5	162	1	1293595299
5	162	1	1293595346
5	162	1	1293595364
30	162	1	1324010438
90	162	1	1401290807
90	162	1	1401291722
81	162	1	1458805775
81	162	1	1458805857
33	162	1	1478517864
5	163	1	1293556599
5	164	1	1293556658
5	165	1	1293556695
5	166	1	1293557673
5	167	1	1293557823
5	168	1	1293558025
8	168	1	1293563996
5	168	1	1293568025
7	168	1	1293624126
5	168	1	1293643031
7	168	1	1293643983
5	169	1	1293558220
5	169	1	1293561331
5	169	1	1293561990
5	169	1	1293562811
5	169	1	1293562834
5	170	1	1293558349
5	171	1	1293558380
5	172	1	1293558413
5	172	1	1293559498
5	172	1	1293559581
91	172	1	1450946868
91	172	1	1450946967
91	172	1	1450947028
33	172	1	1480139792
5	173	1	1293558446
5	173	1	1293559646
90	173	1	1418798541
90	173	1	1418798797
5	174	1	1293559521
5	175	1	1293559554
5	176	1	1293559870
5	176	1	1293561012
5	176	1	1293561042
5	176	1	1293561112
5	176	1	1293562029
5	177	1	1293559916
5	177	1	1293560277
5	177	1	1293562990
5	178	1	1293559948
5	178	1	1293561264
5	178	1	1293562698
92	178	1	1294295104
92	178	1	1294303195
5	178	1	1294382613
5	179	1	1293560331
5	179	1	1293560444
5	179	1	1293561154
5	179	1	1293562569
5	179	1	1293562731
8	180	1	1293560650
8	180	1	1293560961
5	180	1	1293561285
8	180	1	1295688365
5	181	1	1293561625
5	181	1	1293561646
5	181	1	1293563496
5	181	1	1293563526
5	181	1	1293563545
7	181	1	1294205141
7	181	1	1294256601
81	181	1	1458806655
5	182	1	1293561661
5	182	1	1293562196
5	182	1	1293562293
5	182	1	1293562382
5	182	1	1293563017
5	183	1	1293563802
5	183	1	1302443765
5	184	1	1293564909
8	184	1	1293574697
8	184	1	1293574829
5	185	1	1293565317
5	186	1	1293565788
5	187	1	1293565854
5	188	1	1293565959
5	188	1	1293565976
5	188	1	1293565990
5	189	1	1293566070
81	189	1	1458810219
81	189	1	1458810234
8	190	1	1293567278
5	191	1	1293567374
5	191	1	1293567527
5	191	1	1293568085
5	191	1	1293568197
12	191	1	1397914462
5	192	1	1293567453
8	193	1	1293569890
8	193	1	1296617611
8	194	1	1293591310
12	194	1	1363244654
12	194	1	1363252192
12	194	1	1363252289
8	195	1	1293591488
8	196	1	1293591764
5	197	1	1293595741
7	198	1	1293623678
5	198	1	1293645406
7	198	1	1294165128
5	198	1	1294258281
7	198	1	1294512054
7	198	1	1300211297
7	198	1	1305515585
7	198	1	1305769804
7	198	1	1324405428
7	198	1	1340642748
7	198	1	1340649047
7	198	1	1397196089
7	198	1	1398080061
7	198	1	1445583146
7	198	1	1445583262
7	198	1	1495191033
7	198	1	1495868839
35	199	1	1293632643
35	199	1	1293911152
35	199	1	1294399070
35	199	1	1294399184
35	199	1	1294400400
67	199	1	1302886555
31	199	1	1398363445
31	199	1	1401455204
31	199	1	1401455245
31	199	1	1425059756
31	199	1	1428683789
31	199	1	1435311678
31	199	1	1454072934
33	199	1	1478355323
31	199	1	1479204275
33	199	1	1481309660
31	199	1	1489801865
31	199	1	1490844734
5	200	1	1293643172
7	201	1	1293645029
93	201	1	1382786835
94	201	1	1383923204
5	202	1	1293645437
7	203	1	1293646002
22	203	1	1320447562
95	203	1	1326129477
96	203	1	1379058279
94	203	1	1383922950
97	204	1	1294090601
8	205	1	1295835823
40	206	1	1296443023
40	206	1	1333238278
98	206	1	1390290381
98	206	1	1390292212
40	207	1	1296449076
40	208	1	1296529312
8	209	1	1296616791
40	210	1	1296617610
99	211	1	1296648862
40	212	1	1296784442
100	213	1	1297066480
100	214	1	1297066503
27	215	1	1300265184
67	215	1	1302886580
27	215	1	1359374124
101	215	1	1397393113
40	216	1	1298256005
40	217	1	1298436040
8	218	1	1301511174
31	218	1	1388736241
31	218	1	1388736587
31	218	1	1388736613
40	219	1	1301870275
8	221	1	1302174140
8	221	1	1302174322
8	221	1	1302174434
8	221	1	1302174577
31	221	1	1401425445
31	221	1	1401455429
31	221	1	1402381965
31	221	1	1402558069
31	221	1	1404458648
31	221	1	1404751344
31	221	1	1414237420
31	221	1	1417151924
31	221	1	1424856467
31	221	1	1430038841
31	221	1	1430889148
31	221	1	1432793335
31	221	1	1433915969
31	221	1	1434526887
31	221	1	1434954668
31	221	1	1435311641
31	221	1	1438773971
31	221	1	1439539497
31	221	1	1441000931
31	221	1	1441616996
31	221	1	1441856105
31	221	1	1442287399
31	221	1	1442384815
31	221	1	1443167592
31	221	1	1443593334
31	221	1	1446008134
31	221	1	1447648742
31	221	1	1447909529
31	221	1	1449548324
31	221	1	1451292397
31	221	1	1453535054
31	221	1	1454072929
31	221	1	1458214369
31	221	1	1458536628
31	221	1	1459609350
31	221	1	1460007504
31	221	1	1462427879
31	221	1	1462865219
33	221	1	1478158486
31	221	1	1478174445
31	221	1	1478174574
31	221	1	1478174758
31	221	1	1478502011
31	221	1	1479202562
31	221	1	1479705520
31	221	1	1480149560
31	221	1	1480149709
31	221	1	1480150460
31	221	1	1481186983
31	221	1	1482134029
31	221	1	1483347264
31	221	1	1484224426
31	221	1	1490608061
31	221	1	1491210832
31	221	1	1492056278
31	221	1	1493343954
31	221	1	1494236528
31	221	1	1495186356
33	221	1	1497209159
31	221	1	1499659108
8	222	1	1302175340
8	222	1	1302175546
8	222	1	1302175878
8	222	1	1302444354
8	223	1	1302176301
5	224	1	1302444272
5	225	1	1302444293
85	225	1	1328875343
102	225	1	1451794818
8	226	1	1302797291
8	226	1	1302797456
8	226	1	1302797518
8	226	1	1306831305
40	227	1	1302978457
103	227	1	1331475200
40	228	1	1302982912
40	229	1	1302994767
40	230	1	1303351442
8	231	1	1303848982
40	233	1	1305157410
40	233	1	1333912186
104	234	1	1306308960
104	234	1	1314536489
84	235	1	1306448666
84	236	1	1306520839
105	237	1	1307397123
106	237	1	1332354547
107	238	1	1308068672
107	238	1	1331368038
107	238	1	1389265728
107	238	1	1400725907
107	238	1	1423196930
108	239	1	1308653643
82	240	1	1308809451
82	240	1	1308813540
82	241	1	1308813318
109	242	1	1309518722
109	243	1	1309529448
82	244	1	1309539926
82	245	1	1309542052
40	246	1	1309570773
40	247	1	1309579437
40	248	1	1309583460
40	249	1	1309632402
110	250	1	1313254537
40	251	1	1314242337
40	251	1	1422212556
40	252	1	1315763767
40	253	1	1315768235
40	254	1	1315772727
106	255	1	1318459712
40	256	1	1318982126
84	257	1	1319841899
84	257	1	1429212174
111	258	1	1319992963
75	258	1	1334640788
112	258	1	1497568975
113	259	1	1320781824
113	260	1	1320782030
114	261	1	1321042011
114	262	1	1321205249
114	263	1	1321205250
114	263	1	1321205333
115	264	1	1321466169
115	264	1	1349162178
115	264	1	1349171494
115	264	1	1351795120
40	265	1	1321763375
40	266	1	1321848743
40	267	1	1321919773
40	268	1	1321923434
40	268	1	1322093395
40	269	1	1321927632
40	269	1	1322095075
82	270	1	1321998800
116	270	1	1343341564
40	271	1	1322097138
40	272	1	1322098358
40	273	1	1322099606
117	274	1	1322264258
118	275	1	1322394297
40	275	1	1346639723
40	276	1	1323016288
40	277	1	1323046767
40	278	1	1323050415
30	279	1	1324009702
30	280	1	1324009740
31	280	1	1439463203
31	280	1	1449290319
31	280	1	1478666273
33	280	1	1481221708
30	281	1	1324009771
31	281	1	1389337490
31	281	1	1389337803
31	281	1	1414237999
31	281	1	1479204641
31	281	1	1491878865
30	282	1	1324009814
30	283	1	1324009843
31	283	1	1399881711
31	283	1	1411366725
31	283	1	1435311674
31	283	1	1464239445
30	284	1	1324009879
30	285	1	1324009912
30	286	1	1324009945
30	286	1	1324010063
31	286	1	1401339609
31	286	1	1421229157
31	286	1	1422955151
31	286	1	1454072908
30	287	1	1324009979
31	287	1	1430749289
31	287	1	1434432848
31	287	1	1435311665
31	287	1	1442134744
31	287	1	1453535103
31	287	1	1455621790
31	287	1	1456571055
31	287	1	1461031972
31	287	1	1492577866
31	287	1	1492753300
30	288	1	1324010008
30	289	1	1324010303
30	289	1	1324010328
30	289	1	1324010383
30	289	1	1324010458
30	290	1	1324010544
30	290	1	1324010564
30	291	1	1324010589
30	291	1	1324010651
30	291	1	1324010742
30	292	1	1324010717
30	292	1	1324010790
31	292	1	1478665763
28	293	1	1325536251
27	293	1	1325545183
27	293	1	1330372522
119	293	1	1343339712
67	293	1	1363444321
29	293	1	1439066053
106	294	1	1325909701
106	294	1	1325966549
40	295	1	1326049608
84	296	1	1326328905
120	297	1	1327000714
120	297	1	1327006870
120	297	1	1360344582
120	298	1	1327000724
120	298	1	1327003856
120	298	1	1327005389
120	298	1	1360345358
120	298	1	1368047372
106	299	1	1328129558
40	300	1	1329081063
40	301	1	1329096168
103	302	1	1329312722
103	303	1	1329312732
103	305	1	1329728344
106	306	1	1329745009
106	307	1	1329758982
82	308	1	1329831880
82	309	1	1329836233
82	309	1	1356635766
77	310	1	1330560291
103	311	1	1330630144
103	312	1	1330703508
40	313	1	1332040308
40	315	1	1333244426
40	316	1	1333419776
40	317	1	1333500623
40	317	1	1333582729
40	318	1	1333587692
40	319	1	1333905520
40	320	1	1333907606
106	321	1	1334112487
40	322	1	1334510280
40	323	1	1336323869
106	324	1	1338320123
121	325	1	1338437148
121	325	1	1338440163
121	325	1	1342489589
40	326	1	1338650088
40	327	1	1338656298
40	328	1	1338660780
122	329	1	1338914056
122	329	1	1338915101
122	330	1	1338914058
122	331	1	1338932971
122	331	1	1338933973
122	332	1	1338932972
40	333	1	1339379611
40	334	1	1339993464
106	335	1	1340666263
40	336	1	1341259768
40	336	1	1344110676
116	338	1	1343341476
116	339	1	1343341588
40	340	1	1344112206
40	341	1	1344219719
123	342	1	1344323367
40	343	1	1344380433
124	344	1	1346360786
124	345	1	1346432216
75	345	1	1347117459
75	345	1	1360799767
75	346	1	1346446445
40	347	1	1346628240
40	348	1	1346633536
40	349	1	1346637678
125	350	1	1348945817
103	351	1	1351191829
103	352	1	1351240449
103	353	1	1351247008
103	354	1	1351247017
115	355	1	1351795157
45	356	1	1354613334
45	357	1	1354743663
40	358	1	1355088510
40	359	1	1355092266
40	360	1	1355113353
126	361	1	1355255540
127	362	1	1355726297
51	362	1	1491301972
106	363	1	1359580979
106	364	1	1359581109
40	365	1	1360031409
128	365	1	1417132192
128	365	1	1487249798
40	366	1	1360035713
126	367	1	1360243520
40	369	1	1361150389
40	370	1	1361156023
106	371	1	1361233484
12	372	1	1363238741
12	372	1	1363238874
12	372	1	1363243985
12	372	1	1363244697
12	372	1	1363244724
12	372	1	1363245102
12	372	1	1363245135
31	372	1	1388466787
31	372	1	1388466984
31	372	1	1388467086
31	372	1	1391417485
31	372	1	1393522064
30	372	1	1395908348
31	372	1	1423811463
31	372	1	1435311690
31	372	1	1437453273
31	372	1	1439880748
31	372	1	1447134334
31	372	1	1453535118
31	372	1	1454072935
31	372	1	1457163326
31	372	1	1463234224
33	372	1	1478741650
33	372	1	1478742094
33	372	1	1478866161
31	372	1	1479202629
31	372	1	1488342520
31	372	1	1488367164
31	372	1	1488947644
31	372	1	1490945638
31	372	1	1499133954
12	373	1	1363244392
12	373	1	1363245183
12	374	1	1363244474
33	374	1	1478420336
33	374	1	1478863311
33	374	1	1497209513
12	375	1	1363244788
12	375	1	1363244821
33	375	1	1498361021
12	376	1	1363244973
12	376	1	1363244992
12	376	1	1363245042
33	376	1	1478866547
33	376	1	1478869984
33	376	1	1480953683
12	377	1	1363245261
12	377	1	1363252238
31	377	1	1399958795
31	377	1	1435201816
31	377	1	1435311682
33	377	1	1478862837
31	377	1	1479204487
12	378	1	1363245504
12	379	1	1363245886
12	380	1	1363245956
12	380	1	1363245995
33	380	1	1478420716
12	381	1	1363251932
12	382	1	1363252019
33	382	1	1478853071
12	383	1	1363252343
12	384	1	1363252407
31	384	1	1401769131
31	384	1	1478500995
129	385	1	1363973255
129	386	1	1363973262
106	387	1	1364092692
40	388	1	1364143162
40	389	1	1364147148
40	390	1	1364173644
40	391	1	1364175435
130	391	1	1451502365
131	392	1	1365258067
30	393	1	1365920089
30	393	1	1365920168
30	393	1	1365920210
132	394	1	1366084270
30	395	1	1366341285
30	395	1	1366341353
30	396	1	1366341305
106	397	1	1367174431
133	398	1	1367354202
130	398	1	1451502300
30	399	1	1367476622
31	399	1	1393223479
31	399	1	1479202184
31	399	1	1498710047
30	400	1	1367477850
5	400	1	1367516002
30	400	1	1368260897
25	400	1	1435689925
30	400	1	1435690275
31	400	1	1435690427
134	400	1	1435774559
25	400	1	1435865290
25	400	1	1440151883
25	400	1	1440655734
25	400	1	1440659722
10	400	1	1455336996
10	400	1	1455877638
25	400	1	1455999788
45	401	1	1367599700
45	401	1	1367599700
135	401	1	1394418791
30	402	1	1368262417
30	402	1	1368262581
30	402	1	1368262843
30	402	1	1424159881
31	402	1	1428741329
5	402	1	1428747067
25	402	1	1460706991
30	403	1	1368295767
30	403	1	1413016502
30	403	1	1429083167
136	404	1	1368719512
137	405	1	1369493769
137	405	1	1380345946
40	405	1	1381707220
137	405	1	1384698339
137	405	1	1408420150
40	406	1	1370218269
12	407	1	1370342993
12	407	1	1370343042
138	407	1	1375120402
138	407	1	1375120791
138	407	1	1375121834
31	407	1	1478500937
139	408	1	1370875087
139	409	1	1370875091
40	410	1	1372734378
40	411	1	1372821448
140	412	1	1375671439
40	412	1	1381682936
141	413	1	1375846742
141	413	1	1375873878
142	413	1	1375880595
142	413	1	1375880684
142	413	1	1375881571
142	413	1	1375881628
142	413	1	1375881715
142	413	1	1375882042
142	413	1	1375882168
142	413	1	1375882774
142	413	1	1375882836
141	413	1	1375893563
141	413	1	1375926867
141	413	1	1376221670
141	413	1	1376402869
141	414	1	1375722161
12	414	1	1375807269
142	414	1	1375881913
142	414	1	1375882279
142	414	1	1375882399
141	415	1	1375749837
141	415	1	1375750147
12	415	1	1375807393
142	416	1	1375883520
142	416	1	1375883575
141	417	1	1376222426
143	418	1	1376682776
144	419	1	1377986323
143	420	1	1377991781
145	421	1	1379008781
79	422	1	1379183750
79	423	1	1379183753
40	424	1	1379282858
40	425	1	1379303118
130	425	1	1451505905
40	426	1	1379464556
40	427	1	1379468175
40	428	1	1379561417
40	429	1	1379562988
40	430	1	1379564311
40	431	1	1379897936
40	432	1	1379899556
40	433	1	1380160248
40	434	1	1380164452
40	435	1	1380396540
40	436	1	1380397909
40	437	1	1380401501
146	437	1	1385795929
146	437	1	1388051934
146	437	1	1391247478
40	437	1	1408627849
147	437	1	1411918001
148	437	1	1411919488
40	437	1	1413773732
40	437	1	1438466152
40	438	1	1380408046
146	438	1	1385473848
146	438	1	1386742569
146	438	1	1391654998
146	438	1	1393934944
147	438	1	1411918001
148	438	1	1411919488
40	438	1	1414901119
137	439	1	1380547169
137	439	1	1382847245
137	439	1	1382861081
40	440	1	1381684493
40	441	1	1381702066
137	441	1	1382878277
137	441	1	1382932152
40	442	1	1381723831
149	442	1	1450286784
150	443	1	1383037263
151	444	1	1383338291
152	445	1	1384698685
153	446	1	1384786160
154	447	1	1385383705
31	448	1	1387102856
31	448	1	1387106804
31	448	1	1387116442
31	448	1	1388122909
31	448	1	1398189384
31	448	1	1421319184
31	448	1	1454072923
31	448	1	1479202571
31	448	1	1482317055
31	448	1	1483121995
31	448	1	1483122342
31	448	1	1486546082
31	448	1	1499229614
31	449	1	1387173282
31	449	1	1388122875
31	449	1	1479206591
31	450	1	1387253579
31	450	1	1388122828
31	450	1	1392833211
31	450	1	1410931174
31	450	1	1414238005
31	450	1	1429166662
31	450	1	1437390631
31	450	1	1441708267
31	450	1	1442907410
31	450	1	1453535090
31	450	1	1463112421
33	450	1	1478882953
31	450	1	1479204632
33	450	1	1481220398
155	451	1	1387293355
31	452	1	1387358839
31	452	1	1388122789
31	453	1	1387429501
31	453	1	1388122749
31	453	1	1417417983
33	453	1	1480139259
31	454	1	1387529981
31	454	1	1387626948
31	454	1	1387627022
31	454	1	1387627093
31	454	1	1387627193
31	454	1	1387627249
31	454	1	1388122703
31	454	1	1438595470
31	454	1	1491275096
31	455	1	1387814024
31	455	1	1391159668
31	455	1	1391417723
31	455	1	1449288998
31	455	1	1453535108
31	455	1	1479204782
31	456	1	1387872417
31	456	1	1388122635
31	456	1	1414238103
31	456	1	1479204190
31	457	1	1387987421
31	457	1	1388121125
31	457	1	1388122594
31	457	1	1424454856
31	457	1	1478673502
31	457	1	1486661909
31	457	1	1486982432
31	458	1	1388120998
31	458	1	1388121282
31	458	1	1388121364
31	458	1	1388121380
31	458	1	1388121909
31	458	1	1388121935
31	458	1	1388122258
31	458	1	1392833278
31	458	1	1414590933
31	458	1	1438059864
31	458	1	1453534415
31	458	1	1453535127
31	458	1	1479204776
31	458	1	1489645425
31	459	1	1388121125
31	460	1	1388121489
31	460	1	1388121602
31	460	1	1388121691
31	460	1	1388121986
31	461	1	1388121544
30	461	1	1453122024
31	462	1	1388683803
31	462	1	1388722184
31	462	1	1388722284
31	462	1	1388722316
33	462	1	1498361081
31	463	1	1388722441
33	463	1	1478857448
31	464	1	1388728936
31	464	1	1388729095
31	464	1	1388729145
31	464	1	1388729402
30	464	1	1395057042
30	464	1	1395057093
31	465	1	1388729273
31	465	1	1388731975
31	465	1	1388732231
31	465	1	1388734306
31	465	1	1406541561
31	465	1	1406551397
31	465	1	1413263172
31	465	1	1413346148
31	465	1	1414590985
31	465	1	1418025444
31	465	1	1418280984
31	465	1	1419405339
31	465	1	1420569352
31	465	1	1420654367
31	465	1	1423028898
31	465	1	1423029724
31	465	1	1423811518
31	465	1	1424106375
30	465	1	1424161012
31	465	1	1424969181
31	465	1	1425059823
31	465	1	1426181904
31	465	1	1430544522
31	466	1	1388734380
31	466	1	1388734929
31	466	1	1388735305
31	466	1	1388735479
31	466	1	1389841160
31	466	1	1389841682
31	466	1	1393001696
31	466	1	1405579064
31	466	1	1413263322
31	466	1	1414591131
31	466	1	1417178192
31	466	1	1417237590
31	466	1	1418025834
31	466	1	1418622097
31	466	1	1418784940
31	466	1	1419921021
31	466	1	1420001859
31	466	1	1421072927
31	466	1	1421154112
31	466	1	1421319426
31	466	1	1421732692
31	466	1	1421825503
31	466	1	1423136455
31	466	1	1423215451
31	466	1	1423811763
31	466	1	1424106739
30	466	1	1424160862
30	466	1	1424160981
31	466	1	1426182104
31	466	1	1427635404
31	466	1	1430544992
31	466	1	1430545063
31	466	1	1430548586
31	467	1	1388734468
31	467	1	1388734913
31	467	1	1388735102
31	467	1	1388735541
31	467	1	1389841148
31	467	1	1389841825
31	467	1	1390924019
31	467	1	1393001673
31	467	1	1393046052
31	467	1	1393223686
31	467	1	1393315006
31	467	1	1393399418
31	467	1	1393522142
31	467	1	1393829121
31	467	1	1393958997
31	467	1	1394021648
31	467	1	1394214706
31	467	1	1394276136
31	467	1	1394442708
31	467	1	1394622631
31	467	1	1394733742
31	467	1	1394984680
31	467	1	1395061517
31	467	1	1395119356
31	467	1	1395287743
31	467	1	1395512661
31	467	1	1395642841
31	467	1	1395735920
31	467	1	1395921522
31	467	1	1395993667
31	467	1	1396325662
31	467	1	1396431266
31	467	1	1396694980
31	467	1	1396852566
31	467	1	1396937733
31	467	1	1397467178
31	467	1	1397629393
31	467	1	1397713214
31	467	1	1397800262
31	467	1	1398189541
31	467	1	1398270831
31	467	1	1398363518
31	467	1	1398676754
31	467	1	1398840303
31	467	1	1398916581
31	467	1	1399881972
31	467	1	1399959002
31	467	1	1400834233
31	467	1	1401161169
31	467	1	1401250713
31	467	1	1401339812
31	467	1	1401425719
31	467	1	1401769419
31	467	1	1401964898
31	467	1	1402650493
31	467	1	1405325691
31	467	1	1405579042
31	467	1	1405738742
31	467	1	1406096807
31	467	1	1406695619
31	467	1	1406789371
31	467	1	1413263296
31	467	1	1414043526
31	467	1	1414494154
31	467	1	1414591103
31	467	1	1415038590
31	467	1	1415073738
31	467	1	1417178143
31	467	1	1417237889
31	467	1	1417498350
31	467	1	1418025766
31	467	1	1418281128
31	467	1	1418361849
31	467	1	1418622070
31	467	1	1418889258
31	467	1	1419405495
31	467	1	1419614764
31	467	1	1419920953
31	467	1	1420001821
31	467	1	1420002526
31	467	1	1420654576
31	467	1	1421072848
31	467	1	1421154029
31	467	1	1421732651
31	467	1	1421825460
31	467	1	1421933692
31	467	1	1422861411
31	467	1	1422955347
31	467	1	1423029053
31	467	1	1423465538
31	467	1	1423563146
31	467	1	1423729885
31	467	1	1423811688
31	467	1	1424106655
30	467	1	1424160965
31	467	1	1424969475
31	467	1	1425362280
31	467	1	1425551991
31	467	1	1425552764
31	467	1	1425638367
31	467	1	1425913053
31	467	1	1430544823
31	467	1	1430544901
31	467	1	1430548250
31	467	1	1430548428
30	468	1	1388735470
31	469	1	1388735735
31	469	1	1388735882
31	469	1	1388736077
31	469	1	1388736122
31	469	1	1389841172
31	469	1	1389841464
31	469	1	1389841515
31	469	1	1393001728
31	469	1	1393046094
31	469	1	1393223787
31	469	1	1393315066
31	469	1	1393399499
31	469	1	1393522207
31	469	1	1393564083
31	469	1	1393829216
31	469	1	1393959073
31	469	1	1394021719
31	469	1	1394214781
31	469	1	1394276227
31	469	1	1394442803
31	469	1	1394622711
31	469	1	1394733825
31	469	1	1394984718
31	469	1	1395061614
31	469	1	1395119465
31	469	1	1395287792
31	469	1	1395512769
31	469	1	1395579212
31	469	1	1395580001
31	469	1	1395591671
31	469	1	1395642943
31	469	1	1395736044
31	469	1	1395921653
31	469	1	1395993711
31	469	1	1396325721
31	469	1	1396349264
31	469	1	1396431324
31	469	1	1396695026
31	469	1	1396852810
31	469	1	1396937911
31	469	1	1397025576
31	469	1	1397467413
31	469	1	1397629663
31	469	1	1397800553
31	469	1	1398089271
31	469	1	1398189757
31	469	1	1398271100
31	469	1	1398363570
31	469	1	1398435116
31	469	1	1398677246
31	469	1	1398840584
31	469	1	1398916852
31	469	1	1399265217
31	469	1	1399489526
31	469	1	1399565949
31	469	1	1399620218
31	469	1	1399882306
31	469	1	1399959421
31	469	1	1400834723
31	469	1	1401161540
31	469	1	1401251144
31	469	1	1401340224
31	469	1	1401426259
31	469	1	1401769927
31	469	1	1401883744
31	469	1	1401965439
31	469	1	1402035303
31	469	1	1402296325
31	469	1	1402382159
31	469	1	1402475010
31	469	1	1402558797
31	469	1	1402650992
31	469	1	1402909930
31	469	1	1403186959
31	469	1	1403583697
31	469	1	1403851116
31	469	1	1404110788
31	469	1	1404200418
31	469	1	1404409033
31	469	1	1404459556
31	469	1	1404752253
31	469	1	1404798563
31	469	1	1404988865
31	469	1	1405326002
31	469	1	1405579251
31	469	1	1405739091
31	469	1	1405938725
31	469	1	1406097117
31	469	1	1406394903
31	469	1	1406542047
31	469	1	1406551905
31	469	1	1406695829
31	469	1	1406789586
31	469	1	1406918815
31	469	1	1407174315
31	469	1	1407220735
31	469	1	1407295180
31	469	1	1407413494
31	469	1	1407494167
31	469	1	1407739965
31	469	1	1407826324
31	469	1	1407905174
31	469	1	1408118136
31	469	1	1408344526
31	469	1	1408643289
31	469	1	1408977661
31	469	1	1409032234
31	469	1	1409122406
31	469	1	1409554399
31	469	1	1409722613
31	469	1	1409821814
31	469	1	1409891150
31	469	1	1410172333
31	469	1	1410257956
31	469	1	1410454782
31	469	1	1410496223
31	469	1	1410772047
31	469	1	1410844123
31	469	1	1410932755
31	469	1	1411109837
31	469	1	1411369829
31	469	1	1411456219
31	469	1	1411546041
31	469	1	1411751993
31	469	1	1411967385
31	469	1	1412060662
31	469	1	1412224280
31	469	1	1412487362
31	469	1	1412581522
31	469	1	1413215595
31	469	1	1413263831
31	469	1	1413346499
31	469	1	1413352711
31	469	1	1413482354
31	469	1	1413868009
31	469	1	1413953203
31	469	1	1414043926
31	469	1	1414121448
31	469	1	1414494466
31	469	1	1414591428
31	469	1	1414726968
31	469	1	1415039557
31	469	1	1415074083
31	469	1	1415258485
31	469	1	1415341046
31	469	1	1415597970
31	469	1	1415675054
31	469	1	1415722365
31	469	1	1415941100
31	469	1	1419615730
31	469	1	1423812566
30	469	1	1424160780
31	469	1	1430546493
31	469	1	1430806025
31	469	1	1430806469
31	469	1	1430807392
31	469	1	1430807470
31	469	1	1430808342
31	469	1	1430808588
31	469	1	1430809303
31	470	1	1388736494
31	470	1	1388742954
31	470	1	1388745974
31	470	1	1388746508
31	470	1	1389840486
31	470	1	1393004138
31	470	1	1393046235
31	470	1	1393224412
31	470	1	1393315212
31	470	1	1393399627
31	470	1	1393522327
31	470	1	1393564246
31	470	1	1393829508
31	470	1	1393959199
31	470	1	1394021873
31	470	1	1394214926
31	470	1	1394276408
31	470	1	1394443081
31	470	1	1394622891
31	470	1	1394734011
31	470	1	1394984806
31	470	1	1395061828
31	470	1	1395119668
31	470	1	1395287999
31	470	1	1395512924
31	470	1	1395643235
31	470	1	1395736285
31	470	1	1395921917
31	470	1	1395993959
31	470	1	1396693849
31	470	1	1396853094
31	470	1	1396938202
31	470	1	1397026232
31	470	1	1397467671
31	470	1	1397630131
31	470	1	1397713397
31	470	1	1397800669
31	470	1	1398089531
31	470	1	1398190027
31	470	1	1398271366
31	470	1	1398363854
31	470	1	1398435427
31	470	1	1398677631
31	470	1	1398840955
31	470	1	1398917159
31	470	1	1399265588
31	470	1	1399491203
31	470	1	1399566287
31	470	1	1399620588
31	470	1	1399882724
31	470	1	1399959838
31	470	1	1400834873
31	470	1	1401161886
31	470	1	1401251272
31	470	1	1401340610
31	470	1	1401426713
31	470	1	1401770387
31	470	1	1401884203
31	470	1	1401965908
31	470	1	1402035724
31	470	1	1402296803
31	470	1	1402382640
31	470	1	1402559260
31	470	1	1402651422
31	470	1	1402910415
31	470	1	1403187494
31	470	1	1403584199
31	470	1	1403851695
31	470	1	1404111356
31	470	1	1404200962
31	470	1	1404272840
31	470	1	1404460103
31	470	1	1404752380
31	470	1	1404798729
31	470	1	1404989547
31	470	1	1405063117
31	470	1	1405326416
31	470	1	1405493346
31	470	1	1405579752
31	470	1	1405739405
31	470	1	1405939022
31	470	1	1406011145
31	470	1	1406097377
31	470	1	1406395106
31	470	1	1406542284
31	470	1	1406552250
31	470	1	1406610101
31	470	1	1406696113
31	470	1	1406789937
31	470	1	1406919029
31	470	1	1407221539
31	470	1	1407296018
31	470	1	1407414264
31	470	1	1407494981
31	470	1	1407740866
31	470	1	1407827130
31	470	1	1407906027
31	470	1	1408118238
31	470	1	1408345474
31	470	1	1408644118
31	470	1	1408977783
31	470	1	1409033330
31	470	1	1409122585
31	470	1	1409219092
31	470	1	1409366261
31	470	1	1409555279
31	470	1	1409637628
31	470	1	1409723536
31	470	1	1409822846
31	470	1	1409892120
31	470	1	1410173233
31	470	1	1410259009
31	470	1	1410455766
31	470	1	1410497168
31	470	1	1410773092
31	470	1	1410844355
31	470	1	1410933858
31	470	1	1411110848
31	470	1	1411371229
31	470	1	1411457266
31	470	1	1411547101
31	470	1	1411968939
31	470	1	1412062175
31	470	1	1412225407
31	470	1	1412487562
31	470	1	1412582708
31	470	1	1412747173
31	470	1	1412960712
31	470	1	1413215914
31	470	1	1413264129
31	470	1	1413346779
31	470	1	1413352993
31	470	1	1413482685
31	470	1	1413526673
31	470	1	1413868507
31	470	1	1414494822
31	470	1	1414591686
31	470	1	1414904354
31	470	1	1415341368
31	470	1	1415724808
31	470	1	1415888888
31	470	1	1416228062
31	470	1	1416287750
31	470	1	1416806465
31	470	1	1417178440
31	470	1	1417237347
31	470	1	1417842967
31	470	1	1418026092
31	470	1	1418622286
31	470	1	1418785394
31	470	1	1418889573
31	470	1	1419832794
31	470	1	1419921376
31	470	1	1421154540
31	470	1	1421229690
31	470	1	1422010076
31	470	1	1422432755
31	470	1	1422433997
31	470	1	1422601907
31	470	1	1422861835
31	470	1	1422955616
31	470	1	1423136709
31	470	1	1423465826
31	470	1	1423468212
31	470	1	1423810536
31	470	1	1423812794
31	470	1	1424107216
30	470	1	1424160251
30	470	1	1424160321
31	470	1	1425362793
31	470	1	1425552254
31	470	1	1425980869
31	470	1	1426182498
31	471	1	1388736700
31	472	1	1388746768
31	472	1	1389840549
31	472	1	1393004207
31	472	1	1393046451
31	472	1	1393224910
31	472	1	1393315473
31	472	1	1393399743
31	472	1	1393522556
31	472	1	1393564536
31	472	1	1393829971
31	472	1	1393959544
31	472	1	1394022222
31	472	1	1394215316
31	472	1	1394276507
31	472	1	1394443618
31	472	1	1394623387
31	472	1	1394734533
31	472	1	1394984891
31	472	1	1395062438
31	472	1	1395120336
31	472	1	1395288700
31	472	1	1395513001
31	472	1	1395644014
31	472	1	1395737153
31	472	1	1395922776
31	472	1	1395994824
31	472	1	1396694718
31	472	1	1396854106
31	472	1	1396939189
31	472	1	1397027740
31	472	1	1397468887
31	472	1	1397630297
31	472	1	1397713534
31	472	1	1397800786
31	472	1	1398090685
31	472	1	1398191237
31	472	1	1398272630
31	472	1	1398365382
31	472	1	1398436727
31	472	1	1398679021
31	472	1	1398842335
31	472	1	1398918491
31	472	1	1399267083
31	472	1	1399492668
31	472	1	1399622033
31	472	1	1399884233
31	472	1	1399961381
31	472	1	1400835034
31	472	1	1401162012
31	472	1	1401251406
31	472	1	1401342301
31	472	1	1401428711
31	472	1	1401772337
31	472	1	1401967866
31	472	1	1402037521
31	472	1	1402298680
31	472	1	1402384553
31	472	1	1402559412
31	472	1	1402651553
31	472	1	1404113564
31	472	1	1404462236
31	472	1	1407296157
31	472	1	1409036108
31	472	1	1409725988
31	472	1	1411549570
31	472	1	1418890370
31	472	1	1424857120
31	473	1	1389110682
31	474	1	1389157590
31	474	1	1399264695
31	474	1	1435311655
31	475	1	1389589208
31	475	1	1479206485
31	476	1	1389676907
31	477	1	1389769442
31	478	1	1389837347
31	479	1	1389966743
31	479	1	1479205207
33	479	1	1498360059
40	480	1	1390175656
156	480	1	1487200771
40	481	1	1390254723
40	482	1	1390265871
31	483	1	1390279800
31	483	1	1418361535
31	483	1	1420875545
31	483	1	1422433042
31	483	1	1432723408
31	483	1	1435311684
31	483	1	1454072902
157	484	1	1390299894
31	485	1	1390368029
31	486	1	1390453887
31	486	1	1391102160
31	486	1	1394021569
31	486	1	1398434576
31	486	1	1398676513
31	486	1	1398916391
31	486	1	1428472882
31	486	1	1435311614
31	486	1	1439820094
31	486	1	1453535065
31	486	1	1461992496
31	487	1	1390541784
31	487	1	1392960369
31	487	1	1435311657
31	488	1	1390798423
31	489	1	1390904216
31	489	1	1479202643
31	490	1	1390972349
31	490	1	1391417755
31	490	1	1479205003
31	491	1	1391408819
31	492	1	1391514352
31	492	1	1393314933
31	492	1	1394442626
31	492	1	1398088885
31	492	1	1400833889
31	492	1	1401964596
31	492	1	1405325461
31	492	1	1422601440
31	492	1	1435311643
31	492	1	1437636323
31	492	1	1438235148
31	492	1	1442216449
31	492	1	1442472289
31	492	1	1443411620
31	492	1	1444203875
31	492	1	1448953832
31	492	1	1449756063
31	492	1	1450760818
31	492	1	1453535060
31	492	1	1454069323
31	492	1	1454072937
31	492	1	1454301910
31	492	1	1454907237
31	492	1	1456462690
31	492	1	1456815033
31	492	1	1458281317
31	492	1	1462960221
33	492	1	1478273429
31	492	1	1478500904
33	492	1	1481909560
31	492	1	1481916672
31	492	1	1483525709
31	492	1	1484806849
30	492	1	1485329714
31	492	1	1486982203
31	492	1	1486982291
31	492	1	1488772077
31	492	1	1489553159
31	492	1	1489558035
31	492	1	1490446717
31	492	1	1491412820
31	492	1	1491452277
31	492	1	1496648889
31	492	1	1496993590
31	492	1	1497508976
31	492	1	1498205390
33	492	1	1498360527
31	492	1	1498805061
31	492	1	1500259762
31	493	1	1391583447
31	494	1	1391670123
31	494	1	1398270632
31	494	1	1435311653
31	494	1	1443073335
31	494	1	1453535093
25	494	1	1461389417
31	494	1	1463902576
33	494	1	1478358473
33	494	1	1478358501
31	495	1	1392048394
31	496	1	1392190642
31	497	1	1392261804
31	497	1	1396696290
31	497	1	1479202445
33	497	1	1498360794
158	498	1	1392384942
158	499	1	1392401953
31	500	1	1392613423
31	500	1	1415257273
31	500	1	1417670150
31	500	1	1420090833
31	500	1	1435311688
31	500	1	1454072921
31	501	1	1392708470
31	501	1	1395735798
31	501	1	1435311676
31	502	1	1392788662
31	502	1	1478675303
31	503	1	1392873643
31	503	1	1478673488
31	504	1	1393563926
40	505	1	1393564261
40	506	1	1393571538
159	507	1	1393705595
31	508	1	1393958914
31	508	1	1435415284
31	508	1	1453535119
33	508	1	1478219721
31	508	1	1478251972
31	508	1	1478252090
31	508	1	1478666222
31	508	1	1479880157
31	508	1	1484039200
33	508	1	1497209425
33	508	1	1497209625
31	509	1	1394214624
31	509	1	1479204558
31	510	1	1394733642
31	510	1	1401455436
31	510	1	1415340540
31	510	1	1416287157
31	510	1	1422009649
31	510	1	1435311670
31	510	1	1454072925
31	510	1	1478502026
33	510	1	1497209225
160	511	1	1394755208
31	512	1	1394984621
31	512	1	1479206321
33	512	1	1498360264
161	513	1	1395184707
161	513	1	1395426709
161	513	1	1396577904
31	514	1	1395287636
33	514	1	1479382081
31	515	1	1395512558
31	515	1	1405058630
31	515	1	1432031674
31	515	1	1435311645
31	515	1	1459408703
31	515	1	1497245105
31	515	1	1499317266
31	515	1	1499395200
31	516	1	1395642720
31	517	1	1395921395
31	517	1	1414238044
31	518	1	1395993594
31	518	1	1401455367
31	518	1	1479204431
31	519	1	1396431076
31	519	1	1401455537
33	519	1	1478865808
31	519	1	1479205115
162	520	1	1396562761
163	521	1	1396596821
31	522	1	1396692011
33	522	1	1478486561
31	523	1	1396937579
31	523	1	1402650243
31	523	1	1435311672
31	524	1	1397025122
31	524	1	1454483923
31	524	1	1455254179
31	524	1	1455857552
31	524	1	1458802642
31	524	1	1464330795
33	524	1	1478267164
31	524	1	1479204865
31	524	1	1490356511
31	525	1	1397713120
164	526	1	1397905738
12	526	1	1397914322
164	526	1	1398007976
31	527	1	1398840119
31	528	1	1399488949
31	529	1	1399565374
31	530	1	1399619634
48	531	1	1400531908
31	532	1	1401250503
31	532	1	1414237844
31	532	1	1414726328
165	532	1	1419857900
165	532	1	1419857923
165	532	1	1419858412
165	532	1	1419858524
31	532	1	1435311680
31	532	1	1478665684
33	532	1	1478777336
33	532	1	1478777390
31	532	1	1478779358
31	532	1	1486982575
31	532	1	1488864015
31	532	1	1493099292
31	532	1	1493114819
90	533	1	1401291051
90	533	1	1401291252
90	533	1	1401291547
90	534	1	1401291911
90	534	1	1401292080
90	534	1	1401292109
31	535	1	1401454906
31	535	1	1401455106
31	536	1	1401883556
31	536	1	1403283199
31	536	1	1414237884
33	536	1	1478358083
31	536	1	1479202374
33	536	1	1498360639
31	537	1	1402034509
31	538	1	1402295550
31	539	1	1402474140
31	539	1	1404987880
31	539	1	1417842364
31	539	1	1418784727
31	539	1	1419235140
31	539	1	1435311659
31	539	1	1454072905
31	539	1	1457686523
33	539	1	1478359633
33	539	1	1478878709
31	539	1	1487227014
31	540	1	1403186088
31	542	1	1403281623
31	543	1	1403582885
31	543	1	1418621867
31	543	1	1419313714
31	543	1	1424106319
31	543	1	1427906278
31	543	1	1428301209
31	543	1	1435311692
31	543	1	1454072915
31	543	1	1479204874
31	544	1	1403850758
31	545	1	1404109906
31	546	1	1404200229
31	547	1	1404271423
31	548	1	1404797623
31	549	1	1405578861
31	550	1	1405938212
31	551	1	1406394356
31	551	1	1479204546
31	552	1	1406541513
31	553	1	1406609879
31	554	1	1406695450
31	555	1	1406789215
31	556	1	1407173149
31	556	1	1478666616
31	557	1	1407220397
31	557	1	1479204707
31	558	1	1407293234
31	559	1	1407412333
31	560	1	1407492909
31	561	1	1407738712
31	562	1	1407903849
31	562	1	1414237889
31	562	1	1433743827
31	562	1	1434178985
31	562	1	1435311649
31	562	1	1440072933
31	562	1	1448439946
31	562	1	1453535072
31	562	1	1479202380
31	562	1	1493272745
33	562	1	1498360688
31	563	1	1408117981
47	564	1	1408317603
31	565	1	1408343099
40	566	1	1408641683
166	566	1	1461691493
31	567	1	1408642023
167	568	1	1408791216
31	569	1	1408976355
31	569	1	1414237728
31	569	1	1423217395
31	569	1	1431433382
31	569	1	1435311686
31	569	1	1454072918
33	569	1	1478866887
31	569	1	1500516799
31	570	1	1409032000
40	571	1	1409110090
31	572	1	1409121077
31	572	1	1414238111
31	572	1	1425552586
31	572	1	1455446142
31	572	1	1479204197
31	573	1	1409216919
31	574	1	1409553073
31	575	1	1409631220
31	575	1	1436254696
31	575	1	1453535120
31	576	1	1409721231
31	577	1	1409820380
31	578	1	1410256592
31	579	1	1410454607
31	579	1	1448256079
31	579	1	1453535115
31	579	1	1459512187
31	580	1	1410494825
40	581	1	1410624993
168	581	1	1447384115
40	582	1	1410710969
31	583	1	1410770480
31	583	1	1431173065
31	583	1	1435311661
31	583	1	1478666091
31	584	1	1410842551
40	585	1	1411005421
168	585	1	1447384226
31	586	1	1411545870
31	586	1	1463732200
33	586	1	1478356536
31	586	1	1479204131
31	587	1	1411751646
147	588	1	1411918001
122	588	1	1415699197
40	588	1	1420954458
147	589	1	1411918001
122	589	1	1415699212
40	589	1	1420961152
148	590	1	1411919488
148	591	1	1411919488
31	592	1	1411966763
31	593	1	1412058747
31	594	1	1412222615
31	595	1	1412485566
31	596	1	1412600461
31	597	1	1412740143
31	598	1	1412959592
31	599	1	1413217322
31	600	1	1413263125
169	601	1	1413476136
169	601	1	1447354051
169	601	1	1447747546
31	602	1	1413481558
31	603	1	1413952550
31	603	1	1414237656
31	603	1	1415674560
31	603	1	1425980457
31	603	1	1446095240
31	603	1	1446720772
31	603	1	1449290167
31	603	1	1453535076
31	603	1	1459829092
31	603	1	1482993251
31	603	1	1495080146
31	604	1	1414121017
31	604	1	1456118696
31	604	1	1463375383
31	604	1	1479205274
31	605	1	1414237359
31	606	1	1414237506
31	606	1	1418974367
31	606	1	1421155389
31	606	1	1421933470
31	606	1	1454072898
31	607	1	1414493966
31	609	1	1415073533
31	610	1	1415940385
31	610	1	1479204140
31	611	1	1416227443
31	612	1	1416642115
40	613	1	1416715335
149	613	1	1472038236
149	613	1	1472129031
40	614	1	1416722751
149	614	1	1472038236
149	614	1	1472129032
31	615	1	1416888729
128	616	1	1417132192
128	617	1	1417132193
170	618	1	1417238541
40	619	1	1417323675
31	620	1	1417498154
31	621	1	1418025372
31	622	1	1418280938
171	623	1	1418651031
172	624	1	1418814555
31	625	1	1418889061
31	625	1	1418911437
31	625	1	1418911838
31	625	1	1418928157
31	625	1	1418928352
31	626	1	1419920720
31	627	1	1420002355
31	628	1	1435292940
31	628	1	1435311663
31	628	1	1479204950
31	629	1	1420436886
31	630	1	1424162855
31	630	1	1454072911
31	631	1	1427976756
31	631	1	1454072913
31	631	1	1487304685
40	632	1	1421019062
31	633	1	1421087019
40	634	1	1421112644
40	635	1	1421116654
40	636	1	1421120661
40	636	1	1423375581
173	636	1	1424432177
31	637	1	1421687173
31	637	1	1479362436
31	638	1	1421732432
31	639	1	1421828309
31	640	1	1422861109
31	641	1	1423136175
31	641	1	1441163360
31	641	1	1453535123
31	641	1	1479204425
40	642	1	1423371134
40	643	1	1423377844
173	643	1	1424432177
31	644	1	1423562923
31	644	1	1456985021
31	644	1	1479202044
31	644	1	1479202119
31	644	1	1479206464
31	644	1	1479285914
31	644	1	1479362608
40	645	1	1423708905
31	646	1	1423729595
40	647	1	1423941574
30	648	1	1424160408
30	649	1	1424160562
30	650	1	1424160598
30	651	1	1424160623
30	652	1	1424160657
30	653	1	1424160673
30	654	1	1424160691
31	655	1	1424241342
31	655	1	1424241468
31	655	1	1424280606
31	655	1	1424280749
40	656	1	1424393794
149	656	1	1438202326
173	657	1	1424432177
173	658	1	1424432177
40	659	1	1424583554
149	659	1	1438202271
40	660	1	1424585657
122	660	1	1438447621
31	661	1	1424969124
31	661	1	1431008244
31	661	1	1435311667
31	661	1	1439618114
31	661	1	1453535100
31	661	1	1461214007
31	661	1	1479450468
31	661	1	1482564008
31	661	1	1489489844
31	661	1	1497583092
31	662	1	1425290847
31	663	1	1425361968
31	663	1	1433138196
31	663	1	1435311651
31	663	1	1444531761
31	663	1	1453535081
31	663	1	1454661892
31	663	1	1459150263
31	663	1	1479202265
31	663	1	1488516734
31	664	1	1425638164
31	664	1	1479202434
33	664	1	1498360886
174	665	1	1425818187
31	666	1	1425912849
33	666	1	1478853019
31	667	1	1426181846
31	667	1	1449838918
31	667	1	1453535129
31	667	1	1478666607
31	668	1	1426590066
40	669	1	1426642849
48	670	1	1426647868
175	670	1	1429228069
48	670	1	1429245624
48	671	1	1426647868
175	671	1	1429228069
48	671	1	1429245624
48	672	1	1426647868
175	672	1	1429228069
48	672	1	1429245624
48	673	1	1426647868
175	673	1	1429228069
48	673	1	1429245624
48	674	1	1426647868
175	674	1	1429228069
48	674	1	1429245625
48	675	1	1426647868
175	675	1	1429228069
48	675	1	1429245625
48	676	1	1426647869
175	676	1	1429228069
48	676	1	1429245638
48	677	1	1426647869
48	678	1	1426647869
48	679	1	1426647869
175	679	1	1429228069
48	679	1	1429245639
48	680	1	1426647874
175	680	1	1429228069
48	680	1	1429245639
48	681	1	1426647874
175	681	1	1429228073
48	681	1	1429245639
48	682	1	1426647874
175	682	1	1429228073
48	682	1	1429245639
48	683	1	1426647874
175	683	1	1429228073
48	683	1	1429245639
48	684	1	1426647874
175	684	1	1429228073
48	684	1	1429245641
48	685	1	1426647877
175	685	1	1429228073
48	685	1	1429245641
48	686	1	1426647877
175	686	1	1429228073
48	686	1	1429245641
48	687	1	1426647877
175	687	1	1429228073
48	687	1	1429245641
31	689	1	1427634205
31	690	1	1427703642
31	691	1	1427803369
31	692	1	1428046718
31	693	1	1428404683
31	693	1	1479206330
31	693	1	1483424346
33	693	1	1484146018
31	693	1	1491976883
33	693	1	1498360289
31	693	1	1500445272
31	694	1	1428589775
31	695	1	1429017132
84	696	1	1429212174
31	697	1	1429274653
31	697	1	1461758891
31	697	1	1479206582
48	698	1	1430057168
33	698	1	1478425335
31	698	1	1478500718
33	698	1	1478519687
33	698	1	1479261058
33	698	1	1479303762
31	699	1	1430125766
31	700	1	1430199057
31	700	1	1479205223
33	700	1	1498360078
31	701	1	1430372535
31	701	1	1438945328
31	701	1	1449033710
31	701	1	1453535095
31	702	1	1430474966
31	702	1	1479206546
31	703	1	1430537837
31	703	1	1438327266
31	703	1	1453535113
31	704	1	1430837727
31	704	1	1478665755
31	704	1	1479204291
31	705	1	1431067884
31	705	1	1478666230
33	705	1	1497209574
31	706	1	1431362697
31	706	1	1446615990
31	706	1	1450416773
31	706	1	1453535110
31	706	1	1478673478
33	706	1	1478869860
33	706	1	1481655601
31	706	1	1486982402
31	707	1	1431762927
31	707	1	1455159593
31	707	1	1479204402
31	707	1	1491802195
31	708	1	1431931917
31	709	1	1432190243
31	710	1	1432268934
31	710	1	1450076106
31	710	1	1453535128
31	711	1	1432361997
31	712	1	1432623264
31	712	1	1435561521
31	712	1	1436334732
31	712	1	1444363391
31	712	1	1448522590
31	712	1	1453535074
31	712	1	1463626533
31	712	1	1479204941
31	712	1	1491555443
31	713	1	1432889506
31	713	1	1479205057
31	714	1	1432982189
31	714	1	1449290396
31	714	1	1478666377
31	715	1	1433242382
31	716	1	1433395919
31	717	1	1433842362
31	717	1	1444113921
31	717	1	1450929643
31	717	1	1453535088
31	717	1	1479206454
31	717	1	1479362602
33	717	1	1479377642
31	718	1	1434004390
31	718	1	1434819953
31	718	1	1435311647
31	718	1	1436425416
31	718	1	1444829735
31	718	1	1453535070
31	718	1	1460122776
31	718	1	1479202270
31	718	1	1499885920
31	719	1	1435070188
31	719	1	1479205239
33	719	1	1498360025
31	720	1	1435214453
31	720	1	1435215050
31	720	1	1453535289
31	721	1	1435315152
30	722	1	1435690353
134	723	1	1435774779
31	724	1	1436155297
31	725	1	1436706388
31	726	1	1436783038
31	727	1	1437538409
31	728	1	1437978686
149	729	1	1438202271
149	730	1	1438202326
176	731	1	1438644850
31	732	1	1438665820
31	732	1	1479202207
31	733	1	1438854837
31	734	1	1439043429
31	734	1	1478675318
33	734	1	1478740916
31	735	1	1439207555
31	735	1	1449219811
31	735	1	1453535116
31	735	1	1479206362
33	735	1	1498360217
31	736	1	1439277816
31	736	1	1449290402
31	736	1	1460608132
31	736	1	1478666392
31	737	1	1439402527
31	737	1	1478666621
33	737	1	1497209774
31	738	1	1439979319
31	739	1	1440127245
31	739	1	1440743081
31	739	1	1453535122
25	740	1	1440151883
31	741	1	1440650586
31	742	1	1440863491
31	742	1	1479204698
70	743	1	1441337122
39	743	1	1444941609
31	744	1	1441346718
31	744	1	1443675519
31	744	1	1453535125
177	745	1	1441524173
177	745	1	1441759836
31	746	1	1442734909
31	747	1	1442807578
31	748	1	1443003034
31	749	1	1443496575
176	750	1	1443816192
176	751	1	1443816192
176	752	1	1443816192
176	753	1	1443816193
176	754	1	1443816193
176	755	1	1443816193
176	756	1	1443816193
39	757	1	1444943122
31	758	1	1446180964
31	759	1	1446465306
31	759	1	1478500983
33	759	1	1478853381
33	759	1	1478870882
31	760	1	1446787605
31	760	1	1479204495
10	761	1	1447500711
10	761	1	1447500741
10	761	1	1452429815
10	761	1	1452429867
10	762	1	1447500768
10	762	1	1447501652
10	762	1	1447650606
10	762	1	1447656100
10	762	1	1447682053
10	762	1	1447683073
10	762	1	1447747294
10	762	1	1447749268
10	762	1	1447861759
10	762	1	1447875251
10	762	1	1447875346
10	762	1	1452429764
10	762	1	1454137415
31	763	1	1447755226
31	764	1	1447827320
31	765	1	1447997493
31	766	1	1448178056
31	767	1	1448335614
31	767	1	1449290329
31	767	1	1450493882
31	767	1	1478666282
33	767	1	1497209845
31	768	1	1448864091
31	768	1	1456030189
31	769	1	1449138411
31	770	1	1449475871
31	770	1	1479204353
31	771	1	1449637141
31	772	1	1450161802
149	773	1	1450286769
149	774	1	1450286784
31	775	1	1450331093
91	776	1	1450947147
33	776	1	1480139682
31	777	1	1451121627
31	777	1	1456720820
31	777	1	1459764209
130	778	1	1451502301
130	779	1	1451502365
130	780	1	1451505905
10	781	1	1452397791
10	781	1	1452405025
10	781	1	1452430229
10	781	1	1454137444
10	781	1	1454148302
10	781	1	1454674961
10	781	1	1454674982
10	781	1	1454675002
10	781	1	1454675019
10	781	1	1454675036
10	781	1	1454675051
10	781	1	1454675070
10	781	1	1454675092
10	781	1	1454675133
10	781	1	1454675193
10	781	1	1454675546
10	782	1	1452405025
10	783	1	1452429764
31	784	1	1453179958
31	784	1	1457594916
31	784	1	1479205010
31	784	1	1483685717
31	785	1	1453299162
31	785	1	1458395716
31	785	1	1459924030
31	785	1	1462335806
31	785	1	1463475050
33	785	1	1477720232
31	785	1	1478665713
33	785	1	1478777801
31	785	1	1478779177
31	785	1	1478779383
31	785	1	1486839654
31	785	1	1486982592
31	786	1	1453454514
31	786	1	1478666629
31	787	1	1453785600
31	787	1	1495251039
31	787	1	1495307130
31	788	1	1453896587
31	789	1	1453989718
33	789	1	1481813769
31	789	1	1484278621
31	789	1	1500118389
31	790	1	1454573082
31	790	1	1479206535
10	791	1	1454681867
10	791	1	1454691751
10	791	1	1454812257
10	791	1	1454812351
10	791	1	1454813217
10	792	1	1454682582
10	792	1	1454682609
10	792	1	1454692292
10	792	1	1454692322
10	792	1	1454692447
10	792	1	1454692550
10	792	1	1454692571
10	792	1	1454692587
10	792	1	1454694264
10	792	1	1454694287
10	792	1	1454812077
10	792	1	1454812097
10	793	1	1454682719
10	793	1	1454682851
10	793	1	1454682867
10	793	1	1454691562
10	793	1	1454691613
33	793	1	1481361476
10	794	1	1454688463
10	794	1	1454688547
10	794	1	1454688580
10	794	1	1454688726
10	794	1	1454689220
10	794	1	1454689605
10	794	1	1454689738
10	794	1	1454689989
10	794	1	1454690219
10	794	1	1454690578
10	794	1	1454690683
10	794	1	1454691479
10	795	1	1454811864
10	795	1	1454813260
10	795	1	1454813299
10	795	1	1459955915
10	795	1	1459956021
25	795	1	1472584300
10	796	1	1454812517
10	796	1	1454812710
10	796	1	1454813084
10	796	1	1455637511
10	797	1	1454812559
10	798	1	1454812885
10	798	1	1455336160
10	798	1	1455336269
10	799	1	1454812921
10	800	1	1454812949
10	801	1	1454813180
31	802	1	1454995091
31	802	1	1479205049
10	803	1	1455336166
10	803	1	1455336267
10	804	1	1455431747
10	805	1	1455503454
10	805	1	1455503540
31	806	1	1455517304
31	806	1	1459054380
25	807	1	1455999931
31	808	1	1455683998
31	808	1	1479204378
25	809	1	1455733283
178	809	1	1455734157
31	810	1	1455775940
31	810	1	1460966268
33	810	1	1478369426
10	811	1	1455877042
10	811	1	1455877295
10	811	1	1455877616
10	812	1	1455877111
10	813	1	1455877175
10	814	1	1455877251
10	814	1	1455877471
10	814	1	1455883919
10	815	1	1455877530
179	815	1	1459230934
10	816	1	1455877693
25	817	1	1456000035
31	818	1	1456228901
31	818	1	1461578850
31	819	1	1456916788
31	820	1	1457075399
31	820	1	1479205250
33	820	1	1498359976
31	821	1	1457420114
31	823	1	1457855557
31	824	1	1457930163
31	826	1	1458105922
31	827	1	1458620495
81	827	1	1458805720
81	828	1	1458806483
81	828	1	1458806892
81	828	1	1458806907
81	828	1	1458807500
81	828	1	1458809934
81	829	1	1458806939
33	829	1	1478777593
81	830	1	1458807464
81	831	1	1458807583
81	832	1	1458807698
81	832	1	1458808898
81	833	1	1458808788
81	833	1	1458808824
81	833	1	1458808852
81	834	1	1458809755
81	834	1	1458809802
81	835	1	1458810027
81	836	1	1458810113
81	837	1	1458810152
31	838	1	1459233048
31	839	1	1460444736
31	840	1	1460544601
31	841	1	1460723813
31	842	1	1461645750
166	843	1	1461695623
31	844	1	1461836156
31	845	1	1462269617
31	845	1	1478666384
31	845	1	1490668932
130	846	1	1462387190
31	847	1	1462508198
31	848	1	1463546524
180	849	1	1463821525
31	850	1	1463973948
31	850	1	1479205123
31	851	1	1464145208
181	852	1	1465539216
25	853	1	1469802546
149	855	1	1472129031
149	856	1	1472129032
33	857	1	1478262560
31	858	1	1478336119
31	858	1	1478336191
31	858	1	1478451863
31	858	1	1478451921
31	858	1	1478666083
33	859	1	1478356065
33	860	1	1478357324
33	860	1	1478421062
33	861	1	1478401466
33	861	1	1478402556
33	862	1	1478482297
33	862	1	1478483777
31	862	1	1478499109
31	862	1	1478500400
33	863	1	1478518431
33	863	1	1478518895
33	864	1	1478518504
33	864	1	1478518988
33	864	1	1478519417
33	864	1	1478520033
33	865	1	1478568932
31	865	1	1478665422
31	866	1	1478594130
31	866	1	1478665243
31	866	1	1478665433
33	867	1	1478854079
33	867	1	1480699823
33	868	1	1478868849
33	868	1	1478948952
33	869	1	1478872698
33	869	1	1480954363
33	869	1	1480954398
33	870	1	1478874442
33	870	1	1478876946
33	871	1	1478875272
33	872	1	1478877754
33	872	1	1478878398
33	873	1	1478879376
33	874	1	1478926292
33	874	1	1478926492
33	874	1	1478926535
33	875	1	1478950931
33	876	1	1478952064
33	876	1	1478954547
33	877	1	1478954977
33	878	1	1478956400
33	878	1	1478956494
33	878	1	1478964536
33	879	1	1478957369
33	879	1	1479399508
33	879	1	1479399558
33	880	1	1478957912
33	880	1	1478958285
33	881	1	1478959216
33	882	1	1478959544
33	883	1	1478960248
33	884	1	1478960808
33	885	1	1478961024
33	886	1	1478961672
33	887	1	1479001840
33	888	1	1479125117
33	889	1	1479126265
33	890	1	1479127304
33	891	1	1479304329
31	892	1	1479362055
31	892	1	1479362536
33	892	1	1498361237
31	893	1	1479362765
33	894	1	1479383774
33	894	1	1479384243
33	894	1	1479399614
33	895	1	1479398062
33	896	1	1479400482
33	897	1	1479403025
33	898	1	1479430554
33	898	1	1479432503
33	899	1	1479434573
33	899	1	1479435816
33	900	1	1479516482
33	900	1	1479516672
31	901	1	1479879778
31	901	1	1479880168
31	901	1	1479981603
33	901	1	1481220926
31	902	1	1480604091
31	903	1	1480700376
31	903	1	1480763058
31	903	1	1481109758
33	904	1	1480901922
33	904	1	1480902475
33	904	1	1480910385
33	904	1	1480910471
31	905	1	1481028111
31	905	1	1488173453
31	906	1	1481109096
31	906	1	1481109680
31	907	1	1483942799
33	908	1	1484145416
33	908	1	1484145720
33	909	1	1484148157
31	910	1	1485253436
31	911	1	1485761651
31	912	1	1485885335
31	913	1	1485945782
31	914	1	1486455157
31	915	1	1487051237
156	916	1	1487200771
128	917	1	1487249798
31	918	1	1488266028
31	919	1	1488433886
33	919	1	1498360855
31	920	1	1489035560
31	921	1	1489986971
31	922	1	1492177177
31	922	1	1492669371
31	922	1	1497859519
31	923	1	1492414650
31	924	1	1493185888
31	925	1	1493700063
31	925	1	1493700065
31	926	1	1494299276
31	927	1	1494568673
31	928	1	1494735089
31	929	1	1494961743
31	931	1	1495479891
31	931	1	1495524838
31	932	1	1495738324
31	932	1	1495770650
182	933	1	1496453929
33	933	1	1496549996
182	934	1	1496454591
33	934	1	1496550076
182	935	1	1496455067
31	936	1	1496749086
31	937	1	1496908447
33	937	1	1497209665
112	938	1	1497568975
31	939	1	1498103772
31	940	1	1498475203
31	941	1	1498627098
31	942	1	1499064779
31	943	1	1499764679
31	944	1	1500388558
