% bip positive
1	1	1	1118340690
2	1	1	1137125306
2	1	1	1137171384
2	1	1	1137171609
2	1	1	1138128151
3	1	1	1145270434
4	1	1	1154769127
5	1	1	1162200523
6	1	1	1171239013
6	1	1	1171239784
6	1	1	1171239845
7	1	1	1171271781
7	1	1	1173423386
8	1	1	1175210903
9	1	1	1175210963
8	1	1	1175211765
9	1	1	1175212242
7	1	1	1177018315
10	1	1	1181444820
11	1	1	1183497788
12	1	1	1189316784
10	1	1	1192217300
10	1	1	1194738502
10	1	1	1194738518
10	1	1	1194747589
10	1	1	1194747614
10	1	1	1194747643
13	1	1	1231391046
14	1	1	1235261643
15	2	1	1101814944
16	2	1	1420221188
17	2	1	1429223698
18	3	1	1112552123
19	4	1	1112694856
19	4	1	1113679691
17	4	1	1429223707
20	5	1	1131185669
20	5	1	1135901124
2	5	1	1137354726
1	5	1	1173112321
7	5	1	1173423424
21	5	1	1183327876
22	5	1	1191284555
23	5	1	1191400905
24	6	1	1118215072
17	6	1	1429223698
2	8	1	1137123436
3	8	1	1145270433
25	8	1	1145333769
26	8	1	1166392380
7	8	1	1172482250
10	8	1	1172858146
27	8	1	1175191748
7	8	1	1175355024
7	8	1	1176707878
7	8	1	1179154242
28	8	1	1181711363
22	8	1	1191284124
23	8	1	1191400671
29	8	1	1191812907
27	8	1	1191815246
10	8	1	1192216721
10	8	1	1192216749
10	8	1	1192239300
30	8	1	1195075886
31	8	1	1461366813
31	8	1	1461366873
31	8	1	1461367428
32	10	1	1129672952
32	10	1	1130056705
32	10	1	1148579012
20	11	1	1131185450
20	11	1	1133114663
20	12	1	1131185542
20	12	1	1133114765
33	13	1	1131898089
16	13	1	1420228249
17	13	1	1429223700
34	14	1	1133067685
35	15	1	1134929091
36	16	1	1136621155
36	16	1	1137428809
20	16	1	1137565307
37	17	1	1136619041
37	18	1	1136619141
37	18	1	1136619483
2	19	1	1137124626
2	19	1	1137124690
2	19	1	1137125010
2	19	1	1137125091
2	19	1	1137125125
17	19	1	1429223698
2	20	1	1137171885
38	20	1	1159934346
39	20	1	1190623832
22	20	1	1191284506
23	20	1	1191400889
29	20	1	1191813020
27	20	1	1191815240
40	20	1	1194025046
10	20	1	1194738366
10	20	1	1194738386
40	20	1	1196277314
41	21	1	1137530817
17	21	1	1429223700
2	22	1	1137784431
42	23	1	1137986625
2	24	1	1138128358
2	25	1	1138128402
43	26	1	1141531234
43	27	1	1141531264
3	28	1	1143805858
3	28	1	1143835261
25	29	1	1145333685
44	30	1	1146430040
32	31	1	1148579040
45	34	1	1149895068
46	35	1	1151428485
47	36	1	1152295024
47	36	1	1157888916
16	36	1	1419694808
17	36	1	1429223700
36	37	1	1155021493
36	38	1	1155021509
48	39	1	1155476197
17	39	1	1429223711
47	40	1	1157888930
16	40	1	1419694809
49	40	1	1426620968
17	40	1	1429223700
49	40	1	1429245525
9	41	1	1159754535
9	41	1	1161827303
50	41	1	1191828186
50	41	1	1191828207
50	41	1	1191828543
9	41	1	1191828660
38	42	1	1159934105
38	42	1	1159934156
38	42	1	1159936482
38	42	1	1159936528
38	42	1	1159936640
38	42	1	1159937695
38	42	1	1173807341
17	42	1	1429223707
51	44	1	1160818064
5	45	1	1160820603
5	46	1	1160820615
52	47	1	1161205094
52	48	1	1161205127
53	49	1	1163193173
17	49	1	1429223700
26	50	1	1166393756
17	50	1	1429223711
54	51	1	1166474904
55	52	1	1166634458
55	52	1	1166634502
56	53	1	1166719352
57	54	1	1169318584
58	55	1	1171287915
58	55	1	1181934266
7	56	1	1170701417
7	56	1	1170701445
7	56	1	1171663553
7	56	1	1171964213
7	56	1	1175543727
7	56	1	1175544375
7	56	1	1176586758
7	56	1	1177483630
7	56	1	1178529239
6	57	1	1171239951
59	58	1	1171477297
59	58	1	1194073710
59	58	1	1195547306
7	59	1	1173136818
7	59	1	1173300142
60	60	1	1173731684
61	60	1	1173734120
61	60	1	1174241649
61	60	1	1174247122
61	60	1	1178348284
61	60	1	1178398075
61	60	1	1179044927
61	60	1	1190054421
60	61	1	1173731694
61	62	1	1173731763
61	62	1	1173734111
61	62	1	1174241665
61	62	1	1174247136
61	62	1	1178357232
61	62	1	1178388400
61	62	1	1179050077
61	62	1	1190054354
61	63	1	1173731773
62	64	1	1174578613
17	64	1	1429223702
63	65	1	1174785954
63	65	1	1175480450
63	66	1	1174785977
63	66	1	1176062974
63	66	1	1176875659
63	66	1	1176949740
63	66	1	1177196380
63	66	1	1177899654
63	67	1	1174786029
63	68	1	1174786052
63	69	1	1174786059
64	70	1	1175499520
64	71	1	1175499545
9	72	1	1175500390
50	72	1	1191828186
9	72	1	1191828750
7	73	1	1175543727
63	74	1	1176062968
63	74	1	1176875644
63	74	1	1176949734
63	74	1	1177196373
63	74	1	1177899648
63	75	1	1176062979
63	76	1	1176875681
63	77	1	1176949748
63	78	1	1177196390
65	79	1	1177414997
65	79	1	1177416299
65	79	1	1177416777
7	79	1	1177431195
7	79	1	1177431306
61	79	1	1180553632
10	79	1	1181672754
10	79	1	1181672847
10	79	1	1181672858
22	79	1	1191284235
23	79	1	1191400770
29	79	1	1191812882
27	79	1	1191815245
31	79	1	1461366655
65	80	1	1177417050
22	80	1	1191284778
23	80	1	1191401156
63	81	1	1177899660
66	82	1	1178809775
66	82	1	1178809794
66	82	1	1178810235
66	82	1	1178810611
66	82	1	1178810984
67	82	1	1236129739
17	82	1	1429223711
66	83	1	1178809895
66	83	1	1178810150
66	83	1	1178810208
66	84	1	1178810588
66	85	1	1178810833
66	85	1	1178810939
66	86	1	1178810939
68	87	1	1179916340
7	87	1	1181594631
69	88	1	1180147654
7	89	1	1181546320
11	89	1	1183506723
13	89	1	1231391138
70	89	1	1410354244
10	90	1	1181671341
28	90	1	1181711374
22	90	1	1191284177
23	90	1	1191400684
29	90	1	1191812965
27	90	1	1191815249
10	91	1	1181671473
10	91	1	1181671482
10	91	1	1181671531
29	91	1	1191812953
27	91	1	1191815249
10	92	1	1182303325
10	92	1	1182303425
10	92	1	1182382236
22	92	1	1191284247
23	92	1	1191400787
29	92	1	1191812893
27	92	1	1191815246
10	92	1	1192215469
10	92	1	1192215518
30	92	1	1195078975
10	93	1	1182382236
71	94	1	1183016139
21	95	1	1183179795
21	95	1	1183179873
22	95	1	1191284274
23	95	1	1191400823
29	95	1	1191812930
27	95	1	1191815248
21	96	1	1183180514
22	96	1	1191284205
23	96	1	1191400723
29	96	1	1191812985
27	96	1	1191815250
12	97	1	1183328193
12	97	1	1183328201
12	97	1	1183328216
17	97	1	1429223711
12	98	1	1183328444
12	98	1	1183328455
12	98	1	1183328878
22	98	1	1191284190
23	98	1	1191400706
29	98	1	1191812976
27	98	1	1191815249
10	98	1	1192215275
30	98	1	1195078786
12	99	1	1183328669
12	99	1	1183328834
22	99	1	1191284263
23	99	1	1191400807
29	99	1	1191812919
27	99	1	1191815246
10	99	1	1192215388
72	100	1	1183404945
39	101	1	1189934210
30	101	1	1189940372
39	102	1	1189935540
30	102	1	1189947449
39	103	1	1189936019
73	104	1	1189948052
23	106	1	1191401443
23	107	1	1191401472
27	108	1	1191413797
27	109	1	1191413808
27	109	1	1191413814
27	109	1	1191414269
12	110	1	1191458258
12	110	1	1191470339
12	111	1	1191459531
14	112	1	1191895446
14	112	1	1329623587
10	113	1	1192216113
10	113	1	1192216663
10	113	1	1192216685
10	113	1	1192216777
10	113	1	1192218533
10	113	1	1192218547
10	113	1	1192218683
10	113	1	1192218977
10	113	1	1192220840
59	113	1	1194470991
30	113	1	1195075910
10	114	1	1192216704
10	115	1	1192217488
10	115	1	1192217639
10	115	1	1192217661
10	116	1	1192217776
10	116	1	1192217794
10	116	1	1192217934
10	116	1	1192218045
10	116	1	1192218062
17	116	1	1429223703
10	117	1	1192239634
10	117	1	1192239648
16	123	1	1193178486
40	124	1	1193929129
40	125	1	1193929186
59	126	1	1194073728
59	127	1	1194073743
59	127	1	1194470895
59	127	1	1195547187
59	128	1	1194267466
59	128	1	1194952106
59	128	1	1195332023
10	129	1	1194747063
10	130	1	1194747206
10	130	1	1194747240
10	130	1	1194747417
10	130	1	1194747448
30	130	1	1195076279
74	131	1	1195745962
17	131	1	1429223707
67	132	1	1236650745
67	133	1	1236650757
67	134	1	1236650769
75	135	1	1264343571
75	136	1	1264343590
14	137	1	1421017879
14	138	1	1423708400
14	139	1	1424392830
76	139	1	1438202362
14	140	1	1424582987
76	140	1	1438202360
14	141	1	1424585098
49	142	1	1426620958
17	142	1	1429223698
49	142	1	1429245524
49	143	1	1426620958
17	143	1	1429223698
49	143	1	1429245524
49	144	1	1426620959
17	144	1	1429223698
49	144	1	1429245524
49	145	1	1426620959
17	145	1	1429223698
49	145	1	1429245524
49	146	1	1426620959
17	146	1	1429223698
49	146	1	1429245524
49	147	1	1426620959
17	147	1	1429223698
49	147	1	1429245525
49	148	1	1426620968
17	148	1	1429223698
49	148	1	1429245525
49	149	1	1426620968
17	149	1	1429223698
49	149	1	1429245525
49	150	1	1426620968
17	150	1	1429223698
49	150	1	1429245525
49	151	1	1426620968
17	151	1	1429223698
49	151	1	1429245525
49	152	1	1426620968
17	152	1	1429223700
49	152	1	1429245525
49	153	1	1426620968
17	153	1	1429223700
49	153	1	1429245525
49	154	1	1426620968
17	154	1	1429223700
49	154	1	1429245525
49	155	1	1426620972
17	155	1	1429223700
49	155	1	1429245525
49	156	1	1426620972
17	156	1	1429223700
49	156	1	1429245525
49	157	1	1426620972
17	157	1	1429223700
49	157	1	1429245525
49	158	1	1426620973
17	158	1	1429223700
49	158	1	1429245525
49	159	1	1426620975
17	159	1	1429223700
49	159	1	1429245525
49	160	1	1426620975
17	160	1	1429223700
49	160	1	1429245525
49	161	1	1426620976
17	161	1	1429223702
49	161	1	1429245525
49	162	1	1426620976
17	162	1	1429223703
49	162	1	1429245525
49	163	1	1426620980
17	163	1	1429223703
49	163	1	1429245525
49	164	1	1426620980
17	164	1	1429223702
49	164	1	1429245532
49	165	1	1426620980
17	165	1	1429223703
49	165	1	1429245532
49	166	1	1426620981
17	166	1	1429223703
49	166	1	1429245532
49	167	1	1426620985
17	167	1	1429223703
49	167	1	1429245532
49	168	1	1426620985
49	169	1	1426620985
49	170	1	1426620985
17	170	1	1429223703
49	170	1	1429245532
49	171	1	1426620985
17	171	1	1429223703
49	171	1	1429245532
49	172	1	1426620985
17	172	1	1429223707
49	172	1	1429245532
49	173	1	1426620985
17	173	1	1429223706
49	173	1	1429245533
49	174	1	1426620985
17	174	1	1429223707
49	174	1	1429245533
49	175	1	1426620986
17	175	1	1429223707
49	175	1	1429245539
49	176	1	1426620986
17	176	1	1429223707
49	176	1	1429245539
49	177	1	1426620986
17	177	1	1429223707
49	177	1	1429245540
49	178	1	1426620986
17	178	1	1429223707
49	178	1	1429245539
49	179	1	1426620986
17	179	1	1429223707
49	179	1	1429245540
49	180	1	1426620986
17	180	1	1429223711
49	180	1	1429245540
49	181	1	1426620986
17	181	1	1429223707
49	181	1	1429245540
49	182	1	1426620986
17	182	1	1429223707
49	182	1	1429245540
49	183	1	1426620987
17	183	1	1429223711
49	183	1	1429245540
49	184	1	1426620987
17	184	1	1429223712
49	184	1	1429245540
49	185	1	1426620987
17	185	1	1429223711
49	185	1	1429245540
49	186	1	1426620997
17	186	1	1429223711
49	186	1	1429245540
49	187	1	1426620998
17	187	1	1429223711
49	187	1	1429245540
49	188	1	1426620998
17	188	1	1429223711
49	188	1	1429245540
49	189	1	1426620998
17	189	1	1429223711
49	189	1	1429245540
49	190	1	1426620998
17	190	1	1429223711
49	190	1	1429245540
14	191	1	1426642098
76	192	1	1438202360
76	193	1	1438202362
77	194	1	1438644638
77	195	1	1443815723
77	196	1	1443815724
77	197	1	1443815724
77	198	1	1443815724
77	199	1	1443815724
77	200	1	1443815724
77	201	1	1443815724
