% bip positive
1	1	1	1103266489
1	1	1	1103268856
1	1	1	1119698667
1	1	1	1151780957
1	1	1	1157051935
2	1	1	1168135993
3	2	1	1127096528
2	2	1	1127127173
3	2	1	1127136964
2	2	1	1127158090
2	2	1	1127554528
4	2	1	1127689917
4	2	1	1127691116
4	2	1	1127691741
2	2	1	1132591332
2	2	1	1133629517
5	2	1	1136560917
5	2	1	1136561458
5	2	1	1136563214
6	2	1	1151495782
6	2	1	1151516962
6	2	1	1152699169
6	2	1	1152708522
4	2	1	1158619491
4	2	1	1160796077
5	2	1	1160832443
2	2	1	1167081699
2	2	1	1167257572
2	2	1	1167257759
2	2	1	1172189869
2	2	1	1172190053
2	2	1	1182269381
7	2	1	1200826764
8	2	1	1211988761
8	2	1	1212010622
8	2	1	1212226442
8	2	1	1212247647
8	2	1	1214498376
9	2	1	1275315842
9	2	1	1275315881
9	2	1	1275315911
10	2	1	1282473722
11	2	1	1303918235
12	2	1	1354048953
12	2	1	1354181847
13	2	1	1397220657
14	2	1	1468515286
3	3	1	1127097652
3	3	1	1127669896
15	3	1	1153481376
3	3	1	1157346966
2	4	1	1127127362
2	4	1	1127127838
2	4	1	1127555435
2	4	1	1127678494
2	4	1	1129995271
2	4	1	1129995302
2	4	1	1134582057
2	4	1	1134582077
16	4	1	1153476336
2	4	1	1163966128
2	4	1	1163966155
2	4	1	1163966325
2	4	1	1167080176
2	4	1	1167331419
2	4	1	1167748724
2	4	1	1167920017
2	4	1	1167930347
2	4	1	1168004466
2	4	1	1168690628
2	4	1	1168865036
2	4	1	1168865053
2	4	1	1169729133
2	4	1	1169934145
2	4	1	1169944190
2	4	1	1170634076
2	4	1	1170635010
2	4	1	1170943258
2	4	1	1170943346
2	4	1	1181140397
2	4	1	1212350190
2	4	1	1212777114
2	4	1	1212877154
2	4	1	1212877348
2	4	1	1212881047
2	5	1	1127552369
2	5	1	1127552614
2	5	1	1127552626
2	5	1	1127555095
2	5	1	1129119491
5	5	1	1136562964
5	5	1	1136562998
2	5	1	1167083810
17	5	1	1445989977
2	6	1	1127524404
3	6	1	1127659693
2	6	1	1127661643
3	6	1	1127670590
2	6	1	1127678214
2	6	1	1127678231
18	6	1	1154442423
8	6	1	1211974785
8	6	1	1211974840
2	6	1	1211975783
8	6	1	1211977429
8	6	1	1211986700
8	6	1	1211988607
8	6	1	1211988652
8	6	1	1211988701
19	6	1	1254182104
19	6	1	1255553788
20	6	1	1271640872
11	6	1	1303918236
21	6	1	1424804927
21	6	1	1429429165
21	6	1	1457898601
21	6	1	1490117066
2	7	1	1127525338
2	7	1	1127552610
2	7	1	1127555100
2	7	1	1130533516
2	7	1	1130533636
5	7	1	1136560380
5	7	1	1136560447
6	7	1	1151403485
6	7	1	1156144487
6	7	1	1156144685
6	7	1	1156144712
2	7	1	1167080728
22	7	1	1169103252
6	7	1	1186581446
23	7	1	1208598380
23	7	1	1211465235
24	7	1	1216479554
25	7	1	1236335740
26	7	1	1254214385
26	7	1	1256483603
26	7	1	1256497021
26	7	1	1256502199
9	7	1	1266597299
27	7	1	1267816885
28	7	1	1294603637
29	7	1	1310347597
24	7	1	1325424888
26	7	1	1330485743
27	7	1	1334994932
26	7	1	1370202533
26	7	1	1370332372
26	7	1	1378766560
30	7	1	1397408734
2	8	1	1127525399
2	8	1	1127679121
2	8	1	1167081261
2	9	1	1127648139
2	9	1	1127648271
2	9	1	1132591322
5	9	1	1136562810
5	9	1	1136563121
2	9	1	1167090535
8	9	1	1213345664
9	9	1	1266587952
9	9	1	1266598064
9	9	1	1266598120
9	9	1	1266598134
26	9	1	1359447618
31	9	1	1439112892
2	10	1	1127648321
2	10	1	1127648368
5	10	1	1136562725
5	10	1	1136562748
5	10	1	1136563089
2	10	1	1167092080
23	10	1	1211736577
8	10	1	1213345643
8	10	1	1213345679
25	10	1	1240242987
25	10	1	1240243032
25	10	1	1240243289
25	10	1	1240243454
25	10	1	1240243537
25	10	1	1240243583
25	10	1	1240243645
25	10	1	1240243736
9	10	1	1266587331
9	10	1	1266587890
9	10	1	1266598608
32	10	1	1343580924
5	11	1	1160832777
2	11	1	1172921423
2	11	1	1172921564
11	11	1	1325721095
2	12	1	1132373891
2	12	1	1132375260
2	12	1	1172191040
2	13	1	1132375462
5	13	1	1136560807
2	13	1	1172191285
2	14	1	1132375453
5	14	1	1136560751
2	14	1	1172191171
3	15	1	1127667298
33	15	1	1292321995
33	15	1	1367601118
33	15	1	1367601119
34	15	1	1408991063
35	15	1	1416035481
3	16	1	1127669886
2	16	1	1128123065
36	16	1	1128862753
3	16	1	1129082288
3	16	1	1129082357
37	16	1	1152612607
15	16	1	1153479865
3	16	1	1157347021
2	16	1	1169333077
2	16	1	1169591679
2	16	1	1191107259
2	16	1	1211912772
8	16	1	1211914658
8	16	1	1211914711
8	16	1	1211914755
6	16	1	1211916889
6	16	1	1211916908
8	16	1	1211920141
2	16	1	1211921938
2	16	1	1211926810
38	16	1	1211973200
39	16	1	1212010222
8	16	1	1212144274
2	16	1	1212146188
3	16	1	1212291082
2	16	1	1212341678
2	16	1	1212341750
2	16	1	1212342279
2	16	1	1212342426
2	16	1	1212342453
8	16	1	1212342850
2	16	1	1212882293
8	16	1	1213805454
8	16	1	1213805733
2	16	1	1213808963
2	16	1	1213809552
2	16	1	1213961402
8	16	1	1213962893
2	16	1	1213977223
40	16	1	1292597420
41	16	1	1293396961
42	16	1	1327072978
32	16	1	1343519526
31	16	1	1439112903
2	17	1	1127678970
2	17	1	1167079584
2	18	1	1127679008
2	18	1	1160168513
2	18	1	1167081335
43	18	1	1223700731
24	18	1	1234277773
44	18	1	1239091358
44	18	1	1246431983
42	18	1	1327882029
42	18	1	1365957852
45	18	1	1396993648
2	19	1	1127679090
2	19	1	1167080494
2	20	1	1127679186
2	20	1	1167081133
2	21	1	1127679186
2	21	1	1167081370
4	22	1	1127686302
46	22	1	1429231675
4	23	1	1127686363
34	23	1	1426839508
46	23	1	1429231675
34	23	1	1429245729
4	24	1	1127687126
2	24	1	1132375264
5	24	1	1136560711
2	24	1	1172191241
8	24	1	1211973211
8	24	1	1211973293
8	24	1	1211973356
8	24	1	1211974922
8	24	1	1211974936
22	24	1	1224682810
44	24	1	1287174849
26	24	1	1288786965
47	24	1	1302891771
26	24	1	1319847556
45	24	1	1398060943
4	25	1	1127687374
2	25	1	1132374767
5	25	1	1136561916
2	25	1	1172191188
4	26	1	1127687718
2	26	1	1132374797
5	26	1	1136561896
2	26	1	1172191331
4	27	1	1127687899
2	27	1	1132374669
5	27	1	1136561862
2	27	1	1172191232
4	28	1	1127688092
2	28	1	1132374499
5	28	1	1136561841
2	28	1	1172191266
4	29	1	1127688276
2	29	1	1132374806
5	29	1	1136561803
2	29	1	1172191326
17	29	1	1445990169
4	30	1	1127688469
2	30	1	1132374791
5	30	1	1136561782
2	30	1	1172191295
4	31	1	1127688980
2	31	1	1132374267
5	31	1	1136561756
2	31	1	1172191198
43	31	1	1221259724
31	31	1	1439112913
4	32	1	1127689137
2	32	1	1132374249
5	32	1	1136561705
2	32	1	1172191222
4	33	1	1127689257
2	33	1	1132375515
5	33	1	1136560636
2	33	1	1172191135
4	34	1	1127689379
2	34	1	1132374627
5	34	1	1136561671
2	34	1	1172191275
17	34	1	1445989265
4	35	1	1127689447
2	35	1	1132374244
5	35	1	1136561604
2	35	1	1172191338
2	36	1	1127754206
2	36	1	1133629316
5	36	1	1136562870
2	36	1	1167083552
2	36	1	1167083575
3	37	1	1129082087
8	37	1	1212699172
8	37	1	1212701135
3	38	1	1129082239
3	39	1	1129082334
2	39	1	1129116487
8	39	1	1212010845
2	39	1	1212091847
8	39	1	1212095019
2	39	1	1212098959
8	39	1	1212144369
8	39	1	1212595277
2	39	1	1212676186
8	39	1	1212684355
2	39	1	1212694713
8	39	1	1212701594
8	39	1	1212922516
2	39	1	1212924728
8	39	1	1212937791
2	39	1	1212948881
2	39	1	1212948943
8	39	1	1213699397
2	39	1	1213809011
8	39	1	1213813297
2	39	1	1213832431
8	39	1	1213876935
2	39	1	1213908696
8	39	1	1213911104
8	39	1	1213917724
2	39	1	1213961614
33	39	1	1292321997
48	39	1	1388365073
34	39	1	1408991064
35	39	1	1416035549
2	40	1	1129225272
2	41	1	1132374023
2	41	1	1167080850
2	41	1	1172191002
49	41	1	1203315595
43	41	1	1223701906
50	41	1	1236093252
44	41	1	1239008192
44	41	1	1239012564
44	41	1	1239026349
44	41	1	1246372477
24	41	1	1274451571
51	41	1	1311105401
26	41	1	1330338487
32	41	1	1371244563
31	41	1	1439112922
2	42	1	1132590627
2	42	1	1132590849
2	42	1	1132774311
2	42	1	1134502119
2	42	1	1172190719
2	42	1	1172190851
8	42	1	1212010096
8	42	1	1212010113
8	42	1	1212010228
8	42	1	1212671637
22	42	1	1213430458
23	42	1	1220615580
52	42	1	1239912923
8	42	1	1242134716
40	42	1	1292595865
40	42	1	1292596157
40	42	1	1292596586
40	42	1	1292598527
40	42	1	1292598778
40	42	1	1292598986
29	42	1	1310484747
29	42	1	1313109283
29	42	1	1315281649
26	42	1	1359376455
53	42	1	1396771878
45	42	1	1398060242
54	42	1	1430932829
55	42	1	1485378121
56	42	1	1489763201
2	43	1	1132770627
2	43	1	1167080872
2	44	1	1132770628
2	44	1	1167081140
1	45	1	1133497110
1	45	1	1151780956
2	45	1	1167078833
2	45	1	1169728248
2	45	1	1169728305
2	45	1	1169728388
2	45	1	1170630012
2	46	1	1134581815
2	47	1	1134581864
57	47	1	1269500886
2	48	1	1135870299
2	49	1	1136499168
5	50	1	1136560571
5	51	1	1136563089
5	52	1	1136563121
6	54	1	1151403355
6	54	1	1182772806
6	55	1	1151403543
6	55	1	1152871308
16	55	1	1153475906
6	55	1	1153823464
6	56	1	1151496390
2	56	1	1169333519
47	56	1	1317807066
32	56	1	1343404478
32	56	1	1343519469
45	56	1	1398410940
6	57	1	1151517099
6	57	1	1151517109
6	57	1	1151517759
2	57	1	1167081997
2	57	1	1172192814
6	57	1	1193407351
23	57	1	1208596936
23	57	1	1211274229
23	57	1	1220189007
58	57	1	1237490720
23	57	1	1242574146
26	57	1	1254171208
51	57	1	1259746044
27	57	1	1268245372
24	57	1	1287800904
26	57	1	1330442109
27	57	1	1337695289
27	57	1	1347787941
30	57	1	1397394684
59	57	1	1449324314
59	57	1	1449325194
59	57	1	1449439118
59	57	1	1449440736
59	57	1	1450123390
37	58	1	1152610576
37	58	1	1442464294
6	59	1	1152695524
6	59	1	1152699318
6	59	1	1152699330
6	59	1	1156144618
2	59	1	1167083283
2	59	1	1169728726
23	59	1	1208599711
23	59	1	1211287133
24	59	1	1216398840
23	59	1	1220186576
43	59	1	1221254084
2	59	1	1225809506
23	59	1	1242579461
23	59	1	1243672660
26	59	1	1256479319
26	59	1	1285334810
26	59	1	1294903053
26	59	1	1319765263
26	59	1	1319773818
24	59	1	1325424534
27	59	1	1339340822
27	59	1	1345279110
27	59	1	1357121517
26	59	1	1370213582
26	59	1	1370215572
30	59	1	1397568153
6	60	1	1152708423
22	60	1	1169101632
2	60	1	1169229131
8	60	1	1213700487
6	61	1	1152793794
6	62	1	1152793828
16	63	1	1153475921
34	63	1	1426839517
46	63	1	1429231678
34	63	1	1429245731
16	64	1	1153475940
15	64	1	1153480453
16	64	1	1153483469
46	64	1	1429231678
16	65	1	1153475964
16	66	1	1153475973
60	66	1	1285021699
15	67	1	1153477678
15	67	1	1153482824
6	67	1	1154332005
15	68	1	1153477704
15	68	1	1153477719
16	68	1	1153484072
15	69	1	1153478430
15	70	1	1153478894
15	71	1	1153479081
15	72	1	1153479099
15	73	1	1153479337
15	74	1	1153479350
15	75	1	1153479913
15	76	1	1153480706
2	76	1	1172856600
15	77	1	1153480835
15	78	1	1153480870
15	79	1	1153480886
61	79	1	1211757235
15	80	1	1153480939
15	81	1	1153480993
46	81	1	1429231681
15	82	1	1153481010
46	82	1	1429231682
15	83	1	1153481023
46	83	1	1429231685
15	84	1	1153481035
15	85	1	1153481056
18	86	1	1154442332
18	86	1	1154442383
6	87	1	1156144812
6	87	1	1156144845
6	87	1	1156145141
6	87	1	1156147104
2	87	1	1167082750
23	87	1	1208599739
23	87	1	1211463826
23	87	1	1220256435
23	87	1	1237638847
23	87	1	1242648029
26	87	1	1256487810
26	87	1	1256527940
26	87	1	1300278582
29	87	1	1310380917
26	87	1	1319773342
42	87	1	1327799027
27	87	1	1341147532
26	87	1	1370206348
30	87	1	1397393834
6	88	1	1156145123
2	88	1	1167089737
6	88	1	1183102268
23	88	1	1208601728
23	88	1	1211529638
24	88	1	1216400244
24	88	1	1228683545
23	88	1	1231064762
58	88	1	1237416171
23	88	1	1237656221
26	88	1	1254222750
26	88	1	1256474325
26	88	1	1256492013
26	88	1	1256806632
51	88	1	1258049576
51	88	1	1259748153
27	88	1	1268587426
26	88	1	1279120191
26	88	1	1280985917
26	88	1	1285327393
26	88	1	1288557969
29	88	1	1310355878
26	88	1	1319764290
62	88	1	1332753916
32	88	1	1371244749
63	88	1	1377668423
30	88	1	1397510046
64	88	1	1415798175
65	88	1	1452039308
65	88	1	1452039380
6	89	1	1156147173
2	89	1	1167081009
2	90	1	1169333725
66	90	1	1397546996
6	91	1	1160266016
6	91	1	1160266083
6	91	1	1160266097
2	91	1	1167083718
2	91	1	1167083752
23	91	1	1208604289
24	91	1	1216478230
2	91	1	1218830252
23	91	1	1230990440
44	91	1	1246390237
26	91	1	1256529144
26	91	1	1260236876
26	91	1	1272194083
26	91	1	1288562842
26	91	1	1300270473
26	91	1	1300279344
26	91	1	1319815818
67	91	1	1334637878
27	91	1	1342108675
68	91	1	1368785937
30	91	1	1397571915
65	91	1	1452039704
2	92	1	1167092537
23	92	1	1208601998
8	92	1	1212767422
4	93	1	1158620271
2	93	1	1167092386
6	94	1	1160265822
4	95	1	1160796211
2	95	1	1172265301
2	95	1	1178586823
4	96	1	1160803433
4	96	1	1160803470
2	96	1	1167488474
2	96	1	1172880623
4	96	1	1226634230
4	97	1	1160803593
4	98	1	1160803698
4	98	1	1160803712
4	99	1	1160803804
2	99	1	1167488572
4	100	1	1160803937
2	100	1	1167091370
2	100	1	1167091475
2	100	1	1178328559
26	100	1	1319768155
31	100	1	1439112933
4	101	1	1160804017
2	101	1	1167091961
23	101	1	1208603869
26	101	1	1229653697
23	101	1	1243438707
26	101	1	1256482900
26	101	1	1291588044
26	101	1	1300288070
27	101	1	1334993038
30	101	1	1397542837
4	102	1	1160804481
2	102	1	1167090142
2	102	1	1167090310
69	102	1	1226673316
26	102	1	1256805417
4	103	1	1160804693
2	103	1	1167090786
2	103	1	1178328220
23	103	1	1211530493
23	103	1	1220264813
26	103	1	1267846010
26	103	1	1272197812
26	103	1	1275762002
29	103	1	1310360934
27	103	1	1338107235
45	103	1	1398061343
5	104	1	1160832874
2	104	1	1167080284
44	104	1	1239102634
44	104	1	1239106754
44	104	1	1246372781
44	104	1	1258473784
51	104	1	1259759615
26	104	1	1262850451
51	104	1	1267533485
70	104	1	1299332868
51	104	1	1311106026
26	104	1	1330339068
26	104	1	1330361993
31	104	1	1439112943
2	106	1	1167079184
2	106	1	1167079571
2	107	1	1167079579
71	107	1	1228756961
24	107	1	1234277923
26	107	1	1254155088
70	107	1	1297117740
51	107	1	1311103940
26	107	1	1330341168
32	107	1	1350489811
31	107	1	1439112953
31	107	1	1469103056
2	108	1	1167080054
14	108	1	1468512397
2	109	1	1167080075
2	109	1	1167080257
32	109	1	1343405426
72	109	1	1348739343
32	109	1	1349937392
32	109	1	1350425199
32	109	1	1350686145
32	109	1	1350834172
31	109	1	1439112963
31	109	1	1451777584
2	110	1	1167080119
2	110	1	1167928593
2	110	1	1167929275
2	110	1	1167929899
23	110	1	1208601499
23	110	1	1211481686
43	110	1	1220679324
26	110	1	1254217549
26	110	1	1256504914
24	110	1	1262575609
26	110	1	1275768389
26	110	1	1279133773
26	110	1	1288566869
26	110	1	1294907350
26	110	1	1359376808
30	110	1	1397581321
2	111	1	1167080506
14	111	1	1468512347
2	112	1	1167080617
2	112	1	1167081291
2	113	1	1167081028
14	113	1	1468512372
2	114	1	1167081160
44	114	1	1239109352
51	114	1	1277722443
73	114	1	1278604770
51	114	1	1296500461
70	114	1	1297119175
70	114	1	1300897305
51	114	1	1315153368
32	114	1	1343698845
45	114	1	1397015863
14	114	1	1468512408
2	115	1	1167081440
2	115	1	1167081445
31	115	1	1468076469
2	116	1	1167081454
2	117	1	1167081913
14	117	1	1468512377
2	118	1	1167081961
2	118	1	1167082066
14	118	1	1468509156
2	119	1	1167082111
14	119	1	1468509032
14	119	1	1468509044
2	120	1	1167089766
14	120	1	1468512388
2	121	1	1167091410
14	121	1	1468512392
2	122	1	1167091475
2	123	1	1167488484
14	123	1	1468512384
2	124	1	1167748210
2	124	1	1167748229
2	124	1	1167748318
2	124	1	1167930154
26	124	1	1254119381
26	124	1	1272354523
26	124	1	1279134703
26	124	1	1288802345
47	124	1	1300619936
32	124	1	1343509988
27	124	1	1344080929
27	124	1	1347124182
63	124	1	1377640433
31	124	1	1439112973
2	125	1	1167748246
2	126	1	1167748613
2	126	1	1167748627
2	126	1	1167748779
2	126	1	1167748853
74	126	1	1322558825
45	126	1	1398060442
2	127	1	1167919373
2	128	1	1167928648
14	128	1	1468509183
2	129	1	1167930049
2	129	1	1167930162
2	129	1	1172184172
11	129	1	1352916534
27	129	1	1357141310
26	129	1	1379095418
30	129	1	1397288234
2	130	1	1168000885
2	130	1	1168001074
6	130	1	1183103173
8	130	1	1212158270
4	130	1	1229124321
4	130	1	1229124348
26	130	1	1256578275
26	130	1	1256805473
29	130	1	1315281728
75	130	1	1333229433
75	130	1	1333229468
45	130	1	1396996259
2	131	1	1168001066
14	131	1	1468509191
2	132	1	1168135925
2	133	1	1168789154
2	133	1	1168864960
2	133	1	1172499410
2	133	1	1172499482
5	133	1	1172836038
2	133	1	1172837996
2	133	1	1195435129
23	133	1	1211382604
24	133	1	1216398012
23	133	1	1237289132
26	133	1	1256482776
51	133	1	1259746764
26	133	1	1275762193
70	133	1	1300070882
29	133	1	1315281671
26	133	1	1319768101
42	133	1	1327089768
26	133	1	1378767470
30	133	1	1397557184
2	134	1	1168789197
2	135	1	1169229038
2	136	1	1169333457
14	136	1	1468509178
2	137	1	1169728694
14	137	1	1468509198
2	138	1	1169728754
2	138	1	1169729006
2	138	1	1169730426
23	138	1	1208602088
23	138	1	1211531011
23	138	1	1231071242
23	138	1	1237657065
23	138	1	1242817280
26	138	1	1254223576
26	138	1	1256510562
51	138	1	1258049644
7	138	1	1267578037
26	138	1	1280993292
26	138	1	1285335088
70	138	1	1301246720
76	138	1	1333470169
27	138	1	1336309141
72	138	1	1355797226
26	138	1	1370335002
30	138	1	1397384863
2	139	1	1169743566
2	140	1	1169743903
2	141	1	1170424228
2	142	1	1170630723
2	142	1	1170633153
31	142	1	1439112983
2	143	1	1170630802
2	143	1	1170630829
2	143	1	1170632997
26	143	1	1256482308
26	143	1	1288791161
32	143	1	1350794784
63	143	1	1376773536
63	143	1	1377633424
26	143	1	1378898431
45	143	1	1398410985
45	143	1	1398487328
2	144	1	1170631421
2	144	1	1172355275
2	144	1	1172355289
23	144	1	1208596951
24	144	1	1216477683
23	144	1	1220187679
24	144	1	1232749702
23	144	1	1251279482
26	144	1	1256478307
26	144	1	1256487373
24	144	1	1275100206
26	144	1	1294876611
77	144	1	1295342169
26	144	1	1319764729
32	144	1	1349843449
42	144	1	1365981801
45	144	1	1396996379
2	145	1	1172182180
2	145	1	1172182223
2	145	1	1172182327
2	145	1	1172232909
2	145	1	1172270415
26	145	1	1256483142
26	145	1	1256505955
26	145	1	1256572909
27	145	1	1266090830
26	145	1	1288567753
78	145	1	1324323814
27	145	1	1335456069
32	145	1	1344618472
26	145	1	1359454844
30	145	1	1397596090
2	146	1	1172183658
2	146	1	1172185004
2	146	1	1172355533
2	146	1	1172880772
2	146	1	1182269359
2	146	1	1194634840
8	146	1	1212002417
79	146	1	1248604358
80	146	1	1427313606
2	147	1	1172184620
2	148	1	1172184928
2	148	1	1172610055
2	149	1	1172185189
2	149	1	1172355351
2	149	1	1172880142
5	149	1	1176214632
2	149	1	1176387697
2	149	1	1181858756
2	149	1	1194634403
8	149	1	1211559679
8	149	1	1211915658
8	149	1	1211919866
8	149	1	1211988813
8	149	1	1212002298
8	149	1	1212002327
8	149	1	1212008070
8	149	1	1212069471
8	149	1	1212252954
8	149	1	1212253624
8	149	1	1212253636
8	149	1	1212253655
8	149	1	1212764473
8	149	1	1212765175
8	149	1	1212766275
8	149	1	1212767661
8	149	1	1213700814
8	149	1	1213700827
81	149	1	1231099171
80	149	1	1425733157
80	149	1	1433060693
2	150	1	1172186977
2	150	1	1172189325
2	150	1	1172190842
2	150	1	1172355412
2	150	1	1172794934
2	150	1	1172880079
5	150	1	1176214342
2	150	1	1176387771
6	150	1	1181485158
6	150	1	1182590025
6	150	1	1182591468
6	150	1	1182602039
8	150	1	1212008048
8	150	1	1212009611
8	150	1	1212009951
8	150	1	1212010294
8	150	1	1212010930
8	150	1	1212252919
8	150	1	1212766447
2	150	1	1212773756
8	150	1	1213700406
8	150	1	1213700872
80	150	1	1425683329
80	150	1	1425733017
80	150	1	1425733033
2	151	1	1172188888
2	151	1	1172355663
2	151	1	1172880745
2	151	1	1182269309
2	151	1	1182269344
2	151	1	1194635016
8	151	1	1212002498
2	152	1	1172189835
7	152	1	1200826768
2	153	1	1172190719
51	153	1	1268435022
2	154	1	1172190719
51	154	1	1268435037
2	155	1	1172190967
32	155	1	1343581766
31	155	1	1445887952
2	156	1	1172355218
26	156	1	1256483016
70	156	1	1300781364
78	156	1	1324244274
63	156	1	1376773148
26	156	1	1378801091
45	156	1	1408311365
2	157	1	1172795301
5	157	1	1172835726
2	157	1	1172944775
23	157	1	1211791135
51	157	1	1258541821
26	157	1	1279134812
29	157	1	1310431796
30	157	1	1397350199
2	158	1	1172880042
23	158	1	1211797176
24	158	1	1232750873
26	158	1	1256467152
26	158	1	1256495096
26	158	1	1260226884
26	158	1	1279122269
26	158	1	1291581600
70	158	1	1300639027
32	158	1	1343512746
27	158	1	1348306308
82	158	1	1398270980
65	158	1	1452039840
2	159	1	1173625265
5	159	1	1173775854
2	160	1	1173625155
44	160	1	1302883367
51	160	1	1311105963
67	160	1	1334637411
27	160	1	1357632226
44	160	1	1363444571
83	161	1	1174769310
5	162	1	1176214319
9	162	1	1266588061
5	163	1	1176216292
2	164	1	1176385938
14	164	1	1468509130
2	165	1	1176385941
14	165	1	1468512352
2	166	1	1176385948
14	166	1	1468509164
2	167	1	1176386415
2	167	1	1176386923
5	167	1	1176398654
23	167	1	1211746163
43	167	1	1221259728
58	167	1	1237105641
23	167	1	1242830960
23	167	1	1243687548
51	167	1	1259748729
26	167	1	1267846140
27	167	1	1283110585
26	167	1	1285337252
42	167	1	1327878469
30	167	1	1397585434
84	168	1	1195908553
84	168	1	1195909240
84	168	1	1195910688
8	168	1	1211556528
8	168	1	1211556569
8	168	1	1211556694
8	168	1	1211556780
8	168	1	1211557333
6	170	1	1180963689
6	170	1	1181485250
23	170	1	1208601850
23	170	1	1211530068
24	170	1	1228683695
23	170	1	1243687109
26	170	1	1256484247
26	170	1	1256510798
23	170	1	1265453064
26	170	1	1280995275
26	170	1	1285337082
24	170	1	1305080116
26	170	1	1319768195
78	170	1	1324061650
24	170	1	1325425179
27	170	1	1345899336
27	170	1	1357129602
26	170	1	1370206529
30	170	1	1397577357
2	171	1	1181858877
2	172	1	1181858814
2	173	1	1181858327
2	174	1	1181858384
2	175	1	1181858524
2	176	1	1181858569
2	177	1	1181858811
14	177	1	1468509169
2	178	1	1181858897
14	178	1	1468509148
2	179	1	1182269309
6	180	1	1183103086
6	181	1	1182587605
6	181	1	1182587746
6	181	1	1182588539
6	181	1	1182589105
23	181	1	1211473691
45	181	1	1398060843
6	182	1	1182587672
6	182	1	1182598812
71	182	1	1221197320
32	182	1	1343512659
31	182	1	1439112993
31	182	1	1495088446
6	183	1	1182587721
6	184	1	1182588809
6	184	1	1182588870
6	184	1	1182588988
6	184	1	1182589008
6	184	1	1183102291
6	184	1	1183102368
6	184	1	1186060217
6	184	1	1186060272
6	184	1	1186581476
8	184	1	1211974981
8	184	1	1212069698
8	184	1	1212069796
8	184	1	1212070295
8	184	1	1212070425
8	184	1	1212070487
8	184	1	1212070556
8	184	1	1212070738
8	184	1	1212342984
8	184	1	1212764921
2	184	1	1212773582
6	185	1	1182589830
23	185	1	1211270931
85	185	1	1346829571
45	185	1	1396996299
6	186	1	1182591443
6	186	1	1182598840
6	186	1	1182598854
6	186	1	1193407400
23	186	1	1211534283
86	186	1	1240187972
26	186	1	1256494625
26	186	1	1267845960
26	186	1	1297705422
29	186	1	1310431564
45	186	1	1398061693
6	187	1	1182600277
23	187	1	1211266652
23	187	1	1220614090
87	187	1	1236002223
26	187	1	1256566794
26	187	1	1288690437
26	187	1	1300318194
29	187	1	1313108499
26	187	1	1359464161
26	187	1	1378775504
45	187	1	1396996139
6	188	1	1182601991
27	188	1	1357295718
45	188	1	1398411188
45	188	1	1408417096
31	188	1	1439113003
4	189	1	1229124322
6	190	1	1183103031
6	190	1	1184333573
6	191	1	1183103306
6	191	1	1184324825
9	191	1	1266598865
73	191	1	1278604241
31	191	1	1439113013
88	191	1	1453835334
2	192	1	1183142810
2	192	1	1183144182
6	192	1	1184233883
2	192	1	1184321706
6	193	1	1184330121
6	193	1	1184330579
23	193	1	1211271714
26	193	1	1256481901
24	193	1	1259551609
29	193	1	1313111979
76	193	1	1331585955
27	193	1	1357396567
30	193	1	1397368793
6	194	1	1184330389
23	194	1	1208601623
23	194	1	1211488077
43	194	1	1220679497
23	194	1	1229591111
24	194	1	1232754959
26	194	1	1254219726
26	194	1	1256470704
26	194	1	1256488481
26	194	1	1256525009
26	194	1	1265048171
26	194	1	1279121187
26	194	1	1280991050
29	194	1	1310358458
24	194	1	1325425128
67	194	1	1334638049
45	194	1	1396996728
89	194	1	1412884349
89	194	1	1412884370
65	194	1	1452038095
6	195	1	1184330618
23	195	1	1211274069
26	195	1	1229633956
26	195	1	1256805390
26	195	1	1281099751
26	195	1	1297719230
30	195	1	1397425635
6	196	1	1184330812
26	196	1	1319768163
26	196	1	1370205665
30	196	1	1397411282
6	197	1	1184330928
26	197	1	1288803983
31	197	1	1439113023
6	198	1	1184331103
23	198	1	1208596728
24	198	1	1216398706
43	198	1	1220682154
58	198	1	1238135571
26	198	1	1254170700
26	198	1	1256490465
26	198	1	1256528690
26	198	1	1279123748
70	198	1	1299255514
26	198	1	1319763267
42	198	1	1327794336
90	198	1	1388519226
45	198	1	1396996219
14	198	1	1468509230
6	199	1	1184331234
23	199	1	1208604134
43	199	1	1220679278
23	199	1	1238854449
23	199	1	1242744433
26	199	1	1254183904
26	199	1	1280992917
91	199	1	1285531600
26	199	1	1319765965
76	199	1	1333403475
27	199	1	1335811211
27	199	1	1337502120
27	199	1	1351936177
30	199	1	1397513298
6	200	1	1184331457
6	200	1	1184331473
23	200	1	1211450177
43	200	1	1223070823
50	200	1	1235778544
26	200	1	1256482280
47	200	1	1300275927
29	200	1	1310406157
27	200	1	1338105806
27	200	1	1342806824
32	200	1	1346751263
26	200	1	1378766425
30	200	1	1397506444
6	201	1	1184331473
6	201	1	1184331563
92	201	1	1457702348
6	202	1	1184331685
23	202	1	1208598988
23	202	1	1211467894
44	202	1	1246870534
26	202	1	1254215352
30	202	1	1397418191
6	203	1	1184331775
6	203	1	1184332388
23	203	1	1211534293
23	203	1	1231074412
26	203	1	1256547440
26	203	1	1288567522
26	203	1	1300288200
29	203	1	1310362434
26	203	1	1330434487
27	203	1	1357473863
26	203	1	1378775651
45	203	1	1398061593
6	204	1	1184332353
6	205	1	1184332477
93	205	1	1224179474
26	205	1	1267892956
31	205	1	1439113033
6	206	1	1184332574
6	206	1	1184332636
23	206	1	1208603914
23	206	1	1209828353
23	206	1	1220275187
23	206	1	1242718638
26	206	1	1279174246
70	206	1	1300779538
29	206	1	1310373117
76	206	1	1329517360
26	206	1	1330445126
76	206	1	1331549029
27	206	1	1339320686
30	206	1	1397519850
6	207	1	1184332751
23	207	1	1208599447
43	207	1	1223070128
24	207	1	1231384372
23	207	1	1244890540
24	207	1	1245291147
24	207	1	1246205829
26	207	1	1254177790
26	207	1	1256483392
26	207	1	1275805271
29	207	1	1315281774
29	207	1	1315353323
26	207	1	1319625860
27	207	1	1351933716
30	207	1	1397501221
6	208	1	1184332909
23	208	1	1211266661
23	208	1	1220615177
26	208	1	1256582607
26	208	1	1285336887
26	208	1	1300324940
29	208	1	1310430872
32	208	1	1343339111
27	208	1	1357140143
26	208	1	1378926536
45	208	1	1396996099
6	209	1	1184333034
23	209	1	1208603527
23	209	1	1226156373
23	209	1	1229246189
23	209	1	1239036675
26	209	1	1254229237
26	209	1	1288786305
26	209	1	1291576076
26	209	1	1300284080
29	209	1	1310368795
26	209	1	1319764355
78	209	1	1323894756
27	209	1	1341078413
27	209	1	1357118327
30	209	1	1397503754
6	210	1	1184333122
26	210	1	1288783726
76	210	1	1333401681
26	210	1	1359377135
26	210	1	1379166221
45	210	1	1398059341
6	211	1	1184334239
6	212	1	1184334462
23	212	1	1208596600
26	212	1	1280995002
70	212	1	1300720323
76	212	1	1329510964
76	212	1	1331579538
30	212	1	1397415112
6	213	1	1184334656
6	214	1	1184334814
6	215	1	1184334919
6	216	1	1184335064
14	216	1	1468512363
6	217	1	1184335073
14	217	1	1468512367
6	218	1	1184335103
14	218	1	1468512416
6	219	1	1186060435
94	219	1	1304189738
26	219	1	1319768227
26	219	1	1370337275
45	219	1	1398061864
2	221	1	1194617494
14	221	1	1468509209
2	222	1	1194617646
26	222	1	1254052998
23	222	1	1262363416
26	222	1	1279124388
26	222	1	1285343998
91	222	1	1287166620
95	222	1	1315362531
95	222	1	1315364089
26	222	1	1319811291
27	222	1	1334992459
27	222	1	1339311424
27	222	1	1343427421
27	222	1	1357115126
26	222	1	1370203409
30	222	1	1397497392
2	223	1	1194618058
8	223	1	1212007722
65	223	1	1452037465
65	223	1	1452037494
2	224	1	1194618071
2	225	1	1194620333
14	225	1	1468512401
2	226	1	1194620485
26	226	1	1229644107
26	226	1	1256654840
26	226	1	1256805451
30	226	1	1397409798
96	227	1	1194867531
96	227	1	1217592828
97	228	1	1196673806
97	229	1	1196673817
98	230	1	1197420440
99	231	1	1198371413
99	232	1	1198371420
14	233	1	1468415140
14	233	1	1469006836
14	233	1	1469006925
100	234	1	1200262247
6	235	1	1200337149
101	236	1	1200390203
101	236	1	1219776460
101	237	1	1200390236
101	238	1	1200390485
101	238	1	1211897369
2	238	1	1213908607
101	238	1	1213942890
101	239	1	1200390511
2	239	1	1213908607
6	240	1	1200434933
26	240	1	1254105527
27	240	1	1275214002
26	240	1	1288567660
26	240	1	1319625609
32	240	1	1350488616
45	240	1	1398061543
20	242	1	1203088789
20	242	1	1329592152
29	243	1	1310403143
2	244	1	1206913629
102	245	1	1204596466
102	246	1	1204596489
103	248	1	1206647055
104	249	1	1208196768
23	249	1	1211270940
24	249	1	1216406606
23	249	1	1220628250
23	249	1	1229678577
45	249	1	1396996339
105	250	1	1208430206
106	250	1	1316375513
107	250	1	1338933112
107	250	1	1338933941
105	251	1	1208432241
106	251	1	1316375513
107	251	1	1338933114
105	252	1	1208435759
105	252	1	1215780754
107	252	1	1218624204
2	252	1	1218830339
107	252	1	1338914163
107	252	1	1338915061
107	253	1	1208440756
2	253	1	1218830339
29	253	1	1316500529
107	253	1	1338914168
107	254	1	1208440781
2	254	1	1218830339
8	255	1	1211556849
8	255	1	1211556858
8	255	1	1211556907
8	255	1	1211559750
8	255	1	1211915674
8	255	1	1211919809
8	255	1	1211974701
8	255	1	1211979281
8	255	1	1211979290
8	255	1	1211986659
8	255	1	1212002223
8	255	1	1212007301
8	255	1	1212008222
8	255	1	1212009351
8	255	1	1212009365
8	255	1	1212009379
8	255	1	1212010748
8	255	1	1212069423
8	255	1	1212159489
8	255	1	1212252311
8	255	1	1212252324
8	255	1	1212253585
8	255	1	1212342713
8	255	1	1212344032
8	255	1	1212381961
8	255	1	1212607968
8	255	1	1212608010
8	255	1	1212609214
8	255	1	1212764335
8	255	1	1212764877
8	255	1	1212766290
8	255	1	1212767533
8	255	1	1213699927
8	255	1	1213700741
8	256	1	1211559527
8	256	1	1211559607
8	256	1	1211559718
8	256	1	1211560082
8	256	1	1211625503
2	256	1	1211913034
26	256	1	1254073583
26	256	1	1256482540
26	256	1	1256506255
27	256	1	1267817307
26	256	1	1275791168
26	256	1	1285334486
29	256	1	1310336918
29	256	1	1315351967
27	256	1	1342109065
27	256	1	1342270574
27	256	1	1344069329
30	256	1	1397509891
61	257	1	1211757201
61	258	1	1211757332
8	259	1	1211915505
8	259	1	1211915586
8	259	1	1211915603
8	259	1	1211915826
8	259	1	1211916482
8	259	1	1212251163
26	259	1	1254169320
26	259	1	1256481370
26	259	1	1256486381
26	259	1	1256524586
51	259	1	1258047407
23	259	1	1266264773
9	259	1	1266599241
27	259	1	1267813027
26	259	1	1279118715
77	259	1	1292221865
108	259	1	1293726344
28	259	1	1294601205
70	259	1	1299502847
29	259	1	1313107239
26	259	1	1319760037
42	259	1	1326820400
27	259	1	1342108160
32	259	1	1343669530
42	259	1	1365977666
26	259	1	1370204952
63	259	1	1376772814
30	259	1	1397002924
8	260	1	1211919735
8	260	1	1211919795
8	260	1	1211919822
8	260	1	1212251288
7	260	1	1213751012
26	260	1	1256467732
26	260	1	1256474655
26	260	1	1256492525
26	260	1	1262949442
24	260	1	1265167870
75	260	1	1272760439
75	260	1	1272760471
26	260	1	1279127683
26	260	1	1280991940
27	260	1	1283111940
29	260	1	1310379297
32	260	1	1343669945
27	260	1	1357139271
27	260	1	1357144314
27	260	1	1357293907
30	260	1	1397536611
80	260	1	1428238087
65	260	1	1452037902
65	260	1	1452038243
65	260	1	1452038359
2	261	1	1211926719
8	262	1	1211973211
38	263	1	1211973298
38	264	1	1211973306
8	265	1	1211986520
8	265	1	1211986565
8	265	1	1211986592
8	265	1	1211988559
8	265	1	1211988567
8	265	1	1212069504
8	265	1	1212069524
8	265	1	1212069733
8	266	1	1212002142
8	266	1	1212002157
8	266	1	1212002205
8	266	1	1212251254
7	266	1	1241053977
26	266	1	1256481979
27	266	1	1347189956
30	266	1	1397505574
109	266	1	1453060984
8	267	1	1212007983
8	267	1	1212007996
8	267	1	1212251232
32	267	1	1343581419
32	267	1	1343830780
63	267	1	1377669456
30	267	1	1397528467
14	267	1	1472978609
8	268	1	1212008676
8	268	1	1212009196
8	269	1	1212008818
8	269	1	1212008831
8	269	1	1212009006
8	269	1	1212009150
8	269	1	1212009163
8	269	1	1212009267
8	269	1	1212009685
8	269	1	1212009835
8	269	1	1212009981
8	269	1	1212010199
8	269	1	1212010546
8	269	1	1212068537
8	269	1	1212068564
8	269	1	1212251185
24	269	1	1216398891
24	269	1	1232749514
70	269	1	1299255505
47	269	1	1299949235
70	269	1	1300271467
70	269	1	1300321138
70	269	1	1301326664
29	269	1	1310481506
63	269	1	1376773192
45	269	1	1398060142
8	270	1	1212009981
39	271	1	1212010031
8	272	1	1212010096
8	273	1	1212010097
8	274	1	1212068884
8	274	1	1212069054
8	274	1	1212069399
8	274	1	1212069929
8	274	1	1212070644
8	274	1	1212251120
24	274	1	1216399099
26	274	1	1256480110
26	274	1	1256501859
26	274	1	1256845822
26	274	1	1275775441
70	274	1	1296852666
26	274	1	1300285343
95	274	1	1315361405
95	274	1	1315364088
26	274	1	1319623434
24	274	1	1325424512
42	274	1	1366004079
45	274	1	1398060192
110	275	1	1212089781
20	275	1	1277173984
20	275	1	1277175371
8	276	1	1212158983
8	276	1	1212251208
24	276	1	1216400746
23	276	1	1242817640
23	276	1	1243674232
26	276	1	1256502489
26	276	1	1256624436
51	276	1	1258544326
26	276	1	1265142027
26	276	1	1275784679
26	276	1	1275796612
111	276	1	1291476255
26	276	1	1300266809
26	276	1	1300280825
27	276	1	1348305235
27	276	1	1351437652
82	276	1	1397656394
2	277	1	1212166231
112	278	1	1212221233
8	279	1	1212252225
8	279	1	1212252291
26	279	1	1254224729
26	279	1	1256511739
26	279	1	1256547887
26	279	1	1256837352
27	279	1	1267820862
26	279	1	1279121618
26	279	1	1300282262
26	279	1	1319621809
24	279	1	1325425315
30	279	1	1397501039
113	279	1	1436702801
65	279	1	1452037346
8	280	1	1212253538
26	280	1	1254175873
26	280	1	1256543827
26	280	1	1272196694
26	280	1	1288564650
26	280	1	1294877481
26	280	1	1300286874
29	280	1	1310325392
29	280	1	1310559720
27	280	1	1357138523
26	280	1	1359447453
45	280	1	1396996440
65	280	1	1452036935
65	280	1	1452036986
65	280	1	1452037144
88	280	1	1453993236
8	281	1	1212253565
2	282	1	1212342204
2	283	1	1212342309
8	283	1	1212342600
2	283	1	1212782709
8	283	1	1212828911
105	283	1	1218623372
2	283	1	1218830417
2	283	1	1218830433
33	283	1	1292321994
33	283	1	1367601115
33	283	1	1367601119
34	283	1	1408991064
35	283	1	1416035373
35	283	1	1416035394
8	284	1	1212344335
8	284	1	1212344349
2	284	1	1212700441
8	284	1	1212701165
2	284	1	1212876088
2	285	1	1212350016
2	285	1	1212350144
2	285	1	1212350341
2	286	1	1212350075
2	286	1	1212701231
49	287	1	1212354232
8	288	1	1212595170
8	289	1	1212764126
8	289	1	1212764282
8	289	1	1212764622
8	289	1	1212764636
8	289	1	1212764972
8	289	1	1212765093
8	289	1	1212765448
23	289	1	1220614109
8	289	1	1235767995
23	289	1	1244899336
26	289	1	1256481942
26	289	1	1260226583
45	289	1	1396996179
14	289	1	1468414203
14	289	1	1468414221
8	290	1	1212764822
8	290	1	1212764855
8	290	1	1212764950
8	290	1	1212767439
24	290	1	1216480195
23	290	1	1220264711
23	290	1	1231069112
24	290	1	1232751228
23	290	1	1237652309
23	290	1	1238860136
23	290	1	1242669486
23	290	1	1244027373
26	290	1	1254223092
26	290	1	1256523609
26	290	1	1265052451
27	290	1	1268587668
26	290	1	1280991510
26	290	1	1288563232
29	290	1	1315342553
67	290	1	1334640960
32	290	1	1343684943
30	290	1	1397496957
65	290	1	1452039026
8	291	1	1212765993
8	291	1	1212766193
8	291	1	1212766686
8	291	1	1212766851
23	291	1	1220186788
23	291	1	1237282051
23	291	1	1242574386
23	291	1	1251276675
26	291	1	1256465977
51	291	1	1259753351
24	291	1	1266549853
26	291	1	1272327748
29	291	1	1314577422
114	291	1	1321903802
114	291	1	1321903837
114	291	1	1321903874
78	291	1	1325010656
30	291	1	1397392304
8	292	1	1212767307
8	292	1	1212767631
2	292	1	1212773648
24	292	1	1216406871
43	292	1	1221258492
23	292	1	1242818984
26	292	1	1254225199
115	292	1	1256594756
27	292	1	1267821252
44	292	1	1268677657
26	292	1	1288565055
29	292	1	1310363094
27	292	1	1341079613
32	292	1	1343348996
27	292	1	1357473741
30	292	1	1397505946
17	292	1	1445989534
17	292	1	1445989544
65	292	1	1452037591
65	292	1	1452037607
8	293	1	1212767515
14	293	1	1468512412
2	294	1	1212776075
2	295	1	1212876117
2	296	1	1212876416
2	297	1	1212877104
2	298	1	1212878576
2	299	1	1212878674
2	300	1	1212878790
2	301	1	1212878821
2	302	1	1212879068
116	302	1	1328963377
2	303	1	1212879143
116	303	1	1328963618
117	303	1	1345391665
118	303	1	1478379891
118	303	1	1478382669
118	303	1	1478382692
118	303	1	1478382723
118	303	1	1478382776
2	304	1	1212879816
2	305	1	1212879871
2	306	1	1212879911
2	307	1	1212879958
2	308	1	1212881015
2	308	1	1212881449
2	308	1	1212881688
2	308	1	1212881846
2	308	1	1212919574
2	308	1	1212948781
2	308	1	1213908847
2	309	1	1212881244
2	310	1	1212881363
2	311	1	1212881823
2	312	1	1212881859
2	313	1	1212881865
8	314	1	1213699893
8	314	1	1213699908
8	314	1	1213700019
8	314	1	1213700030
8	314	1	1213700222
23	314	1	1220184870
23	314	1	1251282130
26	314	1	1256614756
27	314	1	1267819868
26	314	1	1288783461
47	314	1	1300548676
70	314	1	1300549049
29	314	1	1310342618
29	314	1	1315281681
26	314	1	1319946191
26	314	1	1330415819
72	314	1	1355799585
26	314	1	1370202460
30	314	1	1397597609
8	315	1	1213700062
8	316	1	1213700707
8	316	1	1213700716
23	316	1	1220190635
23	316	1	1237286366
23	316	1	1242581032
23	316	1	1243672420
26	316	1	1254223356
26	316	1	1256501238
51	316	1	1259752641
44	316	1	1268674836
27	316	1	1269445028
78	316	1	1326325009
26	316	1	1330427328
26	316	1	1359373837
30	316	1	1397564910
119	317	1	1213740902
119	317	1	1213784788
103	317	1	1254903734
119	317	1	1261739512
119	317	1	1264523618
119	317	1	1293285572
119	317	1	1372514834
2	318	1	1213908607
2	319	1	1213908607
119	320	1	1214155374
120	321	1	1216397663
2	322	1	1218830339
2	323	1	1218830339
2	324	1	1218830339
51	324	1	1268435053
29	324	1	1316500539
2	325	1	1218830577
2	325	1	1218830767
31	325	1	1439113043
2	326	1	1218830603
71	327	1	1220766133
71	328	1	1220766143
93	329	1	1224179547
20	330	1	1225174650
20	331	1	1225271735
121	332	1	1225326323
20	333	1	1225343741
121	334	1	1225381247
121	335	1	1225388421
121	336	1	1225389273
121	336	1	1226323362
20	337	1	1225408400
20	338	1	1225432559
121	339	1	1225442482
121	340	1	1225442517
121	341	1	1225464860
121	341	1	1225576412
121	341	1	1225592321
121	341	1	1225603103
121	341	1	1225661873
121	341	1	1225685588
121	341	1	1225735632
121	341	1	1225779331
121	341	1	1225844047
121	341	1	1225866168
121	341	1	1226018302
121	341	1	1226384154
121	341	1	1226504571
121	341	1	1227108820
121	341	1	1227882526
121	341	1	1229418738
121	341	1	1230237114
121	341	1	1230244479
121	341	1	1230773034
121	341	1	1231593843
121	341	1	1232073539
121	341	1	1232478214
121	341	1	1232486226
121	341	1	1233061751
121	341	1	1233103847
121	341	1	1233128695
121	341	1	1233215162
121	341	1	1233559774
121	341	1	1234456301
121	341	1	1234955539
121	341	1	1235331419
121	341	1	1235500444
121	341	1	1236131242
121	341	1	1237342949
121	341	1	1238050032
121	341	1	1238722766
121	341	1	1240466587
20	342	1	1225532212
20	343	1	1225586711
20	344	1	1225682594
20	345	1	1225774079
2	346	1	1225807981
2	347	1	1225808423
14	347	1	1468512357
20	348	1	1225863580
121	349	1	1225936300
121	350	1	1225947481
121	351	1	1225965959
121	351	1	1226314262
121	352	1	1226243090
122	353	1	1226497165
20	354	1	1226545595
4	355	1	1226628477
123	355	1	1421664114
4	356	1	1226628857
9	356	1	1266588318
9	356	1	1266597986
9	356	1	1266598729
109	356	1	1453061025
109	356	1	1453061033
4	357	1	1226631914
4	357	1	1226632335
4	358	1	1226634022
4	359	1	1226634452
4	359	1	1226634470
9	359	1	1266598195
4	360	1	1226636052
4	360	1	1226637743
4	360	1	1226639487
4	360	1	1226639598
4	360	1	1226639671
9	360	1	1266588165
20	361	1	1227253718
20	362	1	1227886496
4	363	1	1229124321
4	364	1	1229124322
19	365	1	1229701402
19	366	1	1229701675
124	367	1	1229958171
81	368	1	1231099928
14	368	1	1468416722
4	370	1	1233856227
20	371	1	1234152416
20	372	1	1234567369
20	373	1	1235277481
20	374	1	1235281338
121	375	1	1237306354
20	376	1	1237618044
125	377	1	1238079664
125	378	1	1238079812
44	379	1	1238742747
44	380	1	1238742757
20	381	1	1239507657
20	382	1	1239580655
20	383	1	1239584187
20	384	1	1240009755
20	385	1	1240017369
20	386	1	1240082441
20	387	1	1240090065
25	388	1	1240242559
25	388	1	1240242672
25	388	1	1240243137
52	389	1	1240251106
52	389	1	1258293051
52	391	1	1242092955
126	392	1	1242924123
8	393	1	1245766026
8	393	1	1246110544
8	394	1	1245767244
44	394	1	1246431662
26	394	1	1254214621
115	394	1	1258018712
51	394	1	1259747479
26	394	1	1279145530
26	394	1	1288566380
26	394	1	1291583082
70	394	1	1299255488
29	394	1	1310345618
26	394	1	1330427018
67	394	1	1334637581
27	394	1	1358073674
30	394	1	1397395195
127	395	1	1246047575
128	395	1	1444828882
127	396	1	1246047582
127	397	1	1246047587
129	398	1	1248114816
79	399	1	1248604371
20	400	1	1251839457
20	402	1	1252737230
20	403	1	1252746018
20	404	1	1252817566
19	405	1	1255553804
20	405	1	1271640906
57	406	1	1256448090
57	407	1	1256448113
14	407	1	1468422407
57	408	1	1256448133
57	409	1	1256448175
57	410	1	1256448213
57	411	1	1256448232
57	412	1	1256448310
57	413	1	1256448388
57	414	1	1256448402
57	415	1	1256448415
130	415	1	1256449083
57	416	1	1256448457
57	417	1	1256448469
57	418	1	1256448509
130	419	1	1256449142
131	420	1	1257287398
51	421	1	1258042545
51	421	1	1291929203
132	422	1	1260069383
67	422	1	1334638551
133	423	1	1263891746
133	423	1	1356783441
20	424	1	1264238205
20	425	1	1264292752
20	426	1	1264390188
103	427	1	1264401422
20	428	1	1264468215
20	429	1	1264474044
20	430	1	1264552804
20	431	1	1264722062
20	432	1	1264733013
20	433	1	1264919783
20	434	1	1264922280
20	435	1	1264923926
75	436	1	1265045642
75	436	1	1265045926
75	436	1	1265045969
26	436	1	1265057867
24	436	1	1270607109
26	436	1	1285344797
26	436	1	1294877517
24	436	1	1300937380
70	436	1	1300964038
29	436	1	1310356718
26	436	1	1330428482
76	436	1	1333467706
32	436	1	1343669302
30	436	1	1397500520
27	438	1	1266219989
26	440	1	1319768274
27	440	1	1343426722
27	440	1	1345277601
26	440	1	1378760590
45	440	1	1398062624
26	441	1	1288861736
58	441	1	1288894903
134	441	1	1330193650
45	441	1	1398062324
9	442	1	1266587227
123	442	1	1398099718
9	443	1	1266587441
27	443	1	1267818331
26	443	1	1275756900
26	443	1	1279125528
24	443	1	1289791995
26	443	1	1297681714
26	443	1	1300266609
26	443	1	1300285935
29	443	1	1310347177
26	443	1	1370205236
26	443	1	1370213701
63	443	1	1376774484
26	443	1	1378759665
30	443	1	1397405913
9	444	1	1266587501
9	445	1	1266587589
9	445	1	1266596720
9	445	1	1266597655
9	445	1	1266597739
65	445	1	1452039607
9	446	1	1266587733
9	447	1	1266587801
9	447	1	1266597443
9	448	1	1266587845
9	449	1	1266588015
9	450	1	1266588103
26	450	1	1359447598
45	450	1	1398060342
9	451	1	1266588254
9	452	1	1266588491
17	452	1	1445989858
9	453	1	1266596803
17	453	1	1445989964
65	453	1	1452039183
9	454	1	1266596828
9	454	1	1266596839
88	454	1	1453832664
9	455	1	1266596901
9	455	1	1266596961
26	455	1	1370337253
45	455	1	1398061493
9	456	1	1266597014
135	456	1	1481776157
9	457	1	1266597176
9	458	1	1266597405
26	458	1	1288789762
26	458	1	1359447546
26	458	1	1370337151
45	458	1	1398060592
9	459	1	1266597785
26	459	1	1288809423
26	459	1	1297722076
31	459	1	1439113053
9	460	1	1266597869
9	461	1	1266597938
26	461	1	1359447558
31	461	1	1439113063
9	462	1	1266598270
27	462	1	1267865598
26	462	1	1294879758
26	462	1	1308842157
29	462	1	1315281497
76	462	1	1325423996
76	462	1	1329513170
27	462	1	1351935777
30	462	1	1397523319
17	462	1	1445990373
9	463	1	1266598366
9	463	1	1266598375
9	464	1	1266598470
9	464	1	1266599182
17	464	1	1445990287
9	465	1	1266598577
9	466	1	1266598959
9	466	1	1266598968
26	466	1	1319768254
32	466	1	1344701732
30	466	1	1397514760
17	466	1	1445990079
9	467	1	1266599010
20	468	1	1266707123
20	468	1	1379474090
20	469	1	1266718125
136	470	1	1268601908
137	471	1	1269710177
138	472	1	1269963336
50	473	1	1270197400
50	473	1	1379261639
50	474	1	1270471678
50	474	1	1379261654
50	475	1	1270660884
50	475	1	1379261647
20	476	1	1271640825
20	476	1	1271640953
139	476	1	1334340940
20	477	1	1271640887
75	478	1	1272762736
75	478	1	1315004709
75	478	1	1316370839
75	478	1	1316370870
75	478	1	1316371011
75	478	1	1316371033
48	478	1	1395519194
140	478	1	1426284281
75	479	1	1272762795
75	479	1	1316370870
141	480	1	1273752846
141	481	1	1273752877
75	482	1	1274289472
75	482	1	1274289528
26	482	1	1275762537
44	482	1	1292449905
26	482	1	1319764920
26	482	1	1330464697
26	482	1	1370227669
30	482	1	1397555799
65	482	1	1452039486
20	483	1	1276992944
20	484	1	1277066753
20	485	1	1277159503
20	486	1	1277168489
20	487	1	1277179443
20	488	1	1277180922
20	489	1	1277247884
20	490	1	1277579511
20	490	1	1289087907
142	490	1	1308763242
142	490	1	1309107147
142	490	1	1322678227
142	490	1	1356645995
142	490	1	1356696860
143	491	1	1277998669
14	492	1	1278519359
14	492	1	1459425688
14	492	1	1468859312
14	492	1	1469102542
14	492	1	1469195462
14	492	1	1469265504
14	492	1	1469265569
14	492	1	1469265599
14	492	1	1472978499
144	493	1	1278538929
144	493	1	1278539123
75	493	1	1286375366
20	493	1	1421693201
73	494	1	1278605095
12	495	1	1280421310
26	495	1	1280994912
26	495	1	1300278111
26	495	1	1319815161
32	495	1	1343709282
63	495	1	1376773590
30	495	1	1397522298
65	495	1	1452040198
20	496	1	1280796322
20	497	1	1280800318
145	498	1	1280960531
145	498	1	1281006369
145	499	1	1281097463
20	500	1	1281149725
20	501	1	1281153821
20	502	1	1281155410
20	503	1	1281158803
145	504	1	1281183081
20	504	1	1289145813
142	504	1	1308800328
142	504	1	1309110909
142	504	1	1356645995
20	505	1	1281233190
20	506	1	1281234959
145	507	1	1281258786
20	509	1	1283021211
146	510	1	1283392183
146	510	1	1284616693
147	510	1	1408317663
20	511	1	1283393766
146	512	1	1283410120
146	513	1	1285794403
148	514	1	1286979315
146	515	1	1287790276
20	516	1	1289158805
20	517	1	1289173469
146	518	1	1289950864
146	518	1	1291479502
146	518	1	1295308349
116	518	1	1328963619
149	518	1	1337664448
149	518	1	1342549226
149	518	1	1349131848
149	518	1	1360201093
150	519	1	1291150642
150	519	1	1291150918
150	519	1	1291151852
111	520	1	1291398722
111	520	1	1291399757
111	520	1	1291400003
111	520	1	1291400369
32	520	1	1350202058
32	520	1	1350384271
32	520	1	1371244619
31	520	1	1439113073
111	521	1	1291398784
111	522	1	1291399096
111	522	1	1291399210
111	522	1	1291399425
111	523	1	1291399584
111	523	1	1291399666
111	524	1	1291407286
111	524	1	1291407343
77	525	1	1291889097
11	526	1	1292340648
111	526	1	1292410608
11	527	1	1292340758
40	528	1	1292764474
26	528	1	1319762061
114	528	1	1321903972
42	528	1	1327799707
67	528	1	1334637979
27	528	1	1339780966
27	528	1	1346485587
30	528	1	1397591858
40	529	1	1292768873
23	529	1	1297005643
29	529	1	1310555275
24	529	1	1324696509
27	529	1	1339314453
27	529	1	1339409916
27	529	1	1358074031
26	529	1	1359375774
63	529	1	1377540396
30	529	1	1397515267
40	530	1	1292774891
29	530	1	1310352821
29	530	1	1314576129
67	530	1	1334636949
76	530	1	1342446927
45	530	1	1398060993
40	531	1	1292775165
40	531	1	1292775356
151	532	1	1294091541
20	533	1	1296443067
20	533	1	1333238345
152	533	1	1390293658
20	534	1	1296449108
20	535	1	1296529380
20	536	1	1296533717
20	537	1	1296617645
70	538	1	1296648815
20	539	1	1296784481
20	540	1	1298436069
20	541	1	1301870307
20	542	1	1302978492
141	542	1	1331479356
20	543	1	1302982941
20	544	1	1302994796
20	545	1	1303351481
11	546	1	1303918235
11	547	1	1303918236
20	548	1	1305157443
20	548	1	1333912239
146	549	1	1306448774
153	550	1	1306478866
153	550	1	1314546648
146	551	1	1306520948
154	552	1	1307397875
155	552	1	1332357933
156	553	1	1308065824
156	553	1	1331369090
156	553	1	1400726428
156	553	1	1423197153
142	554	1	1308810214
142	554	1	1308814431
142	555	1	1308814414
157	556	1	1309520006
157	557	1	1309529585
142	558	1	1309540404
142	559	1	1309542505
20	560	1	1309570814
20	561	1	1309579468
20	562	1	1309583493
20	563	1	1309623496
20	564	1	1309632436
95	565	1	1310367677
20	566	1	1314242377
20	566	1	1422212614
53	567	1	1314251895
53	567	1	1388777308
20	568	1	1315765054
20	569	1	1315768273
20	570	1	1315772762
75	571	1	1316370870
75	572	1	1316370870
106	573	1	1316375513
106	574	1	1316375513
20	575	1	1318378850
155	576	1	1318461127
20	577	1	1318982306
146	578	1	1319841956
146	578	1	1429212174
158	579	1	1319996702
67	579	1	1334640518
159	579	1	1497570209
160	580	1	1320784168
160	581	1	1320784268
161	582	1	1320930803
20	582	1	1338660838
162	583	1	1321042047
162	584	1	1321205296
162	585	1	1321205297
162	585	1	1321205360
163	586	1	1321617275
163	586	1	1349212773
163	586	1	1355905521
20	587	1	1321763418
164	588	1	1321807250
20	589	1	1321848780
20	590	1	1321919806
20	591	1	1321923463
20	591	1	1322093433
20	592	1	1321927664
20	592	1	1322095111
20	593	1	1322097169
20	594	1	1322098388
20	595	1	1322099637
165	596	1	1322658589
20	596	1	1346639757
20	597	1	1323016337
20	598	1	1323046801
20	599	1	1323050451
166	600	1	1325426683
76	600	1	1325438265
67	600	1	1334639862
19	601	1	1325536389
26	601	1	1325544607
26	601	1	1330372342
32	601	1	1343339699
44	601	1	1363444151
45	601	1	1396993491
155	602	1	1325968493
20	603	1	1326049654
146	604	1	1326329026
42	605	1	1327001419
42	605	1	1327006380
42	605	1	1360344322
42	606	1	1327001429
42	606	1	1327003776
42	606	1	1327005138
42	606	1	1360345128
42	606	1	1368047102
155	607	1	1328131665
20	608	1	1329081102
20	609	1	1329096201
11	610	1	1329561947
11	611	1	1329561967
33	611	1	1338600239
33	611	1	1338921605
33	611	1	1340945564
33	611	1	1342729526
33	611	1	1346897574
33	611	1	1347284299
33	611	1	1350357207
33	611	1	1350494350
33	611	1	1357679872
33	611	1	1358610136
167	611	1	1358899175
33	611	1	1359579145
33	611	1	1363206187
33	611	1	1366780807
33	611	1	1367294981
33	611	1	1367348342
33	611	1	1369084347
33	611	1	1370311477
33	611	1	1371963661
33	611	1	1372942639
168	611	1	1372951496
33	611	1	1374587242
169	611	1	1374598621
33	611	1	1377027698
33	611	1	1379992316
33	611	1	1380914070
33	611	1	1381265536
33	611	1	1383683953
33	611	1	1384818677
34	611	1	1389854828
34	611	1	1392813047
34	611	1	1393020035
34	611	1	1393616685
34	611	1	1394229532
34	611	1	1394747761
34	611	1	1396307095
34	611	1	1396979586
34	611	1	1400342590
34	611	1	1400531923
34	611	1	1400880566
34	611	1	1402426099
34	611	1	1403214891
34	611	1	1408642514
34	611	1	1408659316
34	611	1	1409676723
34	611	1	1410279774
170	611	1	1410282604
34	611	1	1414346695
35	611	1	1415075368
34	611	1	1415986490
34	611	1	1416593531
34	611	1	1416594937
34	611	1	1419620390
34	611	1	1423161022
34	611	1	1425249175
34	611	1	1425499364
34	611	1	1426276003
34	611	1	1428682329
34	611	1	1428695307
34	611	1	1429592834
34	611	1	1430711311
34	611	1	1431883751
34	611	1	1433533551
34	611	1	1433546568
34	611	1	1433685930
34	611	1	1434192256
34	611	1	1434198729
34	611	1	1434751297
34	611	1	1437714475
34	611	1	1437719567
34	611	1	1438386221
34	611	1	1438425462
34	611	1	1439591305
34	611	1	1439606410
34	611	1	1439939334
34	611	1	1439948615
34	611	1	1441217603
34	611	1	1441399974
34	611	1	1441403764
34	611	1	1442955673
34	611	1	1443459380
34	611	1	1443464325
34	611	1	1446229091
34	611	1	1447106318
34	611	1	1447152538
34	611	1	1447796543
34	611	1	1448488043
34	611	1	1448980693
34	611	1	1450472290
34	611	1	1450475889
34	611	1	1451002021
34	611	1	1451958549
34	611	1	1451962150
34	611	1	1453144017
34	611	1	1456518074
34	611	1	1459439243
34	611	1	1460927262
34	611	1	1466776918
34	611	1	1467087698
34	611	1	1467566416
14	611	1	1467580833
11	611	1	1467748831
14	611	1	1467752496
14	611	1	1468318258
14	611	1	1468612377
34	611	1	1470765784
34	611	1	1473692924
34	611	1	1475266289
34	611	1	1475717687
34	611	1	1476553784
34	611	1	1479081564
34	611	1	1479082287
34	611	1	1481743953
34	611	1	1487190640
34	611	1	1489088647
34	611	1	1489813775
34	611	1	1491536190
34	611	1	1491932025
34	611	1	1493838895
34	611	1	1494254472
34	611	1	1494612397
34	611	1	1494945846
34	611	1	1494968981
34	611	1	1495573539
34	611	1	1500319589
141	612	1	1329729053
155	613	1	1329746921
155	614	1	1329760908
142	615	1	1329833775
142	616	1	1329838148
142	616	1	1356637935
141	617	1	1330637431
141	618	1	1330705168
20	619	1	1332040351
20	620	1	1333244455
20	621	1	1333419811
20	622	1	1333500658
20	622	1	1333582770
20	623	1	1333587729
20	624	1	1333905567
20	625	1	1333907658
155	626	1	1334114460
139	627	1	1334340935
20	628	1	1334510314
136	629	1	1335651971
20	630	1	1336323901
155	631	1	1338322315
171	632	1	1338444359
171	632	1	1342494741
20	633	1	1338650134
20	634	1	1338656332
20	635	1	1339379938
155	636	1	1340668297
20	637	1	1341259802
20	637	1	1344110714
172	638	1	1343344682
172	639	1	1343344692
20	640	1	1344112238
20	641	1	1344219756
173	642	1	1344322942
20	643	1	1344380467
174	644	1	1345973054
175	645	1	1346360979
175	646	1	1346432424
67	646	1	1347117198
67	646	1	1360799478
67	647	1	1346446637
20	648	1	1346628279
20	649	1	1346633565
20	650	1	1346637724
176	651	1	1348947010
141	652	1	1351192856
141	653	1	1351241149
141	654	1	1351250089
141	655	1	1351250098
33	657	1	1354613819
20	658	1	1355092298
20	659	1	1355113384
177	660	1	1355256558
178	661	1	1355727567
7	661	1	1491299038
163	662	1	1355905653
155	663	1	1359583126
155	664	1	1359583210
177	665	1	1359912231
20	666	1	1360031451
179	666	1	1417132142
179	666	1	1487252764
20	667	1	1360035748
20	668	1	1361150431
20	669	1	1361156059
155	670	1	1361235686
180	671	1	1363977521
155	672	1	1364094769
20	673	1	1364143203
20	674	1	1364147184
20	675	1	1364173680
20	676	1	1364175470
181	676	1	1451502357
182	677	1	1366090077
155	679	1	1367176634
183	680	1	1367356930
181	680	1	1451502328
184	681	1	1369583396
184	681	1	1380430001
20	681	1	1381707252
184	681	1	1384699165
184	681	1	1408421140
20	682	1	1370218310
66	683	1	1370875371
66	684	1	1370875374
20	685	1	1372734419
20	686	1	1372821484
185	687	1	1375932674
185	688	1	1375932707
185	689	1	1375932723
185	690	1	1375932727
184	690	1	1382861870
185	691	1	1375932737
185	692	1	1375932753
185	693	1	1375932771
185	694	1	1375932785
185	695	1	1375932792
185	696	1	1375932808
185	697	1	1375932814
186	698	1	1376684790
187	699	1	1377978976
186	700	1	1377992187
50	701	1	1379260369
50	702	1	1379260372
20	703	1	1379282892
20	704	1	1379303149
181	704	1	1451502357
20	705	1	1379464592
20	706	1	1379468207
20	707	1	1379561448
20	708	1	1379563014
20	709	1	1379564338
20	710	1	1379897967
20	711	1	1379899583
20	713	1	1380160278
20	714	1	1380164481
20	716	1	1380396568
20	717	1	1380397938
20	718	1	1380401528
188	718	1	1385796524
188	718	1	1388052631
188	718	1	1391248622
20	718	1	1408627894
189	718	1	1411917917
190	718	1	1411919480
20	718	1	1413773819
20	718	1	1438466189
20	719	1	1380408072
188	719	1	1385474545
188	719	1	1386743164
188	719	1	1391655857
188	719	1	1393935611
189	719	1	1411917921
190	719	1	1411919480
20	719	1	1414901217
20	720	1	1381684526
20	721	1	1381702096
184	721	1	1382879020
184	721	1	1382932804
191	722	1	1382905746
192	723	1	1383039113
193	724	1	1383340911
194	725	1	1384596844
46	725	1	1429231682
194	726	1	1384597531
195	727	1	1384699116
196	728	1	1384786474
197	729	1	1385383999
198	730	1	1387293578
20	731	1	1390175696
199	731	1	1487203178
20	732	1	1390201684
20	733	1	1390254751
20	734	1	1390265900
200	735	1	1390300242
201	736	1	1392385489
20	737	1	1393564292
20	738	1	1393571563
196	739	1	1394757228
202	741	1	1395185580
202	741	1	1395427769
202	741	1	1396578876
203	742	1	1396563072
204	743	1	1396597153
34	744	1	1397123122
82	745	1	1397656443
205	746	1	1399246854
34	747	1	1400531924
147	748	1	1408317663
20	749	1	1408641741
206	749	1	1461691418
20	750	1	1409110120
80	751	1	1410127047
80	751	1	1425682911
80	752	1	1410127157
80	753	1	1410127173
20	754	1	1410625080
207	754	1	1447384207
20	755	1	1410711051
20	756	1	1411005503
207	756	1	1447384247
189	757	1	1411917917
107	757	1	1415700031
20	757	1	1420954543
189	758	1	1411917921
107	758	1	1415700045
20	758	1	1420961230
190	759	1	1411919480
190	760	1	1411919480
208	761	1	1413476204
208	761	1	1447362549
208	761	1	1447796086
209	763	1	1415460293
209	763	1	1415460331
209	763	1	1415460435
209	763	1	1415460509
209	763	1	1415460548
209	763	1	1415460613
209	763	1	1415460728
64	764	1	1415796955
64	764	1	1415797002
64	764	1	1415797034
20	765	1	1416715414
210	765	1	1472040174
210	765	1	1472137088
20	766	1	1416722833
210	766	1	1472040174
210	766	1	1472137088
179	767	1	1417132141
179	768	1	1417132142
20	769	1	1417323845
211	770	1	1418655308
20	771	1	1421019172
20	772	1	1421112723
20	773	1	1421116731
20	774	1	1421120738
20	774	1	1423375628
174	774	1	1424432174
20	775	1	1423371182
20	776	1	1423377885
174	776	1	1424432174
20	777	1	1423708956
20	778	1	1423941628
20	779	1	1424393855
210	779	1	1438202326
174	780	1	1424432174
174	781	1	1424432174
20	782	1	1424581794
20	783	1	1424583611
210	783	1	1438202326
20	784	1	1424585713
107	784	1	1438213723
80	785	1	1425732720
80	785	1	1425732894
80	785	1	1425733409
80	785	1	1425733517
80	785	1	1425733601
80	786	1	1425732917
80	787	1	1425732924
80	788	1	1425732941
14	788	1	1468509136
212	789	1	1425847592
213	790	1	1425927802
20	791	1	1426642937
34	792	1	1426839493
46	792	1	1429231675
34	792	1	1429245725
34	793	1	1426839493
46	793	1	1429231675
34	793	1	1429245725
34	794	1	1426839494
46	794	1	1429231675
34	794	1	1429245725
34	795	1	1426839502
46	795	1	1429231675
34	795	1	1429245725
34	796	1	1426839503
46	796	1	1429231675
34	796	1	1429245725
34	797	1	1426839505
46	797	1	1429231675
34	797	1	1429245725
34	798	1	1426839506
46	798	1	1429231675
34	798	1	1429245725
34	799	1	1426839506
46	799	1	1429231675
34	799	1	1429245728
34	800	1	1426839508
46	800	1	1429231675
34	800	1	1429245729
34	801	1	1426839508
46	801	1	1429231678
34	801	1	1429245730
34	802	1	1426839517
46	802	1	1429231678
34	802	1	1429245731
34	803	1	1426839517
46	803	1	1429231678
34	803	1	1429245731
34	804	1	1426839517
46	804	1	1429231678
34	804	1	1429245735
34	805	1	1426839518
46	805	1	1429231678
34	805	1	1429245735
34	806	1	1426839518
34	807	1	1426839518
34	808	1	1426839520
46	808	1	1429231678
34	808	1	1429245735
34	809	1	1426839520
46	809	1	1429231678
34	809	1	1429245735
34	810	1	1426839521
46	810	1	1429231678
34	810	1	1429245736
34	811	1	1426839521
46	811	1	1429231682
34	811	1	1429245737
34	812	1	1426839521
46	812	1	1429231682
34	812	1	1429245737
34	813	1	1426839525
46	813	1	1429231682
34	813	1	1429245740
34	814	1	1426839525
46	814	1	1429231682
34	814	1	1429245740
34	815	1	1426839526
46	815	1	1429231682
34	815	1	1429245739
34	816	1	1426839526
46	816	1	1429231682
34	816	1	1429245740
34	817	1	1426839532
46	817	1	1429231682
34	817	1	1429245740
34	818	1	1426839532
46	818	1	1429231682
34	818	1	1429245744
34	819	1	1426839532
46	819	1	1429231682
34	819	1	1429245743
34	820	1	1426839533
46	820	1	1429231682
34	820	1	1429245744
34	821	1	1426839536
46	821	1	1429231686
34	821	1	1429245744
146	823	1	1429212175
80	824	1	1430087110
88	826	1	1453825838
210	827	1	1438202327
210	828	1	1438202327
214	829	1	1438645094
215	830	1	1441481206
215	830	1	1441516669
128	830	1	1442112402
128	831	1	1441481462
128	831	1	1441537033
128	831	1	1442111521
216	832	1	1441484122
216	832	1	1441546414
216	832	1	1441563003
216	832	1	1441900558
216	832	1	1442194053
214	833	1	1443816713
214	834	1	1443816713
214	835	1	1443816714
214	836	1	1443816714
214	837	1	1443816714
214	838	1	1443816714
214	839	1	1443816714
17	840	1	1445989576
17	841	1	1445989606
17	842	1	1445989627
17	843	1	1445989731
17	844	1	1445989754
217	845	1	1449912292
181	846	1	1451502329
181	847	1	1451502357
181	848	1	1451502357
88	849	1	1453826626
88	849	1	1453835259
88	850	1	1453832997
88	851	1	1453833888
88	852	1	1453834298
88	853	1	1453834700
88	853	1	1453834723
88	854	1	1453835181
88	854	1	1453835268
88	855	1	1453835353
88	856	1	1453835371
88	857	1	1453835378
88	858	1	1453992788
88	859	1	1454080075
92	860	1	1457702342
206	861	1	1461695664
181	862	1	1462387190
218	863	1	1463823603
14	866	1	1467751880
14	867	1	1467751889
14	868	1	1467751980
7	868	1	1496338744
14	869	1	1467752163
14	870	1	1467752248
14	871	1	1467752282
14	872	1	1467752418
14	873	1	1467912308
14	874	1	1467977190
14	874	1	1468425429
14	874	1	1468512912
14	875	1	1467977202
14	876	1	1467977626
14	876	1	1467977910
14	876	1	1467977947
14	877	1	1467977985
14	878	1	1467978346
14	878	1	1467978431
14	879	1	1468262538
14	879	1	1468270277
14	879	1	1468316565
14	879	1	1468424923
14	879	1	1468745267
14	879	1	1468856905
14	879	1	1469102523
14	879	1	1469195475
14	879	1	1469265395
14	879	1	1471366258
14	880	1	1468262937
14	881	1	1468263051
14	881	1	1468270226
14	882	1	1468263097
14	883	1	1468270624
14	884	1	1468313888
14	884	1	1468415873
14	884	1	1468513049
14	885	1	1468315675
14	885	1	1468420309
14	885	1	1469103069
14	886	1	1468316422
14	887	1	1468316425
14	888	1	1468317805
14	888	1	1468512710
14	888	1	1468513022
14	889	1	1468317822
14	890	1	1468321792
14	890	1	1468513347
14	890	1	1468513439
14	891	1	1468413270
14	892	1	1468413493
14	893	1	1468413510
14	894	1	1468413545
14	895	1	1468413561
14	896	1	1468413576
14	897	1	1468413592
14	898	1	1468413618
14	899	1	1468413646
14	900	1	1468413660
14	901	1	1468413673
14	902	1	1468413716
14	903	1	1468413736
14	904	1	1468413756
14	905	1	1468413804
14	906	1	1468416722
14	907	1	1468422407
14	908	1	1468422456
14	909	1	1468422462
14	909	1	1468422958
14	909	1	1468423072
14	910	1	1468422516
14	911	1	1468422546
14	912	1	1468423803
14	912	1	1468425204
14	913	1	1468423832
14	913	1	1468425198
14	913	1	1468586834
14	914	1	1468423848
14	914	1	1468425192
14	914	1	1468678428
14	915	1	1468423857
14	915	1	1468425182
14	915	1	1468515910
14	916	1	1468424912
14	916	1	1468425117
14	917	1	1468425117
14	918	1	1468425182
14	919	1	1468425192
14	920	1	1468425198
14	921	1	1468425204
14	922	1	1468509044
14	923	1	1468509279
14	924	1	1468509362
14	925	1	1468509499
14	925	1	1468512105
14	926	1	1468512235
14	927	1	1468515934
14	927	1	1468516152
14	928	1	1468516136
14	928	1	1468516293
14	928	1	1468516711
14	929	1	1468516359
14	930	1	1468516444
14	931	1	1468586798
14	932	1	1468587564
14	933	1	1468678329
14	933	1	1468678368
14	934	1	1468744867
14	935	1	1468745236
14	936	1	1468856846
14	936	1	1468859906
14	937	1	1468856865
14	938	1	1468857758
14	939	1	1468857782
14	940	1	1468857886
14	941	1	1468859537
14	941	1	1469102560
14	941	1	1469195446
14	941	1	1469265410
14	941	1	1471366236
14	942	1	1469006938
14	943	1	1469102481
14	944	1	1469102505
14	945	1	1469195060
14	945	1	1469195368
14	946	1	1469195412
14	947	1	1469265337
14	948	1	1469265373
14	949	1	1469265550
14	950	1	1469474045
14	950	1	1469474198
14	951	1	1471365704
14	951	1	1471365810
14	952	1	1471365888
14	952	1	1471366086
14	953	1	1471366215
210	954	1	1472137088
210	955	1	1472137088
14	956	1	1474222742
219	957	1	1476904735
14	957	1	1477488732
199	959	1	1487203178
179	960	1	1487252764
220	961	1	1490116893
220	961	1	1490368669
220	961	1	1490368717
220	962	1	1490122696
220	962	1	1490123784
220	963	1	1490368669
221	964	1	1491014448
221	964	1	1491068668
221	964	1	1491069024
221	964	1	1491075270
221	964	1	1491176751
222	965	1	1491383325
222	966	1	1491384744
222	966	1	1491470526
222	967	1	1491384283
222	967	1	1491633625
222	967	1	1491634775
222	967	1	1491650421
222	968	1	1491472498
222	968	1	1491553686
222	969	1	1491383046
222	969	1	1491385626
222	969	1	1491472773
222	970	1	1491470596
222	971	1	1491555985
222	971	1	1491556198
222	971	1	1491556772
222	971	1	1491633110
222	972	1	1491634602
222	972	1	1491779781
222	973	1	1491655818
222	973	1	1491656696
222	973	1	1491858647
222	974	1	1491936363
223	975	1	1492168336
159	977	1	1497570209
