% bip positive
1	1	1	1118345577
2	1	1	1131174193
3	1	1	1152033393
3	1	1	1152033427
3	1	1	1152033454
3	1	1	1152033486
3	1	1	1152033511
3	1	1	1152035292
3	1	1	1152036011
3	1	1	1152036219
3	1	1	1152036230
3	1	1	1152036237
3	1	1	1152036257
3	1	1	1152036271
3	1	1	1152036286
3	1	1	1152036389
3	1	1	1152036510
3	1	1	1152036572
3	1	1	1152036736
3	1	1	1152036854
4	1	1	1173893764
5	1	1	1178896222
6	1	1	1181711312
7	1	1	1184100764
7	1	1	1184100857
8	1	1	1235262943
9	2	1	1101815457
9	2	1	1141252142
10	2	1	1420221190
11	2	1	1429226835
12	3	1	1112622271
13	4	1	1112695423
13	4	1	1113680193
11	4	1	1429226841
14	5	1	1118215484
11	5	1	1429226835
2	6	1	1125333455
2	6	1	1133138701
15	7	1	1127790013
11	7	1	1429226841
16	8	1	1130063545
16	8	1	1148578082
16	8	1	1148578510
17	9	1	1130954193
17	9	1	1130954445
18	10	1	1131899631
10	10	1	1420228250
11	10	1	1429226837
2	11	1	1133138805
19	12	1	1133243781
20	13	1	1136618977
20	14	1	1136619062
20	14	1	1136619282
21	15	1	1138035230
22	16	1	1143806749
22	16	1	1143836039
23	17	1	1145008385
23	18	1	1145008614
24	19	1	1145327502
25	20	1	1146772289
3	21	1	1152033548
3	21	1	1152033659
26	21	1	1152435728
26	21	1	1152917585
26	21	1	1153676754
26	21	1	1155403726
26	21	1	1157520919
26	21	1	1160164369
26	21	1	1162558752
26	21	1	1165772616
26	21	1	1166872439
26	21	1	1170775718
26	21	1	1170795046
27	21	1	1173018471
28	21	1	1174350859
29	21	1	1175067680
30	21	1	1175621935
31	21	1	1181710808
6	21	1	1181711176
32	21	1	1181846998
27	21	1	1183034702
26	22	1	1157222531
26	22	1	1160337115
26	22	1	1160611902
26	22	1	1160814864
26	22	1	1162031146
26	22	1	1164465555
26	22	1	1165355878
26	22	1	1167166598
26	22	1	1167608997
26	22	1	1170463695
26	22	1	1170720093
28	22	1	1172572495
26	22	1	1175812453
28	22	1	1176350807
33	22	1	1180175047
28	22	1	1180694995
26	22	1	1180725782
33	22	1	1181399419
33	22	1	1182538352
16	23	1	1148578754
3	25	1	1152033245
3	25	1	1152033268
11	25	1	1429226849
3	26	1	1152035065
3	26	1	1152035097
3	27	1	1152035097
34	28	1	1152976257
34	28	1	1158377292
10	28	1	1419694810
11	28	1	1429226837
35	29	1	1162611379
35	30	1	1162611547
35	30	1	1163310538
35	30	1	1178584344
36	31	1	1166472785
37	32	1	1167867269
30	33	1	1168798362
11	33	1	1429226844
28	34	1	1169318591
29	35	1	1171287210
29	35	1	1181933089
4	36	1	1170646368
38	37	1	1171591710
39	38	1	1173018440
39	39	1	1173018467
40	40	1	1173557644
26	40	1	1173599705
26	40	1	1173629764
26	40	1	1173641409
26	40	1	1173644807
26	40	1	1173733611
26	40	1	1174241062
26	40	1	1174246621
26	40	1	1178347259
26	40	1	1178397565
26	40	1	1179044417
40	41	1	1173557654
26	42	1	1173606087
26	42	1	1173632751
26	42	1	1173638015
26	42	1	1173644798
26	42	1	1173687586
26	42	1	1173733605
26	42	1	1174241086
26	42	1	1174246632
26	42	1	1178356724
26	42	1	1178387847
26	42	1	1179049428
26	43	1	1173606097
5	44	1	1173724652
5	45	1	1173964329
5	45	1	1173964341
5	45	1	1178896426
41	46	1	1174578766
11	46	1	1429226841
42	47	1	1174854677
42	47	1	1175482265
42	48	1	1174854702
42	48	1	1176006149
42	48	1	1176695686
42	48	1	1176695965
42	48	1	1177525919
42	48	1	1177933370
42	49	1	1174854767
42	50	1	1174854776
42	51	1	1174854784
42	52	1	1176006142
42	52	1	1176695680
42	52	1	1176695960
42	52	1	1177525911
42	52	1	1177545699
42	52	1	1177933353
42	53	1	1176006157
43	54	1	1176221778
42	55	1	1176695692
42	56	1	1176695970
42	57	1	1177525925
42	57	1	1177545713
42	58	1	1177933388
35	59	1	1178490828
33	60	1	1180175066
44	61	1	1180811730
6	62	1	1181711614
7	62	1	1184100660
45	62	1	1231392452
46	62	1	1410355302
32	63	1	1181847822
47	64	1	1182903529
11	64	1	1429226841
48	65	1	1183016020
49	66	1	1183404876
50	67	1	1183544439
32	68	1	1183823115
32	68	1	1183823698
32	68	1	1183823723
32	68	1	1183823805
32	68	1	1183824099
8	69	1	1235262965
8	69	1	1329623964
10	70	1	1251207756
51	71	1	1264350914
51	72	1	1264350960
8	73	1	1421018148
8	74	1	1423708511
8	75	1	1426642254
52	76	1	1426643764
11	76	1	1429226849
52	76	1	1429245590
52	77	1	1426643764
11	77	1	1429226835
52	77	1	1429245590
52	78	1	1426643765
11	78	1	1429226835
52	78	1	1429245590
52	79	1	1426643765
11	79	1	1429226835
52	79	1	1429245591
52	80	1	1426643765
11	80	1	1429226835
52	80	1	1429245591
52	81	1	1426643765
11	81	1	1429226835
52	81	1	1429245591
52	82	1	1426643765
11	82	1	1429226835
52	82	1	1429245591
52	83	1	1426643765
11	83	1	1429226835
52	83	1	1429245591
52	84	1	1426643765
11	84	1	1429226835
52	84	1	1429245591
52	85	1	1426643770
11	85	1	1429226835
52	85	1	1429245593
52	86	1	1426643770
11	86	1	1429226835
52	86	1	1429245593
52	87	1	1426643770
11	87	1	1429226837
52	87	1	1429245593
52	88	1	1426643771
11	88	1	1429226837
52	88	1	1429245593
52	89	1	1426643771
11	89	1	1429226837
52	89	1	1429245593
52	90	1	1426643771
11	90	1	1429226837
52	90	1	1429245600
52	91	1	1426643771
11	91	1	1429226837
52	91	1	1429245600
52	92	1	1426643777
11	92	1	1429226837
52	92	1	1429245601
52	93	1	1426643780
11	93	1	1429226837
52	93	1	1429245601
52	94	1	1426643780
11	94	1	1429226837
52	94	1	1429245601
52	95	1	1426643780
11	95	1	1429226837
52	95	1	1429245601
52	96	1	1426643780
11	96	1	1429226837
52	96	1	1429245601
52	97	1	1426643780
11	97	1	1429226841
52	97	1	1429245601
52	98	1	1426643780
11	98	1	1429226841
52	98	1	1429245601
52	99	1	1426643780
11	99	1	1429226841
52	99	1	1429245604
52	100	1	1426643781
52	101	1	1426643781
11	101	1	1429226841
52	101	1	1429245604
52	102	1	1426643781
52	103	1	1426643781
11	103	1	1429226841
52	103	1	1429245605
52	104	1	1426643782
11	104	1	1429226841
52	104	1	1429245605
52	105	1	1426643783
11	105	1	1429226841
52	105	1	1429245605
52	106	1	1426643783
11	106	1	1429226841
52	106	1	1429245607
52	107	1	1426643783
11	107	1	1429226841
52	107	1	1429245607
52	108	1	1426643783
11	108	1	1429226845
52	108	1	1429245607
52	109	1	1426643783
11	109	1	1429226844
52	109	1	1429245607
52	110	1	1426643783
11	110	1	1429226844
52	110	1	1429245607
52	111	1	1426643783
11	111	1	1429226844
52	111	1	1429245607
52	112	1	1426643785
11	112	1	1429226844
52	112	1	1429245607
52	113	1	1426643786
11	113	1	1429226845
52	113	1	1429245607
52	114	1	1426643786
11	114	1	1429226844
52	114	1	1429245608
52	115	1	1426643790
11	115	1	1429226845
52	115	1	1429245608
52	116	1	1426643791
11	116	1	1429226845
52	116	1	1429245608
52	117	1	1426643791
11	117	1	1429226845
52	117	1	1429245608
52	118	1	1426643791
11	118	1	1429226849
52	118	1	1429245608
52	119	1	1426643791
11	119	1	1429226849
52	119	1	1429245609
52	120	1	1426643791
11	120	1	1429226849
52	120	1	1429245609
53	121	1	1438644779
53	122	1	1443816037
53	123	1	1443816037
53	124	1	1443816037
53	125	1	1443816038
53	126	1	1443816038
53	127	1	1443816038
53	128	1	1443816038
