% bip positive
1	1	1	1077421221
1	2	1	1075376912
1	3	1	1075376912
1	4	1	1086458650
1	5	1	1086458650
1	6	1	1086458650
1	7	1	1086458650
1	8	1	1086458650
1	9	1	1086458650
1	10	1	1086458650
1	11	1	1086458650
1	12	1	1086458650
1	13	1	1086458650
1	14	1	1086458650
1	15	1	1086458650
1	16	1	1086458650
1	17	1	1086458650
1	18	1	1086458650
1	19	1	1086458650
1	20	1	1086458650
1	21	1	1086458650
1	22	1	1086458650
1	23	1	1086458650
1	24	1	1086458650
1	25	1	1086458650
1	26	1	1086458650
1	27	1	1086458650
1	28	1	1086458650
1	29	1	1086458650
1	30	1	1086458650
1	31	1	1086458650
1	32	1	1086458650
1	33	1	1086458650
1	34	1	1086458650
1	35	1	1086458650
1	36	1	1086458650
1	37	1	1086458650
1	38	1	1086458650
1	39	1	1086458650
1	40	1	1086458650
1	41	1	1086458650
1	42	1	1086458650
1	43	1	1086458650
1	44	1	1086458650
1	45	1	1086458650
1	46	1	1086458650
1	47	1	1086458650
1	48	1	1086458650
1	49	1	1086458650
1	50	1	1086458650
1	51	1	1086458650
1	52	1	1086458650
1	53	1	1086458650
1	54	1	1086458650
1	55	1	1086458650
1	56	1	1086458650
1	57	1	1086458650
1	58	1	1086458650
1	59	1	1086458650
1	60	1	1086458650
1	61	1	1086458650
1	62	1	1086458650
1	63	1	1086458650
1	64	1	1086458650
1	65	1	1086458650
1	66	1	1086458650
1	67	1	1086458650
1	68	1	1086458650
1	69	1	1086458650
1	70	1	1086458650
1	71	1	1086458650
1	72	1	1086458650
1	73	1	1086458650
1	74	1	1086458650
1	75	1	1086458650
1	76	1	1086458650
1	77	1	1086458650
1	78	1	1086458743
2	79	1	1087192724
2	80	1	1087192773
2	81	1	1087192724
2	82	1	1087192724
2	83	1	1087192724
2	84	1	1087192725
2	85	1	1087192725
2	86	1	1087192725
2	87	1	1087192725
2	88	1	1087192725
2	89	1	1087192726
2	90	1	1087192726
2	91	1	1087192726
2	92	1	1087192726
2	93	1	1087192726
2	94	1	1087192726
2	95	1	1087192726
2	96	1	1087192727
2	97	1	1087192728
2	98	1	1087192729
2	99	1	1087192731
2	100	1	1087192732
2	101	1	1087192732
2	102	1	1087192733
2	103	1	1087192735
2	104	1	1087192735
2	105	1	1087192735
2	106	1	1087192735
2	107	1	1087192736
2	108	1	1087192737
2	109	1	1087192738
2	110	1	1087192738
2	111	1	1087192740
2	112	1	1087192741
2	113	1	1087192742
2	114	1	1087192744
2	115	1	1087192745
2	116	1	1087192746
2	117	1	1087192747
2	118	1	1087192748
2	119	1	1087192750
2	120	1	1087192751
2	121	1	1087192752
2	122	1	1087192753
2	123	1	1087192754
2	124	1	1087192754
2	125	1	1087192754
2	126	1	1087192755
2	127	1	1087192756
2	128	1	1087192757
2	129	1	1087192757
2	130	1	1087192757
2	131	1	1087192757
2	132	1	1087192758
2	133	1	1087192758
2	134	1	1087192759
2	135	1	1087192760
2	136	1	1087192760
2	137	1	1087192761
2	138	1	1087192762
2	139	1	1087192763
2	140	1	1087192764
2	141	1	1087192766
2	142	1	1087192767
2	143	1	1087192767
2	144	1	1087192768
2	145	1	1087192769
2	146	1	1087192770
2	147	1	1087192770
2	148	1	1087192772
2	149	1	1087192772
2	150	1	1087192773
2	151	1	1087192773
2	152	1	1087192773
3	153	1	1114209680
4	153	1	1429229074
5	154	1	1136417622
6	154	1	1140655579
7	154	1	1154324877
7	154	1	1154325294
8	154	1	1165919054
9	154	1	1166025403
10	154	1	1166119627
9	154	1	1166131732
11	154	1	1166169619
9	154	1	1166194728
12	154	1	1166424102
12	154	1	1166424438
9	154	1	1166458277
9	154	1	1166458334
13	154	1	1166515179
13	154	1	1166515334
14	154	1	1166566570
14	154	1	1166566602
15	154	1	1166583401
16	154	1	1166592257
17	154	1	1166641281
16	154	1	1166644215
18	154	1	1168892020
18	154	1	1168892165
9	155	1	1135818101
10	155	1	1166119558
9	155	1	1166131731
11	155	1	1166169912
11	155	1	1166171444
9	155	1	1166194692
9	155	1	1166194790
19	155	1	1166355801
19	155	1	1166355909
9	155	1	1166383737
12	155	1	1166424295
9	155	1	1166458271
9	156	1	1135818236
5	157	1	1136416478
5	157	1	1195955532
20	157	1	1426650397
4	157	1	1429229074
20	157	1	1429245656
5	158	1	1136416551
5	158	1	1140467558
5	158	1	1195956987
4	158	1	1429229074
21	159	1	1137763602
22	160	1	1140324630
6	160	1	1140655579
5	161	1	1140466875
5	162	1	1140466894
6	163	1	1140655579
23	164	1	1140822937
23	165	1	1140823463
24	165	1	1195766970
25	165	1	1196104057
25	165	1	1196105300
26	165	1	1196105337
24	165	1	1196164279
24	165	1	1196849085
24	165	1	1196899257
24	165	1	1196928249
24	165	1	1197012551
23	166	1	1140823506
4	166	1	1429229074
27	167	1	1151850021
7	168	1	1154324877
9	168	1	1166051827
7	169	1	1154325294
28	169	1	1165817287
28	169	1	1165817626
28	169	1	1165818863
28	169	1	1165821298
28	169	1	1165821337
8	169	1	1165913589
8	169	1	1165913623
9	169	1	1166025376
29	169	1	1166032548
9	169	1	1166050868
10	169	1	1166119333
9	169	1	1166131722
11	169	1	1166169358
11	169	1	1166169840
9	169	1	1166194726
19	169	1	1166355544
19	169	1	1166355627
19	169	1	1166355685
9	169	1	1166383737
12	169	1	1166424229
9	169	1	1166458260
13	169	1	1166515033
14	169	1	1166566353
16	169	1	1166593687
17	169	1	1166641184
16	169	1	1166642622
17	169	1	1166643484
16	169	1	1166644286
17	169	1	1166650697
30	170	1	1162079125
17	171	1	1162389738
16	171	1	1166644392
17	171	1	1166650685
14	172	1	1166058359
10	172	1	1166119498
9	172	1	1166131728
11	172	1	1166170161
11	172	1	1166170996
11	172	1	1166171037
11	172	1	1166171073
9	172	1	1166194691
9	172	1	1166194794
12	172	1	1166424322
9	172	1	1166458268
14	172	1	1166506105
14	173	1	1166573478
14	174	1	1166574494
16	175	1	1166590710
17	176	1	1166641218
17	176	1	1168892263
16	177	1	1166642533
16	177	1	1166644392
17	177	1	1166650678
17	178	1	1166651178
16	178	1	1166655558
31	179	1	1166898485
31	180	1	1166898506
18	181	1	1168891763
18	182	1	1168891821
14	183	1	1170667597
32	184	1	1176350781
32	184	1	1176350801
32	184	1	1176350827
32	185	1	1176351080
32	185	1	1176351379
32	185	1	1176351472
32	186	1	1176351130
32	187	1	1176351202
32	187	1	1176351227
32	187	1	1176351267
32	187	1	1176351295
32	188	1	1177536280
32	188	1	1177536352
32	188	1	1177536371
32	188	1	1177537866
32	189	1	1177536854
32	189	1	1177537065
32	190	1	1177615373
33	191	1	1187283633
24	192	1	1188307846
24	193	1	1188307865
34	194	1	1190559885
35	195	1	1190999581
34	196	1	1192452073
34	196	1	1192452092
24	197	1	1192459964
36	198	1	1193058464
36	198	1	1329624012
25	199	1	1194212677
5	200	1	1195956578
4	200	1	1429229074
5	201	1	1195956634
5	202	1	1195956673
5	203	1	1196146054
4	203	1	1429229074
37	204	1	1196736421
38	206	1	1236648314
38	207	1	1236648323
38	208	1	1236651615
36	209	1	1237178474
39	209	1	1410356245
40	210	1	1264356828
40	211	1	1264356902
36	212	1	1421020556
36	213	1	1426643805
20	214	1	1426650397
4	214	1	1429229073
20	214	1	1429245655
20	215	1	1426650397
4	215	1	1429229074
20	215	1	1429245655
20	216	1	1426650397
4	216	1	1429229074
20	216	1	1429245656
20	217	1	1426650397
20	218	1	1426650398
20	219	1	1426650398
4	219	1	1429229074
20	219	1	1429245656
20	220	1	1426650398
4	220	1	1429229074
20	220	1	1429245656
20	221	1	1426650398
4	221	1	1429229074
20	221	1	1429245656
20	222	1	1426650398
4	222	1	1429229074
20	222	1	1429245656
41	223	1	1438644933
41	224	1	1443816366
41	225	1	1443816367
41	226	1	1443816367
41	227	1	1443816367
41	228	1	1443816367
41	229	1	1443816367
41	230	1	1443816367
