% bip positive
1	1	1	1114055631
1	1	1	1116039126
1	1	1	1116294823
1	1	1	1116814661
2	1	1	1126028795
3	1	1	1153858268
3	1	1	1153860193
3	1	1	1153860358
3	1	1	1153860384
3	1	1	1153860460
3	1	1	1153860567
3	1	1	1153860608
4	1	1	1154407514
2	1	1	1166457892
5	1	1	1182211871
6	1	1	1227132672
7	1	1	1397220847
8	1	1	1397497437
9	1	1	1397907911
9	1	1	1397911889
9	1	1	1397911980
9	1	1	1397933794
9	1	1	1398174734
9	1	1	1398782543
9	1	1	1398920724
9	1	1	1398927923
10	1	1	1399461992
10	1	1	1399463624
10	1	1	1399463724
10	1	1	1399463761
11	1	1	1399464177
11	1	1	1399464205
11	1	1	1399464282
10	1	1	1399464493
10	1	1	1399464537
10	1	1	1399464617
10	1	1	1399465181
10	1	1	1399465232
10	1	1	1399465329
11	1	1	1399466365
10	1	1	1399469562
11	1	1	1399470266
11	1	1	1399471016
11	1	1	1399484086
11	1	1	1399484113
11	1	1	1399485299
11	1	1	1399487499
11	1	1	1399487736
11	1	1	1399492065
11	1	1	1399492295
11	1	1	1399547728
11	1	1	1399547775
11	1	1	1399550551
11	1	1	1399550600
10	1	1	1399551671
10	1	1	1399551745
10	1	1	1399551807
10	1	1	1399551979
9	1	1	1399955038
9	1	1	1399981025
9	1	1	1400160828
12	1	1	1405165862
12	1	1	1405165910
12	1	1	1405165977
12	1	1	1405247861
12	1	1	1405247933
12	1	1	1405248005
12	1	1	1405248491
12	1	1	1405248611
12	1	1	1405294221
12	1	1	1405295436
12	1	1	1405296772
12	1	1	1405296951
12	1	1	1405297480
12	1	1	1405363950
12	1	1	1405364737
12	1	1	1405555100
12	1	1	1407771299
12	1	1	1407771423
12	1	1	1407771601
9	1	1	1412454353
9	1	1	1412484991
9	1	1	1412499620
9	1	1	1412539946
10	1	1	1413352258
9	1	1	1414753691
9	1	1	1473940510
9	1	1	1499879964
9	1	1	1499880020
9	1	1	1499880734
1	2	1	1116038131
1	3	1	1116295405
13	3	1	1385221813
9	3	1	1399785166
9	3	1	1399789438
9	3	1	1411068448
14	3	1	1422896280
9	3	1	1425054981
15	3	1	1495513285
15	3	1	1495513411
15	3	1	1495513482
15	3	1	1495513664
15	3	1	1495513866
15	3	1	1495513889
15	3	1	1495514258
15	3	1	1495514566
15	3	1	1495514618
15	3	1	1495514979
15	3	1	1495515315
15	3	1	1495515504
15	3	1	1495515556
15	3	1	1495515625
15	3	1	1495515643
15	3	1	1495518299
15	3	1	1495518704
15	3	1	1495518742
15	3	1	1495519112
15	3	1	1495519150
15	3	1	1495519161
15	3	1	1495519181
15	3	1	1495519200
15	3	1	1495519352
15	3	1	1495519509
15	3	1	1495519747
15	3	1	1495522573
15	3	1	1495522902
15	3	1	1495523211
15	3	1	1495523618
15	3	1	1495523955
15	3	1	1495524911
15	3	1	1495525044
15	3	1	1495525172
15	3	1	1495525215
15	3	1	1495525233
15	3	1	1495525390
15	3	1	1495525411
15	3	1	1495525429
15	3	1	1495525567
15	3	1	1495525596
15	3	1	1495525626
15	3	1	1495525704
15	3	1	1495525725
15	3	1	1495525829
15	3	1	1495525920
15	3	1	1495526117
15	3	1	1495527128
15	3	1	1495527205
15	3	1	1495529304
15	3	1	1495529344
15	3	1	1495530178
15	3	1	1495530976
15	3	1	1495612017
15	3	1	1495612568
15	3	1	1495612793
1	4	1	1116296038
9	4	1	1399785173
9	4	1	1413307270
1	5	1	1116296834
1	5	1	1116813520
9	5	1	1399954197
9	5	1	1399954676
9	5	1	1425056170
9	6	1	1425054656
16	7	1	1319822920
17	7	1	1334637179
9	7	1	1399788865
9	7	1	1412333248
9	7	1	1425042738
18	8	1	1429233856
19	9	1	1126275091
19	10	1	1126275191
19	11	1	1126275457
19	12	1	1126275556
20	13	1	1135402974
20	13	1	1135915325
20	13	1	1136875245
2	13	1	1169446880
2	13	1	1169529521
9	13	1	1412509910
21	13	1	1415986492
21	13	1	1466776914
21	13	1	1467087696
22	14	1	1136124945
20	14	1	1136533336
20	14	1	1137422336
20	14	1	1137570382
20	15	1	1135402936
20	15	1	1136533364
20	15	1	1137422332
20	15	1	1137570450
4	15	1	1154407514
23	15	1	1396480311
9	15	1	1399728289
24	15	1	1400002411
25	15	1	1439029378
25	15	1	1439029400
26	15	1	1444086445
26	15	1	1444086482
20	16	1	1135402958
20	16	1	1136533345
20	16	1	1137570426
27	17	1	1135241848
27	17	1	1443464698
27	18	1	1135241926
27	18	1	1135700394
22	19	1	1136124747
22	20	1	1136124762
27	21	1	1140390681
27	22	1	1145134765
28	23	1	1290934900
9	23	1	1411068461
9	23	1	1413660433
29	24	1	1275765422
9	24	1	1399785179
9	24	1	1399789469
9	24	1	1413305705
3	25	1	1153776552
30	25	1	1239789058
31	25	1	1328206964
32	25	1	1337679554
9	25	1	1399784651
9	25	1	1399784758
9	25	1	1411067988
9	25	1	1425042510
9	25	1	1425042594
15	25	1	1486667656
15	25	1	1486667687
33	25	1	1488207632
33	25	1	1488207937
15	25	1	1495512031
15	25	1	1495512054
34	25	1	1499502732
34	25	1	1499502920
34	25	1	1499503010
3	26	1	1153858693
3	26	1	1153858735
3	26	1	1153858956
3	26	1	1153859049
3	26	1	1153859778
9	26	1	1397934537
9	26	1	1399522114
9	26	1	1399789553
9	26	1	1412350675
9	26	1	1425055654
9	26	1	1425055815
35	26	1	1426672854
36	26	1	1454700746
34	26	1	1499501033
34	26	1	1499501119
34	26	1	1499501489
4	27	1	1154407514
4	28	1	1154407514
37	29	1	1165587607
37	30	1	1165587637
9	31	1	1399785263
9	31	1	1412876866
38	31	1	1424323412
9	31	1	1424459889
9	32	1	1413306624
2	33	1	1169281561
2	33	1	1169447166
2	33	1	1169447233
39	33	1	1170071146
5	33	1	1170118346
5	33	1	1175906734
16	33	1	1256800893
10	33	1	1399477504
14	33	1	1422898884
14	33	1	1423171576
9	33	1	1428260282
9	33	1	1428260378
5	34	1	1170118388
16	35	1	1359443147
40	35	1	1397413671
9	35	1	1413304471
41	36	1	1174772385
9	37	1	1413658788
42	40	1	1189965950
43	41	1	1277634997
44	41	1	1288196843
9	41	1	1397911561
10	41	1	1399469602
9	41	1	1399785006
14	41	1	1399839815
45	41	1	1403770607
9	41	1	1411068107
9	41	1	1413303358
9	41	1	1429381881
46	42	1	1195171070
46	42	1	1217596541
42	43	1	1196974507
47	44	1	1197920035
48	45	1	1198374244
48	46	1	1198374253
49	47	1	1198509175
50	48	1	1201044102
20	49	1	1203456558
51	50	1	1204915568
51	51	1	1204915572
52	52	1	1206546307
53	52	1	1314728925
54	52	1	1338933260
52	53	1	1206547221
54	53	1	1206613196
53	53	1	1314728925
54	53	1	1338933257
54	53	1	1338933946
54	54	1	1206581981
55	54	1	1218723241
56	54	1	1314916727
54	54	1	1338914392
54	55	1	1206581985
55	55	1	1218723241
54	55	1	1338914388
54	55	1	1338915066
54	56	1	1206581987
55	56	1	1218723241
57	57	1	1206648427
58	58	1	1249763237
58	58	1	1249763508
59	58	1	1306323389
16	58	1	1319823790
60	58	1	1324402935
61	58	1	1325425459
62	58	1	1357120052
40	58	1	1397063378
63	58	1	1407780511
9	58	1	1413305331
64	61	1	1211747792
65	62	1	1211759580
65	63	1	1211759689
66	64	1	1212089799
67	64	1	1277174001
67	64	1	1277175386
68	65	1	1212216083
69	66	1	1212354289
70	67	1	1213741353
70	67	1	1213784872
57	67	1	1254903823
70	67	1	1261739562
70	67	1	1264523658
70	67	1	1293285622
70	67	1	1372514874
70	68	1	1214158422
55	69	1	1218723241
55	70	1	1218723241
55	71	1	1218723241
56	71	1	1314624442
56	71	1	1314758489
55	72	1	1218723286
67	73	1	1225174706
67	74	1	1225271779
67	75	1	1225343800
71	76	1	1225382690
71	77	1	1225385596
71	78	1	1225393120
71	79	1	1225393208
71	79	1	1226324104
67	80	1	1225408457
67	81	1	1225432608
71	82	1	1225445982
71	83	1	1225446283
71	84	1	1225467029
71	84	1	1225578347
71	84	1	1225593586
71	84	1	1225604148
71	84	1	1225663902
71	84	1	1225686566
71	84	1	1225737504
71	84	1	1225780558
71	84	1	1225845792
71	84	1	1225867757
71	84	1	1226019677
71	84	1	1226385130
71	84	1	1226505842
71	84	1	1227110425
71	84	1	1227883976
71	84	1	1229420361
71	84	1	1230239422
71	84	1	1230245682
71	84	1	1230774246
71	84	1	1231765529
71	84	1	1232074968
71	84	1	1232479762
71	84	1	1232487153
71	84	1	1233062620
71	84	1	1233105040
71	84	1	1233130219
71	84	1	1233216818
71	84	1	1233560784
71	84	1	1234457593
71	84	1	1234956962
71	84	1	1235332287
71	84	1	1235501245
71	84	1	1236131991
71	84	1	1237343710
71	84	1	1238051538
71	84	1	1238723960
71	84	1	1240467483
30	85	1	1239787214
30	85	1	1239789129
72	85	1	1340617946
72	85	1	1340618138
67	86	1	1225532260
67	87	1	1225586780
67	88	1	1225682659
67	89	1	1225774140
67	90	1	1225863640
71	91	1	1225937223
71	91	1	1226295635
71	92	1	1225948160
71	93	1	1225967381
71	93	1	1226315040
71	94	1	1226244701
73	95	1	1226497922
67	96	1	1226545654
6	98	1	1227133227
9	98	1	1399790677
9	98	1	1399790962
9	98	1	1413306538
67	99	1	1227253824
67	100	1	1227886549
74	101	1	1229958548
67	102	1	1234152486
67	103	1	1234567422
67	104	1	1235277518
67	105	1	1235281373
71	106	1	1237307710
67	107	1	1237618079
75	108	1	1238742970
75	109	1	1238742980
67	110	1	1239507695
67	111	1	1239580696
67	112	1	1239584223
67	113	1	1240009805
67	114	1	1240017405
67	115	1	1240082480
67	116	1	1240090099
76	117	1	1242923620
77	118	1	1246047831
53	118	1	1378845677
9	118	1	1425466189
77	119	1	1246047838
77	120	1	1246047842
78	121	1	1248116265
58	122	1	1249762054
21	122	1	1400531912
58	123	1	1249753663
58	123	1	1249761952
79	123	1	1251568406
80	123	1	1287624457
81	123	1	1334751594
82	123	1	1343579518
23	123	1	1396480387
10	123	1	1400071232
9	123	1	1410981520
10	123	1	1414684930
83	123	1	1495662629
21	123	1	1500319595
67	124	1	1251839542
67	125	1	1252737283
67	126	1	1252746063
67	127	1	1252817607
84	128	1	1256132635
9	128	1	1413523459
85	129	1	1256633908
86	130	1	1257287200
87	131	1	1260074949
17	131	1	1334638584
88	132	1	1260441966
88	132	1	1388776739
89	133	1	1263740872
67	134	1	1264238221
67	135	1	1264292778
67	136	1	1264390206
57	137	1	1264417652
67	138	1	1264468234
67	139	1	1264474058
67	140	1	1264552822
67	141	1	1264722079
67	142	1	1264733027
67	143	1	1264919799
67	144	1	1264922296
67	145	1	1264923942
67	146	1	1266707140
67	146	1	1379474106
67	147	1	1266718141
90	148	1	1268602106
91	149	1	1269710369
92	150	1	1270197366
92	150	1	1379267581
92	151	1	1270471849
92	151	1	1379267584
92	152	1	1270661096
92	152	1	1379267588
67	153	1	1271127538
93	154	1	1273605246
67	155	1	1276992957
67	156	1	1277066772
67	157	1	1277159520
67	158	1	1277168506
67	159	1	1277179458
67	160	1	1277180934
67	161	1	1277579527
67	161	1	1289087936
94	161	1	1308764122
94	161	1	1309107381
94	161	1	1322679017
94	161	1	1356646759
94	161	1	1356697628
32	162	1	1279253500
67	163	1	1280796344
67	164	1	1280800334
95	165	1	1280960549
95	165	1	1281006389
95	166	1	1281097482
67	167	1	1281149743
67	168	1	1281153838
67	169	1	1281155426
67	170	1	1281158819
95	171	1	1281183099
67	171	1	1289145836
94	171	1	1308800618
94	171	1	1309111134
94	171	1	1356646759
67	172	1	1281233206
67	173	1	1281234974
95	174	1	1281258801
67	175	1	1283021225
67	176	1	1283393783
96	177	1	1283395797
96	177	1	1284616747
97	177	1	1408317606
96	178	1	1283412648
4	179	1	1285024067
96	180	1	1285794458
53	181	1	1286102364
53	182	1	1286102381
53	182	1	1316862430
96	183	1	1287790330
67	184	1	1289158820
67	185	1	1289173486
96	186	1	1289955495
96	186	1	1291479556
96	186	1	1295308403
98	186	1	1328963769
99	186	1	1337664480
99	186	1	1342549250
99	186	1	1349131871
99	186	1	1360201113
100	187	1	1291889244
101	188	1	1291890401
102	189	1	1294092330
102	189	1	1294093266
67	191	1	1296443087
67	191	1	1333238376
103	191	1	1390294207
67	192	1	1296449124
67	193	1	1296529409
67	194	1	1296533731
67	195	1	1296617665
104	196	1	1296648847
67	197	1	1296784498
67	198	1	1298436083
67	199	1	1301870323
67	200	1	1302978509
105	200	1	1331480988
67	201	1	1302982956
67	202	1	1302994809
67	203	1	1303351500
67	204	1	1305157458
67	204	1	1333912263
96	206	1	1306448828
96	207	1	1306521002
106	208	1	1306560221
106	208	1	1314549437
107	209	1	1307398156
108	209	1	1332359034
109	210	1	1308068231
109	210	1	1331369772
109	210	1	1400726592
109	210	1	1423197361
94	211	1	1308810490
94	211	1	1308814798
94	212	1	1308814751
110	213	1	1309518852
110	214	1	1309529657
94	215	1	1309540586
94	216	1	1309542674
67	217	1	1309570835
67	218	1	1309579485
67	219	1	1309583510
67	220	1	1309623513
67	221	1	1309632453
111	222	1	1312105995
111	222	1	1312106144
9	223	1	1425044510
67	224	1	1314242397
67	224	1	1422212642
53	225	1	1314728925
53	226	1	1314728925
67	227	1	1315768290
67	228	1	1315772781
105	229	1	1317548407
105	230	1	1317548428
112	231	1	1317828394
108	232	1	1318458282
67	233	1	1318982396
96	234	1	1319841983
96	234	1	1429212176
113	235	1	1319998296
17	235	1	1334640560
114	235	1	1497570715
115	236	1	1320784185
115	237	1	1320784314
116	238	1	1321042065
116	239	1	1321205323
116	240	1	1321205323
116	240	1	1321205373
117	241	1	1321634469
117	241	1	1349215464
117	241	1	1357703681
67	242	1	1321763440
67	243	1	1321848799
67	244	1	1321919821
67	245	1	1321923477
67	245	1	1322093452
67	246	1	1321927679
67	246	1	1322095128
94	247	1	1322001300
82	247	1	1343579085
67	248	1	1322097183
67	249	1	1322098402
67	250	1	1322099652
67	251	1	1323016364
67	252	1	1323046817
67	253	1	1323050468
108	254	1	1325969252
67	255	1	1326049674
96	256	1	1326329090
118	257	1	1327002442
118	257	1	1327006460
118	257	1	1360344362
118	258	1	1327002452
118	258	1	1327003816
118	258	1	1327005178
118	258	1	1360345168
118	258	1	1368047142
108	259	1	1328132458
67	260	1	1329081121
67	261	1	1329096217
105	262	1	1329314305
67	263	1	1329595559
105	264	1	1329729343
108	265	1	1329747651
108	266	1	1329761649
94	267	1	1329834501
94	268	1	1329838875
94	268	1	1356638735
119	269	1	1330234386
67	269	1	1346639775
105	270	1	1330671652
105	271	1	1330705570
67	272	1	1332040371
67	273	1	1333244470
67	274	1	1333419828
67	275	1	1333500675
67	275	1	1333582789
67	276	1	1333587748
67	277	1	1333905594
67	278	1	1333907682
108	279	1	1334115206
67	280	1	1334510330
90	281	1	1335652537
120	282	1	1335827959
67	282	1	1344219774
67	282	1	1344227804
67	283	1	1336323917
108	284	1	1338323075
121	285	1	1338437980
121	285	1	1338440953
121	285	1	1342490568
67	286	1	1338650156
67	287	1	1338656348
67	288	1	1338660864
122	289	1	1338740813
67	290	1	1339379959
67	291	1	1339993512
108	292	1	1340669076
67	293	1	1341259821
67	293	1	1344110733
67	293	1	1379299698
122	294	1	1342727890
122	295	1	1342728102
9	295	1	1417805008
82	296	1	1343578966
82	296	1	1343643763
82	297	1	1343579043
9	298	1	1413305172
9	298	1	1498067102
9	298	1	1498067508
67	299	1	1344112254
123	300	1	1344323247
67	301	1	1344380483
81	302	1	1346361082
81	303	1	1346432527
17	303	1	1347117238
17	303	1	1360799518
17	304	1	1346446738
124	305	1	1346519531
67	306	1	1346628298
67	307	1	1346633581
67	308	1	1346637750
125	309	1	1348947280
105	310	1	1351193250
105	311	1	1351241426
105	312	1	1351251215
105	313	1	1351251225
67	314	1	1355092318
67	315	1	1355113400
126	316	1	1355256985
127	317	1	1355728081
128	317	1	1491331135
117	318	1	1357703740
108	319	1	1359583930
108	320	1	1359584000
108	321	1	1359911830
9	321	1	1416159772
9	321	1	1416160065
9	321	1	1416160466
9	321	1	1416160538
126	322	1	1359912732
108	323	1	1359915346
67	324	1	1360031472
129	324	1	1417132139
129	324	1	1487253643
67	325	1	1360035770
67	326	1	1361150450
67	327	1	1361156076
108	328	1	1361236497
108	329	1	1364095529
67	330	1	1364143223
67	331	1	1364147200
67	332	1	1364173696
67	333	1	1364175486
130	333	1	1451502366
131	334	1	1366114496
108	335	1	1367177442
132	336	1	1367357259
130	336	1	1451505781
133	337	1	1369584994
133	337	1	1380479571
67	337	1	1381707270
133	337	1	1384699463
133	337	1	1408421547
134	338	1	1369956473
134	338	1	1369956519
67	339	1	1370218330
135	340	1	1370875502
135	341	1	1370875505
67	342	1	1372734438
67	343	1	1372821503
136	345	1	1373478580
136	345	1	1373479058
136	345	1	1373482413
136	345	1	1373483929
136	345	1	1373483964
136	345	1	1373484115
136	345	1	1373484293
136	345	1	1373484315
136	345	1	1373485075
136	345	1	1373485653
136	345	1	1373486178
136	345	1	1373486307
136	345	1	1373486329
136	345	1	1373486490
136	345	1	1373487636
136	345	1	1373487660
136	345	1	1373487686
136	345	1	1373488145
136	345	1	1373488541
136	345	1	1373488645
136	345	1	1373488771
136	345	1	1373488804
136	345	1	1376131376
136	345	1	1390134590
136	345	1	1390135547
136	345	1	1390494642
136	345	1	1390494677
9	345	1	1423228361
9	345	1	1425057582
9	345	1	1499526467
9	345	1	1499526483
137	346	1	1374242651
8	347	1	1375293594
138	347	1	1425546779
8	348	1	1375293684
8	348	1	1398399281
138	348	1	1425546780
139	348	1	1430277994
140	349	1	1375726886
141	350	1	1376685620
142	351	1	1377985979
141	352	1	1377992346
92	353	1	1379267313
92	354	1	1379267315
67	355	1	1379282911
67	356	1	1379303164
130	356	1	1451502300
67	357	1	1379464609
67	358	1	1379468224
67	359	1	1379561463
67	360	1	1379563027
67	361	1	1379564351
67	362	1	1379897984
67	363	1	1379899595
67	364	1	1380160292
67	365	1	1380164495
67	366	1	1380396582
67	367	1	1380397953
67	368	1	1380401540
143	368	1	1385796748
143	368	1	1388052898
143	368	1	1391249030
67	368	1	1408627908
144	368	1	1411917885
145	368	1	1411919509
67	368	1	1413773857
67	368	1	1438466207
67	369	1	1380408083
143	369	1	1385474807
143	369	1	1386743392
143	369	1	1391656089
143	369	1	1393935858
144	369	1	1411917886
145	369	1	1411919509
67	369	1	1414901736
67	370	1	1381684542
67	371	1	1381702113
133	371	1	1382879298
133	371	1	1382933041
133	372	1	1382862165
146	373	1	1382905993
147	374	1	1383039406
148	375	1	1383341098
149	376	1	1384699251
150	377	1	1384786594
13	378	1	1385222009
9	378	1	1425055686
13	378	1	1496345988
13	378	1	1496346006
9	378	1	1496817516
151	379	1	1385384109
152	380	1	1387293666
67	381	1	1390201699
67	382	1	1390254764
67	383	1	1390265915
153	384	1	1390300371
154	385	1	1392385727
154	386	1	1392392743
67	387	1	1393564308
67	388	1	1393571575
155	389	1	1393705896
150	390	1	1394757353
156	391	1	1395185952
156	391	1	1395428193
156	391	1	1396579225
23	392	1	1396480350
157	393	1	1396563183
158	394	1	1396597303
9	395	1	1397907731
9	395	1	1397908082
9	395	1	1397908490
9	395	1	1397908579
9	395	1	1397908680
9	395	1	1398783071
9	395	1	1399487812
9	395	1	1399488130
9	395	1	1399785029
9	395	1	1399789441
9	395	1	1399790851
9	395	1	1399790974
9	395	1	1410982810
128	395	1	1415239024
9	395	1	1423132484
9	395	1	1424585815
9	395	1	1424585860
9	395	1	1424586074
9	395	1	1424616007
9	395	1	1424616066
9	395	1	1425055727
159	395	1	1441525017
159	395	1	1441525038
159	395	1	1441525050
159	395	1	1441525093
9	395	1	1488531199
9	395	1	1488531219
9	395	1	1488531400
9	396	1	1397910563
9	396	1	1397910637
9	396	1	1397910724
9	396	1	1399057646
9	396	1	1399057710
8	396	1	1399442542
8	396	1	1399456953
9	396	1	1399784854
45	396	1	1405345250
9	396	1	1411067935
9	396	1	1413522218
14	396	1	1429128896
9	396	1	1429381852
9	397	1	1397911083
9	397	1	1399058418
8	397	1	1399442521
8	397	1	1399457002
9	397	1	1399784939
45	397	1	1405345514
9	397	1	1411067824
9	397	1	1413522129
9	397	1	1429381828
9	398	1	1397911462
9	398	1	1399784952
45	398	1	1405345871
9	398	1	1411068141
9	398	1	1412332771
9	398	1	1413658943
9	398	1	1429381843
9	398	1	1429381909
9	399	1	1397912146
9	399	1	1411121213
9	399	1	1411138590
9	399	1	1411138988
9	399	1	1411139999
9	399	1	1414754756
9	399	1	1424504486
9	400	1	1397931303
9	400	1	1399784994
9	400	1	1411068228
9	400	1	1413302882
9	400	1	1429381928
9	401	1	1397932377
9	401	1	1399784983
9	401	1	1411068237
9	401	1	1413444046
9	402	1	1397933047
9	402	1	1399785070
9	402	1	1411068275
9	402	1	1425042844
9	403	1	1397933634
9	403	1	1399785049
9	403	1	1411068288
9	403	1	1413443900
9	404	1	1398174502
9	404	1	1398783504
9	404	1	1398783896
10	404	1	1399469666
9	404	1	1399789137
9	404	1	1399790762
9	404	1	1403242427
9	404	1	1411068351
9	404	1	1413443715
9	404	1	1425057853
9	404	1	1429382095
159	404	1	1441524879
8	405	1	1398399232
8	405	1	1399484196
10	405	1	1412683583
9	405	1	1413085043
9	405	1	1413086291
9	405	1	1413086389
9	405	1	1413086428
9	405	1	1413086682
9	405	1	1413087136
9	405	1	1413087241
8	405	1	1413282389
8	405	1	1413298208
8	405	1	1413298302
8	405	1	1413298336
9	405	1	1413301744
9	405	1	1413307768
9	405	1	1413308148
9	405	1	1413308238
10	405	1	1413315587
9	405	1	1413316204
9	405	1	1413348973
9	405	1	1413449421
9	405	1	1413661940
9	405	1	1413662330
9	405	1	1413662484
9	405	1	1413663167
10	405	1	1413739208
9	405	1	1413740146
9	405	1	1413741794
9	405	1	1425299863
9	405	1	1425301082
8	405	1	1430062604
85	405	1	1431540314
160	405	1	1460532244
160	405	1	1460532287
161	405	1	1492784025
9	405	1	1499845160
9	406	1	1398782072
9	406	1	1398782632
9	406	1	1399785041
9	406	1	1411068320
9	406	1	1425041154
9	407	1	1398920466
9	407	1	1398920536
9	407	1	1398920594
9	407	1	1398920647
9	407	1	1399490137
9	407	1	1399490320
9	407	1	1399789114
9	407	1	1399789452
9	407	1	1399790432
9	407	1	1399790532
9	407	1	1411068439
9	407	1	1413659738
9	408	1	1398927558
9	408	1	1398927601
9	408	1	1398927734
10	408	1	1399465522
162	408	1	1399558134
9	408	1	1399790468
9	408	1	1399790946
9	408	1	1399791021
9	408	1	1425057086
9	409	1	1398932763
9	409	1	1413659203
9	410	1	1398965670
9	410	1	1413660648
9	411	1	1399011530
9	411	1	1399788814
9	411	1	1414124811
9	411	1	1414126533
9	411	1	1414126830
9	411	1	1414131415
9	411	1	1414131500
9	411	1	1414131666
9	411	1	1433181934
9	412	1	1399034200
9	412	1	1413449101
9	412	1	1413449240
9	413	1	1399034433
8	413	1	1399442786
8	413	1	1399456863
9	413	1	1413443787
9	414	1	1399034849
8	414	1	1399442747
8	414	1	1399456900
9	414	1	1399726140
9	414	1	1399726432
9	414	1	1413660200
9	415	1	1399035154
8	415	1	1399442727
8	415	1	1399456913
9	415	1	1413448817
9	415	1	1453833799
9	415	1	1473941623
9	416	1	1399035235
8	416	1	1399442587
8	416	1	1399456947
9	416	1	1399522957
9	416	1	1399523398
9	416	1	1413722384
8	417	1	1399399824
8	417	1	1399442418
8	417	1	1399457070
9	417	1	1413449918
9	417	1	1413450163
8	418	1	1399441404
8	418	1	1399442472
8	418	1	1399442644
8	418	1	1399442672
138	418	1	1425546780
8	419	1	1399441562
8	419	1	1399442019
11	420	1	1399458966
11	420	1	1399459467
9	420	1	1413660992
9	420	1	1413661081
9	420	1	1497955500
10	421	1	1399460626
10	421	1	1399461723
11	422	1	1399461004
11	423	1	1399461413
10	424	1	1399462057
10	424	1	1399462632
10	424	1	1399462672
10	424	1	1399462698
10	424	1	1399462738
10	424	1	1399479354
10	424	1	1400056599
10	424	1	1412681100
10	424	1	1412681565
10	424	1	1412681727
10	424	1	1412681924
10	424	1	1412682563
10	424	1	1412683314
10	424	1	1414685273
10	424	1	1414685635
10	424	1	1414686640
10	424	1	1414686734
10	425	1	1399462270
9	425	1	1414753386
10	426	1	1399462559
163	426	1	1403620420
10	427	1	1399462804
11	427	1	1399463323
139	427	1	1410653728
164	427	1	1426611140
9	427	1	1426617192
11	427	1	1426624038
11	427	1	1426624074
11	427	1	1426624088
9	427	1	1428403636
11	428	1	1399463276
10	428	1	1399463652
10	428	1	1399466404
10	428	1	1399466457
10	428	1	1399480915
10	429	1	1399463289
10	429	1	1399463854
10	429	1	1399464640
11	429	1	1399464850
10	429	1	1399464864
10	429	1	1399465114
10	429	1	1399469963
9	429	1	1410980491
32	429	1	1413781504
9	429	1	1425059557
9	429	1	1429612356
10	430	1	1399463578
10	431	1	1399463652
10	432	1	1399463854
11	433	1	1399465276
11	433	1	1399465317
10	433	1	1399465665
11	433	1	1399467470
8	433	1	1413297425
9	433	1	1417803662
9	433	1	1417860346
10	434	1	1399465559
11	435	1	1399466618
11	435	1	1399466641
11	435	1	1399466671
11	435	1	1399467480
11	435	1	1399468645
8	435	1	1413297463
9	435	1	1417803630
9	435	1	1417860493
11	436	1	1399466867
11	436	1	1399467488
8	436	1	1413297497
9	436	1	1417803641
9	436	1	1417860569
11	437	1	1399467113
11	437	1	1399467130
11	437	1	1399467499
8	437	1	1413297510
9	437	1	1417803652
9	437	1	1417860663
11	438	1	1399467295
8	438	1	1413297553
9	438	1	1417793643
9	438	1	1417794192
9	438	1	1417860708
11	439	1	1399467417
8	439	1	1413297565
9	439	1	1417803548
9	439	1	1417860852
11	440	1	1399468608
9	440	1	1413302606
9	440	1	1417803503
9	440	1	1417861024
9	440	1	1417885303
10	441	1	1399469602
54	441	1	1432004973
10	442	1	1399469667
11	443	1	1399470115
8	443	1	1413297601
9	443	1	1417803525
9	443	1	1417861180
11	444	1	1399470232
9	444	1	1413304327
9	444	1	1496818885
11	445	1	1399470421
8	445	1	1399471398
8	445	1	1399475908
9	445	1	1399483253
9	445	1	1417775807
9	445	1	1417776429
11	446	1	1399470491
9	446	1	1413306818
9	446	1	1413306990
9	446	1	1496817778
9	446	1	1499527127
11	447	1	1399470594
11	447	1	1399470607
9	447	1	1425057305
11	448	1	1399470727
8	448	1	1413297633
9	448	1	1417803535
9	448	1	1417861225
9	448	1	1417861300
11	449	1	1399470881
9	449	1	1425054408
9	449	1	1425054479
14	449	1	1425188439
11	450	1	1399470975
8	450	1	1413297678
9	450	1	1417803324
9	450	1	1417861373
10	451	1	1399476744
10	451	1	1399476907
10	452	1	1399476870
10	453	1	1399476929
10	454	1	1399476974
10	455	1	1399477199
10	456	1	1399477504
8	457	1	1399477687
8	457	1	1399477864
10	457	1	1399477916
10	457	1	1399478055
10	457	1	1399478461
8	457	1	1399478763
10	457	1	1399478990
165	457	1	1399479787
166	457	1	1399480823
167	457	1	1399484753
12	457	1	1399485076
9	457	1	1399485386
11	457	1	1399485649
11	457	1	1399489734
168	457	1	1399498126
169	457	1	1399541151
162	457	1	1399558505
12	457	1	1399621366
12	457	1	1399621638
170	457	1	1399639665
171	457	1	1399654403
172	457	1	1399797787
173	457	1	1399818534
173	457	1	1399818608
14	457	1	1399838391
79	457	1	1399897788
174	457	1	1399914524
10	457	1	1400056395
11	457	1	1400058999
11	457	1	1400059063
9	457	1	1428260287
10	458	1	1399478086
10	459	1	1399478123
11	460	1	1399484184
11	460	1	1399484210
10	460	1	1399484293
11	461	1	1399484969
11	461	1	1399484985
8	461	1	1413297747
9	461	1	1417801618
9	461	1	1417861657
11	462	1	1399485197
11	462	1	1399485219
9	462	1	1413304864
11	463	1	1399485369
9	463	1	1425055894
9	463	1	1425056037
11	464	1	1399485456
11	464	1	1399485504
8	464	1	1413297669
9	464	1	1417802016
9	464	1	1417861451
11	465	1	1399486400
11	465	1	1399486417
8	465	1	1413297931
9	465	1	1417798497
9	465	1	1417862138
11	466	1	1399486530
8	466	1	1413297942
9	466	1	1417798442
9	466	1	1417862316
11	467	1	1399486744
8	467	1	1413297874
9	467	1	1417776549
9	467	1	1417776649
9	467	1	1417777097
9	467	1	1417792888
9	467	1	1417792991
9	467	1	1417860066
9	467	1	1417860228
9	467	1	1417860305
11	468	1	1399486981
11	468	1	1403539854
8	468	1	1413297861
9	468	1	1417801052
9	468	1	1417861912
9	469	1	1399487084
10	469	1	1399487218
9	469	1	1399488504
9	469	1	1399489180
9	469	1	1399489565
9	469	1	1425057270
128	469	1	1467145120
9	469	1	1498067658
9	469	1	1499527233
11	470	1	1399487151
8	470	1	1413297807
9	470	1	1417800049
9	470	1	1417861880
11	471	1	1399487202
8	471	1	1413297957
9	471	1	1417798034
9	471	1	1417862376
11	472	1	1399487357
9	472	1	1413307369
9	472	1	1499526387
11	473	1	1399487435
8	473	1	1413297729
9	473	1	1417800944
9	473	1	1417861686
11	474	1	1399487579
9	474	1	1425043678
9	474	1	1425044188
11	475	1	1399487709
9	475	1	1425044590
11	476	1	1399487838
9	476	1	1424667422
9	476	1	1425054693
9	476	1	1425054716
11	477	1	1399487936
8	477	1	1413297886
9	477	1	1417798542
9	477	1	1417862042
11	478	1	1399488109
9	478	1	1425055326
9	478	1	1425055383
11	479	1	1399488185
11	479	1	1399488202
8	479	1	1413297968
9	479	1	1417797637
9	479	1	1417862526
11	480	1	1399488806
8	480	1	1413297810
9	480	1	1417798928
168	481	1	1399498167
9	482	1	1399525353
9	482	1	1399526147
9	482	1	1399526247
9	482	1	1399526365
9	482	1	1399526528
9	482	1	1399526557
9	482	1	1399526609
9	482	1	1399526637
9	482	1	1399526706
9	482	1	1399526776
9	482	1	1399526803
9	482	1	1399526927
8	482	1	1399529760
8	482	1	1399529905
8	482	1	1399529965
8	482	1	1399532141
9	482	1	1399533218
9	482	1	1399533293
10	482	1	1399541557
8	482	1	1399634536
10	482	1	1399634874
10	482	1	1399634933
8	482	1	1399635392
9	482	1	1399665521
128	482	1	1400795817
128	482	1	1400795842
9	482	1	1413815499
9	482	1	1497955758
10	483	1	1399551324
10	484	1	1399551401
10	484	1	1399551417
10	485	1	1399551417
10	486	1	1399551771
162	487	1	1399558250
12	488	1	1399621784
12	488	1	1402384626
12	488	1	1403868727
12	488	1	1403871112
10	489	1	1399634824
9	490	1	1399666669
9	490	1	1399703986
9	490	1	1399788895
9	490	1	1412333105
9	490	1	1413660471
9	490	1	1425057653
9	490	1	1425057678
175	490	1	1430986967
9	491	1	1399702725
9	491	1	1399702777
9	491	1	1413661279
9	492	1	1399702927
9	493	1	1399702974
9	494	1	1399703061
9	495	1	1399723874
9	495	1	1399723962
9	495	1	1413306958
176	495	1	1495251876
176	495	1	1495251937
176	495	1	1496518886
9	495	1	1496771661
176	495	1	1496997008
9	496	1	1399724794
9	496	1	1399725116
9	496	1	1413660862
9	496	1	1417542542
9	496	1	1427776558
9	497	1	1399725659
9	497	1	1399725843
9	497	1	1399788753
9	497	1	1412333270
9	497	1	1412334054
177	497	1	1419174618
177	497	1	1419175155
9	498	1	1399727167
9	498	1	1425055079
9	498	1	1497955871
9	499	1	1399742551
9	499	1	1399743194
9	499	1	1399743274
9	499	1	1413444131
9	499	1	1453833358
9	500	1	1399783647
9	501	1	1399783733
9	502	1	1399783815
9	503	1	1399784063
9	504	1	1399784211
9	505	1	1399784309
9	506	1	1399784364
9	507	1	1399784461
9	508	1	1399788578
9	509	1	1399789009
9	510	1	1399789318
9	510	1	1424586185
9	511	1	1399789757
9	511	1	1399790060
9	511	1	1424673452
9	512	1	1399789822
9	512	1	1399791292
9	513	1	1399789961
9	513	1	1424673356
9	514	1	1399791088
9	515	1	1399791204
9	515	1	1499494763
9	515	1	1499494817
9	516	1	1399881450
9	517	1	1400059546
9	517	1	1413660103
128	517	1	1465152653
9	518	1	1399954197
9	519	1	1399979965
9	519	1	1399980052
9	519	1	1399980116
45	519	1	1403791222
45	519	1	1403791865
45	519	1	1403792289
9	519	1	1403808615
9	519	1	1412332869
9	520	1	1399992902
9	520	1	1412332887
9	520	1	1413304903
9	520	1	1413522411
9	521	1	1399993575
9	521	1	1412332909
9	521	1	1413450390
178	521	1	1453365890
9	521	1	1453656923
9	522	1	1399994313
9	522	1	1399994370
9	522	1	1412332944
9	523	1	1399994420
24	524	1	1400002701
11	525	1	1400054511
9	525	1	1425056027
9	525	1	1425056060
11	526	1	1400054748
11	526	1	1400054767
9	526	1	1413444643
11	527	1	1400055003
9	527	1	1413443490
11	528	1	1400055918
9	528	1	1413658357
11	529	1	1400056002
9	529	1	1413303713
11	530	1	1400056363
9	530	1	1413443477
9	530	1	1427776837
11	531	1	1400056535
9	531	1	1413444299
11	532	1	1400056864
9	532	1	1424533442
9	532	1	1424535159
9	532	1	1427311805
9	532	1	1427311851
9	532	1	1427312063
9	532	1	1427312532
9	532	1	1427312699
9	532	1	1429559712
9	532	1	1429609679
9	532	1	1429610015
9	532	1	1429610200
9	532	1	1431588705
9	532	1	1431589146
9	532	1	1431589522
9	532	1	1432713053
9	532	1	1436318033
9	532	1	1445533058
9	532	1	1473943105
9	532	1	1473943223
9	532	1	1473943513
9	532	1	1473943922
9	532	1	1473943995
179	532	1	1479521716
9	532	1	1483009900
9	532	1	1483010072
9	532	1	1499880974
9	532	1	1499881230
9	532	1	1499883411
9	532	1	1499883603
9	532	1	1500185509
11	533	1	1400058823
9	533	1	1425040228
9	533	1	1425040483
9	533	1	1425040826
9	533	1	1425040864
11	534	1	1400059177
9	534	1	1413662722
11	535	1	1400064206
9	535	1	1413303052
11	536	1	1400064442
9	536	1	1413444838
11	537	1	1400064592
9	537	1	1413658182
11	538	1	1400065443
9	538	1	1413658533
11	539	1	1400065652
11	539	1	1400065662
9	539	1	1413444442
11	540	1	1400065749
9	540	1	1413658413
11	541	1	1400066323
9	541	1	1424667607
11	542	1	1400066462
9	542	1	1413303867
11	543	1	1400066557
9	543	1	1413302839
11	544	1	1400066726
9	544	1	1413444735
11	545	1	1400066830
9	545	1	1413658266
11	546	1	1400066919
9	546	1	1413523158
11	547	1	1400067020
9	547	1	1413302724
9	547	1	1413302869
10	548	1	1400070591
11	549	1	1400070667
11	549	1	1400070950
9	549	1	1455220097
9	549	1	1455220217
9	549	1	1466849568
9	549	1	1466850094
11	550	1	1400071415
11	550	1	1400071550
11	550	1	1400071592
10	551	1	1400073582
11	551	1	1400073812
11	552	1	1400073630
10	553	1	1400073857
11	554	1	1400074107
9	555	1	1400125885
9	555	1	1413660779
9	555	1	1425098485
9	555	1	1499494535
9	556	1	1400126521
9	556	1	1413659645
9	557	1	1400135415
9	557	1	1413659092
9	558	1	1400136752
9	558	1	1400136813
9	558	1	1413307158
9	559	1	1401428221
9	559	1	1412332994
9	559	1	1413523485
9	559	1	1425057116
9	560	1	1401428853
9	560	1	1412333009
9	560	1	1425057158
9	561	1	1403071036
9	561	1	1412333083
9	561	1	1412334328
9	561	1	1412334470
12	562	1	1404604487
9	562	1	1412333002
9	562	1	1413660818
12	563	1	1404605293
12	563	1	1404605576
9	563	1	1425042943
12	564	1	1404660669
12	564	1	1404660688
9	564	1	1413443940
12	565	1	1404775955
9	565	1	1413658915
12	566	1	1404776764
9	566	1	1413304857
9	566	1	1413304991
12	567	1	1404777681
9	567	1	1413304227
9	567	1	1425552686
9	567	1	1425552760
9	567	1	1425552882
12	568	1	1404813885
9	568	1	1425055155
12	569	1	1404924802
12	569	1	1404983614
12	570	1	1404984359
12	570	1	1405153496
12	570	1	1405153633
12	570	1	1407784761
9	570	1	1413662816
12	571	1	1405126696
9	571	1	1413305417
9	571	1	1413305490
9	571	1	1499881423
12	572	1	1405153398
12	572	1	1405153541
9	572	1	1413659966
12	573	1	1405154578
9	573	1	1425043266
12	574	1	1405155463
9	574	1	1413523295
12	575	1	1405156311
9	575	1	1425055268
12	576	1	1405167037
9	576	1	1425043316
9	576	1	1425043365
12	577	1	1405248791
9	577	1	1425033722
12	578	1	1405249580
9	578	1	1413304540
12	579	1	1405294080
12	580	1	1405294434
9	580	1	1424667247
12	581	1	1405294727
9	581	1	1413306253
12	582	1	1405297202
9	582	1	1425043774
9	582	1	1425044198
12	583	1	1405364583
9	583	1	1424667414
12	584	1	1405555587
9	584	1	1425043458
9	584	1	1425043566
12	585	1	1405555654
9	585	1	1425043458
12	586	1	1405555969
9	586	1	1412920504
12	587	1	1405556443
12	588	1	1405556541
9	588	1	1425044199
12	589	1	1405556605
12	590	1	1405556653
12	591	1	1405556701
12	592	1	1405556747
12	593	1	1405556787
9	593	1	1425033723
12	594	1	1405556830
9	594	1	1425043365
12	595	1	1405556883
12	596	1	1405556923
12	597	1	1405556964
12	598	1	1405557012
12	599	1	1405557057
12	600	1	1405557098
12	601	1	1405557128
12	602	1	1405596071
12	602	1	1406198374
12	602	1	1406198416
9	602	1	1413449200
12	603	1	1405596183
180	604	1	1406028087
12	605	1	1406303322
9	605	1	1413659068
12	606	1	1406303426
8	607	1	1407033239
8	607	1	1414660208
138	607	1	1425546780
8	608	1	1407033820
8	608	1	1407033856
8	608	1	1407033941
9	608	1	1413302431
9	608	1	1425034773
12	609	1	1407698218
9	609	1	1413661202
12	610	1	1407698488
12	611	1	1407743831
9	611	1	1413662889
12	612	1	1407743916
12	613	1	1407771998
9	613	1	1413450313
12	614	1	1407772100
12	615	1	1407772582
9	615	1	1413660620
12	616	1	1407772634
12	617	1	1407773039
9	617	1	1413659461
12	618	1	1407773526
9	618	1	1425044338
12	619	1	1407773564
12	620	1	1407853417
12	620	1	1407853487
12	620	1	1407853511
9	620	1	1425043066
12	621	1	1407853603
12	622	1	1407854180
9	622	1	1413659298
12	623	1	1407854228
12	624	1	1407854762
9	624	1	1413306147
12	625	1	1407854809
12	626	1	1407856075
9	626	1	1413523004
12	627	1	1407856120
12	628	1	1407856886
9	628	1	1413660275
12	629	1	1407856924
97	630	1	1408317607
67	631	1	1408641762
181	631	1	1461691418
67	632	1	1408758142
67	633	1	1409110130
9	634	1	1409373064
9	634	1	1409373426
9	634	1	1409373760
9	634	1	1413307489
9	634	1	1419413820
9	634	1	1419413863
9	634	1	1419413894
67	635	1	1410625119
182	635	1	1447384113
139	636	1	1410653743
67	637	1	1410711084
9	638	1	1410982909
9	638	1	1410983370
9	638	1	1410984026
9	638	1	1410984126
9	638	1	1410984446
9	638	1	1410984517
9	638	1	1410984564
9	638	1	1410984799
9	638	1	1410984956
9	638	1	1410985104
9	638	1	1411014586
9	638	1	1411015011
183	638	1	1438575045
183	638	1	1495088573
9	639	1	1410982992
9	639	1	1414752406
9	639	1	1414752500
9	639	1	1414752597
9	639	1	1414752624
9	639	1	1414752752
9	639	1	1414752819
9	639	1	1414752905
67	640	1	1411005540
182	640	1	1447384116
9	641	1	1411120071
9	642	1	1411120178
9	643	1	1411120254
9	644	1	1411120311
9	645	1	1411120354
9	645	1	1411140388
9	646	1	1411120502
9	647	1	1411120592
9	647	1	1413180450
9	647	1	1417545161
9	647	1	1417545212
9	647	1	1418322312
9	648	1	1411120684
9	649	1	1411120757
9	650	1	1411120886
9	651	1	1411121061
9	651	1	1411140285
9	652	1	1411121423
9	653	1	1411138659
9	653	1	1411139241
9	654	1	1411139523
9	654	1	1411139826
9	655	1	1411139852
183	655	1	1438575055
144	656	1	1411917885
54	656	1	1415700384
67	656	1	1420954585
144	657	1	1411917886
54	657	1	1415700399
67	657	1	1420961272
145	658	1	1411919509
145	659	1	1411919509
9	660	1	1412331889
9	660	1	1412332017
128	660	1	1491333642
9	661	1	1412332087
9	662	1	1412332166
9	663	1	1412332271
9	664	1	1412332407
9	665	1	1412343676
9	665	1	1412344441
9	666	1	1412345527
9	666	1	1412345626
9	666	1	1412346579
9	666	1	1413181653
9	666	1	1436317719
9	666	1	1436317741
9	666	1	1437501875
9	667	1	1412346915
9	668	1	1412347030
9	669	1	1412347101
9	670	1	1412395313
9	670	1	1413659387
9	671	1	1412395559
9	671	1	1413658761
9	672	1	1412395933
9	672	1	1413303923
9	672	1	1413304019
9	673	1	1412396461
9	673	1	1413661057
9	674	1	1412396791
9	674	1	1425057210
9	674	1	1425057344
184	674	1	1446143671
25	674	1	1487785820
9	674	1	1487791030
9	675	1	1412397121
9	675	1	1413305865
9	676	1	1412452458
9	676	1	1412452523
9	676	1	1425057898
9	677	1	1412452797
9	677	1	1425042974
9	678	1	1412453213
9	678	1	1412453273
9	678	1	1413306360
9	679	1	1412453560
9	679	1	1424591466
9	680	1	1412454443
9	680	1	1412666485
9	680	1	1473940503
9	680	1	1473940522
9	680	1	1473944107
9	681	1	1412454611
9	681	1	1412540788
9	681	1	1412541009
9	681	1	1412698520
9	681	1	1412698773
9	681	1	1412698841
9	681	1	1412765821
9	681	1	1412765862
9	681	1	1412765988
9	681	1	1412766140
9	681	1	1412766197
9	681	1	1424586419
9	681	1	1424586472
9	681	1	1424586746
9	681	1	1425059315
9	682	1	1412454753
9	682	1	1412484082
9	682	1	1412484364
9	682	1	1412498910
9	682	1	1413299069
9	682	1	1453836291
9	682	1	1473940643
9	682	1	1473942297
9	683	1	1412454878
9	683	1	1412485360
9	683	1	1412498579
9	683	1	1412498646
9	683	1	1412499414
9	683	1	1412499515
9	683	1	1412702707
9	683	1	1412703356
9	683	1	1417775612
9	683	1	1417776001
185	683	1	1418386001
9	683	1	1473943736
9	683	1	1473944455
9	684	1	1412455081
9	684	1	1412485597
9	684	1	1413521410
9	684	1	1413521464
9	684	1	1413521606
185	684	1	1418384983
9	684	1	1473943740
9	685	1	1412455428
9	686	1	1412455594
9	686	1	1424587496
9	686	1	1424587638
9	686	1	1424587660
9	687	1	1412455696
9	687	1	1412501057
9	687	1	1412509471
9	687	1	1412509709
9	687	1	1412509827
9	687	1	1412510261
9	687	1	1412510328
9	687	1	1412701599
9	687	1	1413451369
9	687	1	1413744276
9	688	1	1412455926
9	689	1	1412456036
9	690	1	1412456142
9	691	1	1412456194
9	692	1	1412456274
9	693	1	1412456330
9	694	1	1412456376
9	695	1	1412456552
9	696	1	1412456617
9	697	1	1412456672
9	698	1	1412456767
9	699	1	1412498715
9	700	1	1412500069
9	701	1	1412500215
9	702	1	1412510505
9	703	1	1412510702
9	704	1	1412510883
9	705	1	1412511008
9	706	1	1412511179
9	707	1	1412517170
9	707	1	1412517270
9	707	1	1412517332
9	708	1	1412517430
9	709	1	1412517571
9	710	1	1412538967
9	710	1	1413307075
9	710	1	1453834008
9	711	1	1412540041
9	711	1	1412540253
9	711	1	1412540345
128	711	1	1415658813
9	712	1	1412611914
9	712	1	1412612930
9	712	1	1413306091
9	713	1	1412611942
9	713	1	1412612938
9	713	1	1424675667
9	714	1	1412611959
9	714	1	1412612949
9	714	1	1413522623
9	715	1	1412611975
9	715	1	1412613057
9	715	1	1415298601
9	716	1	1412612000
9	716	1	1412613070
9	716	1	1413522785
9	716	1	1413808774
9	716	1	1413809642
9	717	1	1412612062
9	717	1	1412613083
9	717	1	1413306219
9	718	1	1412612076
9	718	1	1412613979
9	718	1	1413659892
9	719	1	1412612092
9	719	1	1412613948
9	719	1	1425055312
9	720	1	1412612114
9	720	1	1412613819
9	720	1	1413661013
9	721	1	1412612130
9	721	1	1412613929
9	721	1	1424676332
9	721	1	1424677337
9	722	1	1412612230
9	722	1	1412613910
9	722	1	1412613961
9	722	1	1425034188
9	722	1	1425034230
9	723	1	1412612260
9	723	1	1412614126
9	723	1	1413659827
9	724	1	1412612274
9	724	1	1412614135
9	724	1	1424674456
9	725	1	1412612290
9	725	1	1412614074
9	725	1	1425033419
9	726	1	1412612319
9	726	1	1412614085
9	726	1	1425044108
9	727	1	1412660876
9	727	1	1412660949
9	727	1	1412661172
9	727	1	1412662570
176	727	1	1494237925
176	727	1	1494238222
176	727	1	1495251749
9	728	1	1412662570
9	729	1	1412697660
9	730	1	1412699656
9	731	1	1412699774
9	731	1	1414752278
9	731	1	1414753021
9	732	1	1412699916
9	733	1	1412700017
9	734	1	1412700209
9	735	1	1412700322
9	736	1	1412700469
9	737	1	1412700559
9	737	1	1412700751
9	737	1	1430376080
9	737	1	1453657670
9	738	1	1412700938
9	739	1	1412705989
9	739	1	1412706646
9	739	1	1412707178
9	739	1	1415299256
9	740	1	1412707611
9	741	1	1412707822
9	742	1	1412708061
9	743	1	1412708144
9	744	1	1412708209
9	745	1	1412708299
9	746	1	1412708455
9	747	1	1412708678
9	748	1	1412708967
9	749	1	1412709158
9	750	1	1412766584
9	750	1	1412767274
9	750	1	1412767396
9	750	1	1412767695
186	750	1	1447818264
186	750	1	1447818359
186	750	1	1447818387
9	751	1	1412786384
187	751	1	1412789024
9	751	1	1412794945
9	751	1	1412798419
9	751	1	1412860112
9	751	1	1412861729
9	751	1	1412871353
9	752	1	1412792985
9	752	1	1412793175
9	752	1	1412793769
9	752	1	1412794523
9	753	1	1412873523
9	753	1	1412873613
9	753	1	1412874245
9	753	1	1412874586
9	753	1	1425057985
9	753	1	1473941531
9	754	1	1412875845
9	754	1	1412875933
9	754	1	1413304132
9	754	1	1413304345
9	755	1	1412876362
9	755	1	1413522710
9	756	1	1412877467
9	756	1	1498067551
9	757	1	1412878329
9	757	1	1413303251
9	757	1	1496773872
9	757	1	1496774260
9	758	1	1412920052
9	758	1	1413522341
9	759	1	1412920157
9	759	1	1413661248
9	760	1	1412961059
9	760	1	1412961297
9	760	1	1412962259
188	760	1	1418766017
9	760	1	1425058545
9	761	1	1413050653
9	761	1	1413722353
9	761	1	1453658088
9	762	1	1413050861
9	762	1	1425043486
9	763	1	1413052823
9	763	1	1413053445
9	763	1	1413054316
9	763	1	1413055123
9	763	1	1413055546
9	763	1	1413055728
9	763	1	1413055999
9	763	1	1413056041
9	763	1	1413056513
83	763	1	1495661973
9	764	1	1413052948
9	765	1	1413053709
9	766	1	1413057540
9	767	1	1413057805
9	768	1	1413058750
9	769	1	1413089453
9	770	1	1413089703
9	771	1	1413180545
9	771	1	1418322506
9	772	1	1413181740
9	772	1	1436317683
189	772	1	1467652426
189	772	1	1467652508
9	773	1	1413181814
9	774	1	1413182061
189	774	1	1467652455
9	775	1	1413182145
9	776	1	1413182248
9	777	1	1413227568
9	777	1	1413301354
9	778	1	1413227572
9	778	1	1413301382
9	779	1	1413227579
9	779	1	1413300298
9	779	1	1413300467
9	780	1	1413227589
9	780	1	1413300293
9	780	1	1413300494
9	781	1	1413227615
9	781	1	1413300563
9	782	1	1413227758
9	782	1	1413300574
9	783	1	1413227764
9	783	1	1413300578
9	784	1	1413227775
9	784	1	1413300714
9	785	1	1413227794
9	785	1	1413300718
9	786	1	1413227803
9	786	1	1413300725
9	787	1	1413227812
9	787	1	1413300290
9	787	1	1413300447
9	788	1	1413227828
9	788	1	1413301436
9	789	1	1413227843
9	789	1	1413301279
9	790	1	1413227946
9	790	1	1413301286
9	791	1	1413227948
9	791	1	1413301294
9	792	1	1413227951
9	792	1	1413301151
9	793	1	1413227964
9	793	1	1413296978
9	793	1	1413297814
9	793	1	1413744670
9	793	1	1413744971
9	793	1	1413745207
9	793	1	1413745429
9	794	1	1413228059
9	794	1	1413301159
9	795	1	1413228065
9	795	1	1413301166
9	796	1	1413228077
9	796	1	1413300974
9	797	1	1413228088
9	797	1	1413300965
9	798	1	1413228095
9	798	1	1413300938
8	799	1	1413297320
9	799	1	1417795674
9	799	1	1417803861
9	799	1	1417803904
9	800	1	1413299398
8	800	1	1413300660
8	800	1	1413300706
9	800	1	1413303476
8	801	1	1413300523
9	802	1	1413304982
9	803	1	1413313931
9	804	1	1413315794
9	804	1	1413316361
9	804	1	1413660241
9	805	1	1413361754
9	805	1	1413361809
9	806	1	1413449241
9	807	1	1413451421
9	807	1	1424526950
190	807	1	1430129738
190	807	1	1430129857
190	807	1	1430129942
83	807	1	1495674368
9	808	1	1413451488
9	808	1	1413451641
9	809	1	1413451759
9	810	1	1413451886
9	810	1	1413743986
83	810	1	1495662363
9	811	1	1413452050
9	811	1	1413744067
9	811	1	1413744099
191	812	1	1413476118
191	812	1	1447367200
191	812	1	1447798587
9	813	1	1413661646
9	814	1	1413661736
9	815	1	1413661739
9	816	1	1413661746
9	817	1	1413661764
9	818	1	1413661772
9	819	1	1413661787
9	820	1	1413661794
9	821	1	1413662231
9	822	1	1413662236
9	823	1	1413715596
9	824	1	1413715691
9	825	1	1413715773
9	825	1	1413715821
9	826	1	1413716111
9	826	1	1430732396
9	827	1	1413716392
9	828	1	1413721437
9	828	1	1413721472
9	828	1	1413721672
9	828	1	1413721747
9	829	1	1413721567
8	830	1	1413736690
9	830	1	1413737052
8	830	1	1413737939
162	830	1	1413740079
187	830	1	1413780765
32	830	1	1413781195
8	831	1	1413736870
8	831	1	1413737852
8	831	1	1413737913
10	831	1	1413738919
162	831	1	1413740096
9	831	1	1413740830
187	831	1	1413780773
8	831	1	1414649113
8	831	1	1414649281
8	831	1	1414650000
9	831	1	1427824595
9	831	1	1428259757
8	832	1	1413737756
10	832	1	1413738828
162	832	1	1413740111
9	832	1	1413740245
187	832	1	1413780782
8	832	1	1414649385
8	832	1	1414649928
9	832	1	1427824847
9	832	1	1428259735
162	833	1	1413740149
9	834	1	1413740436
8	835	1	1413741460
8	835	1	1413741978
8	835	1	1413742258
8	835	1	1413742746
8	835	1	1413743024
8	835	1	1413743138
8	835	1	1413743486
8	835	1	1413775155
8	835	1	1413775583
8	836	1	1413741978
9	837	1	1413743987
9	838	1	1413744067
9	839	1	1413809803
9	840	1	1413809862
9	841	1	1413809964
9	842	1	1413810012
9	842	1	1414751959
9	843	1	1413810068
9	844	1	1413810168
9	845	1	1413810195
9	846	1	1413810199
9	847	1	1413810211
9	848	1	1413810331
9	849	1	1413810339
187	850	1	1413869930
187	850	1	1413869989
187	850	1	1413870049
187	850	1	1413870105
187	850	1	1413870180
187	850	1	1413870678
187	851	1	1413870247
187	851	1	1413870456
187	851	1	1413870485
9	851	1	1413882059
9	852	1	1414039406
9	853	1	1414257246
8	854	1	1414658999
8	855	1	1414682143
8	856	1	1414682273
8	857	1	1414682499
8	858	1	1414683718
10	859	1	1414685053
10	859	1	1414685696
8	859	1	1414685869
10	859	1	1414686003
10	860	1	1414685150
8	860	1	1414685304
10	861	1	1414685185
8	862	1	1414685259
10	863	1	1414685768
8	864	1	1414685842
10	865	1	1414685849
10	866	1	1414685941
8	866	1	1414687565
8	867	1	1414688322
8	868	1	1414689038
8	868	1	1414689321
8	869	1	1414689440
8	870	1	1414690148
8	871	1	1414690300
8	872	1	1414690508
8	873	1	1414690656
8	873	1	1414724232
8	874	1	1414690964
8	875	1	1414691081
8	876	1	1414691195
8	877	1	1414691305
8	878	1	1414691398
8	879	1	1414692089
8	880	1	1414692261
8	881	1	1414692645
8	882	1	1414692834
8	883	1	1414696057
8	884	1	1414696175
8	885	1	1414696310
8	886	1	1414696410
8	887	1	1414696539
8	888	1	1414696796
8	889	1	1414697170
8	889	1	1414697204
8	889	1	1414697945
8	890	1	1414697530
8	891	1	1414698513
8	892	1	1414722935
9	893	1	1414753059
9	894	1	1414753205
9	895	1	1414753506
9	895	1	1414753558
9	895	1	1414753598
8	896	1	1414776239
8	897	1	1414776326
8	898	1	1414776450
8	899	1	1414776620
8	900	1	1414776778
8	901	1	1414776984
8	902	1	1414777103
8	903	1	1414777527
8	904	1	1414777681
8	905	1	1414777910
8	905	1	1414777969
8	905	1	1414778087
8	906	1	1414778251
8	907	1	1414778643
8	908	1	1414778755
8	909	1	1414821202
8	910	1	1414821358
8	911	1	1414821448
8	912	1	1414933343
8	913	1	1414935275
8	914	1	1415007138
8	915	1	1415007564
8	915	1	1415007587
8	916	1	1415007739
8	917	1	1415007863
8	918	1	1415008561
8	919	1	1415008716
8	920	1	1415009021
8	921	1	1415089639
8	922	1	1415089941
8	923	1	1415090048
8	924	1	1415090305
8	925	1	1415090449
8	926	1	1415090656
8	927	1	1415090789
8	928	1	1415090921
8	928	1	1415092008
8	929	1	1415091192
8	929	1	1415091220
8	929	1	1415091494
8	930	1	1415091328
8	930	1	1415091406
8	931	1	1415091670
8	932	1	1415091767
8	933	1	1415091910
8	934	1	1415092107
8	935	1	1415092281
8	936	1	1415092431
8	937	1	1415092514
8	938	1	1415092926
8	939	1	1415093147
8	940	1	1415093544
8	941	1	1415093677
8	942	1	1415093788
8	943	1	1415093933
8	944	1	1415094136
8	945	1	1415094482
8	946	1	1415176414
8	946	1	1415178823
8	947	1	1415177104
8	947	1	1415177230
8	948	1	1415177438
8	949	1	1415177527
8	950	1	1415178040
8	951	1	1415178171
8	952	1	1415178269
8	953	1	1415178548
8	954	1	1415178673
8	955	1	1415271738
8	956	1	1415271866
8	957	1	1415271997
8	958	1	1415272795
8	959	1	1415272890
8	960	1	1415272970
8	960	1	1415272997
8	961	1	1415273095
8	962	1	1415273190
8	963	1	1415273345
8	964	1	1415273548
8	965	1	1415273731
8	966	1	1415273816
8	967	1	1415274005
8	968	1	1415274580
8	969	1	1415287166
8	969	1	1415287274
8	969	1	1415287327
9	970	1	1415296221
9	970	1	1415296343
9	970	1	1415296508
36	970	1	1454701629
9	970	1	1455212237
9	971	1	1415297462
9	971	1	1415297510
9	971	1	1415297568
8	972	1	1415695864
8	972	1	1415695914
8	973	1	1415696288
8	973	1	1415696754
8	974	1	1415696536
9	974	1	1428261968
9	974	1	1428261984
8	975	1	1415803323
8	976	1	1415803506
8	977	1	1415803624
8	977	1	1415803682
9	978	1	1415938592
9	978	1	1496817599
8	979	1	1415975455
8	979	1	1415975522
8	979	1	1415975563
8	980	1	1415975602
9	981	1	1416032353
8	982	1	1416057104
9	983	1	1416156301
9	984	1	1416156518
9	984	1	1416156876
9	985	1	1416156640
9	986	1	1416156770
9	987	1	1416157164
9	987	1	1416157218
9	988	1	1416157489
9	989	1	1416506037
67	990	1	1416715457
192	990	1	1472040914
192	990	1	1472140021
67	991	1	1416722871
192	991	1	1472040914
192	991	1	1472140021
129	992	1	1417132139
129	993	1	1417132140
67	994	1	1417323925
9	995	1	1417544783
9	995	1	1417593534
9	996	1	1417544903
9	996	1	1417592848
9	997	1	1417592538
9	998	1	1417592702
9	999	1	1417592945
9	1000	1	1417603316
9	1000	1	1417603560
9	1000	1	1417603783
9	1000	1	1417603892
9	1001	1	1417603593
9	1002	1	1417775807
9	1003	1	1417776549
9	1004	1	1417793643
9	1005	1	1417795674
9	1006	1	1417797637
9	1007	1	1417798034
9	1008	1	1417798442
9	1009	1	1417798498
9	1010	1	1417798542
9	1011	1	1417798929
9	1012	1	1417800049
9	1013	1	1417800944
9	1014	1	1417801052
9	1015	1	1417801618
9	1016	1	1417802016
9	1017	1	1417803325
9	1018	1	1417803503
9	1019	1	1417803525
9	1020	1	1417803535
9	1021	1	1417803548
9	1022	1	1417803630
9	1023	1	1417803642
9	1024	1	1417803652
9	1025	1	1417803662
8	1026	1	1417937365
9	1027	1	1418133564
9	1027	1	1497956225
9	1028	1	1418322731
9	1029	1	1418322800
9	1030	1	1418323019
9	1031	1	1418323180
9	1031	1	1496769680
9	1032	1	1418323320
9	1033	1	1418323580
9	1034	1	1418323785
9	1034	1	1496770772
9	1035	1	1418324197
9	1036	1	1418324372
9	1037	1	1418324546
9	1038	1	1418324687
9	1038	1	1496769996
9	1038	1	1496770855
9	1039	1	1418324780
9	1040	1	1418324883
9	1041	1	1418325255
9	1042	1	1418325354
9	1043	1	1418325511
185	1044	1	1418377930
185	1045	1	1418378128
185	1045	1	1418381027
185	1046	1	1418378315
9	1046	1	1418573521
185	1047	1	1418378798
9	1047	1	1418573618
9	1047	1	1418573804
9	1047	1	1418573854
185	1048	1	1418380027
185	1048	1	1418380447
9	1048	1	1418573966
185	1048	1	1418627036
185	1048	1	1418878797
185	1048	1	1418879419
185	1048	1	1418974848
9	1048	1	1425057783
9	1049	1	1418573618
193	1050	1	1418655695
185	1051	1	1418973360
185	1051	1	1418973997
9	1051	1	1420011169
9	1051	1	1420011253
9	1051	1	1425057772
9	1051	1	1453834102
67	1053	1	1421019230
67	1054	1	1421112772
67	1055	1	1421116765
67	1056	1	1421120771
67	1056	1	1423375650
124	1056	1	1424432118
9	1057	1	1421488463
9	1057	1	1423593489
9	1057	1	1425043096
9	1057	1	1430732095
14	1058	1	1422898557
194	1058	1	1428345158
9	1059	1	1423163411
9	1059	1	1423163483
9	1059	1	1423164015
9	1059	1	1423164043
9	1060	1	1423163551
14	1061	1	1423168978
14	1061	1	1423169709
14	1061	1	1423169925
14	1061	1	1423174662
14	1061	1	1423174848
183	1061	1	1438575065
14	1062	1	1423171576
14	1062	1	1423172915
14	1062	1	1423173375
14	1062	1	1423173807
14	1062	1	1423173984
9	1062	1	1424849340
9	1062	1	1430594977
14	1063	1	1423172301
14	1064	1	1423172433
14	1064	1	1423172538
14	1064	1	1423172630
14	1065	1	1423173525
14	1066	1	1423188456
195	1067	1	1103266571
195	1067	1	1103269316
195	1067	1	1119699010
195	1067	1	1140919970
9	1067	1	1423203643
9	1068	1	1423203708
9	1069	1	1423203748
9	1070	1	1423203788
9	1071	1	1423203940
9	1071	1	1423203981
9	1072	1	1423204016
9	1073	1	1423204062
9	1074	1	1423204159
9	1075	1	1423204573
9	1076	1	1423204781
9	1077	1	1423204828
9	1078	1	1423204866
9	1079	1	1423204896
9	1080	1	1423204934
9	1081	1	1423204957
9	1082	1	1423204980
9	1083	1	1423205020
9	1084	1	1423205063
9	1085	1	1423205107
9	1086	1	1423205203
9	1087	1	1423205290
9	1088	1	1423205318
9	1089	1	1423205376
9	1090	1	1423205448
9	1091	1	1423205702
9	1092	1	1423205794
9	1093	1	1423206145
9	1094	1	1423206266
9	1095	1	1423206345
9	1096	1	1423206466
195	1097	1	1122636034
9	1097	1	1423206787
9	1098	1	1423206836
9	1098	1	1423206895
9	1099	1	1423206867
9	1100	1	1423206996
195	1101	1	1103266571
195	1101	1	1103269296
195	1101	1	1119699009
195	1101	1	1133492018
9	1101	1	1423207095
195	1102	1	1103266571
195	1102	1	1103269306
195	1102	1	1119699009
9	1102	1	1423207203
195	1103	1	1103266571
195	1103	1	1103269308
195	1103	1	1119699009
9	1103	1	1423207285
195	1104	1	1103266571
195	1104	1	1103269308
195	1104	1	1119699009
9	1104	1	1423207434
9	1104	1	1423207507
195	1105	1	1103266571
195	1105	1	1103269308
195	1105	1	1119699009
9	1105	1	1423207626
9	1106	1	1423207734
9	1107	1	1423207765
9	1108	1	1423207792
9	1109	1	1423207826
9	1110	1	1423207858
195	1111	1	1135237758
9	1111	1	1423207955
9	1112	1	1423208255
9	1112	1	1423208371
9	1113	1	1423208415
9	1114	1	1423208504
9	1115	1	1423208890
9	1116	1	1423209006
9	1117	1	1423209131
9	1118	1	1423209203
9	1119	1	1423209252
9	1120	1	1423209396
9	1121	1	1423209432
195	1122	1	1151781330
9	1122	1	1423209505
8	1122	1	1423317618
195	1123	1	1103266571
195	1123	1	1103269308
195	1123	1	1119699009
9	1123	1	1423209551
195	1124	1	1103266571
195	1124	1	1103269308
195	1124	1	1119699009
195	1124	1	1133492019
9	1124	1	1423209728
195	1125	1	1103266571
195	1125	1	1103269308
195	1125	1	1119699009
195	1125	1	1119822395
195	1125	1	1122636035
195	1125	1	1124495196
195	1125	1	1125914745
195	1125	1	1131578808
195	1125	1	1133300632
195	1125	1	1133492019
195	1125	1	1133497499
9	1125	1	1423209899
9	1125	1	1428261877
195	1126	1	1103266571
195	1126	1	1103269308
195	1126	1	1119699009
9	1126	1	1423209958
195	1127	1	1103266571
195	1127	1	1103269308
195	1127	1	1119699009
195	1127	1	1119822395
9	1127	1	1423210074
9	1127	1	1423210133
9	1128	1	1423332565
9	1129	1	1423332593
9	1130	1	1423332699
9	1131	1	1423332723
9	1132	1	1423332825
9	1133	1	1423332855
9	1134	1	1423332951
9	1135	1	1423333092
9	1136	1	1423333189
9	1137	1	1423333241
9	1138	1	1423333279
9	1139	1	1423333301
9	1140	1	1423333322
9	1141	1	1423333353
9	1142	1	1423333446
9	1143	1	1423333488
9	1144	1	1423333536
195	1145	1	1103266571
195	1145	1	1103269318
195	1145	1	1119699010
9	1145	1	1423333620
195	1146	1	1119822394
9	1146	1	1423334115
195	1147	1	1119822394
9	1147	1	1423334408
9	1148	1	1423334637
195	1149	1	1103266571
195	1149	1	1103269299
195	1149	1	1119699009
9	1149	1	1423334709
195	1150	1	1103266571
195	1150	1	1103269299
195	1150	1	1119699009
9	1150	1	1423334756
195	1151	1	1151781329
9	1151	1	1423335055
195	1152	1	1103266571
195	1152	1	1103269299
195	1152	1	1119699009
195	1152	1	1119822394
9	1152	1	1423335189
9	1153	1	1423335261
9	1154	1	1423335329
9	1155	1	1423335376
9	1156	1	1423335459
9	1157	1	1423335501
9	1158	1	1423335709
9	1159	1	1423335774
9	1160	1	1423335812
9	1161	1	1423335859
195	1162	1	1103266571
195	1162	1	1103269331
195	1162	1	1119699010
9	1162	1	1423335923
9	1163	1	1423336143
195	1164	1	1131578804
9	1164	1	1423336204
195	1165	1	1103266571
195	1165	1	1103269297
195	1165	1	1119699009
9	1165	1	1423336246
195	1166	1	1161809804
9	1166	1	1423336321
195	1167	1	1103266571
195	1167	1	1103269297
195	1167	1	1119699009
9	1168	1	1423336404
9	1169	1	1423336443
195	1170	1	1119822394
9	1170	1	1423336548
195	1171	1	1103266571
195	1171	1	1103269297
195	1171	1	1119699009
9	1171	1	1423336607
9	1172	1	1423336641
195	1173	1	1119822394
9	1173	1	1423336706
195	1174	1	1103266571
195	1174	1	1103269298
195	1174	1	1119699009
9	1174	1	1423336797
195	1175	1	1103266571
195	1175	1	1103269298
195	1175	1	1119699009
9	1175	1	1423336863
9	1176	1	1423336995
9	1177	1	1423337037
195	1178	1	1103266571
195	1178	1	1103269331
195	1178	1	1119699010
9	1178	1	1423337328
195	1179	1	1103266571
195	1179	1	1103269331
195	1179	1	1119699010
9	1179	1	1423337513
195	1180	1	1157052860
9	1180	1	1423337609
9	1181	1	1423337656
9	1182	1	1423337691
9	1183	1	1423337710
9	1184	1	1423337751
67	1185	1	1423371202
67	1186	1	1423377904
124	1186	1	1424432118
67	1187	1	1423708977
67	1188	1	1423941652
38	1189	1	1424322991
9	1189	1	1424459951
9	1189	1	1424459977
38	1190	1	1424323736
9	1190	1	1424459824
9	1190	1	1425058369
9	1190	1	1427776616
195	1191	1	1103266571
195	1191	1	1103269295
195	1191	1	1119699009
195	1191	1	1124495195
195	1191	1	1151781329
9	1191	1	1424330380
9	1192	1	1424330529
9	1193	1	1424330895
195	1194	1	1103266571
195	1194	1	1103269334
195	1194	1	1119699010
9	1194	1	1424331141
9	1194	1	1424331219
9	1195	1	1424331853
9	1196	1	1424331924
9	1197	1	1424332041
9	1198	1	1424332094
9	1199	1	1424332143
9	1200	1	1424332198
9	1201	1	1424332250
9	1202	1	1424332362
9	1203	1	1424332387
67	1204	1	1424393887
192	1204	1	1438202361
124	1205	1	1424432118
124	1206	1	1424432118
9	1207	1	1424505552
9	1207	1	1424507237
9	1207	1	1424507992
9	1207	1	1424508019
9	1207	1	1424508069
9	1207	1	1424508378
9	1207	1	1424508893
9	1207	1	1424510191
9	1207	1	1424510830
9	1207	1	1424511876
9	1207	1	1424514520
9	1207	1	1424520509
9	1207	1	1424544343
9	1208	1	1424520650
195	1209	1	1103266571
195	1209	1	1103269327
195	1209	1	1119699010
9	1209	1	1424525899
9	1209	1	1424525933
9	1209	1	1424526206
9	1209	1	1424526429
9	1209	1	1424526648
9	1209	1	1424526811
9	1209	1	1424527411
9	1209	1	1424529597
9	1209	1	1424529934
9	1209	1	1424529980
9	1209	1	1424530013
9	1209	1	1424603001
9	1209	1	1424603390
9	1209	1	1424603590
9	1209	1	1424604716
9	1209	1	1424604834
9	1209	1	1425364074
9	1210	1	1424533019
9	1211	1	1424534641
9	1212	1	1424534798
9	1213	1	1424534854
9	1214	1	1424536133
9	1214	1	1424536513
196	1214	1	1427169571
9	1215	1	1424536314
9	1216	1	1424536818
9	1217	1	1424536965
9	1218	1	1424537073
67	1219	1	1424583640
192	1219	1	1438202209
9	1220	1	1424585424
67	1221	1	1424585740
54	1221	1	1438221474
9	1222	1	1424585936
9	1222	1	1424586036
195	1223	1	1103266571
195	1223	1	1103269338
195	1223	1	1119699010
9	1223	1	1424587989
9	1224	1	1424590924
9	1224	1	1434111209
179	1224	1	1478122027
195	1225	1	1103266571
195	1225	1	1103269323
195	1225	1	1119699010
9	1225	1	1424620664
9	1225	1	1424622110
9	1225	1	1424622540
9	1225	1	1424622636
9	1225	1	1424622739
9	1225	1	1424623232
9	1225	1	1428862023
9	1225	1	1428862220
9	1225	1	1428862306
9	1225	1	1428862759
14	1226	1	1424701105
194	1226	1	1428345158
35	1227	1	1424775316
35	1227	1	1426070515
136	1228	1	1424786621
9	1228	1	1424791988
9	1228	1	1424792466
9	1228	1	1424794540
9	1228	1	1424794588
9	1228	1	1424794732
9	1228	1	1424795190
128	1228	1	1446796536
9	1229	1	1424792625
9	1230	1	1424792769
9	1231	1	1424792981
9	1232	1	1424795300
9	1232	1	1428636158
9	1232	1	1431711611
9	1232	1	1431711775
9	1232	1	1434111920
9	1232	1	1439825739
9	1232	1	1483011043
85	1232	1	1495527478
85	1232	1	1495527490
85	1232	1	1495527501
85	1232	1	1495527513
85	1232	1	1495527526
9	1233	1	1424795612
9	1234	1	1424795685
9	1235	1	1424795840
9	1236	1	1424795881
9	1237	1	1424795967
9	1238	1	1424795996
9	1239	1	1424796063
9	1240	1	1424796143
9	1241	1	1424796224
9	1242	1	1424796274
9	1243	1	1424796313
9	1244	1	1424796352
9	1245	1	1424796380
9	1246	1	1424796427
9	1247	1	1424796444
9	1248	1	1424796494
9	1249	1	1424796512
9	1250	1	1424796529
9	1251	1	1424796547
9	1252	1	1424796596
9	1253	1	1424796634
9	1254	1	1424797250
9	1255	1	1424797442
9	1256	1	1424797464
9	1257	1	1424797504
9	1258	1	1424797520
9	1259	1	1424797539
9	1260	1	1424797557
9	1261	1	1424797578
9	1262	1	1424797596
9	1263	1	1424797613
9	1264	1	1424797628
9	1265	1	1424797646
9	1266	1	1424797720
9	1267	1	1424797736
9	1268	1	1424797753
9	1268	1	1428261514
9	1269	1	1424797768
9	1270	1	1424797784
9	1271	1	1424797806
9	1272	1	1424797823
9	1273	1	1424797853
9	1274	1	1424797893
9	1275	1	1424797910
9	1276	1	1424797992
9	1277	1	1424798037
9	1278	1	1424798057
9	1279	1	1424798123
9	1280	1	1424798143
9	1281	1	1424798175
9	1282	1	1424798218
9	1283	1	1424798240
9	1284	1	1424798257
9	1285	1	1424798296
9	1286	1	1424798357
9	1287	1	1424798374
9	1288	1	1424798393
9	1289	1	1424798424
9	1290	1	1424798447
9	1291	1	1424798519
9	1292	1	1424798539
9	1293	1	1424798597
9	1294	1	1424798622
9	1295	1	1424798644
9	1296	1	1424798661
9	1297	1	1424798688
9	1298	1	1424798707
9	1299	1	1424798722
9	1300	1	1424798764
196	1300	1	1483841325
9	1301	1	1424798819
9	1302	1	1424798839
9	1302	1	1429472827
9	1303	1	1424799352
9	1304	1	1424799381
9	1305	1	1424799586
9	1306	1	1424799604
9	1307	1	1424799645
9	1308	1	1424799661
9	1309	1	1424799691
9	1310	1	1424799746
9	1311	1	1424799797
9	1312	1	1424799818
9	1313	1	1424799834
9	1314	1	1424799851
9	1315	1	1424799870
9	1316	1	1424799889
9	1317	1	1424799915
9	1318	1	1424799931
9	1319	1	1424799947
9	1320	1	1424799962
9	1321	1	1424799976
9	1322	1	1424799995
9	1323	1	1424800093
9	1324	1	1424800109
9	1325	1	1424800143
9	1326	1	1424800173
9	1327	1	1424800190
9	1328	1	1424800209
9	1329	1	1424800224
9	1330	1	1424800239
9	1331	1	1424800273
9	1332	1	1424800316
9	1333	1	1424800338
9	1334	1	1424800358
9	1335	1	1424800394
9	1336	1	1424800472
9	1337	1	1424800512
9	1338	1	1424800541
9	1339	1	1424800569
9	1340	1	1424800593
9	1341	1	1424800672
9	1342	1	1424800701
9	1343	1	1424800724
9	1344	1	1424800754
9	1345	1	1424800815
9	1346	1	1424800853
9	1347	1	1424800889
9	1348	1	1424800934
9	1349	1	1424800954
9	1350	1	1424800979
9	1351	1	1424801000
9	1352	1	1424801043
9	1353	1	1424801086
9	1354	1	1424801108
9	1355	1	1424801133
9	1356	1	1424801158
9	1357	1	1424801186
35	1358	1	1424929684
9	1358	1	1424934967
197	1358	1	1426071023
197	1358	1	1426570512
197	1358	1	1426574272
197	1358	1	1426574319
197	1358	1	1426575917
197	1358	1	1426576032
197	1358	1	1426744907
197	1358	1	1430545584
9	1359	1	1425033723
9	1360	1	1425033723
9	1361	1	1425034773
9	1362	1	1425040228
9	1363	1	1425042625
9	1364	1	1425043365
9	1365	1	1425043365
9	1366	1	1425043458
9	1367	1	1425043458
9	1368	1	1425043678
9	1369	1	1425044198
9	1370	1	1425044199
9	1371	1	1425054408
9	1372	1	1425054716
9	1373	1	1425055326
9	1374	1	1425056037
9	1375	1	1425056232
9	1375	1	1425056239
9	1376	1	1425098485
9	1377	1	1425129782
9	1377	1	1425301784
9	1378	1	1425129837
9	1379	1	1425130090
14	1380	1	1425189150
9	1380	1	1425216060
14	1380	1	1429296599
9	1380	1	1496773363
9	1381	1	1425217681
9	1381	1	1425224823
9	1381	1	1425225743
9	1381	1	1425225938
9	1381	1	1425302147
9	1382	1	1425217698
9	1382	1	1425302010
9	1382	1	1496770470
9	1382	1	1496771032
9	1383	1	1425217829
9	1384	1	1425217872
9	1385	1	1425217910
9	1386	1	1425217999
9	1387	1	1425218060
9	1388	1	1425218092
9	1389	1	1425228014
9	1390	1	1425228257
9	1390	1	1425301476
9	1390	1	1425302272
9	1391	1	1425228342
9	1392	1	1425228374
9	1393	1	1425228476
9	1394	1	1425228554
9	1395	1	1425228599
9	1396	1	1425228708
9	1397	1	1425228805
9	1398	1	1425228823
9	1399	1	1425228832
9	1400	1	1425228880
9	1401	1	1425228883
9	1402	1	1425228885
9	1403	1	1425228910
9	1404	1	1425228933
9	1405	1	1425228937
9	1405	1	1425228991
9	1406	1	1425228950
9	1407	1	1425228964
9	1408	1	1425229001
9	1409	1	1425229012
9	1410	1	1425229034
9	1411	1	1425229042
9	1412	1	1425229077
9	1413	1	1425229092
9	1414	1	1425229101
9	1415	1	1425229106
9	1416	1	1425229110
9	1417	1	1425229124
9	1418	1	1425229153
9	1419	1	1425229169
9	1420	1	1425229181
9	1421	1	1425229187
9	1422	1	1425229190
9	1423	1	1425229207
9	1424	1	1425229242
9	1425	1	1425229255
9	1426	1	1425229261
9	1427	1	1425229266
9	1428	1	1425229269
9	1429	1	1425229309
9	1430	1	1425229326
9	1431	1	1425229336
9	1432	1	1425229343
9	1433	1	1425229350
9	1434	1	1425229358
9	1435	1	1425229376
9	1436	1	1425229406
9	1437	1	1425229424
9	1438	1	1425229430
9	1439	1	1425229433
9	1440	1	1425229450
9	1441	1	1425229459
9	1442	1	1425229472
9	1443	1	1425229488
9	1444	1	1425229492
9	1445	1	1425229514
9	1446	1	1425229544
9	1447	1	1425229557
9	1448	1	1425229562
9	1449	1	1425229568
9	1450	1	1425229576
9	1451	1	1425229592
9	1452	1	1425229603
9	1453	1	1425229623
9	1454	1	1425229639
9	1455	1	1425229645
9	1456	1	1425229651
9	1457	1	1425229655
9	1458	1	1425229671
9	1459	1	1425229681
9	1460	1	1425229697
9	1461	1	1425229701
9	1462	1	1425229710
9	1463	1	1425229714
9	1464	1	1425229721
9	1465	1	1425229743
9	1466	1	1425229756
9	1467	1	1425229769
9	1468	1	1425229794
9	1468	1	1425229824
9	1469	1	1425229797
9	1470	1	1425229801
9	1471	1	1425229842
9	1472	1	1425229857
9	1473	1	1425229869
9	1474	1	1425229874
9	1475	1	1425229888
9	1476	1	1425229893
9	1477	1	1425229904
9	1478	1	1425229934
9	1479	1	1425229942
9	1480	1	1425229950
9	1481	1	1425229966
9	1482	1	1425229968
9	1483	1	1425229981
9	1484	1	1425230003
9	1485	1	1425230007
9	1486	1	1425230017
9	1487	1	1425230040
9	1488	1	1425230057
9	1489	1	1425230073
9	1490	1	1425230077
9	1491	1	1425230080
9	1492	1	1425230090
9	1493	1	1425230096
9	1494	1	1425230147
9	1495	1	1425230151
9	1496	1	1425230157
9	1497	1	1425230162
9	1498	1	1425230178
9	1499	1	1425230183
9	1500	1	1425230191
9	1501	1	1425230209
9	1502	1	1425230213
9	1503	1	1425230217
9	1504	1	1425230231
9	1505	1	1425230238
9	1506	1	1425230254
9	1507	1	1425230262
9	1508	1	1425230275
9	1509	1	1425230282
9	1510	1	1425230286
9	1511	1	1425230338
9	1512	1	1425230355
9	1513	1	1425230358
9	1514	1	1425230366
9	1515	1	1425230376
198	1515	1	1486382248
9	1516	1	1425230387
9	1517	1	1425230400
9	1518	1	1425230414
9	1519	1	1425230422
9	1520	1	1425230425
9	1521	1	1425230429
9	1522	1	1425230452
9	1523	1	1425230463
9	1524	1	1425230477
9	1525	1	1425230497
9	1526	1	1425230502
9	1527	1	1425230517
9	1528	1	1425230550
9	1529	1	1425230565
9	1530	1	1425230579
9	1531	1	1425230585
9	1532	1	1425230599
9	1533	1	1425230603
9	1534	1	1425230645
9	1535	1	1425230654
9	1536	1	1425230684
9	1537	1	1425230698
9	1538	1	1425230701
9	1539	1	1425230716
9	1540	1	1425230733
9	1541	1	1425230740
9	1542	1	1425230756
9	1543	1	1425230760
9	1544	1	1425230768
9	1545	1	1425230787
9	1546	1	1425230799
9	1547	1	1425230803
9	1548	1	1425230819
9	1549	1	1425230823
9	1550	1	1425230916
9	1550	1	1425230947
9	1551	1	1425230930
9	1552	1	1425231002
9	1553	1	1425231029
9	1554	1	1425231060
9	1555	1	1425231128
9	1556	1	1425231201
9	1556	1	1425231262
9	1557	1	1425231234
9	1558	1	1425231325
9	1559	1	1425300296
9	1560	1	1425300306
9	1561	1	1425300317
9	1562	1	1425300332
9	1563	1	1425300338
9	1564	1	1425300344
9	1565	1	1425300360
9	1566	1	1425300370
9	1567	1	1425300377
9	1568	1	1425300390
9	1569	1	1425300392
9	1570	1	1425300397
9	1571	1	1425300419
9	1572	1	1425300424
9	1573	1	1425300430
9	1574	1	1425300443
9	1575	1	1425300445
9	1576	1	1425300449
9	1577	1	1425300471
9	1578	1	1425300486
9	1579	1	1425300493
9	1580	1	1425300495
9	1581	1	1425300510
9	1582	1	1425300518
9	1583	1	1425300527
9	1584	1	1425300548
9	1585	1	1425300549
9	1586	1	1425300559
9	1587	1	1425300583
9	1588	1	1425300590
9	1589	1	1425300600
9	1590	1	1425300610
9	1591	1	1425300614
9	1592	1	1425300659
9	1593	1	1425300674
9	1594	1	1425300685
9	1595	1	1425300697
9	1596	1	1425300701
9	1597	1	1425300723
9	1598	1	1425300730
9	1599	1	1425300737
9	1600	1	1425300760
9	1601	1	1425300761
9	1602	1	1425300765
9	1603	1	1425300792
9	1604	1	1425300799
9	1605	1	1425300799
9	1606	1	1425300815
9	1607	1	1425300820
9	1608	1	1425300857
9	1609	1	1425300859
9	1610	1	1425300872
9	1611	1	1425300888
9	1612	1	1425300892
9	1613	1	1425300894
9	1614	1	1425301516
9	1614	1	1425302409
9	1615	1	1425301553
9	1616	1	1425301628
9	1617	1	1425301725
9	1618	1	1425301828
9	1619	1	1425301866
9	1620	1	1425302170
138	1621	1	1425546779
138	1622	1	1425546780
138	1623	1	1425546780
9	1624	1	1425550515
9	1624	1	1425550562
9	1624	1	1425551892
9	1624	1	1425551950
9	1624	1	1425551994
9	1624	1	1425552031
9	1625	1	1425552584
9	1626	1	1425553092
9	1626	1	1425553129
9	1627	1	1425645027
9	1628	1	1425836434
199	1629	1	1425848743
9	1630	1	1426309162
9	1630	1	1497955634
9	1631	1	1426309203
9	1632	1	1426309247
9	1633	1	1426309306
9	1634	1	1426315942
9	1634	1	1426315970
9	1634	1	1426316053
9	1634	1	1426316085
9	1634	1	1426316271
9	1635	1	1426316053
195	1636	1	1119822397
9	1636	1	1426339635
9	1637	1	1426340056
9	1638	1	1426340324
9	1639	1	1426340408
9	1640	1	1426340885
9	1640	1	1426340917
9	1641	1	1426341109
9	1641	1	1426341197
9	1642	1	1426341161
9	1643	1	1426576824
9	1643	1	1426578282
67	1644	1	1426642971
197	1645	1	1426745016
35	1646	1	1426792991
35	1646	1	1426793094
9	1646	1	1426873380
21	1647	1	1426840844
18	1647	1	1429233852
21	1647	1	1429245775
21	1648	1	1426840844
18	1648	1	1429233852
21	1648	1	1429245775
21	1649	1	1426840844
21	1649	1	1426844456
18	1649	1	1429233852
21	1649	1	1429245775
21	1650	1	1426840844
18	1650	1	1429233852
21	1650	1	1429245775
21	1651	1	1426840844
18	1651	1	1429233852
21	1651	1	1429245775
21	1652	1	1426840845
18	1652	1	1429233852
21	1652	1	1429245775
21	1653	1	1426840845
18	1653	1	1429233852
21	1653	1	1429245776
21	1654	1	1426840845
18	1654	1	1429233852
21	1654	1	1429245783
21	1655	1	1426840849
18	1655	1	1429233852
21	1655	1	1429245786
21	1656	1	1426840849
21	1657	1	1426840849
21	1658	1	1426840849
18	1658	1	1429233856
21	1658	1	1429245786
21	1659	1	1426840858
18	1659	1	1429233856
21	1659	1	1429245789
21	1660	1	1426840859
18	1660	1	1429233856
21	1660	1	1429245789
21	1661	1	1426840859
18	1661	1	1429233856
21	1661	1	1429245790
21	1662	1	1426840859
18	1662	1	1429233856
21	1662	1	1429245794
21	1663	1	1426840860
18	1663	1	1429233856
21	1663	1	1429245795
21	1664	1	1426840860
18	1664	1	1429233856
21	1664	1	1429245795
21	1665	1	1426840862
18	1665	1	1429233856
21	1665	1	1429245795
21	1666	1	1426840862
18	1666	1	1429233856
21	1666	1	1429245795
9	1667	1	1427287396
9	1667	1	1427289361
9	1667	1	1427308603
9	1667	1	1427312471
9	1667	1	1431687988
195	1668	1	1151781330
9	1668	1	1427289266
9	1669	1	1427775790
9	1669	1	1427775823
9	1669	1	1427776409
9	1669	1	1453658156
9	1670	1	1427776460
9	1671	1	1427824629
9	1672	1	1428255893
9	1672	1	1428256579
9	1672	1	1428256707
200	1672	1	1428257045
200	1672	1	1428257280
9	1672	1	1428259787
14	1672	1	1428277762
14	1672	1	1428278032
9	1672	1	1428313411
201	1672	1	1428319359
8	1672	1	1428336649
162	1672	1	1428343951
185	1672	1	1428403582
187	1672	1	1428404964
10	1672	1	1428430708
9	1672	1	1428838684
9	1672	1	1428839676
9	1673	1	1428256183
9	1674	1	1428256286
9	1675	1	1428256319
9	1676	1	1428256667
9	1677	1	1428259621
9	1678	1	1428259671
9	1679	1	1428261197
195	1680	1	1140919970
9	1680	1	1428261621
195	1681	1	1103266571
195	1681	1	1103269307
195	1681	1	1119699009
9	1681	1	1428261688
195	1682	1	1103266571
195	1682	1	1103269309
195	1682	1	1119699009
9	1682	1	1428262050
9	1682	1	1428262067
9	1682	1	1428313794
9	1683	1	1428262136
9	1684	1	1428262164
9	1685	1	1428262248
195	1686	1	1103266571
195	1686	1	1103269312
195	1686	1	1119699010
9	1686	1	1428262309
9	1687	1	1428262371
195	1688	1	1103266571
195	1688	1	1103269312
195	1688	1	1119699010
9	1688	1	1428262430
9	1689	1	1428262483
9	1690	1	1428262600
195	1691	1	1103266571
195	1691	1	1103269312
195	1691	1	1119699010
9	1691	1	1428262638
195	1692	1	1119822395
9	1692	1	1428262697
9	1693	1	1428262757
195	1694	1	1103266571
195	1694	1	1103269312
195	1694	1	1119699010
9	1694	1	1428262785
9	1695	1	1428262829
9	1696	1	1428262881
9	1697	1	1428262920
9	1698	1	1428262946
195	1699	1	1103266571
195	1699	1	1103269312
195	1699	1	1119699010
9	1699	1	1428262980
195	1700	1	1103266571
195	1700	1	1103269312
195	1700	1	1119699010
195	1700	1	1119822396
9	1700	1	1428263066
9	1701	1	1428263188
195	1702	1	1119822396
9	1702	1	1428263222
9	1703	1	1428263406
195	1704	1	1103266571
195	1704	1	1103269312
195	1704	1	1119699010
195	1704	1	1143528784
9	1704	1	1428263442
9	1705	1	1428263613
9	1706	1	1428263731
9	1707	1	1428344767
194	1708	1	1428345158
194	1709	1	1428345158
9	1710	1	1428427382
9	1711	1	1428427413
9	1712	1	1428432825
9	1712	1	1428433190
9	1713	1	1428572861
9	1714	1	1428636749
9	1715	1	1428838876
9	1715	1	1428838999
9	1715	1	1428839084
9	1715	1	1428839221
9	1715	1	1428839264
9	1715	1	1428839311
9	1715	1	1428839348
9	1715	1	1428839456
9	1715	1	1428839522
9	1716	1	1428919578
96	1717	1	1429212176
9	1718	1	1429380849
9	1718	1	1429381331
9	1718	1	1429381450
9	1719	1	1429380933
9	1719	1	1429381281
9	1720	1	1429381005
9	1720	1	1429381305
9	1720	1	1429381682
9	1721	1	1429381828
9	1722	1	1429381844
9	1722	1	1429381990
9	1723	1	1429381852
9	1724	1	1429381881
9	1725	1	1429381928
9	1726	1	1429382006
9	1727	1	1429382041
9	1728	1	1429472733
9	1729	1	1429603049
9	1729	1	1429603209
9	1729	1	1429603417
190	1730	1	1430130402
190	1731	1	1430130751
9	1732	1	1430376080
9	1733	1	1430732500
9	1733	1	1430733104
9	1734	1	1430732584
9	1735	1	1430732671
9	1736	1	1430732978
9	1737	1	1430732997
202	1738	1	1431474716
9	1739	1	1431509805
8	1739	1	1431510300
200	1739	1	1431512083
162	1739	1	1431513200
201	1739	1	1431519481
9	1739	1	1431530194
9	1739	1	1431590560
14	1739	1	1431625736
14	1739	1	1431625910
9	1739	1	1431711316
9	1740	1	1431530194
12	1741	1	1432210730
9	1741	1	1432235618
162	1742	1	1432590043
162	1742	1	1432590450
162	1742	1	1432591219
9	1742	1	1432712483
9	1742	1	1432712505
162	1743	1	1432591219
195	1744	1	1103266571
195	1744	1	1103269320
195	1744	1	1119699010
195	1744	1	1131578809
9	1744	1	1432711662
9	1744	1	1432711793
9	1744	1	1432712209
9	1745	1	1432713204
9	1746	1	1432713246
9	1747	1	1432713297
9	1748	1	1432713421
9	1749	1	1432713483
9	1750	1	1432713560
9	1751	1	1432713611
9	1752	1	1432713660
9	1753	1	1432713691
9	1754	1	1432713940
9	1755	1	1432714112
9	1756	1	1433181934
195	1757	1	1140919969
195	1757	1	1151781329
9	1757	1	1433927141
9	1758	1	1434110645
9	1758	1	1434110923
9	1758	1	1453658143
9	1759	1	1434111653
9	1760	1	1434112396
85	1760	1	1496580815
85	1760	1	1496580869
85	1760	1	1496580925
9	1760	1	1500186445
9	1761	1	1434556449
203	1761	1	1454196662
9	1762	1	1435800601
9	1763	1	1435800744
9	1764	1	1435800881
9	1765	1	1435801567
9	1766	1	1435801760
9	1766	1	1435801844
9	1767	1	1435802566
9	1768	1	1436267723
9	1768	1	1436268041
9	1768	1	1436268089
192	1769	1	1438202209
192	1770	1	1438202361
204	1771	1	1438645183
9	1772	1	1439825522
9	1772	1	1439825563
9	1772	1	1453833937
9	1772	1	1496817420
9	1773	1	1439826041
196	1773	1	1483841327
9	1774	1	1439826118
9	1775	1	1439826246
9	1775	1	1453782531
9	1775	1	1453783058
9	1776	1	1439826326
9	1777	1	1439826448
9	1778	1	1440483736
9	1778	1	1440483799
9	1778	1	1440483827
9	1779	1	1440483919
9	1780	1	1440484274
205	1781	1	1441074580
206	1782	1	1441161401
206	1782	1	1441567369
206	1782	1	1442131697
207	1783	1	1441238941
207	1783	1	1443323956
9	1784	1	1442340521
204	1785	1	1443816905
204	1786	1	1443816906
204	1787	1	1443816906
204	1788	1	1443816906
204	1789	1	1443816906
204	1790	1	1443816906
204	1791	1	1443816906
9	1792	1	1443968319
9	1792	1	1443968742
8	1792	1	1444106260
201	1792	1	1444106422
12	1792	1	1444136139
162	1792	1	1444155121
10	1792	1	1444320045
14	1792	1	1444484172
9	1792	1	1444711320
208	1792	1	1444942368
9	1793	1	1443968844
9	1794	1	1443968925
9	1795	1	1443969049
9	1796	1	1443969095
9	1797	1	1444105458
209	1798	1	1444682097
209	1799	1	1444682627
136	1800	1	1445367725
9	1801	1	1445532392
176	1801	1	1494307757
185	1802	1	1446196039
9	1802	1	1453833230
9	1802	1	1473940840
9	1802	1	1496773464
9	1802	1	1496773523
210	1803	1	1449114776
9	1804	1	1449581930
9	1804	1	1449581993
130	1805	1	1451502300
130	1806	1	1451502366
130	1807	1	1451505781
9	1808	1	1453656923
9	1809	1	1453782010
9	1809	1	1453782264
9	1809	1	1453782347
9	1809	1	1453783150
9	1809	1	1453831782
9	1809	1	1453832231
9	1809	1	1487791135
9	1810	1	1453783178
9	1811	1	1453832382
9	1812	1	1453833399
9	1813	1	1453833447
9	1814	1	1453834392
9	1814	1	1453835764
9	1814	1	1453837373
9	1814	1	1453837683
9	1814	1	1453838559
9	1815	1	1453834469
9	1816	1	1453834556
9	1816	1	1453835361
9	1816	1	1454915148
9	1816	1	1454922778
9	1817	1	1453834653
9	1818	1	1453834780
9	1819	1	1453834853
9	1820	1	1453835002
9	1821	1	1453835025
9	1822	1	1453835125
9	1823	1	1453835253
9	1824	1	1453835879
9	1825	1	1453835987
9	1825	1	1453836289
9	1826	1	1453837831
9	1827	1	1453837861
9	1827	1	1453837952
9	1828	1	1453838052
9	1829	1	1453838367
9	1829	1	1453838406
9	1829	1	1454923037
9	1829	1	1454923087
9	1830	1	1453838653
9	1830	1	1454914967
9	1831	1	1453838798
9	1831	1	1453838940
9	1831	1	1454923488
9	1831	1	1454923958
9	1831	1	1454924162
9	1831	1	1454924199
9	1832	1	1454913549
9	1833	1	1454913633
9	1834	1	1454913799
9	1835	1	1454914123
9	1835	1	1454914213
9	1836	1	1454914294
9	1837	1	1454914427
9	1838	1	1454914803
9	1839	1	1454915367
9	1840	1	1454915439
9	1841	1	1454915596
9	1842	1	1454915792
9	1842	1	1454915814
9	1843	1	1454915893
9	1844	1	1454915978
9	1844	1	1454916145
9	1845	1	1454916254
9	1846	1	1454916354
9	1847	1	1454924162
9	1848	1	1454924495
9	1849	1	1454924614
9	1850	1	1454924805
9	1850	1	1454924863
9	1851	1	1455371486
9	1851	1	1455371540
9	1852	1	1459085897
9	1852	1	1459085926
9	1853	1	1460532855
9	1853	1	1460532889
9	1853	1	1496773285
9	1854	1	1460618553
211	1854	1	1460620049
211	1854	1	1460620193
162	1854	1	1460622515
14	1854	1	1460632806
12	1854	1	1460733015
9	1854	1	1460793738
9	1854	1	1460823946
181	1855	1	1461695571
130	1856	1	1462383587
212	1857	1	1463824381
122	1858	1	1463858231
122	1858	1	1463858497
122	1858	1	1463858617
122	1858	1	1463858926
9	1858	1	1465154501
122	1859	1	1463858789
122	1859	1	1463859198
122	1859	1	1463859487
122	1860	1	1463859351
213	1861	1	1464601392
213	1861	1	1464601430
213	1861	1	1464601447
9	1862	1	1465154533
9	1862	1	1465154612
9	1863	1	1465154641
9	1864	1	1466849484
9	1865	1	1466849693
9	1866	1	1466849770
9	1867	1	1466849854
9	1868	1	1466849907
9	1869	1	1466849967
9	1870	1	1466850028
9	1871	1	1466850164
9	1872	1	1466850211
214	1873	1	1466968243
214	1873	1	1466968313
214	1873	1	1466968349
214	1873	1	1466968381
122	1874	1	1467909762
122	1875	1	1467910301
122	1875	1	1467911326
122	1875	1	1467912089
122	1875	1	1467912449
192	1876	1	1472140021
192	1877	1	1472140021
9	1878	1	1472749271
9	1879	1	1473941345
9	1880	1	1473942064
9	1881	1	1473942147
9	1882	1	1473942501
9	1883	1	1483009663
9	1883	1	1483010353
9	1884	1	1483010820
9	1885	1	1483010859
9	1886	1	1483010919
198	1887	1	1486385275
129	1888	1	1487253643
25	1889	1	1487787246
25	1889	1	1487787304
9	1889	1	1487791584
25	1889	1	1487833483
25	1889	1	1487833535
25	1889	1	1487834871
25	1889	1	1487867387
9	1890	1	1487791062
9	1891	1	1487791614
9	1892	1	1487791738
9	1892	1	1487791777
25	1893	1	1487959129
25	1893	1	1487959356
25	1893	1	1487959536
25	1893	1	1487959690
9	1893	1	1496773689
25	1894	1	1492866262
25	1894	1	1492866317
25	1895	1	1492866657
25	1895	1	1492866733
25	1896	1	1492867094
25	1896	1	1492867145
176	1897	1	1494238222
83	1898	1	1495662854
15	1899	1	1495877255
15	1899	1	1495877289
15	1899	1	1495877308
15	1899	1	1495877546
15	1899	1	1495877574
15	1899	1	1495877761
15	1899	1	1495878183
15	1899	1	1495878415
15	1899	1	1495878550
15	1899	1	1495878623
15	1899	1	1495878858
15	1899	1	1495880242
15	1899	1	1495880471
9	1899	1	1496773214
15	1900	1	1495877892
15	1901	1	1495877942
15	1902	1	1495877986
176	1903	1	1496518886
9	1904	1	1496769553
9	1905	1	1496770067
9	1906	1	1496770123
9	1907	1	1496770501
9	1908	1	1496770573
9	1909	1	1496770617
9	1910	1	1496770695
9	1911	1	1496770951
9	1912	1	1496771716
9	1913	1	1496772788
9	1914	1	1496772895
9	1915	1	1496773896
9	1916	1	1496773994
9	1917	1	1496774132
9	1918	1	1496818782
9	1918	1	1496818905
9	1919	1	1496818885
9	1920	1	1496819029
9	1920	1	1496819063
9	1921	1	1496819176
9	1922	1	1496819252
9	1923	1	1496819327
114	1924	1	1497570715
9	1925	1	1497956433
9	1926	1	1499365911
162	1926	1	1499367887
215	1926	1	1499377756
216	1926	1	1499395637
217	1926	1	1499425824
176	1926	1	1499494553
9	1926	1	1499506618
15	1926	1	1499507373
15	1926	1	1499507390
15	1926	1	1499507414
15	1926	1	1499507431
218	1926	1	1499510096
218	1926	1	1499510223
219	1926	1	1499535915
11	1926	1	1499545195
220	1926	1	1499566453
187	1926	1	1499576235
32	1926	1	1499657705
176	1926	1	1499659069
12	1926	1	1499714337
12	1926	1	1499714379
136	1926	1	1499714850
174	1926	1	1499761316
198	1926	1	1499828774
9	1926	1	1499843915
9	1926	1	1499844761
9	1926	1	1499844811
9	1926	1	1499877748
215	1927	1	1499377825
9	1928	1	1499494563
9	1929	1	1499494599
9	1930	1	1499494663
9	1930	1	1499494854
9	1931	1	1499494725
122	1932	1	1499498658
34	1932	1	1499500546
9	1932	1	1499506444
9	1932	1	1499506561
9	1932	1	1499506646
34	1933	1	1499500636
34	1934	1	1499500667
9	1935	1	1499506561
56	1935	1	1499511412
9	1936	1	1499526520
9	1937	1	1499526582
9	1938	1	1499526629
9	1939	1	1499526698
220	1940	1	1499566510
176	1941	1	1499658904
176	1942	1	1499658946
9	1943	1	1499878261
9	1944	1	1499879083
9	1945	1	1500185263
9	1945	1	1500185768
9	1945	1	1500185932
176	1945	1	1500186959
176	1946	1	1500186571
176	1947	1	1500186619
221	1948	1	1500541179
