% bip positive
1	1	1	1100381538
2	1	1	1134603958
2	1	1	1185233464
3	1	1	1185266703
4	1	1	1199171322
4	1	1	1199171591
5	1	1	1210761173
6	1	1	1235263935
1	2	1	1100381498
7	3	1	1101814954
7	3	1	1141251558
7	3	1	1141251701
8	3	1	1141994065
8	3	1	1141994152
9	3	1	1420221201
10	3	1	1429228810
11	4	1	1112625107
12	5	1	1112696193
12	5	1	1113680455
10	5	1	1429228818
13	6	1	1115340477
10	6	1	1429228818
14	7	1	1118216489
10	7	1	1429228809
15	8	1	1169908038
15	8	1	1173211289
15	8	1	1180660594
16	8	1	1186802527
16	8	1	1189965734
17	8	1	1191581235
18	8	1	1191812462
19	8	1	1191823133
2	8	1	1191832550
20	8	1	1204121576
19	8	1	1206513608
21	9	1	1125346122
21	9	1	1125346169
21	9	1	1133305247
22	10	1	1168019073
15	10	1	1169192807
23	10	1	1170715660
24	10	1	1171820799
24	10	1	1173170278
24	10	1	1174298296
23	10	1	1177351618
15	10	1	1179677800
15	10	1	1180276601
25	10	1	1184257881
16	10	1	1186783381
19	10	1	1191347879
17	10	1	1191581257
18	10	1	1191812485
2	10	1	1191832680
26	10	1	1191840866
27	10	1	1191881866
20	10	1	1194041444
28	10	1	1194222711
19	10	1	1195437976
19	10	1	1200129945
29	10	1	1205174274
19	10	1	1206136623
19	10	1	1210188190
30	11	1	1127789116
10	11	1	1429228813
31	12	1	1129672945
31	12	1	1130063304
31	12	1	1148578618
32	13	1	1130861072
21	13	1	1131185747
21	13	1	1135901206
33	13	1	1166040657
34	13	1	1200165108
35	13	1	1431810721
21	14	1	1131185528
21	14	1	1133305365
36	15	1	1131904166
9	15	1	1420228258
10	15	1	1429228811
2	16	1	1134603774
24	16	1	1155875014
24	16	1	1166327303
15	16	1	1169734195
15	16	1	1173211351
15	16	1	1174184490
15	16	1	1179676617
15	16	1	1180089246
25	16	1	1181377154
37	16	1	1185795662
37	16	1	1185795906
37	16	1	1185796626
16	16	1	1186804422
16	16	1	1189621086
38	16	1	1190145800
18	16	1	1191812440
19	16	1	1191823136
39	16	1	1191840836
27	16	1	1191881310
19	16	1	1192213873
40	16	1	1192221380
28	16	1	1192670723
19	16	1	1192883819
19	16	1	1193735030
16	16	1	1195874637
19	16	1	1195961926
41	16	1	1196016852
19	16	1	1196632197
19	16	1	1196675385
19	16	1	1196683583
19	16	1	1197153186
19	16	1	1197329146
28	16	1	1198262623
38	16	1	1199402348
38	16	1	1199403055
29	16	1	1200516941
19	16	1	1200628815
19	16	1	1201725520
19	16	1	1202337878
28	16	1	1203938285
29	16	1	1204713234
20	16	1	1205550314
20	16	1	1205745987
29	16	1	1207683573
19	16	1	1208226912
19	16	1	1210257655
42	17	1	1135084382
42	17	1	1135085377
42	17	1	1135085653
10	17	1	1429228811
43	18	1	1135313280
44	19	1	1137530125
10	19	1	1429228811
45	20	1	1138053979
46	21	1	1138289492
10	21	1	1429228810
21	22	1	1143006469
18	22	1	1191812429
2	22	1	1191832310
8	23	1	1141993481
47	24	1	1143807939
47	24	1	1143885347
48	25	1	1145059160
48	26	1	1145060325
49	27	1	1146339142
31	28	1	1148578758
50	29	1	1155476414
10	29	1	1429228821
51	31	1	1163618602
24	31	1	1163621222
24	31	1	1167673837
24	31	1	1169408912
24	31	1	1170832670
24	31	1	1172216562
24	31	1	1173550328
24	31	1	1173600135
24	31	1	1173630216
24	31	1	1173641878
24	31	1	1173645268
24	31	1	1173734090
24	31	1	1174241619
24	31	1	1174247092
24	31	1	1178348094
24	31	1	1178398045
24	31	1	1179044897
24	31	1	1190054390
24	31	1	1194692059
24	31	1	1198507069
24	31	1	1198586706
24	31	1	1201467806
24	31	1	1204296976
24	31	1	1207689984
51	32	1	1163618613
52	33	1	1165407835
33	34	1	1166125885
33	35	1	1166125906
33	35	1	1167604307
33	35	1	1167604342
53	36	1	1166474269
54	37	1	1166634859
4	38	1	1166867867
19	38	1	1200150887
22	39	1	1168019097
15	40	1	1168798381
15	40	1	1207846132
15	40	1	1210804086
55	41	1	1168890380
55	41	1	1168891416
55	41	1	1168962425
55	41	1	1168963583
55	41	1	1169297118
55	41	1	1169300054
55	41	1	1169301399
55	41	1	1169302412
55	41	1	1169303509
55	41	1	1169307347
55	41	1	1169663176
55	41	1	1169747832
55	41	1	1172409591
55	41	1	1173973871
23	42	1	1169318586
23	42	1	1209296896
56	43	1	1208942304
57	44	1	1169731773
3	45	1	1169753716
3	45	1	1190757268
3	45	1	1190758350
10	45	1	1429228809
2	46	1	1182465919
58	46	1	1200262593
58	46	1	1200263611
58	46	1	1200340180
58	46	1	1208788802
59	47	1	1171592243
59	47	1	1194153645
59	47	1	1195334621
60	48	1	1172011989
60	48	1	1172012005
60	48	1	1172012260
60	48	1	1172012301
60	48	1	1172012372
60	48	1	1172012739
60	48	1	1172013708
60	48	1	1172029440
60	48	1	1172034462
15	48	1	1172444329
25	48	1	1174691833
15	48	1	1179067145
23	48	1	1181290271
15	48	1	1185756011
16	48	1	1188052563
18	48	1	1191812473
2	48	1	1191832640
28	48	1	1191894083
28	48	1	1192824383
28	48	1	1197109821
29	48	1	1202370568
16	48	1	1203109054
20	48	1	1206867363
61	48	1	1460818342
60	49	1	1172026351
60	49	1	1172026362
60	49	1	1172096808
60	49	1	1173411186
60	49	1	1173411199
60	49	1	1174882732
60	49	1	1174882744
60	49	1	1176419286
60	49	1	1176419358
60	49	1	1176524965
60	49	1	1176575019
60	49	1	1176958105
60	49	1	1177462607
60	49	1	1177597331
60	49	1	1177647636
60	49	1	1191699155
20	50	1	1172597387
20	50	1	1175968840
20	50	1	1178300658
20	50	1	1181229563
20	50	1	1181233070
20	50	1	1181760091
20	50	1	1200863792
62	51	1	1172719488
62	52	1	1172719524
62	52	1	1175995341
62	52	1	1176655396
62	52	1	1177641507
62	52	1	1178506454
62	53	1	1172719596
62	54	1	1172719608
62	54	1	1173241441
62	55	1	1172719616
62	56	1	1173241624
24	57	1	1173606846
24	57	1	1173633202
24	57	1	1173638507
24	57	1	1173645260
24	57	1	1173688046
24	57	1	1173734081
24	57	1	1174241629
24	57	1	1174247107
24	57	1	1178357202
24	57	1	1178388370
24	57	1	1179050047
24	57	1	1190054324
24	57	1	1194699649
24	57	1	1198514609
24	57	1	1198586662
24	57	1	1201499952
24	57	1	1204298786
24	57	1	1207689979
24	58	1	1173606856
63	59	1	1174579302
64	60	1	1174691887
64	61	1	1174691921
62	62	1	1175995333
62	62	1	1176655390
62	62	1	1177641485
62	62	1	1178506449
62	63	1	1175995347
62	64	1	1176655403
62	65	1	1177641513
3	66	1	1177781691
3	66	1	1177781919
3	66	1	1177781950
60	66	1	1177906780
62	67	1	1178506459
41	68	1	1180147951
41	68	1	1196311057
65	69	1	1183017023
66	70	1	1184191780
66	70	1	1184191880
37	71	1	1185795662
18	71	1	1191812500
2	71	1	1191832709
16	73	1	1186762467
16	73	1	1187630110
16	73	1	1188595588
16	73	1	1189952199
16	73	1	1195329295
16	73	1	1198441755
16	73	1	1200223525
16	73	1	1200341572
16	73	1	1200418086
16	73	1	1206211744
67	74	1	1186693519
68	75	1	1186758672
69	75	1	1426650107
68	76	1	1186765158
3	77	1	1187285414
3	77	1	1187285447
70	78	1	1187788699
70	78	1	1187788727
70	78	1	1187788819
28	79	1	1188143850
28	79	1	1188151717
28	79	1	1197039127
28	79	1	1197058207
28	80	1	1188143855
28	80	1	1188145046
28	81	1	1188143860
28	81	1	1188150029
28	81	1	1197046000
28	81	1	1197051696
28	82	1	1188145046
2	83	1	1188307353
4	83	1	1199171828
56	83	1	1208941939
2	84	1	1188338609
71	85	1	1189089716
18	85	1	1191812533
2	85	1	1191832810
29	85	1	1194018130
72	85	1	1197568182
73	85	1	1202509092
56	85	1	1208942569
74	85	1	1269500965
75	86	1	1189932661
72	87	1	1189934259
19	87	1	1189940160
19	87	1	1196036834
19	87	1	1200135338
19	87	1	1200251918
72	88	1	1189935562
19	88	1	1189947230
19	88	1	1196036907
19	88	1	1200135185
19	88	1	1200251829
72	89	1	1189936028
38	90	1	1191153904
38	90	1	1198937976
38	90	1	1198938002
38	90	1	1199403025
10	90	1	1429228811
5	91	1	1191510133
76	92	1	1191567855
17	92	1	1191581214
2	92	1	1191832911
76	93	1	1191567876
77	94	1	1191679283
77	95	1	1191679469
77	95	1	1191679480
78	96	1	1191835766
26	97	1	1191840866
27	97	1	1191881999
27	97	1	1191882019
27	97	1	1191882119
6	98	1	1191889406
6	98	1	1329623995
40	101	1	1192221647
40	101	1	1192221659
28	101	1	1192823759
19	101	1	1194764551
24	101	1	1194886046
19	101	1	1195078970
16	101	1	1200766807
28	101	1	1200947548
73	101	1	1203255611
58	101	1	1209595678
20	101	1	1210022361
9	102	1	1192376540
9	102	1	1200090608
9	102	1	1206367291
2	103	1	1192458419
79	104	1	1192915874
29	105	1	1193418783
29	106	1	1193418808
29	106	1	1193928251
29	106	1	1194022994
29	106	1	1194026514
29	106	1	1194145980
29	106	1	1197125820
29	106	1	1197740231
29	106	1	1201277982
29	106	1	1201612265
29	106	1	1201791700
59	107	1	1194153661
59	108	1	1194153670
20	108	1	1195379835
28	108	1	1195772505
41	108	1	1196308866
28	108	1	1198099003
28	108	1	1200979973
73	108	1	1204226990
20	108	1	1204708692
20	108	1	1204716592
20	108	1	1205150952
20	108	1	1205688283
28	108	1	1207104712
59	109	1	1194153681
20	109	1	1195378805
28	109	1	1195771811
41	109	1	1196198127
28	109	1	1204535116
20	109	1	1204706448
20	109	1	1204714927
20	109	1	1205654617
28	109	1	1207103859
58	109	1	1209569128
19	110	1	1194806678
19	110	1	1195074485
28	110	1	1196876762
28	110	1	1199093105
16	110	1	1200765330
28	110	1	1200945458
24	110	1	1201898696
20	110	1	1206886851
24	110	1	1207229225
80	110	1	1207848257
80	110	1	1207849406
19	110	1	1208153647
29	110	1	1210440568
81	112	1	1195745609
10	112	1	1429228813
82	113	1	1196736026
83	114	1	1198416983
84	115	1	1199116699
38	116	1	1199402785
38	116	1	1199403061
4	116	1	1200277740
15	116	1	1201905801
19	116	1	1202148624
38	117	1	1199402790
38	117	1	1199403077
38	118	1	1199402989
38	119	1	1200769050
85	120	1	1201222845
86	120	1	1201224138
86	120	1	1201227048
86	120	1	1201366492
86	121	1	1201223525
87	122	1	1201343091
87	122	1	1201349969
87	122	1	1201722756
87	122	1	1202688326
87	123	1	1201345632
87	124	1	1201355649
88	125	1	1201366212
88	125	1	1201372484
73	126	1	1202507680
69	126	1	1426650103
73	127	1	1202507702
73	127	1	1202511402
73	127	1	1202638361
73	127	1	1202766965
73	127	1	1202795773
73	127	1	1202938825
73	127	1	1203093488
73	127	1	1203160593
73	127	1	1203583192
73	127	1	1203744968
73	127	1	1203759329
73	127	1	1204560307
73	127	1	1205614573
87	128	1	1203523620
89	129	1	1203972942
10	129	1	1429228818
90	130	1	1203973286
9	131	1	1205440577
9	131	1	1205443074
91	132	1	1205594570
92	133	1	1205617857
92	134	1	1205617862
93	135	1	1206421099
94	136	1	1206555720
95	137	1	1207303589
95	138	1	1207303645
56	138	1	1208942788
38	139	1	1208675193
96	140	1	1208875332
96	140	1	1208877013
56	141	1	1208941786
97	142	1	1209157214
98	143	1	1209572912
5	144	1	1210869368
6	145	1	1235263660
99	145	1	1410355945
100	146	1	1236561541
92	147	1	1236651487
94	148	1	1264356705
101	149	1	1312837508
6	150	1	1421018468
6	151	1	1423708657
6	152	1	1426642451
69	153	1	1426650050
10	153	1	1429228809
69	153	1	1429245647
69	154	1	1426650050
10	154	1	1429228810
69	154	1	1429245660
69	155	1	1426650050
10	155	1	1429228809
69	155	1	1429245661
69	156	1	1426650050
10	156	1	1429228809
69	156	1	1429245661
69	157	1	1426650050
10	157	1	1429228810
69	157	1	1429245661
69	158	1	1426650050
10	158	1	1429228809
69	158	1	1429245661
69	159	1	1426650050
10	159	1	1429228809
69	159	1	1429245661
69	160	1	1426650050
10	160	1	1429228810
69	160	1	1429245661
69	161	1	1426650051
10	161	1	1429228810
69	161	1	1429245664
69	162	1	1426650060
10	162	1	1429228810
69	162	1	1429245664
69	163	1	1426650060
10	163	1	1429228811
69	163	1	1429245664
69	164	1	1426650060
10	164	1	1429228811
69	164	1	1429245664
69	165	1	1426650064
10	165	1	1429228811
69	165	1	1429245664
69	166	1	1426650064
10	166	1	1429228811
69	166	1	1429245664
69	167	1	1426650065
10	167	1	1429228811
69	167	1	1429245667
69	168	1	1426650066
10	168	1	1429228811
69	168	1	1429245668
69	169	1	1426650066
10	169	1	1429228811
69	169	1	1429245668
69	170	1	1426650066
10	170	1	1429228811
69	170	1	1429245668
69	171	1	1426650067
10	171	1	1429228811
69	171	1	1429245668
69	172	1	1426650069
10	172	1	1429228811
69	172	1	1429245669
69	173	1	1426650072
10	173	1	1429228813
69	173	1	1429245669
69	174	1	1426650072
10	174	1	1429228813
69	174	1	1429245669
69	175	1	1426650082
10	175	1	1429228813
69	175	1	1429245669
69	176	1	1426650095
10	176	1	1429228813
69	176	1	1429245669
69	177	1	1426650095
10	177	1	1429228814
69	177	1	1429245669
69	178	1	1426650095
10	178	1	1429228814
69	178	1	1429245670
69	179	1	1426650096
10	179	1	1429228813
69	179	1	1429245670
69	180	1	1426650096
10	180	1	1429228813
69	180	1	1429245674
69	181	1	1426650097
10	181	1	1429228813
69	181	1	1429245674
69	182	1	1426650100
10	182	1	1429228813
69	182	1	1429245674
69	183	1	1426650100
69	184	1	1426650100
69	185	1	1426650100
10	185	1	1429228818
69	185	1	1429245675
69	186	1	1426650100
10	186	1	1429228818
69	186	1	1429245676
69	187	1	1426650102
10	187	1	1429228818
69	187	1	1429245678
69	188	1	1426650102
10	188	1	1429228818
69	188	1	1429245678
69	189	1	1426650103
10	189	1	1429228818
69	189	1	1429245678
69	190	1	1426650108
10	190	1	1429228818
69	190	1	1429245678
69	191	1	1426650108
10	191	1	1429228818
69	191	1	1429245678
69	192	1	1426650108
10	192	1	1429228817
69	192	1	1429245678
69	193	1	1426650108
10	193	1	1429228818
69	193	1	1429245681
69	194	1	1426650108
10	194	1	1429228821
69	194	1	1429245682
69	195	1	1426650111
10	195	1	1429228821
69	195	1	1429245686
69	196	1	1426650111
10	196	1	1429228821
69	196	1	1429245687
69	197	1	1426650112
10	197	1	1429228821
69	197	1	1429245699
102	198	1	1438644916
102	199	1	1443816329
102	200	1	1443816330
102	201	1	1443816330
102	202	1	1443816330
102	203	1	1443816331
102	204	1	1443816331
102	205	1	1443816331
