% bip positive
1	1	1	1191011823
1	1	1	1191012122
1	1	1	1191012201
1	1	1	1191012737
1	1	1	1191012848
1	1	1	1191013119
1	1	1	1191013353
1	1	1	1191013480
1	1	1	1191013537
1	1	1	1191016952
1	1	1	1191017057
1	1	1	1191018139
2	1	1	1191030488
1	1	1	1191103106
1	1	1	1191103367
1	1	1	1191103669
3	1	1	1191154758
1	1	1	1191170777
1	1	1	1191195846
1	1	1	1191195916
1	1	1	1191264678
1	1	1	1191264699
1	1	1	1191264713
1	1	1	1191270818
1	1	1	1191335342
1	1	1	1191335901
1	1	1	1191335923
1	1	1	1191335946
1	1	1	1191422802
1	1	1	1191423055
1	1	1	1191423068
1	1	1	1191423446
1	1	1	1191423931
1	1	1	1191524934
1	1	1	1191669568
1	1	1	1191770564
1	1	1	1191770781
1	1	1	1191952181
1	1	1	1191952217
1	1	1	1191952887
1	1	1	1191952900
1	1	1	1192009776
1	1	1	1192009991
4	1	1	1192027360
5	1	1	1192027776
1	1	1	1192035385
4	1	1	1192127367
1	1	1	1192140435
1	1	1	1192140750
1	1	1	1192141341
1	1	1	1192141440
1	1	1	1192141703
1	1	1	1192144478
1	1	1	1192181089
1	1	1	1192181178
1	1	1	1192181301
1	1	1	1192181914
1	1	1	1192182538
1	1	1	1192183155
1	1	1	1192183223
1	1	1	1193338716
1	1	1	1193338756
1	1	1	1193338775
1	1	1	1193338793
6	1	1	1195994575
7	1	1	1196010770
6	1	1	1196017626
6	1	1	1196018291
6	1	1	1196018391
1	1	1	1196025644
1	1	1	1196025943
8	1	1	1196092286
1	1	1	1196597425
2	1	1	1199746622
2	1	1	1199747063
9	1	1	1258568384
10	1	1	1260228564
10	1	1	1262688660
11	1	1	1264365711
10	1	1	1265049507
10	1	1	1285329059
10	1	1	1291614363
10	1	1	1294900234
12	1	1	1347410513
12	1	1	1347488926
12	1	1	1347529418
12	1	1	1347571694
12	1	1	1349843520
12	1	1	1349850989
12	1	1	1350664340
12	1	1	1371245036
13	1	1	1397218260
14	1	1	1497968608
14	1	1	1497978872
14	1	1	1497989752
14	1	1	1498153027
14	1	1	1498211271
14	1	1	1498220375
15	2	1	1195943214
15	3	1	1195943218
16	4	1	1195984832
16	5	1	1195984869
6	5	1	1195991565
6	5	1	1196009823
6	5	1	1196017671
6	5	1	1196020317
6	5	1	1196020407
6	5	1	1196021708
1	5	1	1196024492
6	5	1	1196066945
2	5	1	1197347218
2	5	1	1197347277
2	5	1	1197542119
2	5	1	1198553780
17	5	1	1254181957
17	5	1	1255553350
18	5	1	1269965759
19	5	1	1282537758
20	5	1	1332583367
21	5	1	1415156048
22	5	1	1415986578
22	5	1	1466776918
22	5	1	1467087697
6	6	1	1196009662
7	7	1	1196010770
1	8	1	1191171661
6	8	1	1196017670
1	9	1	1191103282
3	9	1	1191154744
6	9	1	1196017671
23	10	1	1193348421
6	10	1	1196017671
4	11	1	1193410359
6	11	1	1196017671
1	11	1	1196160437
24	12	1	1192786599
6	12	1	1196017671
24	13	1	1192786633
6	13	1	1196017671
1	14	1	1193962809
6	14	1	1196018042
1	14	1	1196024794
1	14	1	1196024841
1	14	1	1196758534
1	15	1	1192182208
1	15	1	1192182243
1	15	1	1192184074
1	15	1	1192187169
23	15	1	1193345217
23	15	1	1193345641
6	15	1	1196018043
1	15	1	1196024787
1	15	1	1196758541
1	15	1	1196775862
1	16	1	1191172049
1	16	1	1191172081
1	16	1	1191172167
1	16	1	1191172199
6	16	1	1196018043
1	16	1	1196081228
1	17	1	1191172104
1	17	1	1191172125
6	17	1	1196018043
1	18	1	1191171600
1	18	1	1191172301
1	18	1	1191670371
6	18	1	1196018043
1	18	1	1196081205
1	19	1	1191017188
1	19	1	1191017342
1	19	1	1191017514
1	19	1	1191017861
1	19	1	1191018022
1	19	1	1191165115
1	19	1	1191165309
1	19	1	1191165428
1	19	1	1191165850
1	19	1	1191166258
1	19	1	1191166349
6	19	1	1196018044
1	19	1	1196081084
1	19	1	1196081131
1	20	1	1191165974
1	20	1	1191166124
1	20	1	1191166356
6	20	1	1196018044
1	20	1	1196081172
1	21	1	1191017932
1	21	1	1191165114
6	21	1	1196018044
1	22	1	1191017611
1	22	1	1191165349
6	22	1	1196018044
1	23	1	1191103260
3	23	1	1191154709
6	23	1	1196018044
1	24	1	1192182910
1	24	1	1192182944
1	24	1	1192183008
1	24	1	1192183063
1	24	1	1192183099
1	24	1	1192183843
1	24	1	1192183876
1	24	1	1192194098
1	24	1	1192386933
1	24	1	1192741962
1	24	1	1192825730
1	24	1	1193261887
1	24	1	1193262225
1	24	1	1194180672
1	24	1	1194181011
1	24	1	1194876330
6	24	1	1196018045
6	24	1	1196018532
6	24	1	1196018981
1	24	1	1196076863
1	24	1	1196104698
1	24	1	1196104824
14	24	1	1498209447
14	24	1	1498219367
1	25	1	1193338765
6	25	1	1196018045
6	25	1	1196018557
1	26	1	1191017664
1	26	1	1191165340
6	26	1	1196018045
1	27	1	1191171312
1	27	1	1191171537
6	27	1	1196018045
6	27	1	1196019081
1	28	1	1194178274
1	28	1	1194178490
1	28	1	1194178529
1	28	1	1194178574
1	28	1	1194178661
1	28	1	1194179105
1	28	1	1194179413
1	28	1	1194179484
1	28	1	1194179589
1	28	1	1194179645
1	28	1	1194179748
1	28	1	1194179836
1	28	1	1194179942
6	28	1	1196018046
1	28	1	1196032494
1	29	1	1192035399
1	29	1	1192035468
1	29	1	1192035505
1	29	1	1192035533
1	29	1	1192035764
1	29	1	1192035833
1	29	1	1192035874
1	29	1	1192035914
1	29	1	1192035932
6	29	1	1196018047
1	29	1	1196028509
25	29	1	1206532009
26	29	1	1289952367
27	29	1	1376840195
28	29	1	1378261908
14	29	1	1498210032
14	29	1	1498212102
14	29	1	1498212224
14	29	1	1498216799
1	30	1	1191103243
3	30	1	1191154744
6	30	1	1196018047
1	31	1	1192141550
1	31	1	1192141590
1	31	1	1192141622
1	31	1	1192141871
1	31	1	1192141910
1	31	1	1192142080
1	31	1	1192142144
1	31	1	1192142299
1	31	1	1192142464
1	31	1	1192142578
1	31	1	1192142920
1	31	1	1192143103
1	31	1	1192143619
1	31	1	1192143839
1	31	1	1192144056
1	31	1	1192144154
1	31	1	1192145014
1	31	1	1192145327
1	31	1	1192145343
1	31	1	1192187470
1	31	1	1192187511
1	31	1	1192234858
1	31	1	1192296310
1	31	1	1192296345
1	31	1	1192361564
1	31	1	1192361676
1	31	1	1192386841
1	31	1	1193963108
1	31	1	1193963151
1	31	1	1193963211
1	31	1	1193963286
6	31	1	1196018049
6	31	1	1196018802
1	31	1	1197549317
14	31	1	1498211170
1	32	1	1191171419
6	32	1	1196018049
14	32	1	1498211954
1	33	1	1192183234
1	33	1	1192183287
1	33	1	1192183303
1	33	1	1192183359
1	33	1	1192183752
6	33	1	1196018049
6	33	1	1196018664
1	33	1	1196025542
1	33	1	1196025620
1	33	1	1196026151
1	33	1	1196026296
1	33	1	1196080524
1	33	1	1196080561
14	33	1	1497970645
4	34	1	1194356238
6	34	1	1196018211
1	34	1	1196103409
1	34	1	1196103429
8	34	1	1196162459
10	34	1	1256587930
29	34	1	1294602952
30	34	1	1297524889
31	34	1	1327798326
10	34	1	1330423779
10	34	1	1330443617
32	34	1	1342447158
33	34	1	1343432828
34	34	1	1397367655
1	35	1	1191423002
1	35	1	1191952587
1	35	1	1192386583
6	35	1	1196018211
1	35	1	1196084628
1	35	1	1196084654
10	35	1	1256619470
10	35	1	1330423409
33	35	1	1357400056
34	35	1	1397372740
4	36	1	1193410545
4	36	1	1193410563
4	36	1	1193410616
4	36	1	1193410639
4	36	1	1193410906
1	36	1	1193701830
6	36	1	1196018211
1	36	1	1196105194
1	37	1	1192825132
1	37	1	1192825346
6	37	1	1196018211
1	37	1	1196089264
8	37	1	1196092013
10	37	1	1256589344
33	37	1	1268425327
35	37	1	1296617359
30	37	1	1301072764
36	37	1	1310403582
35	37	1	1337739316
12	37	1	1343677601
10	37	1	1378761347
37	37	1	1439193708
1	38	1	1194177965
1	38	1	1194177998
1	38	1	1194178135
1	38	1	1194178666
1	38	1	1194178797
1	38	1	1194179144
1	38	1	1194179196
1	38	1	1194179998
6	38	1	1196018212
1	38	1	1196032345
1	38	1	1196102920
8	38	1	1196162479
10	38	1	1256591875
33	38	1	1267818271
10	38	1	1275756830
10	38	1	1279125458
35	38	1	1289791965
10	38	1	1297681644
10	38	1	1300266598
10	38	1	1300285865
36	38	1	1310347118
10	38	1	1370205228
10	38	1	1370213691
38	38	1	1376774465
10	38	1	1378759649
34	38	1	1397405359
4	39	1	1194018089
6	39	1	1196018212
10	39	1	1359444692
37	39	1	1439193718
1	40	1	1191016971
2	40	1	1191817543
1	40	1	1191952074
1	40	1	1192234217
1	40	1	1192749477
6	40	1	1196018212
1	40	1	1196080693
8	40	1	1196092316
2	40	1	1196639738
2	40	1	1199267882
35	40	1	1232750748
10	40	1	1256591855
33	40	1	1275211366
36	40	1	1315267895
10	40	1	1319762120
33	40	1	1347100445
39	40	1	1352861604
34	40	1	1397429686
1	41	1	1191264793
1	41	1	1191268353
1	41	1	1191268428
1	41	1	1191268613
1	41	1	1191268689
1	41	1	1191270747
1	41	1	1191770543
1	41	1	1191952756
1	41	1	1193397182
1	41	1	1193397346
4	41	1	1193573542
4	41	1	1193573922
4	41	1	1193574051
4	41	1	1193574102
4	41	1	1193683850
4	41	1	1193683895
4	41	1	1193684007
4	41	1	1193684199
4	41	1	1193684256
6	41	1	1196018213
1	41	1	1196122836
1	41	1	1196122853
1	42	1	1191103904
1	42	1	1191104122
1	42	1	1191237885
1	42	1	1191237932
1	42	1	1191952427
1	42	1	1192059760
1	42	1	1192059826
1	42	1	1192059900
23	42	1	1193346001
6	42	1	1196018213
1	42	1	1196080812
1	42	1	1196730458
2	42	1	1197347605
10	42	1	1256592429
10	42	1	1256806563
40	42	1	1258049566
40	42	1	1259748147
33	42	1	1268587409
10	42	1	1279120122
10	42	1	1280985847
10	42	1	1285327323
10	42	1	1288557909
41	42	1	1301782962
36	42	1	1310355758
10	42	1	1319764273
42	42	1	1332749424
12	42	1	1371244812
38	42	1	1377668408
34	42	1	1397506981
4	43	1	1194975022
4	43	1	1194975067
4	43	1	1194975090
6	43	1	1196018213
1	43	1	1196104938
1	43	1	1196105005
1	43	1	1196105022
8	43	1	1196162519
10	43	1	1256598033
43	43	1	1271276068
10	43	1	1294928523
36	43	1	1310425332
10	43	1	1359375540
34	43	1	1397513278
1	44	1	1192825134
1	44	1	1192825384
6	44	1	1196018213
1	44	1	1196089384
8	44	1	1196092196
10	44	1	1256601243
10	44	1	1256770571
10	44	1	1300270191
44	44	1	1354740021
44	44	1	1354740390
35	44	1	1355886778
34	44	1	1397533158
1	45	1	1191170854
1	45	1	1191170978
1	45	1	1191171055
1	45	1	1191171468
1	45	1	1191171547
1	45	1	1191172003
1	45	1	1191172837
1	45	1	1191172859
1	45	1	1191258257
1	45	1	1191260938
1	45	1	1191952467
45	45	1	1192482161
23	45	1	1193345593
6	45	1	1196018214
1	45	1	1196080973
8	45	1	1196092339
2	45	1	1199296951
35	45	1	1232750977
10	45	1	1256592913
46	45	1	1258470824
10	45	1	1294871953
10	45	1	1294908516
10	45	1	1300278908
36	45	1	1310553475
33	45	1	1340291082
12	45	1	1343669420
12	45	1	1350846560
10	45	1	1370202633
10	45	1	1370214438
34	45	1	1397536465
14	45	1	1498216441
14	45	1	1498217669
14	45	1	1498220863
1	46	1	1191670209
1	46	1	1191670412
1	46	1	1191952663
6	46	1	1196018215
1	46	1	1196084938
1	46	1	1196085066
1	46	1	1196085105
8	46	1	1196091991
2	46	1	1196785371
10	46	1	1256592947
10	46	1	1300268634
47	46	1	1319356100
10	46	1	1319763697
10	46	1	1319764422
10	46	1	1330422937
33	46	1	1333278713
34	46	1	1397536861
14	46	1	1498213307
14	46	1	1498213364
14	46	1	1498220960
14	46	1	1498221104
4	47	1	1193500133
4	47	1	1193500215
4	47	1	1193500250
4	47	1	1193500666
4	47	1	1193505492
6	47	1	1196018215
1	47	1	1196160482
1	47	1	1196160506
8	47	1	1196162300
46	47	1	1246889111
10	47	1	1256592451
40	47	1	1259748642
33	47	1	1275215251
10	47	1	1285331047
10	47	1	1288797024
10	47	1	1291574171
36	47	1	1310371016
33	47	1	1345283570
33	47	1	1357118939
10	47	1	1359463949
34	47	1	1397574984
1	48	1	1193522720
1	48	1	1193522939
1	48	1	1193523122
6	48	1	1196018215
1	48	1	1196094541
8	48	1	1196161934
10	48	1	1256604432
10	48	1	1256637628
33	48	1	1267819235
36	48	1	1310357438
32	48	1	1325431222
12	48	1	1371243596
34	48	1	1397539301
4	49	1	1194275672
6	49	1	1196018215
1	49	1	1196102951
1	49	1	1196102991
8	49	1	1196162439
35	49	1	1232751208
10	49	1	1256593432
10	49	1	1265052371
33	49	1	1268587661
10	49	1	1280991430
10	49	1	1288563162
36	49	1	1315342472
33	49	1	1334595431
12	49	1	1343684969
34	49	1	1397496309
24	50	1	1193832399
6	50	1	1196018217
1	50	1	1196160574
1	50	1	1196377914
1	50	1	1196378067
1	50	1	1196378203
1	50	1	1196378218
1	50	1	1196378240
1	50	1	1196378264
1	50	1	1196378302
1	50	1	1196378479
1	50	1	1196378554
4	51	1	1192815237
4	51	1	1192815268
4	51	1	1192816250
1	51	1	1192825062
1	51	1	1192825095
1	51	1	1192825177
4	51	1	1192962129
4	51	1	1192962879
4	51	1	1192963566
1	51	1	1193261554
4	51	1	1194099076
6	51	1	1196018218
1	51	1	1196160332
1	51	1	1196160356
2	51	1	1196485122
2	51	1	1196485214
2	51	1	1196485321
2	51	1	1196485389
4	52	1	1194275327
4	52	1	1194275427
4	52	1	1194275511
4	52	1	1194275613
4	52	1	1194277103
4	52	1	1194356178
4	52	1	1194356212
4	52	1	1194366631
4	52	1	1194366824
4	52	1	1194453075
4	52	1	1194453120
6	52	1	1196018218
1	52	1	1196161464
8	52	1	1196162220
2	52	1	1199148415
2	52	1	1199148530
46	52	1	1246390012
10	52	1	1256590008
10	52	1	1265046189
33	52	1	1267821868
10	52	1	1285326664
48	52	1	1324406913
38	52	1	1377668905
10	52	1	1378797547
37	52	1	1439193728
4	53	1	1194453187
6	53	1	1196018218
1	53	1	1196104440
8	53	1	1196162340
2	53	1	1199148330
10	53	1	1256595063
33	53	1	1267822128
10	53	1	1279128680
30	53	1	1299629635
33	53	1	1342271734
33	53	1	1357117645
34	53	1	1397522955
23	54	1	1193346567
23	54	1	1193346746
1	54	1	1193701844
6	54	1	1196018219
2	54	1	1197578094
1	54	1	1197585097
1	55	1	1191270885
1	55	1	1191952531
24	55	1	1192786529
6	55	1	1196018219
1	55	1	1196083950
1	55	1	1196084472
8	55	1	1196092225
10	55	1	1256803364
12	55	1	1343383875
33	55	1	1345548165
10	55	1	1370204483
34	55	1	1397500660
1	56	1	1193702059
6	56	1	1196018219
1	56	1	1196094621
8	56	1	1196162400
10	56	1	1256593624
10	56	1	1288786245
10	56	1	1291576007
10	56	1	1300284029
36	56	1	1310368555
10	56	1	1319764348
48	56	1	1323894532
33	56	1	1341078389
33	56	1	1357118291
34	56	1	1397503532
4	57	1	1193919860
4	57	1	1193920372
4	57	1	1193920429
4	57	1	1193920475
4	57	1	1193920559
4	57	1	1193920649
4	57	1	1194017762
4	57	1	1194017936
4	57	1	1194099032
6	57	1	1196018219
1	57	1	1196032757
1	57	1	1196160611
10	57	1	1256592478
40	57	1	1259747222
10	57	1	1272203239
10	57	1	1279128919
10	57	1	1279163528
38	57	1	1376776707
34	57	1	1397579615
4	58	1	1193500234
4	58	1	1193500273
6	58	1	1196018219
1	58	1	1196094198
8	58	1	1196162006
10	58	1	1256593548
10	58	1	1288791345
36	58	1	1315270672
12	58	1	1371243986
34	58	1	1397560796
4	59	1	1194017987
6	59	1	1196018219
8	59	1	1196162380
10	59	1	1256627017
46	59	1	1258504720
46	59	1	1268679760
10	59	1	1294910506
10	59	1	1297698042
10	59	1	1300281172
30	59	1	1300779884
10	59	1	1330488743
33	59	1	1352107876
10	59	1	1379096627
34	59	1	1397531503
1	60	1	1192386261
6	60	1	1196018219
1	60	1	1196086051
8	60	1	1196091930
2	60	1	1196484161
10	60	1	1256639566
10	60	1	1288562327
33	60	1	1337432210
34	60	1	1397519901
4	61	1	1192127725
4	61	1	1192127740
1	61	1	1192140468
1	61	1	1192140481
23	61	1	1193348145
6	61	1	1196018220
1	61	1	1196122726
8	61	1	1196161842
10	61	1	1256698863
10	61	1	1256770949
10	61	1	1260230446
4	62	1	1194534744
4	62	1	1194534829
6	62	1	1196018220
10	62	1	1319764442
10	62	1	1330423675
33	62	1	1333276353
33	62	1	1335863802
34	62	1	1397603410
1	63	1	1192187199
1	63	1	1192187218
1	63	1	1192187236
1	63	1	1193962755
1	63	1	1193962851
6	63	1	1196018220
1	63	1	1196758499
1	63	1	1196758524
1	63	1	1196776709
1	64	1	1192141714
1	64	1	1192181153
1	64	1	1192182805
1	64	1	1192183969
1	64	1	1192186960
1	64	1	1192186988
1	64	1	1192187015
1	64	1	1192234571
1	64	1	1192296578
1	64	1	1192385769
1	64	1	1192386259
1	64	1	1192458405
1	64	1	1192546459
1	64	1	1192548056
1	64	1	1192727141
1	64	1	1192727535
1	64	1	1192825005
1	64	1	1192825526
1	64	1	1193073606
1	64	1	1193261669
23	64	1	1193345904
23	64	1	1193346656
1	64	1	1193397196
4	64	1	1193411151
4	64	1	1193412479
24	64	1	1193417953
4	64	1	1193500308
4	64	1	1193500329
4	64	1	1193505587
4	64	1	1193505717
4	64	1	1193505733
4	64	1	1193505742
4	64	1	1193505767
1	64	1	1193522812
1	64	1	1193522844
1	64	1	1193523264
1	64	1	1193523358
1	64	1	1193701797
1	64	1	1193702088
24	64	1	1193832471
24	64	1	1193832512
24	64	1	1193832524
4	64	1	1193943009
4	64	1	1193943059
4	64	1	1193943076
1	64	1	1193963675
1	64	1	1193963699
1	64	1	1193963714
4	64	1	1194018144
4	64	1	1194018157
4	64	1	1194099219
4	64	1	1194099240
1	64	1	1194180214
1	64	1	1194180430
1	64	1	1194180470
1	64	1	1194180566
1	64	1	1194180580
4	64	1	1194275708
4	64	1	1194275740
4	64	1	1194275748
4	64	1	1194356280
4	64	1	1194356291
4	64	1	1194453241
4	64	1	1194453251
4	64	1	1194534910
4	64	1	1194534935
4	64	1	1194534947
4	64	1	1194975212
4	64	1	1194975248
4	64	1	1194975259
4	64	1	1194975292
4	64	1	1194983236
4	64	1	1194983246
6	64	1	1196018226
1	64	1	1196024996
1	64	1	1196025013
1	64	1	1196025026
1	64	1	1196025052
1	64	1	1196025713
1	64	1	1196025731
1	64	1	1196025743
1	64	1	1196025766
1	64	1	1196025803
1	64	1	1196025852
1	64	1	1196092915
1	64	1	1196092980
45	64	1	1196483759
18	64	1	1269965687
1	65	1	1192145397
1	65	1	1192187070
4	65	1	1192816467
1	65	1	1194480005
6	65	1	1196018226
1	65	1	1196077942
1	65	1	1196080280
1	65	1	1196080299
1	65	1	1196536892
2	65	1	1198872046
2	65	1	1198872175
1	65	1	1198927567
2	65	1	1198936763
1	65	1	1198951832
1	65	1	1198952128
2	65	1	1198992360
2	65	1	1198992489
2	65	1	1198992637
1	65	1	1199011461
2	65	1	1199045180
2	65	1	1199045370
2	65	1	1199158244
2	65	1	1199592541
1	65	1	1200255489
2	65	1	1200357110
17	65	1	1483040357
17	65	1	1483040711
14	65	1	1497989660
22	65	1	1500319584
1	66	1	1191525224
1	66	1	1191952628
24	66	1	1192787752
6	66	1	1196018226
1	66	1	1196084738
8	66	1	1196092359
35	66	1	1232748543
10	66	1	1256590763
10	66	1	1256801617
10	66	1	1256803565
10	66	1	1256896604
10	66	1	1275797350
30	66	1	1297537193
10	66	1	1300268876
33	66	1	1351438565
34	66	1	1397540195
14	66	1	1498852279
1	67	1	1193073571
4	67	1	1193152127
4	67	1	1193152477
4	67	1	1193152494
4	67	1	1193157363
4	67	1	1193157392
4	67	1	1193157424
4	67	1	1193157446
6	67	1	1196018226
1	67	1	1196093115
8	67	1	1196162089
1	67	1	1196536706
1	67	1	1196536723
2	67	1	1196640171
35	67	1	1232751627
10	67	1	1256590597
40	67	1	1259749136
33	67	1	1267815129
33	67	1	1271869969
10	67	1	1272190821
10	67	1	1280986501
33	67	1	1345284260
34	67	1	1397542964
24	68	1	1193417892
24	68	1	1193417922
6	68	1	1196018226
4	69	1	1194975134
4	69	1	1194975158
6	69	1	1196018226
1	69	1	1196161628
12	69	1	1347452499
12	69	1	1349842933
39	69	1	1355802282
38	69	1	1377637764
10	69	1	1378761463
10	69	1	1378808083
10	69	1	1379199244
34	69	1	1397593747
1	70	1	1192234640
1	70	1	1192234671
6	70	1	1196018291
1	70	1	1196085414
8	70	1	1196092236
35	70	1	1232749490
49	70	1	1238134678
10	70	1	1256588233
10	70	1	1279123668
50	70	1	1280433428
30	70	1	1299255512
10	70	1	1319763248
31	70	1	1327794256
34	70	1	1397005656
14	70	1	1498058040
14	70	1	1498074448
14	70	1	1498137399
14	70	1	1498138943
14	70	1	1498139323
14	70	1	1498139399
14	70	1	1498139697
14	70	1	1498155685
14	70	1	1498159437
14	70	1	1498220764
1	71	1	1192825131
1	71	1	1192825306
6	71	1	1196018291
1	71	1	1196089022
8	71	1	1196092256
51	71	1	1229899853
10	71	1	1256588273
10	71	1	1256803033
33	71	1	1267820470
10	71	1	1300307750
30	71	1	1300765007
36	71	1	1310313448
36	71	1	1314572034
32	71	1	1329651833
33	71	1	1357115312
34	71	1	1397006537
14	71	1	1498684571
14	71	1	1498754797
14	71	1	1498850656
1	72	1	1192727505
6	72	1	1196018291
1	72	1	1196086224
52	72	1	1322233694
37	72	1	1439193738
14	72	1	1497950643
14	72	1	1497950832
14	72	1	1497950996
1	73	1	1191013453
1	73	1	1191017127
1	73	1	1191017146
1	73	1	1191017538
1	73	1	1191017797
1	73	1	1191021998
1	73	1	1191022010
1	73	1	1191022071
1	73	1	1191022102
1	73	1	1191022480
1	73	1	1191165131
1	73	1	1191952379
1	73	1	1192458353
6	73	1	1196018292
1	73	1	1196105244
1	74	1	1193261644
6	74	1	1196018292
6	74	1	1196019286
1	74	1	1196160397
8	74	1	1196162200
46	74	1	1246390466
10	74	1	1256592219
10	74	1	1275759291
10	74	1	1275794275
10	74	1	1279129210
10	74	1	1285332342
30	74	1	1300775387
36	74	1	1310361055
38	74	1	1377637288
34	74	1	1397279587
1	75	1	1192386631
1	75	1	1192548126
6	75	1	1196018292
1	75	1	1196033162
4	76	1	1194277288
6	76	1	1196018292
1	76	1	1196103093
8	76	1	1196162280
46	76	1	1246870729
10	76	1	1256589224
10	76	1	1275827018
10	76	1	1288791308
29	76	1	1294602291
36	76	1	1310490926
33	76	1	1357117759
34	76	1	1397500366
4	77	1	1194530924
4	77	1	1194530942
4	77	1	1194531425
4	77	1	1194531446
4	77	1	1194531511
4	77	1	1194531762
4	77	1	1194531779
4	77	1	1194531809
4	77	1	1194531848
4	77	1	1194534165
4	77	1	1194534266
4	77	1	1194534670
4	77	1	1194535010
4	77	1	1194983071
4	77	1	1194983129
4	77	1	1194983349
6	77	1	1196018293
6	77	1	1196019143
1	77	1	1196161512
1	77	1	1196161528
8	77	1	1196162320
35	77	1	1232750853
10	77	1	1256592869
10	77	1	1260226819
10	77	1	1279122208
10	77	1	1291581530
30	77	1	1300639005
12	77	1	1343512728
33	77	1	1348306278
53	77	1	1398268164
1	78	1	1193523211
1	78	1	1193523231
6	78	1	1196018293
6	78	1	1196019205
1	78	1	1196122925
1	79	1	1193522776
1	79	1	1193522822
1	79	1	1193522946
1	79	1	1193702028
1	79	1	1193702044
6	79	1	1196018293
1	79	1	1196122591
8	79	1	1196161916
10	79	1	1256622495
10	79	1	1279129120
10	79	1	1280990006
10	79	1	1281039581
12	79	1	1350566957
10	79	1	1370204552
34	79	1	1397497724
4	80	1	1192027524
4	80	1	1192027552
5	80	1	1192027786
1	80	1	1192035043
1	80	1	1192035076
6	80	1	1196018294
1	80	1	1196122683
10	80	1	1256613473
34	80	1	1397509811
4	81	1	1194534698
6	81	1	1196018294
1	81	1	1196104513
1	81	1	1196104534
8	81	1	1196161997
2	81	1	1197347511
10	81	1	1256595053
10	81	1	1256608689
10	81	1	1260230205
36	81	1	1310512421
54	81	1	1316948523
33	81	1	1340393088
34	81	1	1397544840
24	82	1	1193832141
24	82	1	1193832170
24	82	1	1193832214
24	82	1	1193832274
24	82	1	1193832284
6	82	1	1196018294
1	82	1	1196095901
8	82	1	1196162068
1	82	1	1196377981
2	82	1	1196484335
2	82	1	1196484879
2	82	1	1196640671
1	82	1	1196679705
1	82	1	1196679723
1	82	1	1196679752
35	82	1	1239848069
35	82	1	1246206036
10	82	1	1256595315
10	82	1	1260258374
10	82	1	1262697529
10	82	1	1297679821
36	82	1	1315271003
33	82	1	1351440773
33	82	1	1357118483
34	82	1	1397566392
1	83	1	1192385815
1	83	1	1192385828
1	83	1	1192386071
1	83	1	1192386215
6	83	1	1196018294
6	83	1	1196019171
1	83	1	1196122495
8	83	1	1196162028
35	83	1	1232748422
46	83	1	1246390486
10	83	1	1256589917
10	83	1	1260233148
10	83	1	1262695417
36	83	1	1310331153
48	83	1	1325013737
32	83	1	1325427469
39	83	1	1356085784
10	83	1	1378761402
34	83	1	1397278752
14	83	1	1500232592
1	84	1	1192727433
6	84	1	1196018294
1	84	1	1196033220
1	84	1	1196122527
8	84	1	1196161906
10	84	1	1256612413
10	84	1	1256632095
10	84	1	1260247120
33	84	1	1275210307
54	84	1	1317808774
12	84	1	1347215141
37	84	1	1439193748
14	84	1	1497950953
4	85	1	1194983183
4	85	1	1194983352
6	85	1	1196018294
1	85	1	1196105071
1	85	1	1196105080
1	85	1	1196105151
8	85	1	1196162360
10	85	1	1256599989
10	85	1	1256769645
10	85	1	1272193801
10	85	1	1288787596
36	85	1	1310407237
32	85	1	1329514188
10	85	1	1330442600
34	85	1	1397597278
14	85	1	1498854339
6	86	1	1196018294
1	86	1	1196095992
52	86	1	1321738068
37	86	1	1439193758
1	87	1	1191016988
1	87	1	1191952723
6	87	1	1196018294
2	87	1	1196485020
4	88	1	1193505561
6	88	1	1196018294
1	88	1	1196094381
8	88	1	1196162260
10	88	1	1256588752
46	88	1	1258504954
10	88	1	1265125518
10	88	1	1272194614
10	88	1	1285332080
10	88	1	1300279717
36	88	1	1310333197
10	88	1	1319813177
33	88	1	1334763575
34	88	1	1397515841
4	89	1	1193410315
4	89	1	1193410326
6	89	1	1196018294
1	89	1	1196160437
6	90	1	1196018295
1	90	1	1196096057
8	90	1	1196162240
35	90	1	1232750118
46	90	1	1246390186
10	90	1	1256594169
10	90	1	1260236826
10	90	1	1272194021
10	90	1	1288562791
10	90	1	1300270411
10	90	1	1300279283
10	90	1	1319815800
33	90	1	1333994488
33	90	1	1342108605
34	90	1	1397571567
1	91	1	1192296670
1	91	1	1192297022
23	91	1	1193348108
6	91	1	1196018295
1	91	1	1196122788
8	91	1	1196162048
35	91	1	1284776697
37	91	1	1439193768
1	92	1	1192548015
6	92	1	1196018295
1	92	1	1196086095
1	92	1	1196086154
8	92	1	1196092046
10	92	1	1256600446
10	92	1	1272194463
10	92	1	1272335222
33	92	1	1333903289
34	92	1	1397498860
1	93	1	1191016979
1	93	1	1191952782
1	93	1	1192296189
6	93	1	1196018295
1	93	1	1196032926
1	93	1	1196032947
1	93	1	1196032989
1	93	1	1196033011
1	93	1	1196105316
45	93	1	1196483641
14	93	1	1498161617
14	93	1	1498566293
14	93	1	1498566995
14	93	1	1498656820
14	93	1	1498656926
14	93	1	1498656987
14	93	1	1498669991
55	93	1	1500215244
4	94	1	1194099093
4	94	1	1194099179
6	94	1	1196018295
8	94	1	1196161819
1	94	1	1196536787
10	94	1	1256803202
34	94	1	1397506000
1	95	1	1191335390
1	95	1	1191335401
1	95	1	1191952559
1	95	1	1192548009
24	95	1	1192786614
6	95	1	1196018295
1	95	1	1196084541
8	95	1	1196092296
35	95	1	1232750274
10	95	1	1256588000
10	95	1	1288593415
10	95	1	1288783030
36	95	1	1310340637
31	95	1	1327798109
33	95	1	1339330370
33	95	1	1341653884
33	95	1	1346487349
33	95	1	1351439486
10	95	1	1370204120
34	95	1	1397522331
1	96	1	1196024743
1	96	1	1196776530
55	96	1	1415020303
1	97	1	1196024787
56	97	1	1209189557
1	98	1	1196024794
56	98	1	1209189525
1	99	1	1196028225
1	99	1	1196466891
1	100	1	1196032220
1	101	1	1196032284
1	102	1	1196032311
1	103	1	1196032409
1	104	1	1196032461
1	105	1	1196032562
54	105	1	1299927698
31	105	1	1365972138
37	105	1	1439193778
37	105	1	1471547563
1	106	1	1196032608
1	107	1	1196032638
54	107	1	1299927528
40	107	1	1311104500
40	107	1	1315153674
10	107	1	1330344545
12	107	1	1343699360
12	107	1	1347216482
37	107	1	1439193788
1	108	1	1196032657
1	109	1	1196032688
1	110	1	1196032701
1	111	1	1196032781
1	112	1	1196032794
1	113	1	1196032803
1	114	1	1196032926
45	114	1	1196483821
1	115	1	1196032964
1	116	1	1196033086
1	117	1	1196033100
1	118	1	1196033173
1	119	1	1196033302
1	120	1	1196033313
6	121	1	1196067399
1	121	1	1196076689
1	121	1	1196959771
1	121	1	1196959813
14	121	1	1498217600
14	121	1	1498240926
6	122	1	1196067456
1	122	1	1196076620
1	122	1	1196160288
8	122	1	1196162499
35	122	1	1232748553
10	122	1	1256587960
46	122	1	1258470410
10	122	1	1267847182
10	122	1	1308838631
10	122	1	1319814035
10	122	1	1330416761
33	122	1	1345280828
33	122	1	1351440989
33	122	1	1357118677
34	122	1	1397063530
14	122	1	1500060848
14	122	1	1500104686
14	122	1	1500104751
14	122	1	1500104895
1	123	1	1196076929
1	123	1	1196093031
45	123	1	1196483878
1	124	1	1196077147
1	125	1	1196077169
1	126	1	1196077194
1	127	1	1196077232
1	127	1	1196077246
1	128	1	1196077279
1	129	1	1196077292
1	130	1	1196077316
1	131	1	1196078174
1	131	1	1196078204
1	131	1	1196078747
1	131	1	1196078787
1	131	1	1196078815
1	131	1	1196078910
1	131	1	1196079146
1	131	1	1196079199
1	131	1	1196079569
57	131	1	1196086042
1	131	1	1196087307
2	131	1	1196485982
1	131	1	1196536926
1	131	1	1196594318
2	131	1	1196639450
1	131	1	1196777839
2	131	1	1196786873
1	131	1	1196848429
2	131	1	1196925410
1	131	1	1196945810
1	131	1	1196959669
1	132	1	1196078322
1	133	1	1196078335
1	134	1	1196078361
1	134	1	1196078386
1	134	1	1196078420
1	134	1	1196078694
1	135	1	1196078618
1	135	1	1196078672
1	135	1	1196078709
1	136	1	1196079352
1	136	1	1196079473
1	136	1	1196079555
57	136	1	1196086063
1	136	1	1196087298
1	136	1	1196536945
1	136	1	1196777794
1	137	1	1196080711
1	138	1	1196080720
1	139	1	1196080732
1	140	1	1196080860
1	141	1	1196080872
1	142	1	1196080892
1	143	1	1196080905
1	144	1	1196080925
1	145	1	1196080989
14	145	1	1498580795
1	146	1	1196081468
1	147	1	1196083973
1	148	1	1196083997
1	149	1	1196084007
54	149	1	1299927396
30	149	1	1301048021
37	149	1	1439193798
1	150	1	1196084033
1	151	1	1196084765
1	152	1	1196084777
1	153	1	1196084990
54	153	1	1299927307
40	153	1	1311105014
40	153	1	1315153816
10	153	1	1330334638
10	153	1	1330355495
10	153	1	1330357377
33	153	1	1336667970
1	154	1	1196085002
1	155	1	1196085447
1	156	1	1196085477
54	156	1	1299927483
40	156	1	1311104544
36	156	1	1315317569
36	156	1	1315353397
37	156	1	1439193808
1	157	1	1196085488
54	157	1	1299927455
30	157	1	1301048204
32	157	1	1330105482
37	157	1	1439193818
1	158	1	1196086268
1	159	1	1196086311
1	160	1	1196086329
1	161	1	1196086349
54	161	1	1299927597
40	161	1	1311105503
36	161	1	1315354104
10	161	1	1330344295
10	161	1	1330356504
33	161	1	1336670817
33	161	1	1357198994
37	161	1	1439193828
1	162	1	1196086362
54	162	1	1299927631
30	162	1	1301256919
10	162	1	1330343984
33	162	1	1342187850
37	162	1	1439193839
37	162	1	1448416513
1	163	1	1196089310
54	163	1	1299892055
40	163	1	1311104590
36	163	1	1315313839
36	163	1	1315348144
10	163	1	1320078677
33	163	1	1333645816
37	163	1	1439193849
8	164	1	1196092681
1	165	1	1196093134
1	166	1	1196093148
1	167	1	1196094418
1	168	1	1196094446
1	169	1	1196094640
1	170	1	1196094660
1	171	1	1196095946
54	173	1	1299927653
31	173	1	1365957190
12	173	1	1371244214
37	173	1	1439193859
1	177	1	1196103114
54	177	1	1299927766
40	177	1	1311104928
36	177	1	1315318481
36	177	1	1315352077
58	177	1	1315360905
58	177	1	1315365530
10	177	1	1320083959
10	177	1	1320084753
37	177	1	1439193869
1	178	1	1196103127
54	178	1	1299927719
10	178	1	1330343847
33	178	1	1336744497
37	178	1	1439193879
1	179	1	1196103222
1	179	1	1196103274
1	180	1	1196104618
1	180	1	1196104866
1	181	1	1196104725
1	182	1	1196104853
1	183	1	1196105107
1	184	1	1196105118
1	185	1	1196105259
59	186	1	1196112604
1	187	1	1196122868
1	188	1	1196122884
1	189	1	1196122897
1	190	1	1196160437
1	191	1	1196160437
1	192	1	1196177240
60	192	1	1429223452
1	193	1	1196178834
57	193	1	1196268159
57	193	1	1196268178
57	193	1	1196268191
22	193	1	1426620238
60	193	1	1429223452
22	193	1	1429245517
1	194	1	1196207204
1	194	1	1196207213
1	194	1	1196207226
1	194	1	1196207284
1	194	1	1196207384
1	194	1	1196207413
1	194	1	1196333234
1	194	1	1196377780
1	194	1	1196378202
1	194	1	1196378308
1	194	1	1196378324
1	194	1	1196427030
1	194	1	1196427054
1	194	1	1196427087
1	195	1	1196207226
1	196	1	1196207251
57	197	1	1196268208
57	197	1	1196268221
57	197	1	1196268241
60	197	1	1429223452
57	198	1	1196268322
1	198	1	1196268583
2	198	1	1196786647
57	199	1	1196268386
1	199	1	1196268708
2	199	1	1196785138
57	200	1	1196268450
57	201	1	1196268486
1	201	1	1196268789
1	202	1	1196268499
57	203	1	1196268558
1	204	1	1196377943
1	205	1	1196378450
1	205	1	1196378509
10	205	1	1256654031
10	205	1	1288785291
10	205	1	1370204404
34	205	1	1397513622
1	206	1	1196378499
1	207	1	1196378540
1	207	1	1196378560
1	207	1	1196378680
10	207	1	1256596878
10	207	1	1256770795
10	207	1	1260230257
10	207	1	1279175693
35	207	1	1293765862
36	207	1	1315270663
34	207	1	1397567658
1	208	1	1196467330
1	208	1	1196467617
1	209	1	1196467550
1	210	1	1196467714
1	211	1	1196468117
1	211	1	1196758152
1	211	1	1196758234
61	211	1	1327765209
61	211	1	1345856961
17	211	1	1496609090
1	212	1	1196468447
1	212	1	1196758292
1	212	1	1196758327
1	212	1	1196778611
61	212	1	1327765208
62	212	1	1345391003
62	212	1	1345391161
62	212	1	1404379628
62	212	1	1404380619
62	212	1	1404380714
62	212	1	1404380788
62	212	1	1404380954
62	212	1	1404381171
62	212	1	1404381357
62	212	1	1404381456
62	212	1	1404381555
62	212	1	1404381660
62	212	1	1404381773
62	212	1	1404381865
62	212	1	1404381982
62	212	1	1404382135
62	212	1	1404382292
62	212	1	1404382445
62	212	1	1404382579
62	212	1	1404382615
62	212	1	1404382776
62	212	1	1404383042
62	212	1	1404385419
62	212	1	1404385489
62	212	1	1404386392
62	212	1	1404386430
62	212	1	1404386568
63	212	1	1464805942
63	212	1	1479329276
1	213	1	1196468494
61	213	1	1327765188
61	213	1	1345319266
61	213	1	1345319471
63	213	1	1464805962
63	213	1	1464806164
17	213	1	1496609086
45	214	1	1196483641
45	215	1	1196484003
64	215	1	1204366871
17	215	1	1483040811
2	216	1	1196484960
2	217	1	1196503375
1	217	1	1196506161
1	217	1	1196506175
10	217	1	1256587980
10	217	1	1256615118
10	217	1	1256770909
10	217	1	1288795250
35	217	1	1289445857
10	217	1	1294886032
36	217	1	1313113500
10	217	1	1319777190
33	217	1	1333279169
10	217	1	1370204533
34	217	1	1397405383
1	218	1	1196519116
1	218	1	1196519149
61	218	1	1327765209
65	219	1	1196579243
2	220	1	1196639893
66	220	1	1289771953
10	220	1	1370334329
34	220	1	1397521760
14	220	1	1500058407
2	221	1	1196640405
2	221	1	1196649573
2	221	1	1199473063
2	221	1	1199473105
2	221	1	1199473173
2	221	1	1199473290
2	221	1	1199591196
54	221	1	1299891222
10	221	1	1300271092
36	221	1	1315270823
10	221	1	1370227453
10	221	1	1370337244
37	221	1	1439193889
1	222	1	1196730753
1	222	1	1196730851
1	222	1	1196757856
1	222	1	1196778691
1	222	1	1196778953
1	222	1	1197495433
1	222	1	1197495476
1	222	1	1197495600
1	223	1	1196758534
1	224	1	1196758541
1	225	1	1196775834
1	225	1	1196775908
1	225	1	1196776766
1	225	1	1197366837
1	225	1	1197366856
1	226	1	1196775908
1	227	1	1196778046
2	228	1	1196785638
2	228	1	1196786360
2	228	1	1196786478
2	228	1	1196825645
2	228	1	1196825730
2	228	1	1196825754
2	228	1	1199592180
10	228	1	1256590372
10	228	1	1256770899
10	228	1	1294875177
36	228	1	1310341357
36	228	1	1315270863
33	228	1	1342254108
33	228	1	1351440597
33	228	1	1357118115
10	228	1	1359445041
10	228	1	1359447592
37	228	1	1439193899
67	229	1	1196798395
67	230	1	1196798425
2	231	1	1196825754
2	232	1	1196925204
1	232	1	1196945861
1	232	1	1196946138
2	232	1	1196958265
2	232	1	1196958442
1	232	1	1196959601
2	233	1	1196926895
1	233	1	1196946208
2	233	1	1196958943
2	233	1	1197347450
10	233	1	1288562569
10	233	1	1319840187
31	233	1	1327877855
34	233	1	1397562061
14	233	1	1499457409
14	233	1	1499459380
14	233	1	1499459401
68	234	1	1197261899
68	235	1	1197261918
2	236	1	1197347935
2	236	1	1197413634
10	236	1	1256603335
10	236	1	1267880676
66	236	1	1289772531
10	236	1	1330423512
34	236	1	1397512759
10	237	1	1256604451
10	237	1	1288788400
66	237	1	1289851204
36	237	1	1315270752
10	237	1	1319764394
31	237	1	1366008328
34	237	1	1397545831
2	238	1	1197541539
2	238	1	1197541849
2	238	1	1197578585
1	238	1	1214134742
1	238	1	1214134888
1	238	1	1214135057
10	238	1	1265101804
66	238	1	1289771341
10	238	1	1308840605
10	238	1	1319764381
69	238	1	1336337789
12	238	1	1343830738
70	238	1	1344880524
37	238	1	1439193909
1	239	1	1197585154
1	239	1	1197894556
2	239	1	1197908515
2	240	1	1197870904
2	240	1	1197908682
2	240	1	1197932700
2	240	1	1198139069
2	240	1	1198299719
2	240	1	1198370198
2	240	1	1199591247
10	240	1	1256591934
10	240	1	1256803285
10	240	1	1288797412
10	240	1	1294874870
54	240	1	1299891485
36	240	1	1310515527
10	240	1	1319814396
10	240	1	1330424012
33	240	1	1333278674
33	240	1	1351441215
37	240	1	1439193919
71	241	1	1198413457
2	242	1	1198553421
2	242	1	1198554557
2	242	1	1198604500
2	242	1	1198609176
1	243	1	1198867809
2	243	1	1199071128
1	243	1	1199115725
2	243	1	1199147016
22	243	1	1426620238
2	244	1	1198990410
2	244	1	1199003865
2	244	1	1199045686
10	244	1	1256590651
40	244	1	1259748980
10	244	1	1280989690
66	244	1	1289851474
29	244	1	1294605590
10	244	1	1319773226
33	244	1	1357116134
34	244	1	1397596727
2	245	1	1199071000
2	245	1	1199071301
2	245	1	1199091240
2	245	1	1199149303
2	245	1	1199149487
2	245	1	1199249826
2	245	1	1199250156
2	245	1	1199267415
2	245	1	1199267726
2	245	1	1199274351
2	245	1	1199415179
2	245	1	1199415224
2	246	1	1199090986
66	246	1	1289772308
2	247	1	1199147481
10	247	1	1256615182
10	247	1	1256652733
66	247	1	1289772037
34	247	1	1397562623
2	248	1	1199147834
54	248	1	1299891098
10	248	1	1300270807
30	248	1	1300274772
36	248	1	1310524107
33	248	1	1335019327
32	248	1	1342447438
32	248	1	1358891345
10	248	1	1359445077
10	248	1	1370227808
37	248	1	1439193929
2	249	1	1199156600
2	249	1	1199156831
2	249	1	1199157277
2	249	1	1199243076
2	249	1	1199415063
2	249	1	1200117622
10	249	1	1256590713
10	249	1	1262949372
10	249	1	1265192637
10	249	1	1279127593
10	249	1	1280991860
33	249	1	1283111860
66	249	1	1289851430
36	249	1	1310379177
12	249	1	1343669940
33	249	1	1357139217
33	249	1	1357144260
33	249	1	1357293853
34	249	1	1397536185
2	250	1	1199250703
2	250	1	1199267325
10	250	1	1288704638
66	250	1	1289850968
10	250	1	1319764234
10	250	1	1359375465
34	250	1	1397408018
2	251	1	1199296062
2	251	1	1199297109
2	251	1	1199414877
2	252	1	1199473532
2	252	1	1199501845
2	252	1	1199541572
2	252	1	1199557228
2	252	1	1199557689
2	252	1	1199590629
2	252	1	1199591081
2	252	1	1199742255
10	252	1	1256589888
29	252	1	1294602150
36	252	1	1310499868
33	252	1	1343551103
33	252	1	1351437135
33	252	1	1357115618
34	252	1	1397249279
72	252	1	1420300290
14	252	1	1498240122
14	252	1	1498240770
2	253	1	1199528491
2	253	1	1199660927
2	253	1	1199660992
2	253	1	1206065655
2	253	1	1208325462
2	254	1	1199746062
2	254	1	1199848393
2	254	1	1199935989
10	254	1	1256591845
36	254	1	1315270843
52	254	1	1321000398
33	254	1	1333277133
33	254	1	1347789203
33	254	1	1357117989
10	254	1	1359375515
10	254	1	1370227243
34	254	1	1397277518
2	255	1	1199746506
73	257	1	1200444196
73	258	1	1200444201
74	259	1	1200973502
74	260	1	1200973507
10	262	1	1256589175
33	262	1	1266083185
66	262	1	1289771794
36	262	1	1310321013
75	262	1	1318899735
33	262	1	1345896832
37	262	1	1439193939
2	263	1	1204081700
26	263	1	1248859900
10	263	1	1256589355
66	263	1	1289772408
36	263	1	1315351147
10	263	1	1319764129
33	263	1	1351440383
33	263	1	1357117504
34	263	1	1397508817
14	263	1	1499190164
66	264	1	1289851289
66	264	1	1289851387
10	264	1	1291575786
36	264	1	1310489846
10	264	1	1359375485
10	264	1	1370210166
12	264	1	1371243620
34	264	1	1397496638
2	266	1	1206065887
2	266	1	1207535210
76	267	1	1206474115
77	268	1	1206638070
2	269	1	1208325271
2	269	1	1208325351
2	269	1	1208362458
2	269	1	1208396533
2	269	1	1208634465
74	270	1	1208483794
74	270	1	1210097513
18	270	1	1225432263
78	272	1	1211739994
78	273	1	1211740110
79	274	1	1212089294
18	274	1	1277173895
18	274	1	1277175289
80	275	1	1212303085
80	275	1	1250283261
56	276	1	1212354049
81	277	1	1212808686
81	277	1	1217284783
81	277	1	1349134639
81	277	1	1349164494
81	277	1	1349686248
82	278	1	1213740446
82	278	1	1213784621
77	278	1	1254903167
82	278	1	1261739422
82	278	1	1264523581
82	278	1	1293285492
82	278	1	1372514744
1	279	1	1214134461
1	279	1	1214134605
1	279	1	1214134654
10	279	1	1288788691
1	280	1	1214134702
82	281	1	1214146389
83	282	1	1219245020
83	282	1	1245867920
84	283	1	1222711753
18	284	1	1225174401
18	285	1	1225271480
85	286	1	1225306668
85	287	1	1225311426
85	288	1	1225315347
18	289	1	1225342851
85	290	1	1225363118
85	290	1	1226319212
85	291	1	1225376966
18	292	1	1225407940
85	293	1	1225453254
85	293	1	1225476144
85	293	1	1225651086
85	293	1	1225681375
85	293	1	1225724668
85	293	1	1225877004
85	293	1	1226008458
85	293	1	1226377680
85	293	1	1226404010
85	293	1	1226485411
85	293	1	1226497714
85	293	1	1227102084
85	293	1	1227876162
85	293	1	1229410027
85	293	1	1230224306
85	293	1	1230238057
85	293	1	1230767015
85	293	1	1231583929
85	293	1	1232066891
85	293	1	1232470185
85	293	1	1232478542
85	293	1	1233055516
85	293	1	1233096440
85	293	1	1233121675
85	293	1	1233208034
85	293	1	1233555457
85	293	1	1234447301
85	293	1	1234947336
85	293	1	1235325317
85	293	1	1235494080
85	293	1	1236127234
85	293	1	1237338510
85	293	1	1238042980
85	293	1	1238716088
85	293	1	1240461816
18	294	1	1225531925
18	295	1	1225586333
18	296	1	1225682201
18	297	1	1225773687
18	298	1	1225863206
85	299	1	1225927879
85	300	1	1225940744
85	300	1	1225942266
85	301	1	1225957167
85	301	1	1226309061
85	303	1	1226226478
85	304	1	1226367373
86	305	1	1226491328
86	306	1	1226502898
18	307	1	1226545231
18	308	1	1227251725
66	309	1	1289772268
18	311	1	1227886188
87	312	1	1229951375
18	313	1	1234152078
18	314	1	1234567120
18	315	1	1235277279
18	316	1	1235281144
85	317	1	1237299418
18	318	1	1237617844
46	319	1	1238741473
46	320	1	1238741483
18	321	1	1239507453
18	322	1	1239580457
18	323	1	1239583993
18	324	1	1240009481
18	325	1	1240017151
18	326	1	1240080513
18	327	1	1240089873
88	328	1	1242926199
89	329	1	1246046232
89	330	1	1246046240
89	331	1	1246046245
90	332	1	1246610764
60	332	1	1429223452
18	333	1	1251839051
91	334	1	1378816955
18	335	1	1252736943
18	336	1	1252745772
18	337	1	1252817328
17	338	1	1255553366
17	339	1	1256583337
40	340	1	1258042419
40	340	1	1291929187
9	341	1	1258982012
9	341	1	1416980760
92	342	1	1259863999
93	342	1	1334638453
94	343	1	1261306653
95	344	1	1262001909
95	344	1	1314528726
95	345	1	1262001949
95	346	1	1262002052
95	347	1	1262002089
18	348	1	1264238102
18	349	1	1264292664
18	350	1	1264310453
77	351	1	1264342768
18	352	1	1264468105
18	353	1	1264473957
18	354	1	1264552703
18	355	1	1264653504
18	355	1	1323016209
18	356	1	1264721974
18	357	1	1264732808
18	358	1	1264919692
18	359	1	1264922191
18	360	1	1264923839
33	361	1	1266218299
18	362	1	1266707038
18	362	1	1379474003
18	363	1	1266718032
96	364	1	1268600897
97	365	1	1269710236
18	366	1	1269965701
98	367	1	1270195987
98	367	1	1379156080
99	368	1	1270244162
98	369	1	1270471033
98	369	1	1379156084
98	370	1	1270660401
98	370	1	1379156088
18	371	1	1271127433
18	372	1	1276992874
18	373	1	1277066670
18	374	1	1277159419
18	375	1	1277168406
18	376	1	1277179372
18	377	1	1277180852
18	378	1	1277247796
18	379	1	1277579426
18	379	1	1289087781
100	379	1	1308758195
100	379	1	1309105933
100	379	1	1322673893
100	379	1	1356641689
100	379	1	1356692480
18	380	1	1280796223
18	381	1	1280800234
101	382	1	1280960446
101	382	1	1281006273
101	383	1	1281097368
18	384	1	1281149632
18	385	1	1281153725
18	386	1	1281155326
18	387	1	1281158719
101	388	1	1281182989
18	388	1	1289145659
100	388	1	1308798435
100	388	1	1309109696
100	388	1	1356641670
18	389	1	1281233103
18	390	1	1281234880
101	391	1	1281258710
102	392	1	1282433169
19	393	1	1282537546
18	394	1	1283021140
18	395	1	1283393666
103	395	1	1395593994
104	396	1	1283395620
104	396	1	1284616411
59	396	1	1408317604
105	397	1	1284221073
106	398	1	1285019248
104	399	1	1285794080
104	400	1	1286351041
18	401	1	1287261922
18	402	1	1289158723
18	403	1	1289173381
66	404	1	1289771252
66	405	1	1289851289
104	406	1	1289955351
104	406	1	1291479214
104	406	1	1295308061
61	406	1	1327765211
107	406	1	1337664385
107	406	1	1342549174
107	406	1	1349131799
107	406	1	1360201047
108	407	1	1291889110
109	408	1	1291890247
110	409	1	1294088003
18	410	1	1296442970
18	410	1	1333238177
111	410	1	1390288879
18	411	1	1296449023
18	412	1	1296529196
18	413	1	1296617557
30	414	1	1296648822
18	415	1	1296784384
112	416	1	1297868461
113	416	1	1487758536
112	417	1	1297868507
46	417	1	1302883387
46	417	1	1308148010
33	417	1	1334599976
12	417	1	1343373182
12	417	1	1343373643
12	417	1	1343536630
12	417	1	1343608907
12	417	1	1343653765
12	417	1	1343688756
12	417	1	1343757189
12	417	1	1344704197
12	417	1	1347592945
12	417	1	1347756120
12	417	1	1350775067
12	417	1	1350910784
33	417	1	1357632190
46	417	1	1363444511
37	417	1	1439193949
112	418	1	1297868560
112	419	1	1297868577
18	420	1	1298435995
54	421	1	1299890208
12	421	1	1343668065
12	421	1	1343769761
10	421	1	1370237817
34	421	1	1397505198
18	422	1	1301870224
18	423	1	1302978404
114	423	1	1331470576
18	424	1	1302982867
18	425	1	1302994722
18	426	1	1303351384
18	428	1	1305157363
18	428	1	1333912115
115	429	1	1306226998
115	429	1	1314528958
104	430	1	1306448498
104	431	1	1306520672
116	432	1	1307396310
117	432	1	1332350528
118	433	1	1308065570
118	433	1	1331360150
118	433	1	1331361406
118	433	1	1400724937
118	433	1	1423196434
100	434	1	1308808603
100	434	1	1308812459
100	435	1	1308811903
100	435	1	1308812242
119	436	1	1309518582
119	437	1	1309529224
100	438	1	1309539412
100	439	1	1309541584
18	440	1	1309579391
18	441	1	1309583415
18	442	1	1309623408
18	443	1	1309632349
14	443	1	1498217908
58	444	1	1310367749
120	445	1	1311111278
121	446	1	1313251878
18	447	1	1314242276
18	447	1	1422212470
122	448	1	1314251964
18	449	1	1315768173
18	450	1	1315772668
123	451	1	1316290825
117	452	1	1318458399
18	453	1	1318981847
114	454	1	1319367154
114	455	1	1319367173
104	456	1	1319841814
104	456	1	1429211994
124	457	1	1319976620
93	457	1	1334640431
125	457	1	1497567635
126	458	1	1320399175
18	458	1	1346639664
127	459	1	1320781813
127	460	1	1320781898
128	461	1	1321041957
128	462	1	1321205174
128	463	1	1321205175
128	463	1	1321205291
18	464	1	1321763307
18	465	1	1321848687
18	466	1	1321919726
18	467	1	1321923389
18	467	1	1322093339
18	468	1	1321927583
18	468	1	1322095022
100	469	1	1321985961
100	470	1	1321991850
129	470	1	1343329708
12	470	1	1343755987
100	471	1	1322029503
18	472	1	1322097090
18	473	1	1322098313
18	474	1	1322099560
130	475	1	1322262166
2	476	1	1322988279
18	477	1	1323046719
18	478	1	1323050364
131	479	1	1323879498
131	479	1	1357251204
131	479	1	1357251672
132	480	1	1325425460
32	480	1	1325438185
93	480	1	1334639771
17	481	1	1325536177
10	481	1	1325544536
10	481	1	1330372282
12	481	1	1343339710
46	481	1	1363444081
37	481	1	1439193959
117	482	1	1325893159
117	482	1	1325964361
104	483	1	1326328727
133	484	1	1326800612
31	484	1	1326801787
31	484	1	1326810708
31	484	1	1326907361
31	484	1	1326913960
31	484	1	1326964820
31	484	1	1327005078
31	484	1	1360345038
31	484	1	1368047022
31	485	1	1327001330
31	485	1	1327006240
31	485	1	1360344232
117	486	1	1328126969
18	487	1	1329081007
114	488	1	1329310952
134	489	1	1329428325
135	489	1	1473305638
18	490	1	1329539137
117	491	1	1329742849
117	492	1	1329748855
61	492	1	1329752397
100	493	1	1329829765
100	494	1	1329834088
100	494	1	1356633375
114	495	1	1330620351
114	496	1	1330702408
18	497	1	1332040245
20	498	1	1332583347
18	499	1	1333244378
18	500	1	1333419721
18	501	1	1333500572
18	501	1	1333582669
18	502	1	1333587636
18	503	1	1333905450
18	504	1	1333907528
117	505	1	1334110313
18	506	1	1334510228
96	507	1	1335653013
18	508	1	1336323816
117	509	1	1338317147
136	510	1	1338439602
136	510	1	1338442498
136	510	1	1342492440
137	511	1	1338476033
18	512	1	1338650027
18	513	1	1338656244
18	514	1	1338660689
138	515	1	1338843214
138	515	1	1338915049
138	516	1	1338843215
138	517	1	1338932859
138	517	1	1338933931
138	518	1	1338932860
18	519	1	1339379485
18	520	1	1339993414
117	521	1	1340663992
18	522	1	1341259717
18	522	1	1344110616
18	523	1	1341262361
129	524	1	1343329571
129	525	1	1343329736
18	526	1	1344112157
17	527	1	1344200086
61	527	1	1345376314
22	527	1	1397123135
18	528	1	1344219663
139	529	1	1344323093
18	530	1	1344380381
140	531	1	1345761518
141	532	1	1346360472
141	533	1	1346431907
93	533	1	1347117108
93	533	1	1360799386
93	534	1	1346446142
18	535	1	1346628185
18	536	1	1346633483
18	537	1	1346637607
142	538	1	1348944451
81	539	1	1349686297
114	540	1	1351190864
114	541	1	1351239681
114	542	1	1351243547
114	543	1	1351243556
103	544	1	1352124086
44	545	1	1354739850
44	546	1	1354739870
18	547	1	1355088440
18	548	1	1355092213
18	549	1	1355113307
143	550	1	1355252030
144	551	1	1355725025
55	551	1	1491288763
117	552	1	1359578602
117	553	1	1359578751
117	554	1	1359903460
117	555	1	1359906443
143	556	1	1359909554
18	557	1	1360031342
145	557	1	1417132052
145	557	1	1487246730
18	558	1	1360035659
18	559	1	1361150331
18	560	1	1361155968
146	561	1	1363710349
146	562	1	1363710358
18	563	1	1364143100
18	564	1	1364147097
18	565	1	1364161921
18	566	1	1364173592
18	567	1	1364175383
147	567	1	1451502450
148	568	1	1366077226
117	569	1	1367172028
149	570	1	1367352337
147	570	1	1451502303
150	571	1	1369322205
150	571	1	1376232761
18	571	1	1381707175
150	571	1	1384697326
150	571	1	1408419076
18	572	1	1370218207
150	573	1	1370606431
150	573	1	1376308724
150	573	1	1382846444
150	573	1	1382860322
151	574	1	1370874651
151	575	1	1370874654
18	576	1	1372734320
18	577	1	1372821394
152	578	1	1373862987
18	578	1	1381682884
153	579	1	1374243848
150	580	1	1376236393
150	580	1	1382877528
150	580	1	1382931463
154	581	1	1376680449
155	582	1	1377986057
154	583	1	1377989993
91	584	1	1378815067
98	585	1	1379156839
98	586	1	1379156879
98	586	1	1379156905
18	587	1	1379282806
18	588	1	1379303071
147	588	1	1451502432
18	589	1	1379464502
18	590	1	1379468127
18	591	1	1379561370
18	592	1	1379562951
18	593	1	1379564275
18	594	1	1379897888
18	595	1	1379899518
18	596	1	1380160204
18	597	1	1380164409
18	598	1	1380396499
18	599	1	1380397867
18	600	1	1380401463
156	600	1	1385795251
156	600	1	1388051188
156	600	1	1391246354
18	600	1	1408627796
157	600	1	1411917979
158	600	1	1411919437
18	600	1	1413773600
18	600	1	1438466098
18	601	1	1380408009
156	601	1	1385473076
156	601	1	1386741804
156	601	1	1391654135
156	601	1	1393934230
156	601	1	1396082068
157	601	1	1411917980
158	601	1	1411919437
18	601	1	1414900983
18	602	1	1381684447
18	603	1	1381723787
159	603	1	1450290355
160	604	1	1382940915
161	605	1	1383337745
161	606	1	1383339919
162	607	1	1384698304
163	608	1	1384747828
21	608	1	1384785168
164	609	1	1385383381
165	610	1	1387293106
18	611	1	1390175598
166	611	1	1487197770
18	612	1	1390254682
18	613	1	1390265829
167	614	1	1390299490
168	615	1	1392384288
168	616	1	1392391449
18	617	1	1393564218
18	618	1	1393571500
169	619	1	1393651102
21	620	1	1394756515
170	621	1	1395183641
170	621	1	1395425378
170	621	1	1395425916
170	621	1	1396576372
103	622	1	1395593994
171	623	1	1396562438
172	624	1	1396596474
53	625	1	1396956218
22	626	1	1397123133
173	627	1	1399468014
22	628	1	1400531908
59	629	1	1408317604
18	630	1	1408641507
174	630	1	1461691381
18	631	1	1409109988
18	632	1	1410624851
175	632	1	1447384192
18	633	1	1410710846
18	634	1	1411005303
175	634	1	1447384223
157	635	1	1411917979
138	635	1	1415698096
18	635	1	1420954327
157	636	1	1411917980
138	636	1	1415698110
18	636	1	1420961037
158	637	1	1411919437
158	638	1	1411919438
176	639	1	1413476216
176	639	1	1447342042
176	639	1	1447741906
177	640	1	1414062428
18	641	1	1416715202
159	641	1	1472035611
159	641	1	1472120290
18	642	1	1416722629
159	642	1	1472035611
159	642	1	1472120291
145	643	1	1417132051
14	643	1	1498217791
145	644	1	1417132052
14	644	1	1498217889
18	645	1	1417323429
178	646	1	1418653086
18	647	1	1421018916
18	648	1	1421112543
18	649	1	1421116543
18	650	1	1421120556
18	650	1	1423375512
137	650	1	1424432118
179	651	1	1423314620
180	651	1	1490954621
18	652	1	1423371076
18	653	1	1423377789
137	653	1	1424432118
18	654	1	1423708830
18	655	1	1423941503
18	656	1	1424393713
159	656	1	1438202271
137	657	1	1424432118
137	658	1	1424432118
18	659	1	1424583482
159	659	1	1438202207
18	660	1	1424585584
138	660	1	1438321828
181	661	1	1425802831
22	662	1	1426620238
60	662	1	1429223452
22	662	1	1429245517
22	663	1	1426620238
60	663	1	1429223452
22	663	1	1429245517
22	664	1	1426620238
60	664	1	1429223452
22	664	1	1429245517
22	665	1	1426620238
60	665	1	1429223451
22	665	1	1429245517
22	666	1	1426620238
22	667	1	1426620238
60	667	1	1429223452
22	667	1	1429245517
18	668	1	1426642752
104	669	1	1429211995
159	670	1	1438202207
159	671	1	1438202271
182	672	1	1438644621
183	673	1	1441522230
183	673	1	1442462247
184	674	1	1441533258
184	674	1	1441569531
184	674	1	1442814913
185	675	1	1441538211
185	675	1	1442452677
186	676	1	1441864198
186	676	1	1442464345
182	677	1	1443815684
182	678	1	1443815685
182	679	1	1443815685
182	680	1	1443815685
182	681	1	1443815685
182	682	1	1443815685
182	683	1	1443815685
187	684	1	1446773382
159	685	1	1450290352
14	685	1	1498217844
159	686	1	1450290355
147	687	1	1451502303
147	688	1	1451502432
147	689	1	1451502450
174	690	1	1461695529
147	691	1	1462387239
14	691	1	1498217867
188	692	1	1463819212
159	693	1	1472120290
159	694	1	1472120291
135	695	1	1473305638
189	696	1	1479519738
166	697	1	1487197770
145	698	1	1487246730
22	699	1	1494755374
125	700	1	1497567635
14	701	1	1497968143
14	702	1	1497976660
14	702	1	1497976989
14	703	1	1498057917
14	704	1	1498161643
14	704	1	1498161930
14	705	1	1498161762
14	705	1	1498161888
14	706	1	1498168041
14	706	1	1498218926
14	706	1	1498219017
14	707	1	1498168122
14	707	1	1498168498
14	707	1	1498207964
14	707	1	1498219163
14	708	1	1498168221
14	709	1	1498202506
14	710	1	1498217669
14	711	1	1498221466
14	711	1	1498221510
14	712	1	1498240487
14	712	1	1498240507
14	713	1	1498240585
14	713	1	1498580844
14	714	1	1500113999
14	715	1	1500120776
14	716	1	1500211265
14	717	1	1500231911
