% bip positive
1	2	1	1499872843
2	3	1	1499876290
2	3	1	1500435190
3	4	1	1499935090
4	5	1	1493201048
5	5	1	1499991096
2	5	1	1500005567
2	5	1	1500429015
2	5	1	1500434554
6	5	1	1500462224
7	5	1	1500467131
4	6	1	1493201085
5	6	1	1499991096
2	6	1	1500429039
8	7	1	1449405626
9	7	1	1493204240
5	7	1	1499991096
2	7	1	1500429118
8	8	1	1449407107
10	8	1	1457447913
5	8	1	1499991096
2	8	1	1500429294
11	9	1	1499674584
8	9	1	1499760077
8	9	1	1499760163
10	9	1	1499760498
5	9	1	1499991096
2	9	1	1500429646
9	10	1	1493204247
5	10	1	1499991096
2	10	1	1500429977
9	11	1	1493204260
10	11	1	1493207295
6	11	1	1493367625
5	11	1	1499991096
2	11	1	1500432129
6	12	1	1439121710
5	12	1	1499991096
2	12	1	1500432165
9	13	1	1493202495
5	13	1	1499991097
2	13	1	1500432317
4	14	1	1493201252
5	14	1	1499991097
2	14	1	1500432565
8	15	1	1463729345
9	15	1	1493203142
5	15	1	1499991097
2	15	1	1500432911
10	16	1	1492333556
5	16	1	1499991097
2	16	1	1500113528
2	16	1	1500433763
2	16	1	1500433915
9	17	1	1493204265
5	17	1	1499991097
2	17	1	1500433836
6	18	1	1439203401
6	18	1	1439203413
10	18	1	1493207164
10	18	1	1493207175
10	18	1	1493207200
5	18	1	1499991097
2	18	1	1499991981
2	18	1	1499991987
6	18	1	1500047140
2	18	1	1500434095
12	18	1	1500472520
12	18	1	1500473898
8	19	1	1449406223
9	19	1	1493203150
5	19	1	1499991097
2	19	1	1500434163
10	20	1	1492333566
5	20	1	1499991097
2	20	1	1500434419
10	21	1	1492333560
5	21	1	1499991097
7	21	1	1500467141
4	22	1	1493201281
5	22	1	1499991098
7	22	1	1500467151
11	23	1	1492965615
11	23	1	1492974166
11	23	1	1492974495
11	23	1	1492974587
6	23	1	1493207852
6	23	1	1493207866
6	23	1	1493207896
5	23	1	1499991098
2	23	1	1500433344
6	24	1	1493207866
5	24	1	1499991098
8	25	1	1474897347
9	25	1	1493204269
5	25	1	1499991098
7	25	1	1500467161
6	26	1	1439203509
5	26	1	1499991098
2	26	1	1499992809
6	26	1	1500047300
4	27	1	1493201292
5	27	1	1499991098
7	27	1	1500467171
10	28	1	1486544274
9	28	1	1493204196
5	28	1	1499991098
7	28	1	1500467181
6	29	1	1439203505
9	29	1	1493204190
10	29	1	1493459311
5	29	1	1499991098
7	29	1	1500467191
2	29	1	1500481386
8	30	1	1449406345
9	30	1	1493204123
5	30	1	1499991099
7	30	1	1500467201
10	31	1	1475161334
13	31	1	1475260705
5	31	1	1499991099
2	31	1	1500434689
2	31	1	1500437308
12	31	1	1500472978
13	31	1	1500509903
8	32	1	1475956008
4	32	1	1493201504
5	32	1	1499991099
14	32	1	1500554544
10	33	1	1492333570
5	33	1	1499991099
7	33	1	1500467211
12	33	1	1500473070
2	33	1	1500480863
8	34	1	1459338107
10	34	1	1459339053
10	34	1	1459339066
10	34	1	1459339069
10	34	1	1498198737
5	34	1	1499991099
2	34	1	1499992565
2	34	1	1499992589
2	34	1	1499992618
6	34	1	1500047223
2	34	1	1500437335
2	34	1	1500437359
12	34	1	1500473179
12	34	1	1500473909
6	35	1	1493207949
5	35	1	1499991099
8	36	1	1475956237
4	36	1	1493201493
5	36	1	1499991099
2	36	1	1499991724
2	36	1	1499991730
2	36	1	1499991749
2	36	1	1499992389
6	36	1	1500047018
2	36	1	1500437564
8	37	1	1475066056
10	37	1	1475099149
5	37	1	1499991099
2	37	1	1499992408
2	37	1	1499993375
6	37	1	1500047212
2	37	1	1500437585
4	38	1	1493203431
5	38	1	1499991100
2	38	1	1500437664
6	39	1	1439203498
5	39	1	1499991100
2	39	1	1500437779
8	40	1	1475066491
9	40	1	1493202524
5	40	1	1499991100
2	40	1	1500437959
10	40	1	1500453243
9	41	1	1493202517
5	41	1	1499991100
7	41	1	1500467221
4	42	1	1493203426
5	42	1	1499991100
7	42	1	1500467231
6	43	1	1439203517
6	43	1	1439203533
5	43	1	1499991100
2	43	1	1499992948
6	43	1	1500047638
4	44	1	1493202785
5	44	1	1499991100
7	44	1	1500467241
10	45	1	1492333563
5	45	1	1499991100
7	45	1	1500467251
15	46	1	1498746297
15	46	1	1498747541
5	46	1	1499991100
7	46	1	1500467261
8	46	1	1500551007
8	46	1	1500551399
8	47	1	1475066120
10	47	1	1475099160
6	47	1	1493367690
5	47	1	1499991101
2	47	1	1499998538
6	47	1	1500048153
2	47	1	1500436501
4	48	1	1493201064
5	48	1	1499991101
7	48	1	1500467271
8	49	1	1475955919
4	49	1	1493201092
5	49	1	1499991101
2	49	1	1500113567
9	50	1	1493203876
5	50	1	1499991101
13	50	1	1500509815
4	51	1	1493203185
5	51	1	1499991101
2	51	1	1500437045
4	52	1	1493203188
5	52	1	1499991101
7	52	1	1500467281
12	52	1	1500472642
2	52	1	1500480807
2	52	1	1500480878
2	52	1	1500482240
2	52	1	1500482261
8	53	1	1449406502
4	53	1	1493203191
5	53	1	1499991101
7	53	1	1500467291
8	54	1	1475066438
4	54	1	1493203194
5	54	1	1499991101
7	54	1	1500467311
11	55	1	1497859791
8	55	1	1497868150
8	55	1	1497868426
8	55	1	1497868436
5	55	1	1499991102
7	55	1	1500467321
4	56	1	1493203198
5	56	1	1499991102
7	56	1	1500467331
8	57	1	1475066165
10	57	1	1475099192
5	57	1	1499991102
2	57	1	1499991614
2	57	1	1499991777
8	58	1	1474897265
4	58	1	1493201258
5	58	1	1499991102
2	58	1	1499991609
2	58	1	1499991826
6	58	1	1500047110
7	58	1	1500467341
4	59	1	1493203204
5	59	1	1499991102
7	59	1	1500467351
8	60	1	1449405853
4	60	1	1493201314
5	60	1	1499991102
7	60	1	1500467361
6	61	1	1439121780
10	61	1	1459339022
5	61	1	1499991102
7	61	1	1500467371
8	62	1	1449406088
4	62	1	1493201271
5	62	1	1499991102
2	62	1	1500421980
2	62	1	1500427446
2	62	1	1500428895
6	62	1	1500462366
8	63	1	1449406736
8	63	1	1449406808
10	63	1	1457447917
5	63	1	1499991102
7	63	1	1500467381
8	64	1	1457447725
10	64	1	1457447873
5	64	1	1499991103
7	64	1	1500467391
9	65	1	1493203883
5	65	1	1499991103
7	65	1	1500467402
4	66	1	1493201284
5	66	1	1499991103
7	66	1	1500467411
16	67	1	1492767801
4	67	1	1493202773
5	67	1	1499991103
7	67	1	1500467421
17	68	1	1415139267
6	68	1	1439121312
6	68	1	1439121597
6	68	1	1439121651
6	68	1	1439203579
18	68	1	1492762463
6	68	1	1492762939
11	68	1	1492949272
18	68	1	1493197494
6	68	1	1493200204
6	68	1	1497436306
6	68	1	1497436338
6	68	1	1498374595
5	68	1	1499991103
5	68	1	1499991255
5	68	1	1499991290
2	68	1	1499991574
2	68	1	1499992152
2	68	1	1499992162
2	68	1	1499992877
2	68	1	1499993046
2	68	1	1499997590
2	68	1	1499999953
6	68	1	1500015826
2	68	1	1500433855
9	69	1	1493204068
5	69	1	1499991103
7	69	1	1500467431
19	70	1	1493483636
19	70	1	1493483678
8	70	1	1497868348
5	70	1	1499991103
2	70	1	1500005666
6	70	1	1500049475
7	70	1	1500467441
8	71	1	1449404793
8	71	1	1449404869
8	71	1	1449404921
8	71	1	1449405320
9	71	1	1493203121
5	71	1	1499991104
7	71	1	1500467451
9	72	1	1493204073
5	72	1	1499991104
13	72	1	1500142853
3	72	1	1500220765
3	72	1	1500220790
2	72	1	1500309755
7	72	1	1500467461
9	73	1	1493203128
10	73	1	1493459337
5	73	1	1499991104
7	73	1	1500467471
2	73	1	1500481425
2	73	1	1500481506
4	74	1	1493201471
5	74	1	1499991104
7	74	1	1500467481
8	75	1	1460622624
9	75	1	1493203136
5	75	1	1499991104
7	75	1	1500467491
4	76	1	1493201501
5	76	1	1499991104
2	76	1	1499991642
6	77	1	1439121267
6	77	1	1439121404
6	77	1	1439121734
6	77	1	1439203597
5	77	1	1499991104
2	77	1	1499992018
6	77	1	1500047160
2	77	1	1500434995
8	78	1	1474809821
4	78	1	1493201485
5	78	1	1499991104
7	78	1	1500467501
8	79	1	1475956317
8	79	1	1475956341
9	79	1	1493203341
5	79	1	1499991104
7	79	1	1500467511
9	80	1	1493203335
5	80	1	1499991105
7	80	1	1500467521
9	81	1	1493203329
10	81	1	1493459203
10	81	1	1493459218
10	81	1	1493459234
5	81	1	1499991105
7	81	1	1500467531
8	82	1	1457447629
10	82	1	1457447890
10	82	1	1493459292
5	82	1	1499991105
7	82	1	1500467541
2	82	1	1500481558
19	83	1	1492762277
9	83	1	1493203280
5	83	1	1499991105
9	84	1	1493203296
5	84	1	1499991105
7	84	1	1500467551
8	85	1	1475066375
8	85	1	1475066399
9	85	1	1493203303
5	85	1	1499991105
8	86	1	1449405434
4	86	1	1493202790
5	86	1	1499991105
7	86	1	1500467561
20	87	1	1492875049
4	87	1	1493202798
5	87	1	1499991106
7	87	1	1500467573
8	88	1	1474897302
4	88	1	1493203435
6	88	1	1493207949
6	88	1	1493207968
6	88	1	1493367769
5	88	1	1499991106
2	88	1	1500437422
6	89	1	1493200306
4	89	1	1493202705
5	89	1	1499991106
7	89	1	1500467583
21	89	1	1500508806
21	89	1	1500508833
8	90	1	1474810074
4	90	1	1493201083
5	90	1	1499991106
7	90	1	1500467593
4	91	1	1493201054
5	91	1	1499991106
7	91	1	1500467603
8	92	1	1449406970
10	92	1	1457447909
5	92	1	1499991106
10	92	1	1500324899
2	92	1	1500435107
8	93	1	1475956376
9	93	1	1493202507
5	93	1	1499991106
7	93	1	1500467613
16	94	1	1493105327
9	94	1	1493204160
10	94	1	1493207113
6	94	1	1493208240
5	94	1	1499991106
2	94	1	1499993275
6	94	1	1500047768
2	94	1	1500434815
2	94	1	1500434822
6	95	1	1493208240
5	95	1	1499991106
8	96	1	1474897211
9	96	1	1493204154
10	96	1	1493460354
5	96	1	1499991107
7	96	1	1500467623
8	97	1	1475066311
9	97	1	1493204147
10	97	1	1493460341
5	97	1	1499991107
7	97	1	1500467633
8	97	1	1500550443
8	98	1	1475066260
10	98	1	1475099204
5	98	1	1499991107
7	98	1	1500467643
9	99	1	1493204141
5	99	1	1499991107
7	99	1	1500467653
9	100	1	1493204135
5	100	1	1499991107
7	100	1	1500467663
9	101	1	1493204129
5	101	1	1499991107
7	101	1	1500467673
10	102	1	1487237092
5	102	1	1499991107
2	102	1	1500436920
12	102	1	1500472872
12	102	1	1500473916
6	103	1	1439203469
5	103	1	1499991107
7	103	1	1500467683
10	104	1	1492333493
5	104	1	1499991107
2	104	1	1499998751
6	104	1	1500048246
7	104	1	1500467693
8	105	1	1474897655
9	105	1	1493204062
5	105	1	1499991108
2	105	1	1499998607
2	105	1	1499998620
6	105	1	1500048209
7	105	1	1500467703
8	106	1	1474809916
4	106	1	1493201276
5	106	1	1499991108
7	106	1	1500467713
8	107	1	1474897028
9	107	1	1493204056
5	107	1	1499991108
2	107	1	1500001296
6	107	1	1500048424
7	107	1	1500467723
8	108	1	1449406615
9	108	1	1493202751
5	108	1	1499991108
7	108	1	1500467733
8	109	1	1474809984
9	109	1	1493202742
5	109	1	1499991108
10	109	1	1500453263
10	109	1	1500453293
7	109	1	1500467743
2	109	1	1500481442
2	109	1	1500481467
8	110	1	1459338199
4	110	1	1493201287
5	110	1	1499991108
9	111	1	1493202733
5	111	1	1499991108
7	111	1	1500467753
8	112	1	1475956277
4	112	1	1493202780
5	112	1	1499991108
7	112	1	1500467763
8	113	1	1475956201
9	113	1	1493203529
5	113	1	1499991108
7	113	1	1500467773
8	114	1	1475066214
10	114	1	1475099198
5	114	1	1499991109
4	115	1	1493201467
5	115	1	1499991109
7	115	1	1500467783
22	116	1	1492785211
9	116	1	1493203536
5	116	1	1499991109
7	116	1	1500467793
6	117	1	1439203465
5	117	1	1499991109
7	117	1	1500467803
8	118	1	1475956420
9	118	1	1493202726
5	118	1	1499991109
7	118	1	1500467813
19	119	1	1493112770
4	119	1	1493201498
5	119	1	1499991109
7	119	1	1500467823
9	120	1	1493203542
5	120	1	1499991109
7	120	1	1500467833
6	121	1	1439203459
5	121	1	1499991109
2	121	1	1500003848
2	121	1	1500003942
6	121	1	1500049424
7	121	1	1500467843
8	122	1	1449405986
9	122	1	1493202719
5	122	1	1499991109
2	122	1	1500003600
6	122	1	1500049384
7	122	1	1500467853
11	123	1	1498817487
5	123	1	1499991110
2	123	1	1500003352
9	124	1	1493203550
5	124	1	1499991110
2	124	1	1500002632
2	124	1	1500002675
6	124	1	1500049358
7	124	1	1500467863
9	125	1	1493203557
5	125	1	1499991110
2	125	1	1500002598
6	125	1	1500048616
6	125	1	1500048636
7	125	1	1500467873
9	126	1	1493203564
5	126	1	1499991110
2	126	1	1500002063
2	126	1	1500002223
2	126	1	1500002234
6	126	1	1500048507
6	126	1	1500048538
6	126	1	1500048553
6	126	1	1500048565
2	126	1	1500434763
9	127	1	1493203571
5	127	1	1499991110
2	127	1	1500001998
6	127	1	1500048469
7	127	1	1500467883
11	128	1	1497352077
11	128	1	1497425400
11	128	1	1497426074
11	128	1	1497426801
5	128	1	1499991110
7	128	1	1500467301
9	129	1	1493203471
6	129	1	1493203709
6	129	1	1493203719
5	129	1	1499991110
2	129	1	1500001817
6	129	1	1500048435
7	129	1	1500467893
4	130	1	1493202675
5	130	1	1499991110
7	130	1	1500467903
9	131	1	1493202613
5	131	1	1499991111
2	131	1	1499999656
7	131	1	1500467913
6	132	1	1439122080
5	132	1	1499991133
6	133	1	1439122084
5	133	1	1499991133
16	134	1	1492765179
5	134	1	1499991133
5	134	1	1499991256
2	134	1	1500433855
6	135	1	1439122082
5	135	1	1499991133
10	136	1	1493459266
5	136	1	1499991133
6	137	1	1439121383
5	137	1	1499991134
2	137	1	1500434892
5	138	1	1499991168
5	139	1	1499991256
5	140	1	1499991256
2	141	1	1499993323
2	141	1	1500007202
6	141	1	1500048029
2	141	1	1500435729
2	142	1	1500007072
6	142	1	1500049512
2	142	1	1500436663
23	143	1	1500029894
23	144	1	1500029912
2	144	1	1500048859
2	144	1	1500048883
2	144	1	1500048889
6	144	1	1500049550
23	145	1	1500029934
6	145	1	1500049604
2	145	1	1500434867
2	145	1	1500434877
2	145	1	1500434881
6	146	1	1500048566
2	147	1	1500048779
6	147	1	1500049276
2	147	1	1500053183
2	148	1	1500048875
6	148	1	1500049746
2	148	1	1500435500
24	149	1	1500104384
25	150	1	1500223794
25	151	1	1500223817
26	152	1	1500223988
26	153	1	1500224008
2	154	1	1500433855
2	155	1	1500433855
2	156	1	1500435208
2	156	1	1500435326
2	156	1	1500435340
2	157	1	1500435222
2	157	1	1500435365
2	158	1	1500435223
2	158	1	1500435360
2	159	1	1500435223
2	159	1	1500435354
2	160	1	1500435224
2	160	1	1500435347
2	161	1	1500435382
2	162	1	1500435386
2	163	1	1500435389
2	164	1	1500435392
2	165	1	1500435396
2	166	1	1500435446
2	167	1	1500435596
2	168	1	1500437351
6	169	1	1500462241
12	170	1	1500473855
12	170	1	1500473865
2	170	1	1500481588
2	170	1	1500481606
2	171	1	1500481567
