% bip positive
1	1	1	1136208041
1	2	1	1136208047
2	3	1	1141564638
2	3	1	1442844746
2	4	1	1141583694
2	5	1	1141583707
2	6	1	1141583770
2	6	1	1141593155
3	7	1	1154407863
4	7	1	1318938176
3	8	1	1154407863
5	9	1	1162234436
6	9	1	1179430719
7	10	1	1170693861
7	11	1	1170693906
8	12	1	1172645531
8	13	1	1172645571
8	14	1	1172730416
8	14	1	1200649452
9	15	1	1174772537
10	16	1	1179632454
11	16	1	1429233944
3	17	1	1154407863
8	17	1	1172730225
10	17	1	1179633537
10	17	1	1179633645
8	17	1	1184135464
12	17	1	1254181984
12	17	1	1255553463
13	17	1	1270065142
14	17	1	1287681253
4	17	1	1318938259
15	17	1	1334341831
16	17	1	1415986492
17	17	1	1424810658
18	17	1	1429442392
16	17	1	1466776915
16	17	1	1467087700
16	17	1	1500319595
19	18	1	1288416064
2	19	1	1141564676
20	19	1	1148823999
21	19	1	1150240112
3	19	1	1154407863
8	19	1	1172643615
8	19	1	1172644401
8	19	1	1172644837
8	19	1	1172645194
8	19	1	1172645491
8	19	1	1172645735
8	19	1	1184135045
8	19	1	1184135131
8	19	1	1184137977
8	19	1	1193930550
4	19	1	1318937974
8	19	1	1344594368
8	19	1	1344594475
22	19	1	1344594609
8	19	1	1344594711
8	19	1	1344594808
8	19	1	1344597510
23	19	1	1397220868
24	19	1	1405377386
24	19	1	1405377463
25	19	1	1487144565
8	20	1	1184135349
8	20	1	1200989359
8	21	1	1184135682
8	21	1	1344594526
8	22	1	1184135869
8	22	1	1344594411
26	22	1	1474922946
25	22	1	1487144525
25	22	1	1487144544
8	23	1	1184136743
9	23	1	1197677015
27	23	1	1246395250
28	23	1	1253317767
29	23	1	1256497595
30	23	1	1310318163
31	23	1	1324405943
8	23	1	1344598998
32	23	1	1344672215
29	23	1	1379331967
8	23	1	1380544337
8	23	1	1380544417
33	23	1	1397401535
8	24	1	1184136903
8	24	1	1184136975
8	24	1	1184137169
34	24	1	1221196345
35	24	1	1343512673
36	24	1	1438869575
36	24	1	1495088616
8	25	1	1184137019
8	25	1	1184137029
8	26	1	1185526383
29	26	1	1262689617
29	26	1	1300283257
22	26	1	1307176496
37	26	1	1309361953
37	26	1	1309362012
37	26	1	1309362030
37	26	1	1309362044
30	26	1	1310398262
37	26	1	1310540193
37	26	1	1310540408
37	26	1	1310547543
29	26	1	1319815646
36	26	1	1438869584
38	26	1	1455455628
38	26	1	1455464019
38	26	1	1455473933
38	26	1	1455474239
38	26	1	1455474394
38	26	1	1455474601
38	26	1	1455561121
38	26	1	1455561241
38	26	1	1455561429
38	26	1	1455561486
38	26	1	1455641088
38	26	1	1455641151
38	26	1	1455641478
38	26	1	1455641741
38	26	1	1456217036
38	26	1	1456217253
8	27	1	1185526521
31	27	1	1332416806
35	27	1	1343515416
39	27	1	1423746960
39	27	1	1423747060
8	28	1	1185526720
9	28	1	1197727034
29	28	1	1229645205
29	28	1	1254227326
29	28	1	1256526067
29	28	1	1256541313
29	28	1	1260236508
32	28	1	1275215917
29	28	1	1275759687
30	28	1	1310365015
40	28	1	1327836486
35	28	1	1343348934
33	28	1	1397574347
39	28	1	1423747207
38	29	1	1455465095
41	30	1	1187617308
42	32	1	1188423123
43	33	1	1192284093
43	34	1	1192284300
43	34	1	1192284308
43	35	1	1192284352
28	36	1	1192714382
44	37	1	1195171232
44	37	1	1217596684
8	38	1	1196065711
8	38	1	1196065884
29	38	1	1319763183
8	38	1	1344599184
39	38	1	1423746729
39	38	1	1423746751
26	38	1	1474903907
26	38	1	1474904688
26	38	1	1474904882
26	38	1	1474904979
26	38	1	1474905090
26	38	1	1474905299
26	38	1	1474907212
26	38	1	1474907422
26	38	1	1474961118
45	38	1	1475263336
45	38	1	1475263405
46	38	1	1475263413
45	38	1	1475263470
45	38	1	1475263510
47	38	1	1475263535
47	38	1	1475263542
45	38	1	1475263605
46	38	1	1475263629
45	38	1	1475263657
46	38	1	1475263673
45	38	1	1475263878
45	38	1	1475263898
46	38	1	1475263904
45	38	1	1475264048
45	38	1	1475264130
46	38	1	1475264143
42	39	1	1196975028
48	40	1	1198374337
48	41	1	1198374344
49	42	1	1198509184
22	43	1	1200039408
22	43	1	1200039816
22	43	1	1200039884
22	43	1	1200040562
8	43	1	1200128838
33	43	1	1397548911
8	44	1	1200035241
22	44	1	1200038767
8	45	1	1200036511
8	45	1	1200037839
8	45	1	1200037864
29	45	1	1229633693
50	45	1	1238135667
29	45	1	1254170730
29	45	1	1256490505
29	45	1	1256528751
29	45	1	1279123798
51	45	1	1299255530
29	45	1	1319763275
40	45	1	1327794387
8	45	1	1344598990
8	45	1	1344599307
33	45	1	1397005860
8	46	1	1200037914
8	47	1	1200037943
8	47	1	1200038054
52	47	1	1292837091
53	47	1	1358236003
8	48	1	1200037973
8	49	1	1200038074
8	50	1	1200038467
8	50	1	1200038616
8	50	1	1200125822
32	50	1	1268586561
22	50	1	1307176405
8	50	1	1344599182
54	50	1	1377669383
55	50	1	1395089964
39	50	1	1423747190
22	51	1	1200038911
8	52	1	1200039143
8	53	1	1200039162
8	54	1	1200125848
8	55	1	1200126228
8	55	1	1200126259
29	55	1	1229652121
27	55	1	1239225645
27	55	1	1258409027
32	55	1	1270231140
29	55	1	1279127092
29	55	1	1291573971
51	55	1	1301149749
30	55	1	1310377617
30	55	1	1315268974
29	55	1	1319782136
33	55	1	1397502702
39	55	1	1423747014
8	56	1	1200127196
8	56	1	1200127655
8	56	1	1229085687
29	56	1	1229653313
27	56	1	1246889071
27	56	1	1251971456
32	56	1	1271869799
29	56	1	1272192887
29	56	1	1275757814
56	56	1	1291951028
30	56	1	1310397423
30	56	1	1314577352
32	56	1	1344076045
8	56	1	1344599216
29	56	1	1370203918
22	56	1	1370587250
22	56	1	1370587280
33	56	1	1397594249
57	56	1	1408194937
8	57	1	1200127820
8	58	1	1200127935
8	58	1	1200128739
29	58	1	1229651084
27	58	1	1239225705
27	58	1	1254505034
58	58	1	1258054595
29	58	1	1267843141
29	58	1	1294910087
30	58	1	1310367955
30	58	1	1315268995
29	58	1	1319763087
29	58	1	1319767552
29	58	1	1330422195
59	58	1	1334637737
8	58	1	1344599210
32	58	1	1357122413
29	58	1	1359446992
60	58	1	1378207696
33	58	1	1397501056
8	59	1	1200295970
8	59	1	1200295999
8	59	1	1200296860
56	59	1	1232748534
61	59	1	1246798704
27	59	1	1254504884
29	59	1	1275757985
29	59	1	1280988894
30	59	1	1310397962
29	59	1	1319763132
29	59	1	1330422025
35	59	1	1343338714
8	59	1	1344599200
33	59	1	1397388204
8	60	1	1200296761
8	60	1	1200296799
29	60	1	1229644886
29	60	1	1285330427
29	60	1	1288560846
51	60	1	1297607619
29	60	1	1319763165
8	60	1	1344599196
32	60	1	1357121900
29	60	1	1370363092
33	60	1	1397561971
8	61	1	1200382191
8	61	1	1200383258
8	61	1	1200383678
8	61	1	1200485814
29	61	1	1229650370
27	61	1	1240510579
27	61	1	1251971606
29	61	1	1265046258
32	61	1	1267821939
29	61	1	1285326744
31	61	1	1324407306
8	61	1	1344596900
54	61	1	1377668930
29	61	1	1378797654
39	61	1	1423747171
8	62	1	1200383346
8	63	1	1200483752
8	63	1	1200485718
8	63	1	1200485777
8	63	1	1200485953
8	63	1	1206513113
29	63	1	1229641224
29	63	1	1254181596
29	63	1	1256544887
29	63	1	1256836054
29	63	1	1262695782
29	63	1	1262704088
29	63	1	1265051264
29	63	1	1265055976
29	63	1	1272199328
29	63	1	1279148588
62	63	1	1294602103
32	63	1	1337264794
32	63	1	1337431036
8	63	1	1344599179
32	63	1	1357218705
33	63	1	1397505428
39	63	1	1423746788
8	64	1	1200485777
8	65	1	1200559287
8	65	1	1200559894
8	65	1	1200560024
29	65	1	1229640583
27	65	1	1239225945
29	65	1	1254180793
29	65	1	1288560543
29	65	1	1294917812
30	65	1	1315268546
31	65	1	1322776623
29	65	1	1330457054
32	65	1	1341764733
8	65	1	1344599176
33	65	1	1397496269
8	66	1	1200649249
29	66	1	1229647402
27	66	1	1239225885
58	66	1	1259748655
32	66	1	1275215331
29	66	1	1285331147
29	66	1	1288797124
29	66	1	1291574261
30	66	1	1310371140
8	66	1	1344598713
8	66	1	1344599203
32	66	1	1357119005
29	66	1	1359463977
33	66	1	1397575327
39	66	1	1423747036
8	67	1	1200650046
8	67	1	1200650075
29	67	1	1229648927
27	67	1	1239225765
27	67	1	1246389336
29	67	1	1254226034
29	67	1	1256489465
29	67	1	1256518092
29	67	1	1256529835
29	67	1	1256549204
29	67	1	1272192607
29	67	1	1319769943
29	67	1	1319822926
59	67	1	1334637189
8	67	1	1344598985
36	67	1	1438869594
8	68	1	1200903118
8	68	1	1200904980
29	68	1	1229644830
27	68	1	1239225825
27	68	1	1240510429
27	68	1	1246876360
29	68	1	1254216269
58	68	1	1258048934
29	68	1	1260248398
56	68	1	1274452757
29	68	1	1285330807
29	68	1	1288561224
30	68	1	1310350778
8	68	1	1344599193
40	68	1	1366006935
33	68	1	1397551814
8	69	1	1200989380
8	70	1	1200989401
8	71	1	1200989469
8	71	1	1200989483
8	72	1	1200991137
8	72	1	1200991172
29	72	1	1229633634
27	72	1	1239225585
63	72	1	1273827434
30	72	1	1310312608
29	72	1	1319763202
8	72	1	1344598993
35	72	1	1352317966
29	72	1	1370210125
60	72	1	1378207552
33	72	1	1397059878
64	73	1	1201044178
8	74	1	1201072280
8	74	1	1201073709
28	74	1	1209354086
29	74	1	1229633654
50	74	1	1237040197
27	74	1	1239225525
27	74	1	1246888899
29	74	1	1254170363
58	74	1	1258047541
29	74	1	1265050907
29	74	1	1265055373
32	74	1	1267813609
65	74	1	1283872364
62	74	1	1294601893
29	74	1	1297679190
51	74	1	1299257167
29	74	1	1319759965
8	74	1	1344598987
32	74	1	1351436954
33	74	1	1397005602
8	75	1	1201160881
8	75	1	1201161831
8	75	1	1201161868
8	75	1	1201163850
66	75	1	1235685841
27	75	1	1239225365
27	75	1	1240510051
27	75	1	1246395280
29	75	1	1256577184
29	75	1	1267843001
29	75	1	1279127333
30	75	1	1310368075
32	75	1	1337093713
8	75	1	1344599218
32	75	1	1345283254
33	75	1	1397594006
39	75	1	1423747110
8	76	1	1201506508
8	76	1	1201506556
8	76	1	1201506616
27	76	1	1239225305
29	76	1	1254174936
29	76	1	1256568610
58	76	1	1258047791
29	76	1	1279126807
67	76	1	1292223635
30	76	1	1310321133
29	76	1	1319774322
8	76	1	1344599221
32	76	1	1348308825
32	76	1	1357141334
29	76	1	1379095432
33	76	1	1397288299
8	77	1	1201596581
8	77	1	1201596621
35	77	1	1343510002
35	77	1	1343581394
35	77	1	1343830763
8	77	1	1344599174
54	77	1	1377669460
33	77	1	1397528528
39	77	1	1423747056
8	78	1	1201678059
8	78	1	1201678100
8	78	1	1201678147
8	78	1	1206513627
66	78	1	1236026860
27	78	1	1246437956
27	78	1	1251971302
32	78	1	1265991200
29	78	1	1319775330
29	78	1	1330421896
8	78	1	1344599003
32	78	1	1345284680
29	78	1	1359374982
33	78	1	1397547575
39	78	1	1423747101
68	79	1	1204914965
68	80	1	1204914971
8	81	1	1206512794
8	81	1	1206513349
8	81	1	1206513389
8	81	1	1206513420
8	81	1	1206513439
8	81	1	1206513508
29	81	1	1229648618
29	81	1	1260249424
32	81	1	1275214418
30	81	1	1310363515
31	81	1	1322931587
8	81	1	1344599208
54	81	1	1377669292
39	81	1	1423746905
8	82	1	1206513141
8	83	1	1206513439
69	84	1	1206546286
60	84	1	1314728330
70	84	1	1338933269
69	85	1	1206547161
70	85	1	1206613223
60	85	1	1314728330
70	85	1	1338933265
70	85	1	1338933951
70	86	1	1206581785
71	86	1	1218723388
30	86	1	1314916737
70	86	1	1338914406
70	87	1	1206581791
71	87	1	1218723388
70	87	1	1338914400
70	87	1	1338915072
70	88	1	1206581794
71	88	1	1218723388
72	89	1	1206648507
73	90	1	1211747683
73	90	1	1231041125
21	91	1	1211759584
21	92	1	1211759694
74	93	1	1212089804
13	93	1	1277174002
13	93	1	1277175388
75	94	1	1212215989
76	95	1	1212354190
77	96	1	1213741363
77	96	1	1213785445
77	96	1	1261739592
77	96	1	1264523671
77	96	1	1293285662
77	96	1	1372514904
77	97	1	1214158457
71	98	1	1218723343
71	99	1	1218723388
71	100	1	1218723388
71	101	1	1218723388
58	101	1	1268435129
30	101	1	1314916747
34	102	1	1220766552
34	103	1	1220766560
13	105	1	1225174712
13	106	1	1225271784
13	107	1	1225343806
78	108	1	1225382975
78	109	1	1225385759
78	110	1	1225393317
78	111	1	1225393404
78	111	1	1226324138
13	112	1	1225408462
13	113	1	1225432612
78	114	1	1225446140
78	115	1	1225446433
78	116	1	1225467158
78	116	1	1225578460
78	116	1	1225593631
78	116	1	1225604204
78	116	1	1225663973
78	116	1	1225686605
78	116	1	1225737612
78	116	1	1225780616
78	116	1	1225845890
78	116	1	1225867812
78	116	1	1226019767
78	116	1	1226385170
78	116	1	1226505913
78	116	1	1227110481
78	116	1	1227884040
78	116	1	1229420432
78	116	1	1230239523
78	116	1	1230245744
78	116	1	1230774298
78	116	1	1231765619
78	116	1	1232075027
78	116	1	1232479902
78	116	1	1232487198
78	116	1	1233062660
78	116	1	1233105094
78	116	1	1233130283
78	116	1	1233216890
78	116	1	1233560831
78	116	1	1234457653
78	116	1	1234957025
78	116	1	1235332339
78	116	1	1235501282
78	116	1	1236132029
78	116	1	1237343746
78	116	1	1238051614
78	116	1	1238724028
78	116	1	1240467524
13	117	1	1225532266
13	118	1	1225586792
13	119	1	1225682667
13	120	1	1225774147
13	121	1	1225863645
78	122	1	1225937253
78	123	1	1225948191
78	124	1	1225967449
78	124	1	1226315075
78	125	1	1226244768
79	126	1	1226497957
13	127	1	1226545660
13	128	1	1227253829
13	129	1	1227886555
12	130	1	1229701425
12	131	1	1229701716
80	132	1	1229958587
13	133	1	1234152491
13	134	1	1234567427
13	135	1	1235277522
13	136	1	1235281377
8	137	1	1236686833
8	137	1	1236687019
8	137	1	1236687060
29	137	1	1319623698
31	137	1	1327062456
8	137	1	1344598723
8	137	1	1344598739
8	137	1	1344599187
39	137	1	1423746850
81	137	1	1496992940
81	137	1	1496993016
78	138	1	1237307774
13	139	1	1237618084
27	140	1	1238742997
27	141	1	1238743007
13	142	1	1239507699
13	143	1	1239580700
13	144	1	1239584227
13	145	1	1240009812
13	146	1	1240017409
13	147	1	1240082484
13	148	1	1240090103
82	149	1	1242923631
83	150	1	1246047851
60	150	1	1378207780
83	151	1	1246047858
83	152	1	1246047862
84	153	1	1248116192
13	154	1	1251839551
13	155	1	1252737288
13	156	1	1252746068
13	157	1	1252817611
12	158	1	1255553479
4	158	1	1318938462
85	159	1	1257287110
58	160	1	1258042448
58	160	1	1291929222
86	161	1	1260075095
59	161	1	1334638628
87	162	1	1262580856
88	163	1	1262769562
13	164	1	1264238223
13	165	1	1264292780
13	166	1	1264390207
72	167	1	1264417823
13	168	1	1264468236
13	169	1	1264474059
13	170	1	1264552824
13	171	1	1264722080
13	172	1	1264733029
13	173	1	1264919800
13	174	1	1264922298
13	175	1	1264923943
32	176	1	1266220077
13	177	1	1266707141
13	177	1	1379474108
13	178	1	1266718143
89	179	1	1268602115
90	180	1	1269710271
13	181	1	1270064849
4	181	1	1318938488
13	182	1	1270064853
4	182	1	1318938551
91	183	1	1270197362
91	183	1	1379267818
91	184	1	1270471852
91	184	1	1379267815
91	185	1	1270661100
91	185	1	1379267558
92	186	1	1270934250
13	187	1	1271127540
93	188	1	1273683103
13	189	1	1276992959
13	190	1	1277066774
13	191	1	1277159522
13	192	1	1277168508
13	193	1	1277179459
13	194	1	1277180936
13	195	1	1277247902
13	196	1	1277579529
13	196	1	1289087939
94	196	1	1308764162
94	196	1	1309107392
94	196	1	1322679055
94	196	1	1356646794
94	196	1	1356697663
13	197	1	1280796347
13	198	1	1280800335
95	200	1	1280960551
95	200	1	1281006391
95	201	1	1281097484
13	202	1	1281149745
13	203	1	1281153840
13	204	1	1281155428
13	205	1	1281158820
95	206	1	1281183101
13	206	1	1289145839
94	206	1	1308800632
94	206	1	1309111143
94	206	1	1356646794
13	207	1	1281233208
13	208	1	1281234976
95	209	1	1281258803
13	210	1	1283021226
13	211	1	1283393785
96	212	1	1283395802
96	212	1	1284616753
41	212	1	1408317672
96	213	1	1283412652
3	214	1	1285024356
96	215	1	1285794463
13	216	1	1287262021
96	217	1	1287790336
96	218	1	1287863523
13	219	1	1289158821
13	220	1	1289173488
22	221	1	1307176497
96	222	1	1289955501
96	222	1	1291479562
96	222	1	1295308409
97	222	1	1328963777
98	222	1	1337664437
98	222	1	1342549216
98	222	1	1349131839
98	222	1	1360201084
67	223	1	1291889153
99	224	1	1291890393
100	225	1	1294092295
13	226	1	1296443089
13	226	1	1333238380
101	226	1	1390294226
13	227	1	1296449126
13	228	1	1296529412
39	229	1	1296560737
39	229	1	1388776722
13	230	1	1296617667
51	231	1	1296648841
13	232	1	1296784500
102	233	1	1297575905
13	235	1	1298436085
13	236	1	1301870325
13	237	1	1302978511
103	237	1	1331481071
13	238	1	1302982957
13	239	1	1302994811
13	240	1	1303351502
13	241	1	1305157460
13	241	1	1333912266
96	242	1	1306448834
96	243	1	1306521008
104	244	1	1306560247
104	244	1	1314549439
22	245	1	1307176497
22	246	1	1307176497
105	247	1	1307398169
106	247	1	1332359085
107	248	1	1308065646
107	248	1	1331369782
107	248	1	1400726702
107	248	1	1423197362
94	249	1	1308810508
94	249	1	1308814805
94	250	1	1308814765
108	251	1	1309520020
108	252	1	1309529664
94	253	1	1309540594
94	254	1	1309542682
13	255	1	1309570837
13	256	1	1309579486
13	257	1	1309583511
13	258	1	1309623515
13	259	1	1309632455
109	260	1	1310367954
13	261	1	1314242399
13	261	1	1422212645
60	262	1	1314728330
60	263	1	1314728330
60	264	1	1314730161
60	264	1	1316862951
13	265	1	1315765073
13	266	1	1315768292
13	267	1	1315772783
110	268	1	1316295486
106	269	1	1318460389
4	270	1	1318937974
4	271	1	1318938092
4	272	1	1318938122
4	273	1	1318938259
13	274	1	1318982406
96	275	1	1319841986
96	275	1	1429212179
111	276	1	1319998421
59	276	1	1334640612
112	276	1	1497570736
113	277	1	1320784185
113	278	1	1320784316
114	279	1	1321042067
114	280	1	1321205325
114	281	1	1321205326
114	281	1	1321205374
115	282	1	1321634741
115	282	1	1349215704
115	282	1	1357703808
13	283	1	1321763442
13	284	1	1321848801
13	285	1	1321919822
13	286	1	1321923478
13	286	1	1322093454
13	287	1	1321927680
13	287	1	1322095130
94	288	1	1322001334
116	288	1	1343346068
13	289	1	1322097184
13	290	1	1322098404
13	291	1	1322099654
13	292	1	1323016366
13	293	1	1323046819
13	294	1	1323050470
106	295	1	1325969287
13	296	1	1326049677
96	297	1	1326329096
40	298	1	1327003072
40	298	1	1327006540
40	298	1	1360344402
40	299	1	1327003082
40	299	1	1327003806
40	299	1	1327005218
40	299	1	1360345208
40	299	1	1368047192
106	300	1	1328132493
13	301	1	1329081123
13	302	1	1329096218
103	303	1	1329314317
103	304	1	1329314326
13	305	1	1329595561
106	306	1	1329747686
106	307	1	1329761683
94	308	1	1329834535
94	309	1	1329838910
94	309	1	1356638773
117	310	1	1330217554
13	310	1	1344219776
13	310	1	1344227802
118	311	1	1330234409
13	311	1	1346639777
103	312	1	1330671711
103	313	1	1330705586
13	314	1	1332040373
119	315	1	1332819996
26	315	1	1474923120
13	316	1	1333244473
13	317	1	1333419830
13	318	1	1333500676
13	318	1	1333582791
13	319	1	1333587750
13	320	1	1333905597
13	321	1	1333907684
106	322	1	1334115242
15	323	1	1334341827
13	324	1	1334510332
89	325	1	1335652567
13	326	1	1336323919
106	327	1	1338323112
120	328	1	1338437945
120	328	1	1338440921
120	328	1	1342490524
13	329	1	1338650159
13	330	1	1338656350
13	331	1	1338660867
13	332	1	1339379961
13	334	1	1339993514
106	335	1	1340669111
13	336	1	1341259822
13	336	1	1344110735
116	337	1	1343346023
116	338	1	1343346085
13	339	1	1344112256
121	340	1	1344323187
13	341	1	1344380485
4	342	1	1344598117
122	342	1	1360203674
123	342	1	1360203706
41	342	1	1372793873
124	342	1	1380099157
125	342	1	1380817107
126	342	1	1382704382
127	342	1	1383807485
125	342	1	1389117557
124	342	1	1393474925
124	342	1	1393474959
46	342	1	1394852008
128	342	1	1395441099
125	342	1	1401727639
129	342	1	1402780846
8	343	1	1344598713
8	344	1	1344598723
70	344	1	1344902210
30	344	1	1496994217
8	345	1	1344598739
30	345	1	1496994227
130	346	1	1345558666
131	347	1	1346361093
131	348	1	1346432538
59	348	1	1347117278
59	348	1	1360799566
59	349	1	1346446750
13	350	1	1346628300
13	351	1	1346633583
13	352	1	1346637753
132	353	1	1348947310
103	354	1	1351193262
103	355	1	1351241438
103	356	1	1351251267
103	357	1	1351251277
13	358	1	1355092320
13	359	1	1355113401
133	360	1	1355257003
134	361	1	1355728102
28	361	1	1491332695
115	362	1	1357703846
53	363	1	1358236181
106	364	1	1359583969
106	365	1	1359584038
106	366	1	1359911872
133	367	1	1359912750
106	368	1	1359915383
13	369	1	1360031475
126	369	1	1417131910
126	369	1	1487253672
13	370	1	1360035772
122	371	1	1360203689
13	372	1	1361150452
13	373	1	1361156078
106	374	1	1361236536
106	375	1	1364095565
13	376	1	1364143225
13	377	1	1364147202
13	378	1	1364173698
13	379	1	1364175488
135	379	1	1451502382
136	380	1	1366114546
106	381	1	1367177481
137	382	1	1367357274
135	382	1	1451502366
127	383	1	1369584974
127	383	1	1380479674
13	383	1	1381707271
127	383	1	1384699477
127	383	1	1408421565
138	384	1	1369956137
13	385	1	1370218332
139	386	1	1370875516
139	387	1	1370875519
13	388	1	1372734441
13	389	1	1372821505
140	390	1	1374242592
141	391	1	1376685654
142	392	1	1377985905
141	393	1	1377992353
91	394	1	1379267351
91	395	1	1379267351
13	396	1	1379282912
13	397	1	1379303166
135	397	1	1451502382
13	398	1	1379464611
13	399	1	1379468226
13	400	1	1379561465
13	401	1	1379563028
13	402	1	1379564352
13	403	1	1379897986
13	404	1	1379899596
13	405	1	1380160293
13	406	1	1380164496
13	407	1	1380396584
13	408	1	1380397954
13	409	1	1380401542
143	409	1	1385796756
143	409	1	1388052907
143	409	1	1391249044
13	409	1	1408627915
144	409	1	1411917885
145	409	1	1411919450
13	409	1	1413773862
13	409	1	1438466208
13	410	1	1380408085
143	410	1	1385474815
143	410	1	1386743400
143	410	1	1391656097
143	410	1	1393935866
144	410	1	1411917885
145	410	1	1411919451
13	410	1	1414901741
13	411	1	1381684545
13	412	1	1381702114
127	412	1	1382879310
127	412	1	1382933049
127	413	1	1382862174
146	414	1	1382906004
147	415	1	1383039417
148	416	1	1383341107
149	417	1	1383684360
150	418	1	1384699255
151	419	1	1384786597
152	420	1	1385384113
153	421	1	1387293670
13	422	1	1390175715
154	422	1	1487204061
13	423	1	1390254766
13	424	1	1390265916
155	425	1	1390300376
24	426	1	1392268208
24	426	1	1392268520
24	426	1	1405378803
24	426	1	1405379679
24	427	1	1392269371
24	427	1	1392269433
24	427	1	1392269709
24	427	1	1392269999
24	427	1	1392270470
39	427	1	1423747281
39	427	1	1423747294
24	428	1	1392270188
156	429	1	1392385734
156	430	1	1392392749
13	431	1	1393564309
13	432	1	1393571576
25	433	1	1393605955
25	433	1	1395657830
25	433	1	1399182491
25	433	1	1404804190
25	433	1	1404967710
25	434	1	1393606111
25	434	1	1393612662
25	434	1	1402508380
25	434	1	1425874717
25	434	1	1453114657
157	435	1	1393705902
151	436	1	1394757357
158	437	1	1395185964
158	437	1	1395428204
158	437	1	1396579237
159	438	1	1396563186
160	439	1	1396597309
16	440	1	1400531907
24	441	1	1405377863
41	442	1	1408317673
13	443	1	1408641767
161	443	1	1461691483
13	444	1	1409110132
13	445	1	1410625125
162	445	1	1447384141
13	446	1	1410711087
13	447	1	1411005544
162	447	1	1447384144
144	448	1	1411917885
70	448	1	1415700428
13	448	1	1420954591
144	449	1	1411917886
70	449	1	1415700443
13	449	1	1420961277
145	450	1	1411919451
145	451	1	1411919451
163	452	1	1413476235
163	452	1	1447367302
163	452	1	1447798617
13	453	1	1416715461
164	453	1	1472040942
164	453	1	1472140099
13	454	1	1416722876
164	454	1	1472040943
164	454	1	1472140099
126	455	1	1417131909
126	456	1	1417131911
13	457	1	1417323935
165	458	1	1418655628
13	459	1	1421019234
13	460	1	1421112777
13	461	1	1421116769
13	462	1	1421120775
13	462	1	1423375652
130	462	1	1424432117
24	463	1	1421214835
55	464	1	1421722382
13	465	1	1423371204
13	466	1	1423377906
130	466	1	1424432117
13	467	1	1423708980
39	468	1	1423747467
39	469	1	1423747471
39	470	1	1423747476
166	470	1	1449933443
166	470	1	1449933472
39	471	1	1423747480
39	472	1	1423747556
39	473	1	1423747564
39	474	1	1423747577
39	475	1	1423747585
39	476	1	1423747693
39	477	1	1423747706
39	478	1	1423747722
39	479	1	1423747737
39	480	1	1423747750
39	481	1	1423747763
13	482	1	1423941655
167	483	1	1424203717
13	484	1	1424393889
164	484	1	1438202362
130	485	1	1424432117
130	486	1	1424432117
13	487	1	1424583642
164	487	1	1438202362
13	488	1	1424585742
70	488	1	1438221607
168	489	1	1425848759
13	490	1	1426642973
16	491	1	1426840875
11	491	1	1429233944
16	491	1	1429245776
16	492	1	1426840875
11	492	1	1429233944
16	492	1	1429245789
16	493	1	1426840875
11	493	1	1429233944
16	493	1	1429245790
16	494	1	1426840875
11	494	1	1429233944
16	494	1	1429245791
16	495	1	1426840879
11	495	1	1429233944
16	495	1	1429245791
16	496	1	1426840879
16	497	1	1426840880
16	498	1	1426840881
11	498	1	1429233945
16	498	1	1429245795
16	499	1	1426840883
11	499	1	1429233944
16	499	1	1429245795
96	500	1	1429212179
164	501	1	1438202362
164	502	1	1438202362
169	503	1	1438645187
170	504	1	1441534525
170	504	1	1442255406
171	505	1	1441536494
171	505	1	1442433254
172	506	1	1442255450
172	506	1	1442413183
172	506	1	1442413926
169	507	1	1443816914
169	508	1	1443816914
169	509	1	1443816914
169	510	1	1443816914
169	511	1	1443816915
169	512	1	1443816915
169	513	1	1443816915
135	514	1	1451502366
135	515	1	1451502382
135	516	1	1451502382
173	517	1	1453925705
173	517	1	1453926165
173	517	1	1453926666
173	517	1	1453926705
38	518	1	1455562973
38	518	1	1455563154
38	518	1	1455563389
38	518	1	1455563409
38	518	1	1455563988
38	518	1	1455566394
38	518	1	1455567963
38	518	1	1455640890
161	519	1	1461695623
135	520	1	1462383624
174	521	1	1463824415
164	522	1	1472140099
164	523	1	1472140099
26	524	1	1474922996
26	524	1	1474923016
46	525	1	1475263641
25	526	1	1487144544
154	527	1	1487204062
126	528	1	1487253672
81	529	1	1496992940
112	530	1	1497570736
