% bip positive
1	1	1	1077421619
1	2	1	1075387244
1	3	1	1075387244
1	4	1	1086463450
1	5	1	1086463450
1	6	1	1086463450
1	7	1	1086463450
1	8	1	1086463450
1	9	1	1086463450
1	10	1	1086463450
1	11	1	1086463450
1	12	1	1086463450
1	13	1	1086463450
1	14	1	1086463450
1	15	1	1086463450
1	16	1	1086463450
1	17	1	1086463450
1	18	1	1086463450
1	19	1	1086463450
1	20	1	1086463450
1	21	1	1086463450
1	22	1	1086463450
1	23	1	1086463450
1	24	1	1086463450
1	25	1	1086463450
1	26	1	1086463450
1	27	1	1086463450
1	28	1	1086463450
1	29	1	1086463450
1	30	1	1086463450
1	31	1	1086463450
1	32	1	1086463450
1	33	1	1086463450
1	34	1	1086463450
1	35	1	1086463450
1	36	1	1086463450
1	37	1	1086463450
1	38	1	1086463450
1	39	1	1086463450
1	40	1	1086463450
1	41	1	1086463450
1	42	1	1086463450
1	43	1	1086463450
1	44	1	1086463450
1	45	1	1086463450
1	46	1	1086463450
1	47	1	1086463450
1	48	1	1086463450
1	49	1	1086463450
1	50	1	1086463450
1	51	1	1086463450
1	52	1	1086463450
1	53	1	1086463450
1	54	1	1086463450
1	55	1	1086463450
1	56	1	1086463450
1	57	1	1086463450
1	58	1	1086463450
1	59	1	1086463450
1	60	1	1086463450
1	61	1	1086463450
1	62	1	1086463450
1	63	1	1086463450
1	64	1	1086463450
1	65	1	1086463450
1	66	1	1086463450
1	67	1	1086463450
1	68	1	1086463450
1	69	1	1086463450
1	70	1	1086463450
1	71	1	1086463450
1	72	1	1086463450
1	73	1	1086463450
1	74	1	1086463450
1	75	1	1086463450
1	76	1	1086463450
1	77	1	1086463450
1	78	1	1086463524
2	79	1	1114209844
3	79	1	1429233430
4	80	1	1136453699
5	80	1	1140656739
6	80	1	1154405304
7	80	1	1170689914
7	80	1	1170690365
7	80	1	1170757444
7	80	1	1170757522
7	80	1	1170762926
8	80	1	1173032959
9	80	1	1173855549
10	80	1	1173885589
9	80	1	1175191464
11	80	1	1216679225
12	80	1	1216679360
13	80	1	1238555614
14	80	1	1333790201
15	80	1	1344246494
16	80	1	1374029999
16	80	1	1374030026
16	80	1	1374106588
16	80	1	1374109331
16	80	1	1374109604
16	80	1	1374109838
16	80	1	1374109858
16	80	1	1374115612
16	80	1	1374199287
16	80	1	1374200236
16	80	1	1374200412
17	80	1	1453190957
18	81	1	1135907396
18	82	1	1135907481
19	83	1	1136130830
19	84	1	1136130841
4	85	1	1136452723
4	85	1	1444093821
4	86	1	1136452925
20	87	1	1137765976
21	88	1	1151850914
22	88	1	1277174410
22	88	1	1277175914
6	89	1	1154405304
23	89	1	1266043703
24	90	1	1162212802
22	90	1	1225272931
25	91	1	1162392817
7	92	1	1170689750
7	93	1	1170690466
8	93	1	1172843755
16	93	1	1379639897
16	93	1	1379639917
26	93	1	1436766832
27	93	1	1493231599
7	94	1	1170690584
9	94	1	1173860446
9	94	1	1177867867
9	94	1	1182414905
28	94	1	1200994796
13	94	1	1235307264
13	94	1	1240436496
13	94	1	1246484484
13	94	1	1249151089
13	94	1	1249951691
13	94	1	1249967587
13	94	1	1262996515
29	94	1	1292312445
29	94	1	1311939386
30	94	1	1323528536
31	94	1	1342014916
31	94	1	1367279964
29	94	1	1386607262
27	94	1	1430985942
27	94	1	1445338078
31	94	1	1464675208
32	94	1	1468676208
33	94	1	1475563998
27	94	1	1493231625
7	95	1	1170690689
13	95	1	1235901664
27	95	1	1445338152
27	95	1	1493231623
7	96	1	1170690720
13	96	1	1236297886
27	96	1	1445338296
27	96	1	1493231628
27	97	1	1445338497
16	98	1	1379637813
16	98	1	1379637830
16	98	1	1379637997
16	98	1	1379638010
33	98	1	1490971633
27	98	1	1493231598
7	99	1	1170762449
9	99	1	1173861993
27	99	1	1445338527
27	99	1	1493231636
9	100	1	1173855052
9	100	1	1176391366
9	100	1	1184731403
28	100	1	1193125676
28	100	1	1199215389
9	100	1	1210962865
11	100	1	1221052986
11	100	1	1225387742
13	100	1	1239276423
13	100	1	1242232508
13	100	1	1242612064
13	100	1	1246003191
13	100	1	1252481962
13	100	1	1255736064
13	100	1	1256226580
11	100	1	1262442343
13	100	1	1264216607
13	100	1	1282322193
13	100	1	1287129660
30	100	1	1320370498
30	100	1	1324312756
29	100	1	1324523473
29	100	1	1325386344
27	100	1	1331539515
31	100	1	1342080931
27	100	1	1343077922
31	100	1	1344144005
31	100	1	1350256534
16	100	1	1379640008
27	100	1	1383731934
29	100	1	1386529523
34	100	1	1395644801
27	100	1	1410474564
27	100	1	1425131589
27	100	1	1463485267
27	100	1	1466059254
33	100	1	1475106666
27	100	1	1493231599
9	101	1	1173857667
9	101	1	1175243457
9	101	1	1177839780
9	101	1	1212701872
28	101	1	1221304345
13	101	1	1235491896
13	101	1	1249112669
13	101	1	1255973784
13	101	1	1289175414
23	101	1	1289864641
29	101	1	1292700241
35	101	1	1296583380
27	101	1	1307096774
27	101	1	1315825412
30	101	1	1321902990
29	101	1	1325400319
31	101	1	1351223006
27	101	1	1359877692
16	101	1	1379640114
27	101	1	1383743779
34	101	1	1395882686
27	101	1	1407768146
27	101	1	1425156908
27	101	1	1433016958
31	101	1	1448750869
32	101	1	1484540765
27	101	1	1493231599
16	102	1	1379640255
16	103	1	1379640312
16	103	1	1379640338
16	104	1	1379640375
16	105	1	1379713342
27	106	1	1430984321
27	106	1	1445338266
33	106	1	1469947666
33	106	1	1484733849
27	106	1	1493231611
27	107	1	1445338266
9	108	1	1173860727
13	108	1	1269848488
13	108	1	1279068513
13	108	1	1288905108
23	108	1	1290300442
27	108	1	1430986008
31	108	1	1435463340
27	108	1	1445338153
31	108	1	1452226732
31	108	1	1464453697
33	108	1	1469947797
33	108	1	1475110056
27	108	1	1493231622
27	109	1	1445338154
27	110	1	1445338155
13	111	1	1246025840
27	111	1	1430985998
27	111	1	1445338165
27	111	1	1493231624
27	112	1	1445338165
27	113	1	1445338166
27	114	1	1445338167
27	115	1	1445338167
27	116	1	1445338187
27	117	1	1445338187
27	118	1	1445338188
27	119	1	1445338189
7	120	1	1170749511
27	120	1	1445338190
7	121	1	1170749540
27	121	1	1445338190
7	122	1	1170749565
9	122	1	1173860526
27	122	1	1430985994
27	122	1	1445338191
27	122	1	1493231624
7	123	1	1170749839
27	123	1	1445338192
7	124	1	1170749871
27	124	1	1445338211
7	125	1	1170750073
27	125	1	1445338212
7	126	1	1170750085
27	126	1	1445338225
7	127	1	1170750430
27	127	1	1445338275
7	128	1	1170750610
27	128	1	1445338286
7	129	1	1170750654
27	129	1	1445338287
7	130	1	1170750678
27	130	1	1445338288
33	130	1	1469947793
27	130	1	1493231625
7	131	1	1170750715
27	131	1	1445338288
7	132	1	1170750751
27	132	1	1445338289
7	133	1	1170750940
27	133	1	1445338290
7	134	1	1170757559
27	134	1	1445338290
7	135	1	1170757667
9	135	1	1173860431
11	135	1	1217334556
13	135	1	1233330626
13	135	1	1247683734
13	135	1	1268432588
29	135	1	1307932532
30	135	1	1318961457
29	135	1	1322508554
27	135	1	1346918147
27	135	1	1363796896
29	135	1	1388707980
27	135	1	1392554797
34	135	1	1399595195
36	135	1	1431858738
27	135	1	1445338291
27	135	1	1445804738
27	135	1	1464215133
32	135	1	1468417959
32	135	1	1491782691
27	135	1	1493231626
7	136	1	1170757681
27	136	1	1445338291
7	137	1	1170757775
9	137	1	1173860321
27	137	1	1445338292
27	137	1	1493231626
7	138	1	1170757799
9	138	1	1173860301
9	138	1	1177541059
9	138	1	1212020957
13	138	1	1234851409
13	138	1	1264758339
13	138	1	1289053511
29	138	1	1292614209
29	138	1	1301650910
30	138	1	1318961377
30	138	1	1323569804
29	138	1	1328129481
37	138	1	1334937073
31	138	1	1346561819
31	138	1	1365636990
29	138	1	1388710640
27	138	1	1410413045
36	138	1	1431858688
34	138	1	1434134675
26	138	1	1436782118
34	138	1	1443998684
27	138	1	1445338293
31	138	1	1450981296
31	138	1	1465665135
27	138	1	1493231626
7	139	1	1170757823
27	139	1	1445338294
7	140	1	1170757834
27	140	1	1445338294
7	141	1	1170757945
27	141	1	1445338295
7	142	1	1170757967
9	142	1	1173860211
9	142	1	1177771704
9	142	1	1212675534
13	142	1	1236707302
13	142	1	1238022676
13	142	1	1254469071
13	142	1	1257413886
13	142	1	1265934722
30	142	1	1356869470
31	142	1	1374949637
27	142	1	1417623078
27	142	1	1430178786
27	142	1	1445338297
32	142	1	1486870185
27	142	1	1493231627
7	143	1	1170757971
27	143	1	1445338298
7	144	1	1170757974
27	144	1	1445338298
7	145	1	1170758040
27	145	1	1445338323
7	146	1	1170758046
27	146	1	1445338324
7	147	1	1170758054
27	147	1	1445338325
7	148	1	1170758060
27	148	1	1445338326
7	149	1	1170758066
27	149	1	1445338326
7	150	1	1170758107
27	150	1	1445338327
7	151	1	1170758114
27	151	1	1445338328
7	152	1	1170758123
27	152	1	1445338329
7	153	1	1170758130
27	153	1	1445338329
7	154	1	1170758135
27	154	1	1445338330
7	155	1	1170758141
27	155	1	1445338331
7	156	1	1170758199
27	156	1	1445338332
7	157	1	1170758205
13	157	1	1268603543
27	157	1	1445338332
27	157	1	1493231628
7	158	1	1170758211
27	158	1	1445338333
7	159	1	1170758218
27	159	1	1445338334
7	160	1	1170758225
27	160	1	1445338335
7	161	1	1170758231
27	161	1	1445338335
7	162	1	1170758238
13	162	1	1282418161
27	162	1	1430986776
27	162	1	1445338372
27	162	1	1493231628
7	163	1	1170758354
27	163	1	1445338373
7	164	1	1170758365
27	164	1	1445338374
7	165	1	1170758372
27	165	1	1430986772
27	165	1	1445338375
27	165	1	1493231629
7	166	1	1170758380
27	166	1	1340868546
27	166	1	1445338393
33	166	1	1469947839
27	166	1	1493231630
7	167	1	1170758387
27	167	1	1445338412
7	168	1	1170758393
27	168	1	1445338422
7	169	1	1170758401
27	169	1	1445338423
7	170	1	1170758408
27	170	1	1445338423
7	171	1	1170758538
27	171	1	1445338424
7	172	1	1170759334
26	172	1	1436787332
26	172	1	1436787373
27	172	1	1445338444
27	172	1	1493231630
7	173	1	1170759343
27	173	1	1445338444
7	174	1	1170759351
27	174	1	1445338445
7	175	1	1170759356
27	175	1	1445338465
7	176	1	1170759361
27	176	1	1445338466
7	177	1	1170759395
27	177	1	1445338466
7	178	1	1170759486
27	178	1	1445338467
7	179	1	1170759495
9	179	1	1173861458
13	179	1	1235507667
13	179	1	1258520795
13	179	1	1263834586
13	179	1	1276326899
29	179	1	1293653727
31	179	1	1375125053
27	179	1	1445338467
33	179	1	1469947835
33	179	1	1476568158
27	179	1	1493231630
7	180	1	1170759503
27	180	1	1445338468
7	181	1	1170759510
27	181	1	1445338469
7	182	1	1170759648
27	182	1	1445338469
7	183	1	1170759820
27	183	1	1445338470
7	184	1	1170759827
27	184	1	1445338495
7	185	1	1170759833
27	185	1	1445338495
7	186	1	1170760036
27	186	1	1445338496
7	187	1	1170760042
27	187	1	1445338498
7	188	1	1170760048
27	188	1	1445338498
7	189	1	1170760054
27	189	1	1445338499
7	190	1	1170760061
27	190	1	1445338500
7	191	1	1170760066
27	191	1	1445338500
7	192	1	1170760072
27	192	1	1445338501
7	193	1	1170760078
27	193	1	1445338502
7	194	1	1170760137
27	194	1	1445338502
7	195	1	1170760150
27	195	1	1445338503
7	196	1	1170760157
27	196	1	1445338503
7	197	1	1170760162
27	197	1	1445338504
7	198	1	1170760168
27	198	1	1445338505
7	199	1	1170760176
27	199	1	1445338505
7	200	1	1170760182
27	200	1	1445338506
7	201	1	1170760188
27	201	1	1445338506
7	202	1	1170760200
9	202	1	1173862356
9	202	1	1178547517
28	202	1	1191361111
9	202	1	1212094666
13	202	1	1236260583
13	202	1	1254556730
13	202	1	1264187495
23	202	1	1293101572
29	202	1	1295385990
30	202	1	1318964625
29	202	1	1335865456
31	202	1	1345735971
31	202	1	1350582516
31	202	1	1356382875
34	202	1	1409139916
27	202	1	1434908144
27	202	1	1445338507
27	202	1	1458904466
31	202	1	1459608038
32	202	1	1487240209
31	202	1	1489009386
27	202	1	1493231631
7	203	1	1170760205
27	203	1	1445338508
7	204	1	1170760212
27	204	1	1445338509
7	205	1	1170761862
13	205	1	1236710525
27	205	1	1445338509
27	205	1	1493231632
7	206	1	1170761869
27	206	1	1445338511
7	207	1	1170761877
27	207	1	1445338512
7	208	1	1170761883
7	208	1	1170761913
27	208	1	1445338513
7	209	1	1170761912
27	209	1	1445338514
7	210	1	1170761921
27	210	1	1430987641
27	210	1	1445338516
27	210	1	1493231632
7	211	1	1170761930
27	211	1	1445338516
7	212	1	1170761938
9	212	1	1173862286
28	212	1	1192287689
28	212	1	1199380222
11	212	1	1216653546
13	212	1	1265833295
13	212	1	1272323639
29	212	1	1301516639
29	212	1	1317135178
30	212	1	1323025653
29	212	1	1324397874
38	212	1	1345613129
16	212	1	1379675474
29	212	1	1387753630
27	212	1	1430987613
31	212	1	1447506851
33	212	1	1469947902
27	212	1	1493231633
7	213	1	1170761943
9	213	1	1173862216
9	213	1	1175311609
9	213	1	1178111351
28	213	1	1213216185
13	213	1	1236472170
13	213	1	1285957354
13	213	1	1287085677
30	213	1	1318964433
29	213	1	1324401423
27	213	1	1327579405
31	213	1	1346978901
31	213	1	1350676292
34	213	1	1355584485
31	213	1	1363558378
39	213	1	1365023551
39	213	1	1365023803
39	213	1	1365023883
31	213	1	1374319330
16	213	1	1379675530
27	213	1	1382558484
27	213	1	1409699730
32	213	1	1487393659
27	213	1	1493231633
7	214	1	1170761950
9	214	1	1173862184
9	214	1	1180583335
28	214	1	1192466065
28	214	1	1195292038
28	214	1	1202897557
11	214	1	1216660937
11	214	1	1226460328
28	214	1	1229767346
13	214	1	1235495166
13	214	1	1239184316
13	214	1	1246932476
13	214	1	1247329705
13	214	1	1247360744
13	214	1	1257702603
13	214	1	1266790163
13	214	1	1273830199
30	214	1	1318964178
37	214	1	1320847217
29	214	1	1324359093
29	214	1	1335001798
31	214	1	1338928575
27	214	1	1345495642
31	214	1	1350668525
31	214	1	1358959990
30	214	1	1362465255
31	214	1	1369820164
31	214	1	1376270390
16	214	1	1379675622
29	214	1	1386686739
27	214	1	1409723291
31	214	1	1441510544
32	214	1	1483902047
27	214	1	1493231633
7	215	1	1170762149
16	215	1	1379675665
7	216	1	1170762155
16	216	1	1379675711
7	217	1	1170762161
16	217	1	1379675744
7	218	1	1170762167
27	218	1	1445338517
7	219	1	1170762173
27	219	1	1445338518
7	220	1	1170762180
27	220	1	1445338520
7	221	1	1170762186
27	221	1	1445338521
7	222	1	1170762192
16	222	1	1379675408
7	223	1	1170762212
27	223	1	1445338521
7	224	1	1170762215
27	224	1	1445338522
7	225	1	1170762218
27	225	1	1430987603
27	225	1	1445338525
27	225	1	1493231634
7	226	1	1170762225
16	226	1	1374114845
16	226	1	1374198988
16	226	1	1374199003
33	226	1	1489472437
27	226	1	1493231635
7	227	1	1170762309
27	227	1	1445338528
7	228	1	1170762314
27	228	1	1445338529
7	229	1	1170762321
27	229	1	1445338530
7	230	1	1170762326
27	230	1	1445338531
7	231	1	1170762348
27	231	1	1445338531
7	232	1	1170762352
27	232	1	1445338532
7	233	1	1170762358
27	233	1	1445338533
7	234	1	1170762364
27	234	1	1445338534
7	235	1	1170762375
27	235	1	1445338535
7	236	1	1170762381
26	236	1	1436730710
27	236	1	1445338536
27	236	1	1493231635
7	237	1	1170762390
27	237	1	1445338536
7	238	1	1170762401
27	238	1	1445338537
7	239	1	1170762408
27	239	1	1445338539
7	240	1	1170762416
16	240	1	1374107806
16	240	1	1374114557
16	240	1	1374114925
16	240	1	1374199050
16	240	1	1374199079
8	241	1	1172235712
8	241	1	1172235770
8	241	1	1172235790
8	241	1	1172235806
9	241	1	1173855372
9	241	1	1176358486
9	241	1	1184690044
28	241	1	1199023262
28	241	1	1199729773
9	241	1	1211634392
11	241	1	1218678390
11	241	1	1226433816
13	241	1	1236174428
13	241	1	1240877812
13	241	1	1242292040
13	241	1	1249652305
13	241	1	1250867218
13	241	1	1285700518
27	241	1	1315223836
40	241	1	1322832627
31	241	1	1340972057
31	241	1	1342350851
27	241	1	1343590974
27	241	1	1350460045
31	241	1	1355714788
31	241	1	1364286247
16	241	1	1379639506
27	241	1	1383300393
27	241	1	1406913068
27	241	1	1410681904
27	241	1	1457482259
27	241	1	1463446365
33	241	1	1480745650
32	241	1	1486120200
27	241	1	1493231598
8	242	1	1172236543
16	242	1	1374107665
16	242	1	1374114137
41	242	1	1374171489
41	242	1	1374171690
41	242	1	1374172221
41	242	1	1374172270
41	242	1	1374173358
41	242	1	1374173514
41	242	1	1374173790
41	242	1	1374174528
41	242	1	1374174710
16	242	1	1374330705
8	243	1	1172237740
16	243	1	1379639590
8	244	1	1172238140
16	244	1	1379639669
8	245	1	1172238254
16	245	1	1379639765
16	245	1	1379639782
8	246	1	1173002024
8	246	1	1173002071
8	246	1	1173886827
8	246	1	1173887016
8	246	1	1173887077
8	246	1	1173887138
8	246	1	1173887185
27	246	1	1445338501
8	247	1	1172833295
8	247	1	1172833410
8	247	1	1172843490
8	247	1	1173002457
8	247	1	1173002482
8	247	1	1173002508
8	247	1	1173012882
8	247	1	1173013009
8	247	1	1173013103
8	247	1	1173013193
8	247	1	1173013317
8	247	1	1173014414
8	247	1	1173014664
8	247	1	1173014766
8	247	1	1173014829
8	247	1	1173015930
8	247	1	1173016031
8	247	1	1173016092
8	247	1	1173016119
9	247	1	1173857048
9	247	1	1175781238
9	247	1	1177664441
9	247	1	1178293267
28	247	1	1192091134
28	247	1	1198861129
28	247	1	1201351761
28	247	1	1201862948
28	247	1	1206297193
9	247	1	1210700976
11	247	1	1225805455
13	247	1	1233965956
13	247	1	1239971342
13	247	1	1246013853
13	247	1	1251145112
13	247	1	1261890436
42	247	1	1263425657
13	247	1	1263435573
13	247	1	1269795474
13	247	1	1279135373
13	247	1	1279449358
13	247	1	1287163968
23	247	1	1289830924
40	247	1	1313749746
30	247	1	1320370687
30	247	1	1328106323
30	247	1	1329392894
31	247	1	1336785064
31	247	1	1356754049
27	247	1	1359666346
31	247	1	1360598134
31	247	1	1376356152
31	247	1	1377000787
16	247	1	1379639018
16	247	1	1379639029
27	247	1	1383054209
34	247	1	1395577708
27	247	1	1406802000
31	247	1	1418945268
27	247	1	1424122158
31	247	1	1430019289
31	247	1	1435595535
31	247	1	1438697146
31	247	1	1440184618
31	247	1	1444102377
31	247	1	1467892906
27	247	1	1472016470
33	247	1	1474376119
27	247	1	1493231596
8	248	1	1172833539
8	248	1	1172833572
8	248	1	1172833591
8	248	1	1172835727
8	248	1	1172835803
8	248	1	1172835896
8	248	1	1173029698
9	248	1	1173855502
9	248	1	1184638173
9	248	1	1209945732
11	248	1	1218648568
13	248	1	1235138253
13	248	1	1236558406
13	248	1	1241270961
13	248	1	1244553770
13	248	1	1254740297
11	248	1	1262200426
13	248	1	1264549926
13	248	1	1277661696
13	248	1	1280092824
13	248	1	1288090277
23	248	1	1290078687
23	248	1	1290964048
29	248	1	1300048900
27	248	1	1314945891
31	248	1	1338115077
31	248	1	1342983164
27	248	1	1351066827
31	248	1	1353610161
30	248	1	1359147491
31	248	1	1376401255
16	248	1	1379637583
16	248	1	1379637594
16	248	1	1379637627
29	248	1	1386529812
27	248	1	1410915937
27	248	1	1439293823
31	248	1	1462355273
31	248	1	1467912256
27	248	1	1493231597
8	249	1	1173002733
8	249	1	1173029733
13	249	1	1236330898
29	249	1	1313484576
40	249	1	1325244569
31	249	1	1354950495
31	249	1	1369074196
16	249	1	1379637697
16	249	1	1379637720
16	249	1	1379639361
16	249	1	1379639379
16	249	1	1379639415
27	249	1	1383223660
27	249	1	1406841275
31	249	1	1437464100
31	249	1	1444326025
27	249	1	1493231597
8	250	1	1173027151
8	250	1	1173027191
9	250	1	1173855042
13	250	1	1236713515
13	250	1	1237312899
13	250	1	1255520249
27	250	1	1430982595
27	250	1	1445338180
27	250	1	1493231600
8	251	1	1173027267
8	251	1	1173027307
8	251	1	1173027440
16	251	1	1379712290
8	252	1	1173027374
16	252	1	1379712208
16	252	1	1379712237
8	253	1	1173027519
9	253	1	1173855021
9	253	1	1176311007
28	253	1	1215550021
13	253	1	1281619752
29	253	1	1296489873
29	253	1	1315061048
30	253	1	1318957739
29	253	1	1325389205
29	253	1	1336534619
31	253	1	1344137315
31	253	1	1350607968
31	253	1	1358759029
16	253	1	1379712351
27	253	1	1430982550
31	253	1	1464427804
27	253	1	1493231600
8	254	1	1173027608
16	254	1	1379712410
8	255	1	1173027726
13	255	1	1235940305
16	255	1	1379712482
27	255	1	1430982546
27	255	1	1493231600
8	256	1	1173027776
27	256	1	1445338183
8	257	1	1173028011
16	257	1	1379712574
8	258	1	1173028130
16	258	1	1379712648
8	259	1	1173028175
16	259	1	1379712689
8	260	1	1173028240
16	260	1	1379712757
8	261	1	1173028325
16	261	1	1379712791
16	261	1	1379712807
8	262	1	1173028524
16	262	1	1379712842
16	262	1	1379712861
8	263	1	1173028599
16	263	1	1379712893
8	264	1	1173028646
9	264	1	1173854941
13	264	1	1236684923
31	264	1	1356446894
31	264	1	1367590408
31	264	1	1369848681
16	264	1	1379713003
27	264	1	1430982532
27	264	1	1493231601
8	265	1	1173028679
16	265	1	1379713087
8	266	1	1173029167
8	266	1	1173029384
16	266	1	1379712534
27	266	1	1430982544
33	266	1	1469947563
27	266	1	1493231601
8	267	1	1173029904
16	267	1	1379713122
8	268	1	1173029951
16	268	1	1379713155
8	269	1	1173030002
16	269	1	1379713201
8	270	1	1173030035
16	270	1	1379713230
8	271	1	1173030106
16	271	1	1379713259
8	272	1	1173030152
16	272	1	1379713302
16	272	1	1379713363
8	273	1	1173030198
16	273	1	1379713412
8	274	1	1173030250
16	274	1	1379713450
8	275	1	1173030279
16	275	1	1379713494
8	276	1	1173030454
9	276	1	1173854906
9	276	1	1179274329
28	276	1	1199466003
9	276	1	1211884543
11	276	1	1219575152
13	276	1	1234694973
13	276	1	1242694157
13	276	1	1243392237
13	276	1	1251084623
13	276	1	1259325234
13	276	1	1266673416
13	276	1	1276269725
23	276	1	1294145191
27	276	1	1316505507
30	276	1	1330013209
31	276	1	1345043806
27	276	1	1345625188
16	276	1	1379713548
27	276	1	1384819832
27	276	1	1394572650
27	276	1	1407959029
27	276	1	1410393969
32	276	1	1488022684
27	276	1	1493231602
8	277	1	1173030499
9	277	1	1173854736
11	277	1	1216274255
13	277	1	1244255467
13	277	1	1266540140
13	277	1	1266989618
13	277	1	1278791276
13	277	1	1281785223
30	277	1	1318957668
28	277	1	1344705258
16	277	1	1379713596
27	277	1	1430983577
31	277	1	1440514564
33	277	1	1480210131
32	277	1	1488022540
27	277	1	1493231602
8	278	1	1173030539
9	278	1	1173854625
13	278	1	1279067473
27	278	1	1340864903
31	278	1	1357403794
31	278	1	1370940012
16	278	1	1379713638
29	278	1	1387661075
27	278	1	1430983537
31	278	1	1488089881
27	278	1	1493231602
8	279	1	1173030582
16	279	1	1379713670
27	279	1	1430983532
33	279	1	1469947627
27	279	1	1493231603
26	280	1	1436766194
27	280	1	1445338499
27	280	1	1493231629
30	281	1	1318961487
16	281	1	1379639137
16	281	1	1379639161
16	281	1	1379639212
16	281	1	1379639238
16	281	1	1379639248
27	281	1	1430986002
27	281	1	1493231623
27	282	1	1445338500
9	283	1	1173860697
9	283	1	1176878904
28	283	1	1216026837
28	283	1	1221548845
11	283	1	1232482036
13	283	1	1238600451
13	283	1	1238963436
13	283	1	1240795457
13	283	1	1251633546
13	283	1	1252361164
13	283	1	1268730134
13	283	1	1270764432
13	283	1	1277890815
13	283	1	1281399695
13	283	1	1283881950
13	283	1	1285469791
29	283	1	1296408151
35	283	1	1297620637
29	283	1	1318509044
30	283	1	1321405639
29	283	1	1324717632
29	283	1	1325198816
31	283	1	1343099370
31	283	1	1348068657
31	283	1	1350662249
29	283	1	1387721345
29	283	1	1390335170
27	283	1	1408903417
31	283	1	1421752451
31	283	1	1433915602
27	283	1	1445338492
27	283	1	1458281802
27	283	1	1463990382
32	283	1	1479365218
27	283	1	1493231624
16	284	1	1380457253
30	285	1	1318957462
16	285	1	1380457351
27	285	1	1430983530
27	285	1	1493231603
9	286	1	1173854585
9	286	1	1175335100
11	286	1	1216277262
13	286	1	1268833608
13	286	1	1279071200
29	286	1	1292088905
30	286	1	1322451753
31	286	1	1358062362
16	286	1	1380457400
34	286	1	1400796208
27	286	1	1430983484
32	286	1	1468418852
27	286	1	1493231604
16	287	1	1380457463
16	288	1	1380457499
9	289	1	1173854475
29	289	1	1293234345
31	289	1	1358464574
16	289	1	1380457549
27	289	1	1430983468
27	289	1	1493231604
16	290	1	1380457621
16	291	1	1380457682
16	292	1	1380457716
16	293	1	1380457776
9	294	1	1173854445
13	294	1	1235959989
13	294	1	1281751000
43	294	1	1294178912
30	294	1	1318957422
37	294	1	1336249418
31	294	1	1352569949
31	294	1	1368586020
16	294	1	1380457861
27	294	1	1430983445
27	294	1	1493231604
37	295	1	1336154573
16	295	1	1380457906
27	295	1	1430983438
27	295	1	1493231605
16	296	1	1380457958
27	297	1	1445338185
27	298	1	1445338186
27	299	1	1445338187
9	300	1	1173858621
13	300	1	1287251593
13	300	1	1287591998
13	300	1	1287607132
27	300	1	1445338187
27	300	1	1493231605
27	301	1	1445338188
13	302	1	1278814029
13	302	1	1280509718
30	302	1	1318958928
27	302	1	1340865800
27	302	1	1430983431
27	302	1	1445338189
27	302	1	1493231606
9	303	1	1173858501
9	303	1	1175376434
9	303	1	1179659546
11	303	1	1216287772
13	303	1	1234876336
13	303	1	1241343410
29	303	1	1265126812
13	303	1	1279068184
13	303	1	1279577951
13	303	1	1281561415
13	303	1	1287280568
29	303	1	1292103062
29	303	1	1293339234
43	303	1	1294277213
27	303	1	1316599012
29	303	1	1324715532
29	303	1	1325396446
27	303	1	1356291493
27	303	1	1385147352
27	303	1	1408113953
27	303	1	1429639873
27	303	1	1434910254
31	303	1	1439737714
27	303	1	1445338189
27	303	1	1493231606
27	304	1	1445338190
27	305	1	1445338191
27	306	1	1445338191
13	307	1	1279069054
29	307	1	1325397215
27	307	1	1430983424
27	307	1	1445338192
27	307	1	1493231606
27	308	1	1445338197
27	309	1	1445338242
27	310	1	1445338243
27	311	1	1445338243
27	312	1	1445338252
27	313	1	1445338253
27	314	1	1445338254
27	315	1	1445338256
9	316	1	1173858421
28	316	1	1194542486
9	316	1	1211978467
13	316	1	1275972199
29	316	1	1293345691
29	316	1	1298427019
29	316	1	1311310500
30	316	1	1318958889
29	316	1	1325399374
31	316	1	1342513848
31	316	1	1358228110
27	316	1	1430983389
27	316	1	1445338256
27	316	1	1493231607
9	317	1	1173858411
9	317	1	1176705191
9	317	1	1178468631
28	317	1	1202082483
11	317	1	1216676181
11	317	1	1218046222
42	317	1	1257685519
13	317	1	1268936584
13	317	1	1273969811
13	317	1	1286014778
29	317	1	1295365226
40	317	1	1305856387
27	317	1	1316607696
29	317	1	1324719428
31	317	1	1342237736
31	317	1	1350657004
29	317	1	1387739121
27	317	1	1445338257
31	317	1	1446604520
31	317	1	1464443865
31	317	1	1475845840
32	317	1	1483649666
27	317	1	1493231607
9	318	1	1173858281
9	318	1	1180328346
13	318	1	1256138269
13	318	1	1265844831
29	318	1	1295253519
27	318	1	1316609031
29	318	1	1336552582
31	318	1	1353046645
31	318	1	1367341935
27	318	1	1410638237
27	318	1	1427300701
27	318	1	1445338258
32	318	1	1486310261
27	318	1	1493231608
9	319	1	1173858310
13	319	1	1241084794
13	319	1	1282069339
29	319	1	1293348816
29	319	1	1304274238
29	319	1	1336328453
27	319	1	1430983372
27	319	1	1445338259
31	319	1	1488104275
27	319	1	1493231608
27	320	1	1445338259
27	321	1	1445338260
27	322	1	1445338261
27	323	1	1445338262
27	324	1	1445338262
27	325	1	1445338264
27	326	1	1445338267
29	327	1	1307555046
27	327	1	1430983370
27	327	1	1445338267
33	327	1	1469947620
27	327	1	1493231609
27	328	1	1445338268
27	329	1	1445338269
9	330	1	1173858270
29	330	1	1329657655
27	330	1	1430984348
27	330	1	1445338272
27	330	1	1493231609
27	331	1	1445338291
33	331	1	1469947619
27	331	1	1493231609
27	332	1	1445338291
27	333	1	1445338292
27	334	1	1445338293
27	335	1	1445338293
44	336	1	1386392293
45	336	1	1387187653
27	336	1	1445338294
27	337	1	1445338294
27	338	1	1445338295
27	339	1	1445338296
27	340	1	1445338296
13	341	1	1239113586
13	341	1	1248140591
13	341	1	1280638106
13	341	1	1288160208
23	341	1	1290225045
35	341	1	1299613213
29	341	1	1305167937
30	341	1	1318958704
27	341	1	1430984338
27	341	1	1445338297
27	341	1	1493231610
27	342	1	1445338298
27	343	1	1445338298
27	344	1	1445338302
27	345	1	1445338302
27	346	1	1445338306
27	347	1	1445338306
27	348	1	1430984329
27	348	1	1445338307
27	348	1	1493231610
9	349	1	1173858232
28	349	1	1226470470
13	349	1	1235972996
13	349	1	1258636711
13	349	1	1265368325
13	349	1	1275305088
13	349	1	1280597309
29	349	1	1307881048
27	349	1	1316672209
29	349	1	1328006802
31	349	1	1342244597
31	349	1	1356073884
31	349	1	1373614365
27	349	1	1385213825
27	349	1	1445338308
33	349	1	1490420197
27	349	1	1493231611
13	350	1	1240433955
27	350	1	1430984327
27	350	1	1445338311
33	350	1	1469947667
27	350	1	1493231611
27	351	1	1445338312
27	352	1	1445338312
27	353	1	1445338313
27	354	1	1430984319
27	354	1	1445338314
27	354	1	1493231612
27	355	1	1445338315
27	356	1	1445338317
27	357	1	1445338318
27	358	1	1445338319
27	359	1	1445338319
27	360	1	1445338320
9	361	1	1173859640
27	361	1	1430984313
27	361	1	1445338321
27	361	1	1493231612
27	362	1	1445338322
27	363	1	1445338323
16	364	1	1379638142
16	364	1	1379638197
27	365	1	1445338323
27	366	1	1445338324
27	367	1	1430984309
27	367	1	1445338325
27	367	1	1493231613
9	368	1	1173855512
27	368	1	1445338184
27	368	1	1493231595
27	369	1	1445338326
27	370	1	1445338326
9	371	1	1173859600
13	371	1	1235632192
13	371	1	1245391390
27	371	1	1430984305
27	371	1	1445338327
27	371	1	1493231613
27	372	1	1445338328
27	373	1	1445338329
27	374	1	1445338330
27	375	1	1445338330
27	376	1	1445338332
9	377	1	1173859580
13	377	1	1239229656
13	377	1	1286273466
31	377	1	1353237595
27	377	1	1430984293
27	377	1	1445338332
33	377	1	1469947664
33	377	1	1473600756
27	377	1	1493231614
13	378	1	1280839255
29	378	1	1293361846
27	378	1	1445338333
27	378	1	1493231614
9	379	1	1173859550
9	379	1	1178468471
9	379	1	1212009300
13	379	1	1242121634
13	379	1	1242699542
13	379	1	1283964803
29	379	1	1300827190
31	379	1	1348183274
31	379	1	1364463037
27	379	1	1430984289
27	379	1	1445338334
27	379	1	1493231614
9	380	1	1173859510
28	380	1	1195194782
11	380	1	1216296385
31	380	1	1367349040
27	380	1	1430985206
27	380	1	1445338335
27	380	1	1493231615
27	381	1	1445338336
27	382	1	1445338339
27	383	1	1445338340
27	384	1	1445338342
9	385	1	1173859480
28	385	1	1201562966
29	385	1	1299254098
29	385	1	1316964156
31	385	1	1348166078
27	385	1	1430985194
27	385	1	1445338344
31	385	1	1446238543
27	385	1	1493231615
27	386	1	1445338345
27	387	1	1445338357
27	388	1	1445338393
27	389	1	1445338393
13	390	1	1240472064
27	390	1	1445338394
27	390	1	1493231615
27	391	1	1445338405
9	392	1	1173859430
13	392	1	1268721835
13	392	1	1276212158
23	392	1	1290253030
31	392	1	1368688664
31	392	1	1368736770
27	392	1	1430985184
27	392	1	1445338405
31	392	1	1452220996
27	392	1	1493231616
27	393	1	1445338406
9	394	1	1173859400
9	394	1	1175409044
13	394	1	1255673943
37	394	1	1333316342
34	394	1	1364830121
31	394	1	1367661661
34	394	1	1401215415
27	394	1	1430985163
27	394	1	1445338407
27	394	1	1493231616
13	395	1	1235442550
27	395	1	1445338408
33	395	1	1469947723
33	395	1	1481092515
31	395	1	1491620111
27	395	1	1493231617
27	396	1	1445338409
9	397	1	1173859390
13	397	1	1240220466
27	397	1	1445338409
33	397	1	1469947722
27	397	1	1493231617
9	398	1	1173859262
9	398	1	1175410648
9	398	1	1178468351
9	398	1	1180331365
13	398	1	1239976986
13	398	1	1242699721
13	398	1	1247262740
13	398	1	1261869041
13	398	1	1266951625
13	398	1	1270625839
13	398	1	1271006365
13	398	1	1277071700
29	398	1	1296687305
27	398	1	1307695431
30	398	1	1327707149
37	398	1	1332375737
31	398	1	1348189519
29	398	1	1390152613
27	398	1	1410695591
34	398	1	1430496847
31	398	1	1433302678
34	398	1	1440336164
34	398	1	1442756425
27	398	1	1445338410
31	398	1	1464448285
32	398	1	1473477738
33	398	1	1481928546
27	398	1	1493231618
9	399	1	1173859231
9	399	1	1180331285
13	399	1	1240208507
13	399	1	1268867428
13	399	1	1279148072
23	399	1	1290256522
30	399	1	1318960146
30	399	1	1322538845
29	399	1	1336556439
28	399	1	1351978662
31	399	1	1353054003
34	399	1	1354952334
27	399	1	1430985156
27	399	1	1445338411
27	399	1	1493231618
27	400	1	1445338412
27	401	1	1445338423
9	402	1	1173859171
31	402	1	1352501535
27	402	1	1430985125
27	402	1	1439298727
27	402	1	1445338424
32	402	1	1486315393
27	402	1	1493231618
27	403	1	1430985122
27	403	1	1445338424
27	403	1	1493231619
27	404	1	1445338445
27	405	1	1445338446
27	406	1	1445338447
27	407	1	1445338448
27	408	1	1445338449
27	409	1	1445338452
27	410	1	1445338452
27	411	1	1445338463
27	412	1	1445338463
27	413	1	1445338464
27	414	1	1445338464
27	415	1	1445338465
27	416	1	1445338466
27	417	1	1430985119
27	417	1	1445338466
27	417	1	1493231619
27	418	1	1445338467
27	419	1	1445338468
27	420	1	1430985115
27	420	1	1445338469
33	420	1	1469947720
27	420	1	1493231620
27	421	1	1445338469
9	422	1	1173860838
28	422	1	1201562686
13	422	1	1236684957
29	422	1	1292795181
30	422	1	1361550400
27	422	1	1430985109
27	422	1	1445338470
27	422	1	1493231620
27	423	1	1445338470
27	424	1	1445338490
27	425	1	1445338491
27	426	1	1445338493
9	427	1	1173860817
30	427	1	1353581759
27	427	1	1430985103
27	427	1	1445338493
33	427	1	1469947719
27	427	1	1493231620
13	428	1	1236710909
29	428	1	1293369934
27	428	1	1340867676
34	428	1	1422305660
27	428	1	1445338494
31	428	1	1452223482
27	428	1	1493231621
27	429	1	1445338494
9	430	1	1173860787
13	430	1	1236702681
13	430	1	1257283479
13	430	1	1288594707
13	430	1	1288785429
40	430	1	1303154212
31	430	1	1367356267
31	430	1	1367673945
34	430	1	1429369162
27	430	1	1445338495
33	430	1	1469947718
33	430	1	1474562972
27	430	1	1493231621
27	431	1	1445338496
27	432	1	1445338496
27	433	1	1445338497
13	434	1	1236953930
46	434	1	1297962092
27	434	1	1430986024
27	434	1	1445338498
27	434	1	1493231621
8	435	1	1173178360
8	435	1	1173182729
8	435	1	1173182781
47	435	1	1173182971
47	435	1	1173945391
8	436	1	1173263566
27	436	1	1445338498
10	437	1	1173270395
10	438	1	1173270489
16	439	1	1374114277
16	439	1	1374114328
16	439	1	1379639333
16	439	1	1379639867
16	439	1	1379675329
10	440	1	1184535655
28	440	1	1233409152
48	441	1	1188385458
48	442	1	1189804534
27	442	1	1349093421
27	442	1	1349094088
28	442	1	1359122871
27	442	1	1417592837
27	442	1	1418822573
27	442	1	1419609342
27	442	1	1424170984
27	442	1	1424199077
27	442	1	1424268112
27	442	1	1424768946
27	442	1	1425384553
27	442	1	1425670554
27	442	1	1425996346
27	442	1	1426162048
49	442	1	1426162171
50	443	1	1190313259
28	444	1	1191244256
28	444	1	1191279796
28	444	1	1205398312
50	445	1	1192303114
50	445	1	1192303134
51	446	1	1195029845
51	446	1	1217594049
48	447	1	1196760066
52	448	1	1198288588
42	448	1	1356415693
53	449	1	1198373942
53	450	1	1198373952
54	451	1	1200958372
55	452	1	1204916829
55	453	1	1204916833
56	454	1	1206546426
45	454	1	1314728977
57	454	1	1338935878
56	455	1	1206547338
57	455	1	1206612699
45	455	1	1314728977
57	455	1	1338935860
57	455	1	1338936920
57	456	1	1206572484
58	456	1	1218629839
59	456	1	1314828173
57	457	1	1206572490
58	457	1	1218629838
57	457	1	1338916993
57	457	1	1338918030
57	458	1	1206572492
58	458	1	1218629838
60	459	1	1206613459
61	460	1	1212216650
62	461	1	1212376860
63	462	1	1213748632
63	462	1	1213815530
63	462	1	1250589783
63	462	1	1293373161
63	462	1	1336427598
63	462	1	1372518390
63	463	1	1214158092
12	464	1	1216088437
12	465	1	1216088472
12	466	1	1216088579
64	467	1	1195922108
12	467	1	1216088748
12	467	1	1236161261
12	467	1	1236161307
22	467	1	1236207548
22	467	1	1236207638
22	467	1	1236212140
22	467	1	1237669342
65	467	1	1269501369
66	467	1	1287598487
67	467	1	1309693250
67	467	1	1319678490
67	467	1	1324523333
67	467	1	1326645508
67	467	1	1329060102
67	467	1	1338600490
67	467	1	1338921819
67	467	1	1339835803
67	467	1	1342729717
67	467	1	1346897747
67	467	1	1347284481
67	467	1	1350357384
67	467	1	1350494529
67	467	1	1357680085
67	467	1	1358610352
67	467	1	1359579393
67	467	1	1363206486
67	467	1	1365547478
67	467	1	1366781157
67	467	1	1367295295
67	467	1	1367348641
67	467	1	1369084681
67	467	1	1370311776
67	467	1	1371963972
67	467	1	1372942913
68	467	1	1372951105
16	467	1	1374200568
67	467	1	1374587559
69	467	1	1374598931
67	467	1	1377028059
67	467	1	1379992720
67	467	1	1380914424
67	467	1	1381265964
67	467	1	1383684377
67	467	1	1384818995
70	467	1	1389854829
70	467	1	1392813027
70	467	1	1393020039
70	467	1	1393616659
70	467	1	1394747764
70	467	1	1396307087
71	467	1	1396891610
70	467	1	1400880567
70	467	1	1403214904
70	467	1	1408642513
70	467	1	1408659317
70	467	1	1409676726
72	467	1	1412720046
70	467	1	1414346694
70	467	1	1415986576
70	467	1	1425249165
70	467	1	1425499368
70	467	1	1426275935
70	467	1	1428682395
70	467	1	1429592831
70	467	1	1430711311
70	467	1	1431883697
70	467	1	1431887414
73	467	1	1431984130
70	467	1	1433533552
70	467	1	1433546568
70	467	1	1434751256
70	467	1	1434759190
70	467	1	1437714474
70	467	1	1437721781
70	467	1	1438386175
70	467	1	1438392713
70	467	1	1439939390
74	467	1	1439943192
70	467	1	1441217602
70	467	1	1441399976
70	467	1	1442955674
70	467	1	1443459442
75	467	1	1446719737
70	467	1	1447106282
70	467	1	1447152522
70	467	1	1447796543
27	467	1	1448313789
70	467	1	1448488167
70	467	1	1448980780
70	467	1	1450472290
70	467	1	1451958549
70	467	1	1453143997
70	467	1	1459442864
70	467	1	1460927288
70	467	1	1467205568
70	467	1	1467342336
70	467	1	1470765858
70	467	1	1473692885
70	467	1	1473772677
70	467	1	1475266289
70	467	1	1475717686
70	467	1	1479081564
70	467	1	1479082298
70	467	1	1481743969
70	467	1	1487190698
70	467	1	1489088649
70	467	1	1489813804
70	467	1	1491536267
70	467	1	1491932025
70	467	1	1492070513
70	467	1	1493838898
70	467	1	1494254479
70	467	1	1494945848
70	467	1	1494968983
70	467	1	1495573541
70	467	1	1496306326
76	467	1	1496341975
70	467	1	1498033685
70	467	1	1499353378
12	468	1	1216679360
58	469	1	1218629838
58	470	1	1218629838
58	471	1	1218629839
23	471	1	1266043717
59	471	1	1314828183
28	472	1	1221037875
77	473	1	1223028483
22	474	1	1225176771
22	475	1	1225350906
78	476	1	1225381620
78	477	1	1225384587
78	478	1	1225392101
78	479	1	1225392379
78	479	1	1226323943
22	480	1	1225417055
22	481	1	1225438078
78	482	1	1225445254
78	483	1	1225445644
78	484	1	1225466561
78	484	1	1225577980
78	484	1	1225593346
78	484	1	1225603946
78	484	1	1225663472
78	484	1	1225686375
78	484	1	1225737146
78	484	1	1225780247
78	484	1	1225845369
78	484	1	1225867478
78	484	1	1226019433
78	484	1	1226384910
78	484	1	1226505554
78	484	1	1227109980
78	484	1	1227883671
78	484	1	1229419997
78	484	1	1230238952
78	484	1	1230245392
78	484	1	1230773961
78	484	1	1231595414
78	484	1	1232074700
78	484	1	1232479410
78	484	1	1232486946
78	484	1	1233062436
78	484	1	1233104770
78	484	1	1233129840
78	484	1	1233216457
78	484	1	1233560572
78	484	1	1234457284
78	484	1	1234956647
78	484	1	1235332092
78	484	1	1235501078
78	484	1	1236131829
78	484	1	1237343537
78	484	1	1238051160
78	484	1	1238077436
78	484	1	1238723711
78	484	1	1240467283
22	485	1	1225533494
22	486	1	1225588282
22	487	1	1225684708
22	488	1	1225775645
22	489	1	1225865002
79	489	1	1381348762
78	490	1	1225937004
78	491	1	1225948002
78	492	1	1225967043
78	492	1	1226314850
78	493	1	1226244372
80	494	1	1226497748
22	495	1	1226548561
22	496	1	1227256953
22	497	1	1227888059
13	498	1	1233330621
28	498	1	1233407735
13	498	1	1233965951
13	498	1	1234694969
13	498	1	1248993387
30	498	1	1322963300
22	499	1	1234153791
22	500	1	1234569194
81	501	1	1234657906
22	501	1	1264916927
22	502	1	1235278322
22	503	1	1235282156
82	504	1	1235931594
22	504	1	1236207694
82	505	1	1235931628
22	506	1	1236207446
22	506	1	1329614645
22	507	1	1236207548
22	508	1	1236207677
78	509	1	1237307406
22	510	1	1237618899
22	511	1	1237669507
29	512	1	1238088335
29	512	1	1238108166
29	512	1	1265151381
29	512	1	1291846234
29	512	1	1293723074
22	513	1	1239509646
22	514	1	1239581491
22	515	1	1239585912
22	516	1	1240010955
22	517	1	1240018900
22	518	1	1240086834
22	519	1	1240090882
83	520	1	1242923849
23	520	1	1291926639
84	521	1	1246040243
45	521	1	1274372142
27	521	1	1334816224
27	521	1	1345407851
85	521	1	1444906111
84	522	1	1246040250
86	522	1	1284204509
84	523	1	1246040254
86	523	1	1284204518
42	524	1	1246447951
42	524	1	1246453646
42	524	1	1246791689
42	524	1	1247991403
42	524	1	1249999093
42	524	1	1251541231
42	524	1	1257111829
42	524	1	1257697840
42	524	1	1257786713
42	524	1	1258500323
42	524	1	1258755689
42	524	1	1259254020
42	524	1	1259773314
42	524	1	1259953609
42	524	1	1261928379
42	524	1	1272574210
42	524	1	1287910026
42	524	1	1300943291
42	524	1	1305066863
42	524	1	1305135983
42	524	1	1314299534
42	524	1	1317455029
42	524	1	1323106969
42	524	1	1327388301
42	524	1	1327500569
42	524	1	1327508509
42	524	1	1328963324
42	524	1	1334076643
42	524	1	1368063557
42	524	1	1368955984
42	525	1	1246448005
42	525	1	1246452753
42	525	1	1246791379
42	525	1	1247992616
42	525	1	1249998627
42	525	1	1257111347
42	525	1	1257788351
42	525	1	1258499730
42	525	1	1259253681
42	525	1	1263036902
42	525	1	1272570906
42	525	1	1287909578
42	525	1	1299966815
42	525	1	1301000175
42	525	1	1305137503
42	525	1	1314301237
42	525	1	1317750976
42	525	1	1323106046
42	525	1	1327387010
42	525	1	1327498651
42	525	1	1327506364
42	525	1	1328957391
42	525	1	1334074132
42	525	1	1368061762
42	525	1	1368913805
87	526	1	1248115784
22	527	1	1251841693
22	528	1	1252738448
22	529	1	1252747066
22	530	1	1252818584
88	531	1	1256707899
89	532	1	1256854326
23	533	1	1258044249
23	533	1	1291925957
90	534	1	1259170321
91	535	1	1260074060
22	536	1	1264238618
22	537	1	1264293137
22	538	1	1264390597
60	539	1	1264403757
22	540	1	1264468712
22	541	1	1264474413
22	542	1	1264553278
22	543	1	1264722627
22	544	1	1264733377
22	545	1	1264920139
22	546	1	1264922661
22	547	1	1264924292
22	548	1	1266707492
22	548	1	1379474518
22	549	1	1266718502
92	550	1	1268602064
93	551	1	1268857584
94	552	1	1269865937
95	553	1	1270217066
95	553	1	1379266308
95	554	1	1270404918
95	554	1	1379266312
96	555	1	1270418074
95	556	1	1270565037
95	556	1	1379266316
22	557	1	1271128052
97	558	1	1273684914
45	559	1	1274372256
45	559	1	1316861712
45	560	1	1274372416
98	561	1	1276236613
22	562	1	1277067118
22	563	1	1277159854
22	564	1	1277168857
22	565	1	1277179767
22	566	1	1277181225
22	567	1	1277248239
22	568	1	1277579850
22	568	1	1289088365
99	568	1	1308763927
99	568	1	1309107326
99	568	1	1322678849
99	568	1	1356646598
99	568	1	1356697456
100	569	1	1280649938
22	570	1	1280796744
22	571	1	1280800682
101	572	1	1280960896
101	572	1	1281006822
101	573	1	1281097889
22	574	1	1281150316
22	575	1	1281154208
22	576	1	1281155768
22	577	1	1281159167
101	578	1	1281183537
22	578	1	1289146315
99	578	1	1308800557
99	578	1	1309111079
99	578	1	1356646598
22	579	1	1281233556
22	580	1	1281235301
101	581	1	1281259120
102	582	1	1281989492
102	583	1	1281989503
103	584	1	1282088887
104	584	1	1422986687
103	585	1	1282088897
104	585	1	1422986687
22	586	1	1283021516
105	587	1	1283392603
105	587	1	1284617911
79	587	1	1408317675
22	588	1	1283394170
105	589	1	1283413135
6	590	1	1285023061
105	591	1	1285795657
105	592	1	1287791482
22	593	1	1289160964
22	594	1	1289173865
105	595	1	1289956179
105	595	1	1291480756
105	595	1	1295309603
106	595	1	1327094590
107	595	1	1337665263
107	595	1	1342549185
107	595	1	1349131755
107	595	1	1360201058
108	596	1	1290879823
108	596	1	1290881076
108	596	1	1291139152
108	596	1	1296209202
108	596	1	1296212781
108	596	1	1296488854
42	596	1	1301001931
102	597	1	1293736540
109	598	1	1294092448
40	599	1	1296205237
22	600	1	1296443457
22	600	1	1333239109
110	600	1	1390294078
111	601	1	1296560812
111	601	1	1388776885
22	602	1	1296618057
35	603	1	1296649451
22	604	1	1296784901
112	605	1	1297896548
112	605	1	1331646745
112	605	1	1401158209
112	605	1	1423193292
22	606	1	1298436385
22	607	1	1301870676
105	608	1	1302758198
22	609	1	1302978884
102	609	1	1331480634
22	610	1	1302983274
22	611	1	1302995121
22	612	1	1303351955
22	613	1	1305157796
22	613	1	1333912757
105	614	1	1306450022
105	615	1	1306522202
113	616	1	1306559408
113	616	1	1314548809
114	617	1	1307398092
115	617	1	1332358802
99	618	1	1308810411
99	618	1	1308814712
99	619	1	1308814674
116	620	1	1309523183
99	621	1	1309540543
99	622	1	1309542634
22	623	1	1309571279
22	624	1	1309579840
22	625	1	1309583848
22	626	1	1309623857
22	627	1	1309632796
117	628	1	1313798246
118	629	1	1313857550
22	630	1	1314242858
22	630	1	1422213559
45	631	1	1314728977
45	632	1	1314728977
22	633	1	1315764230
22	634	1	1315765303
22	635	1	1315768665
22	636	1	1315773180
115	637	1	1318459517
22	638	1	1318984397
105	639	1	1319842723
105	639	1	1429212175
119	640	1	1319997997
120	640	1	1497570605
121	641	1	1320841689
121	642	1	1320841763
122	643	1	1321040271
122	644	1	1321204892
122	645	1	1321204893
122	645	1	1321205136
123	646	1	1321635528
123	646	1	1349214636
22	647	1	1321748323
22	648	1	1321763848
22	649	1	1321849165
22	650	1	1321920190
22	651	1	1321923813
22	651	1	1322093844
22	652	1	1321927996
22	652	1	1322095505
99	653	1	1322001159
27	653	1	1334815852
27	653	1	1345408077
22	654	1	1322097498
22	655	1	1322098722
22	656	1	1322099991
22	657	1	1323016796
22	658	1	1323047183
22	659	1	1323050802
115	660	1	1325969091
22	661	1	1326050053
105	662	1	1326330364
115	663	1	1328132295
124	664	1	1328839358
125	665	1	1329005522
22	665	1	1344220299
22	665	1	1344231104
22	666	1	1329081499
22	667	1	1329096525
102	668	1	1329314202
102	668	1	1329327213
27	668	1	1337723434
27	668	1	1424808463
102	669	1	1329327213
102	670	1	1329729273
115	671	1	1329747496
115	672	1	1329761488
99	673	1	1329834348
99	674	1	1329838722
99	674	1	1356638566
126	675	1	1330233964
22	675	1	1346640199
102	676	1	1330671324
102	677	1	1330705478
22	678	1	1332041395
22	679	1	1333244836
22	680	1	1333420218
22	681	1	1333501049
22	681	1	1333583210
22	682	1	1333588129
22	683	1	1333906116
22	684	1	1333908218
115	685	1	1334115048
22	686	1	1334510731
92	687	1	1335652366
22	688	1	1336324296
22	689	1	1336326574
127	689	1	1446462672
22	690	1	1336328184
115	691	1	1338322912
128	692	1	1338445460
128	692	1	1342496154
22	693	1	1338650612
22	694	1	1338656758
22	695	1	1338661542
22	696	1	1339380439
22	697	1	1339993881
49	698	1	1340568475
27	698	1	1340608135
27	699	1	1340604493
27	699	1	1340609000
27	699	1	1340708938
27	699	1	1416953933
27	699	1	1416954519
115	700	1	1340668913
22	701	1	1341260190
22	701	1	1344111182
15	702	1	1344084626
22	703	1	1344112620
22	704	1	1344380877
129	705	1	1346363295
130	706	1	1346413492
129	707	1	1346434697
37	707	1	1347173625
37	708	1	1346448893
22	709	1	1346628736
22	710	1	1346633946
22	711	1	1346638283
72	712	1	1348936271
102	713	1	1351193165
102	714	1	1351241362
102	715	1	1351250975
102	716	1	1351250985
67	717	1	1351958933
67	718	1	1351958934
67	719	1	1354613955
67	720	1	1354743968
22	721	1	1355092738
22	722	1	1355113774
131	723	1	1355256851
132	724	1	1355727975
76	724	1	1491324948
115	725	1	1359583761
115	726	1	1359583834
131	727	1	1359912636
22	728	1	1360032003
133	728	1	1417132051
133	728	1	1487253471
22	729	1	1360036214
123	730	1	1360564500
22	731	1	1361151114
22	732	1	1361156515
115	733	1	1364095370
22	734	1	1364141264
22	735	1	1364143679
22	736	1	1364147609
22	737	1	1364174110
22	738	1	1364175895
127	738	1	1451502357
134	739	1	1366114233
115	740	1	1367177267
135	741	1	1367357189
127	741	1	1451502328
136	742	1	1369584398
136	742	1	1380478752
22	742	1	1381707656
136	742	1	1384699390
136	742	1	1408421435
137	743	1	1369958257
22	744	1	1370218857
138	745	1	1370609572
138	745	1	1370610254
138	745	1	1372021695
22	746	1	1372734914
22	747	1	1372821930
16	748	1	1374106839
16	748	1	1374107884
16	748	1	1374199099
16	749	1	1374107838
27	749	1	1418804472
27	749	1	1420392796
27	749	1	1422052132
27	749	1	1422478932
27	749	1	1424169709
27	749	1	1445412850
27	749	1	1467006475
27	749	1	1499071990
16	750	1	1374113700
16	750	1	1374113716
16	750	1	1374113725
16	750	1	1374114368
41	750	1	1374173542
41	750	1	1374174405
41	750	1	1374174436
139	750	1	1426674174
16	751	1	1374114345
41	751	1	1374173748
16	751	1	1374199112
16	752	1	1374114617
16	753	1	1374114652
16	753	1	1374114665
16	753	1	1374114686
16	753	1	1374114721
16	753	1	1374114736
16	753	1	1374114753
41	753	1	1374173950
41	753	1	1374174075
41	753	1	1374174154
139	753	1	1426674212
16	754	1	1374114992
16	754	1	1379637354
16	754	1	1379637421
41	755	1	1374171527
41	756	1	1374171806
41	756	1	1374171913
41	757	1	1374172467
41	758	1	1374174174
41	759	1	1374174469
41	760	1	1374174618
49	762	1	1445338291
16	769	1	1374199265
16	770	1	1374323232
140	771	1	1375529634
141	772	1	1376685447
141	773	1	1377992309
95	774	1	1379265486
95	775	1	1379265487
22	776	1	1379283830
22	777	1	1379303540
127	777	1	1451502357
22	778	1	1379465040
22	779	1	1379468597
22	780	1	1379561845
22	781	1	1379563332
22	782	1	1379564664
16	783	1	1379638171
16	784	1	1379640202
22	785	1	1379898403
22	786	1	1379899917
22	787	1	1380160656
22	788	1	1380164833
22	789	1	1380396938
22	790	1	1380398295
22	791	1	1380401866
142	791	1	1385796696
142	791	1	1388052834
142	791	1	1391248927
22	791	1	1408628369
143	791	1	1411917913
144	791	1	1411919444
22	791	1	1413775236
22	791	1	1438466819
22	792	1	1380408396
142	792	1	1385474744
142	792	1	1386743338
142	792	1	1391656030
142	792	1	1393935800
143	792	1	1411917913
144	792	1	1411919445
22	792	1	1414903212
79	793	1	1381348993
27	793	1	1430987609
145	793	1	1434956689
27	793	1	1493231634
79	794	1	1381348984
79	795	1	1381348993
22	796	1	1381684942
22	797	1	1381702434
136	797	1	1382879221
136	797	1	1382932984
136	798	1	1382862096
146	799	1	1382905943
147	800	1	1383039337
148	801	1	1383341055
149	802	1	1384699219
150	803	1	1384786568
151	804	1	1385384085
152	805	1	1387293645
22	806	1	1390176184
153	806	1	1487203870
22	807	1	1390255114
22	808	1	1390266267
75	809	1	1390300338
154	810	1	1391133180
155	811	1	1392385679
155	812	1	1392392692
22	813	1	1393564695
22	814	1	1393571878
150	815	1	1394757323
156	816	1	1395185861
156	816	1	1395428099
156	816	1	1396579139
157	817	1	1396563154
158	818	1	1396597273
70	819	1	1400531905
79	820	1	1408317675
22	821	1	1408642590
159	821	1	1461691394
22	822	1	1409110983
22	823	1	1410626322
160	823	1	1447384170
22	824	1	1410712388
22	825	1	1411006782
160	825	1	1447384189
143	826	1	1411917913
57	826	1	1415714325
143	827	1	1411917913
57	827	1	1415714339
144	828	1	1411919445
144	829	1	1411919445
161	830	1	1413470672
161	830	1	1447338945
161	830	1	1447619985
161	831	1	1413470685
22	832	1	1416718552
104	832	1	1472040745
104	832	1	1472139387
22	833	1	1416725052
104	833	1	1472040745
104	833	1	1472139387
133	834	1	1417132051
133	835	1	1417132051
22	836	1	1417326831
162	837	1	1418649792
22	838	1	1421020819
22	839	1	1421114020
22	840	1	1421117953
22	841	1	1421121887
22	841	1	1423376396
130	841	1	1424432055
104	842	1	1422986687
104	843	1	1422986687
22	844	1	1423371906
22	845	1	1423378552
130	845	1	1424432055
22	846	1	1423709701
22	847	1	1423942484
49	848	1	1424168140
49	848	1	1424168154
27	848	1	1424332289
27	848	1	1427535069
27	848	1	1430302747
27	848	1	1431702188
31	848	1	1435119834
34	848	1	1439803246
34	848	1	1443910855
27	848	1	1447455592
32	848	1	1488395804
27	848	1	1493231631
49	849	1	1424168177
27	849	1	1424170488
27	849	1	1424251110
27	849	1	1424282131
27	849	1	1424785419
27	849	1	1425332852
27	849	1	1425582265
27	849	1	1426152875
27	849	1	1427719220
27	849	1	1428396766
27	849	1	1429103074
27	849	1	1432567006
27	849	1	1434969010
27	849	1	1437641908
27	849	1	1439814802
27	849	1	1442496573
27	849	1	1452873074
27	849	1	1466765512
163	849	1	1498446826
49	850	1	1424168205
49	850	1	1424168229
27	850	1	1426881340
27	850	1	1429713084
31	850	1	1438335215
31	850	1	1448867997
27	850	1	1463656747
33	850	1	1485341000
27	850	1	1493231622
49	851	1	1424168277
27	851	1	1429409243
31	851	1	1438013503
31	851	1	1462235393
31	851	1	1486854104
27	851	1	1493231596
49	852	1	1424168300
27	852	1	1424170792
27	852	1	1424282697
27	852	1	1424773243
27	852	1	1425333210
27	852	1	1426169524
27	852	1	1427891474
27	852	1	1431941693
27	852	1	1439903209
27	852	1	1466765951
27	852	1	1476104106
27	852	1	1477042515
27	852	1	1499071989
49	853	1	1424168312
27	853	1	1424170678
27	853	1	1424283567
27	853	1	1425148295
27	853	1	1425332618
27	853	1	1426169506
27	853	1	1428007521
27	853	1	1431549984
27	853	1	1432567009
27	853	1	1435348954
27	853	1	1442497046
27	853	1	1468228940
27	853	1	1470054721
27	853	1	1476103566
27	853	1	1492601101
27	853	1	1492897191
27	853	1	1499071988
164	854	1	1424201495
22	855	1	1424394747
104	855	1	1438202028
130	856	1	1424432055
130	857	1	1424432055
22	858	1	1424584442
104	858	1	1438202027
22	859	1	1424586509
57	859	1	1438218859
165	860	1	1425848701
49	861	1	1426156995
27	861	1	1426160611
27	861	1	1426168524
27	861	1	1426511042
27	861	1	1426596076
27	861	1	1426681005
27	861	1	1426865618
27	861	1	1427145265
27	861	1	1427389677
27	861	1	1427795956
27	861	1	1427923526
27	861	1	1428486476
27	861	1	1429008472
49	861	1	1429248750
49	861	1	1429248760
27	861	1	1429535881
27	861	1	1431436576
27	861	1	1431951791
27	861	1	1432566888
27	861	1	1432932595
27	861	1	1433533814
27	861	1	1434046699
27	861	1	1435308613
27	861	1	1438239441
27	861	1	1439288080
27	861	1	1440401687
27	861	1	1440678624
27	861	1	1442498195
27	861	1	1443175951
27	861	1	1443645929
27	861	1	1445413154
27	861	1	1446155412
27	861	1	1449223494
27	861	1	1450360994
27	861	1	1466773281
27	861	1	1467230358
27	861	1	1467320851
27	861	1	1468186678
27	861	1	1468238560
27	861	1	1468571500
27	861	1	1472803910
27	861	1	1473164658
27	861	1	1479885714
27	861	1	1492895751
27	861	1	1499071995
49	862	1	1426157054
27	862	1	1426161848
27	862	1	1426169327
27	862	1	1426512423
27	862	1	1426595869
27	862	1	1427147355
27	862	1	1427389784
27	862	1	1427795765
27	862	1	1427923577
27	862	1	1428417302
27	862	1	1428921586
27	862	1	1429262638
27	862	1	1430910268
27	862	1	1431948067
27	862	1	1432567011
27	862	1	1432932477
27	862	1	1433533932
27	862	1	1434046823
27	862	1	1435668654
27	862	1	1438592777
27	862	1	1439973793
27	862	1	1440495258
27	862	1	1442222405
27	862	1	1442498317
27	862	1	1442567375
27	862	1	1443646086
27	862	1	1445413156
27	862	1	1446155710
27	862	1	1449129591
27	862	1	1450219177
27	862	1	1450635149
27	862	1	1467981733
27	862	1	1468219275
27	862	1	1468321161
27	862	1	1470055641
27	862	1	1470649239
27	862	1	1479211712
27	862	1	1479979372
27	862	1	1499071991
49	863	1	1426157083
49	863	1	1426157095
27	863	1	1426165561
27	863	1	1428417196
27	863	1	1429167474
27	863	1	1431685276
27	863	1	1432566994
27	863	1	1433534382
27	863	1	1433538272
27	863	1	1439467035
27	863	1	1442220754
27	863	1	1444037240
27	863	1	1446151215
27	863	1	1450211767
27	863	1	1472640816
27	863	1	1481696275
27	863	1	1499071988
49	864	1	1426157117
27	864	1	1426161604
27	864	1	1426169195
27	864	1	1426508466
27	864	1	1426590399
27	864	1	1426677107
27	864	1	1426677179
27	864	1	1426858647
27	864	1	1427134729
27	864	1	1427288625
27	864	1	1427464706
27	864	1	1427886536
27	864	1	1427991016
27	864	1	1428571156
27	864	1	1429089183
27	864	1	1429733390
27	864	1	1431550901
27	864	1	1431977444
27	864	1	1432566938
27	864	1	1432932351
27	864	1	1433534153
27	864	1	1434441668
27	864	1	1436940764
27	864	1	1438764416
27	864	1	1440162448
27	864	1	1440678415
27	864	1	1442498442
27	864	1	1443646012
27	864	1	1445413155
27	864	1	1446155140
27	864	1	1449234785
27	864	1	1450361506
27	864	1	1466766181
27	864	1	1479207544
27	864	1	1491915416
27	864	1	1499071994
49	865	1	1426157143
27	865	1	1426169541
27	865	1	1426512669
27	865	1	1426613785
27	865	1	1426865653
27	865	1	1427389723
27	865	1	1427719556
27	865	1	1427907725
27	865	1	1428402036
27	865	1	1428606316
27	865	1	1429101553
27	865	1	1429794017
27	865	1	1431694384
27	865	1	1432566998
27	865	1	1433326992
27	865	1	1433941883
27	865	1	1434973824
27	865	1	1438592851
27	865	1	1439973921
27	865	1	1440678220
27	865	1	1441698713
27	865	1	1442497498
27	865	1	1443646169
27	865	1	1445413624
27	865	1	1450218562
27	865	1	1450634882
27	865	1	1467098401
27	865	1	1468322296
27	865	1	1468585790
27	865	1	1470685759
27	865	1	1474055617
27	865	1	1479211553
27	865	1	1499071993
22	866	1	1426643989
70	867	1	1426840683
3	867	1	1429233429
70	867	1	1429245763
70	868	1	1426840684
3	868	1	1429233429
70	868	1	1429245763
70	869	1	1426840684
3	869	1	1429233429
70	869	1	1429245763
70	870	1	1426840684
70	871	1	1426840684
70	872	1	1426840691
3	872	1	1429233430
70	872	1	1429245764
70	873	1	1426840691
3	873	1	1429233430
70	873	1	1429245764
70	874	1	1426840692
3	874	1	1429233430
70	874	1	1429245764
70	875	1	1426840692
3	875	1	1429233429
70	875	1	1429245764
70	876	1	1426840694
3	876	1	1429233430
70	876	1	1429245764
105	877	1	1429212175
166	878	1	1431474905
36	879	1	1431858639
27	879	1	1432280300
31	879	1	1434106413
32	879	1	1479802171
27	879	1	1493231635
36	880	1	1431858719
27	880	1	1432216253
27	880	1	1437529308
27	880	1	1464252585
32	880	1	1479464423
27	880	1	1493231627
104	881	1	1438202027
104	882	1	1438202028
167	883	1	1438645160
168	884	1	1443363141
167	885	1	1443816855
167	886	1	1443816856
167	887	1	1443816856
167	888	1	1443816856
167	889	1	1443816856
167	890	1	1443816856
167	891	1	1443816856
169	892	1	1444447557
85	893	1	1444451952
49	894	1	1445337797
27	894	1	1445413676
27	894	1	1466599305
27	894	1	1499071996
127	895	1	1446462672
127	896	1	1451502329
127	897	1	1451502357
127	898	1	1451502357
159	899	1	1461695600
127	900	1	1462383683
104	901	1	1472139387
104	902	1	1472139387
170	903	1	1473410997
170	904	1	1473414205
153	905	1	1487203870
133	906	1	1487253471
120	907	1	1497570606
171	908	1	1497707892
