% bip positive
1	1	1	1185618151
1	1	1	1185626315
2	1	1	1192873373
2	1	1	1192873985
2	1	1	1192874072
2	1	1	1192874551
2	1	1	1192874791
2	1	1	1192874804
2	1	1	1192874976
2	1	1	1192875026
2	1	1	1192887930
2	1	1	1192888180
2	1	1	1192888240
2	1	1	1192888614
2	1	1	1192890163
2	1	1	1192950078
2	1	1	1193032279
2	1	1	1193032318
2	1	1	1193032443
2	1	1	1193032462
2	1	1	1193057774
2	1	1	1193119213
2	1	1	1193211805
3	1	1	1195767490
4	1	1	1196108483
4	1	1	1196109610
3	1	1	1196169908
5	1	1	1196186940
2	1	1	1197194988
2	1	1	1197195077
2	1	1	1197195111
2	1	1	1197195125
6	1	1	1240083700
6	1	1	1240083746
6	1	1	1240083806
6	1	1	1240083938
6	1	1	1241118217
7	1	1	1343594069
8	1	1	1397220914
9	2	1	1162233487
10	2	1	1175252962
11	3	1	1169731491
12	3	1	1225271797
13	4	1	1174772550
1	5	1	1185615208
1	6	1	1185617629
2	6	1	1192873388
14	7	1	1187997206
5	8	1	1187997722
5	8	1	1187997739
5	8	1	1187997846
5	8	1	1187997931
5	8	1	1190597057
5	8	1	1192283267
3	9	1	1189940795
3	10	1	1189940819
5	11	1	1190597068
15	12	1	1192648413
15	13	1	1192648422
2	14	1	1192873373
2	15	1	1192873444
2	15	1	1192874449
2	15	1	1192902370
2	15	1	1194631441
2	15	1	1194685846
2	15	1	1197195095
6	15	1	1241118233
16	15	1	1334749786
17	15	1	1343575702
18	15	1	1356885937
19	15	1	1415986583
19	15	1	1466776920
19	15	1	1467087698
19	15	1	1500319608
2	16	1	1192886144
2	16	1	1192886205
2	17	1	1192886225
2	17	1	1192886273
2	17	1	1192888657
2	18	1	1192886300
2	19	1	1192886327
2	20	1	1192886367
2	21	1	1192886398
2	22	1	1192886428
2	23	1	1192886456
2	24	1	1192886486
20	24	1	1308068299
2	25	1	1192886519
2	26	1	1192886537
2	27	1	1192887052
2	27	1	1192887067
2	27	1	1192887806
2	27	1	1192887823
2	27	1	1199945268
2	28	1	1192887674
2	29	1	1192887685
2	30	1	1192887701
2	30	1	1192987290
2	30	1	1193119341
13	30	1	1197855570
21	30	1	1305569441
22	30	1	1378884054
23	30	1	1439168187
24	30	1	1451309535
2	31	1	1192887921
2	31	1	1192890466
6	31	1	1240083790
2	32	1	1192888236
2	32	1	1192888878
2	33	1	1192890142
2	33	1	1193119347
13	33	1	1197735215
13	33	1	1197850506
25	33	1	1217056395
26	33	1	1256654041
26	33	1	1279122662
27	33	1	1315357732
22	33	1	1378884193
28	33	1	1384107458
29	33	1	1397528268
28	33	1	1424473072
24	33	1	1451309494
2	34	1	1192890547
2	35	1	1192950040
2	35	1	1193119334
13	35	1	1197732884
30	35	1	1221259400
26	35	1	1256645982
27	35	1	1315266767
26	35	1	1319621757
31	35	1	1336292445
26	35	1	1370203010
22	35	1	1378883978
29	35	1	1397504299
24	35	1	1451309543
2	36	1	1193032260
2	36	1	1193119338
26	36	1	1256645260
26	36	1	1256837402
31	36	1	1267820912
26	36	1	1279121668
26	36	1	1300282318
26	36	1	1319621828
32	36	1	1325425317
22	36	1	1378846062
29	36	1	1397501136
24	36	1	1451309537
2	37	1	1193119183
2	37	1	1193119344
13	37	1	1197731196
33	37	1	1218398975
30	37	1	1221256772
26	37	1	1256644280
26	37	1	1291571686
27	37	1	1315266747
34	37	1	1327799927
29	37	1	1397410576
24	37	1	1451309541
2	38	1	1193119265
2	39	1	1193119286
2	40	1	1193205962
2	41	1	1193206087
2	41	1	1193206257
13	41	1	1197849646
21	41	1	1275601773
26	41	1	1370202946
22	41	1	1378846994
35	41	1	1398584579
23	41	1	1439168197
24	41	1	1451309547
36	41	1	1479430056
2	42	1	1193206252
2	43	1	1193211839
2	44	1	1193211849
2	44	1	1193211871
2	45	1	1193211887
2	45	1	1193211909
2	46	1	1193308078
2	46	1	1193566918
2	46	1	1194631217
2	46	1	1195141566
2	47	1	1193308174
13	47	1	1197730542
26	47	1	1288797602
27	47	1	1315266613
26	47	1	1330418945
31	47	1	1336237057
22	47	1	1378846002
29	47	1	1397503626
24	47	1	1451309550
26	48	1	1288846253
22	48	1	1378884133
23	48	1	1439168207
24	48	1	1451309553
2	49	1	1194631246
4	53	1	1195256299
4	53	1	1217597161
4	56	1	1197923098
2	58	1	1197194959
30	58	1	1221253873
32	58	1	1232749947
26	58	1	1256642585
27	58	1	1315266597
26	58	1	1319771623
29	58	1	1397586421
24	58	1	1451309539
37	60	1	1198375266
37	61	1	1198375283
38	62	1	1198511344
2	63	1	1198934186
39	63	1	1198962880
39	63	1	1218724013
2	64	1	1198934189
2	65	1	1198934192
40	68	1	1200257341
41	70	1	1201045105
42	72	1	1204516997
42	73	1	1204517003
4	74	1	1205441333
4	74	1	1205443398
43	75	1	1206546771
22	75	1	1314728125
44	75	1	1338933282
43	76	1	1206547037
44	76	1	1206613229
22	76	1	1314728125
44	76	1	1338933279
44	76	1	1338933963
44	77	1	1206581021
39	77	1	1218723999
27	77	1	1314916757
44	77	1	1338914486
44	78	1	1206581034
39	78	1	1218723999
44	78	1	1338914481
44	78	1	1338915089
44	79	1	1206581041
39	79	1	1218723999
45	80	1	1206648781
46	81	1	1211747028
47	82	1	1211760274
47	83	1	1211760353
48	84	1	1212089811
12	84	1	1277174007
12	84	1	1277175391
2	85	1	1212168229
24	85	1	1451309557
2	86	1	1212168626
2	87	1	1212168627
2	88	1	1212168629
2	89	1	1212168632
2	90	1	1212168634
47	90	1	1212692512
2	91	1	1212168645
2	92	1	1212168664
2	93	1	1212168666
2	94	1	1212168668
2	95	1	1212168670
2	96	1	1212168673
2	97	1	1212168675
2	98	1	1212168677
2	99	1	1212168698
2	100	1	1212168699
2	101	1	1212168701
2	102	1	1212168706
2	103	1	1212168708
2	104	1	1212168710
2	105	1	1212168712
2	106	1	1212168732
49	107	1	1212214960
50	108	1	1212353762
51	109	1	1213741381
51	109	1	1213785972
51	109	1	1261739682
51	109	1	1264523738
51	109	1	1293285772
51	109	1	1372515004
51	110	1	1214158816
33	111	1	1218398054
33	112	1	1218398093
39	113	1	1218723999
39	114	1	1218723999
39	115	1	1218723999
27	115	1	1314624442
27	115	1	1314758519
52	116	1	1220672886
52	117	1	1220672895
52	118	1	1220672907
52	119	1	1220672915
52	120	1	1220672922
52	121	1	1220672949
52	122	1	1220672978
52	123	1	1220672986
52	124	1	1220674203
52	125	1	1220674208
52	126	1	1220674213
52	127	1	1220674217
52	128	1	1220674221
52	129	1	1220674226
52	130	1	1220674230
52	131	1	1220674234
52	132	1	1220674263
12	132	1	1421019249
53	133	1	1222711653
53	133	1	1222712064
12	134	1	1225174722
12	135	1	1225343818
54	136	1	1225383768
54	137	1	1225386706
54	138	1	1225394261
54	138	1	1226324292
54	139	1	1225394451
12	140	1	1225408475
12	141	1	1225432623
54	142	1	1225447022
54	143	1	1225447250
54	144	1	1225467656
54	144	1	1225578781
54	144	1	1225593873
54	144	1	1225604361
54	144	1	1225664333
54	144	1	1225686759
54	144	1	1225738018
54	144	1	1225781020
54	144	1	1225846193
54	144	1	1225868076
54	144	1	1226020041
54	144	1	1226385376
54	144	1	1226506220
54	144	1	1227110774
54	144	1	1227884333
54	144	1	1229420774
54	144	1	1230239975
54	144	1	1230245996
54	144	1	1230774556
54	144	1	1231766016
54	144	1	1232075325
54	144	1	1232480326
54	144	1	1232487384
54	144	1	1233064008
54	144	1	1233105344
54	144	1	1233130588
54	144	1	1233217233
54	144	1	1233561034
54	144	1	1234457930
54	144	1	1234957346
54	144	1	1235332500
54	144	1	1235501443
54	144	1	1236132178
54	144	1	1237343903
54	144	1	1238051947
54	144	1	1238724270
54	144	1	1240467707
12	145	1	1225532279
12	146	1	1225586805
12	147	1	1225682682
12	148	1	1225774175
12	149	1	1225863657
1	149	1	1379725747
54	150	1	1225937419
54	151	1	1225948337
54	152	1	1225967777
54	152	1	1226315229
54	153	1	1226245070
55	154	1	1226498124
12	155	1	1226545671
12	156	1	1227253839
12	157	1	1227886566
6	158	1	1228764545
6	158	1	1240084276
56	159	1	1229958763
57	160	1	1233132865
12	161	1	1234152499
12	162	1	1234567436
12	163	1	1235277529
12	164	1	1235281383
54	165	1	1237308057
12	166	1	1237618091
58	167	1	1238743048
58	168	1	1238743058
12	169	1	1239507706
12	170	1	1239580709
12	171	1	1239584234
12	172	1	1240009822
12	173	1	1240017417
12	174	1	1240082492
12	175	1	1240090110
59	176	1	1242923508
60	177	1	1246047893
61	177	1	1445196152
60	178	1	1246047962
60	179	1	1246047966
62	180	1	1248116787
12	181	1	1251839567
12	182	1	1252737305
12	183	1	1252746078
12	184	1	1252817619
63	185	1	1256633890
64	186	1	1260076051
65	186	1	1334638728
66	187	1	1260441608
66	187	1	1388776624
12	188	1	1264238226
12	189	1	1264292784
12	190	1	1264390212
45	191	1	1264418362
12	192	1	1264468240
12	193	1	1264474063
12	194	1	1264552828
12	195	1	1264722084
12	196	1	1264733032
12	197	1	1264919803
12	198	1	1264922301
12	199	1	1264923947
12	200	1	1266707145
12	200	1	1379474111
12	201	1	1266718147
67	202	1	1268602163
68	203	1	1269710376
69	204	1	1270157776
70	205	1	1270197355
70	205	1	1379268786
70	206	1	1270471858
70	206	1	1379268790
70	207	1	1270661106
70	207	1	1379268793
12	208	1	1271127543
71	209	1	1273666211
12	210	1	1276992961
12	211	1	1277066777
12	212	1	1277159526
12	213	1	1277168511
12	214	1	1277179462
12	215	1	1277180939
12	216	1	1277247907
12	217	1	1277579533
12	217	1	1289087946
72	217	1	1308764328
72	217	1	1309107439
72	217	1	1322679220
72	217	1	1356646955
72	217	1	1356697830
12	218	1	1280796351
12	219	1	1280800339
73	220	1	1280960554
73	220	1	1281006395
73	221	1	1281097488
12	222	1	1281149749
12	223	1	1281153844
12	224	1	1281155431
12	225	1	1281158824
73	226	1	1281183105
12	226	1	1289145845
72	226	1	1308800690
72	226	1	1309111189
72	226	1	1356646955
12	227	1	1281233211
12	228	1	1281234980
73	229	1	1281258806
12	230	1	1283021230
12	231	1	1283393789
74	231	1	1395596447
75	232	1	1283394061
75	232	1	1284616765
1	232	1	1408317638
75	233	1	1283412660
76	234	1	1285022360
75	235	1	1285794475
75	236	1	1287790348
12	237	1	1289158825
12	238	1	1289173492
75	239	1	1289955513
75	239	1	1291479574
75	239	1	1295308421
77	239	1	1328964389
78	239	1	1337664276
78	239	1	1342549083
78	239	1	1349131712
78	239	1	1360200970
79	240	1	1291889277
80	241	1	1291890464
81	242	1	1294092919
12	243	1	1296443096
12	243	1	1333238387
82	243	1	1390294337
12	244	1	1296449130
12	245	1	1296529421
12	246	1	1296617673
83	247	1	1296648859
12	248	1	1296784505
12	249	1	1298436088
12	250	1	1301870328
12	251	1	1302978515
84	251	1	1331481475
12	252	1	1302982961
12	253	1	1302994814
12	254	1	1303351506
12	255	1	1305157463
12	255	1	1333912271
75	256	1	1306448846
75	257	1	1306521020
85	258	1	1306561748
85	258	1	1314550118
86	259	1	1307398229
87	259	1	1332359322
20	260	1	1308068316
20	260	1	1331369804
20	260	1	1400726704
20	260	1	1423197364
72	261	1	1308810571
72	261	1	1308814872
72	262	1	1308814841
88	263	1	1309520030
88	264	1	1309529681
72	265	1	1309540632
72	266	1	1309542721
12	267	1	1309570841
12	268	1	1309579491
12	269	1	1309583516
12	270	1	1309623519
12	271	1	1309632458
12	272	1	1314242405
12	272	1	1422212651
22	273	1	1314728125
22	274	1	1314728125
22	275	1	1314730158
22	275	1	1316862955
12	276	1	1315765079
12	277	1	1315768295
12	278	1	1315772787
87	279	1	1318458229
12	280	1	1318982427
75	281	1	1319841992
75	281	1	1429212235
89	282	1	1319998814
65	282	1	1334640715
90	282	1	1497570883
91	283	1	1320784186
91	284	1	1320784318
92	285	1	1321042072
92	286	1	1321205330
92	287	1	1321205331
92	287	1	1321205377
93	288	1	1321631182
94	288	1	1344600232
94	288	1	1344600247
93	288	1	1349216140
93	288	1	1357396133
12	289	1	1321763448
12	290	1	1321848805
12	291	1	1321919826
12	292	1	1321923481
12	292	1	1322093458
12	293	1	1321927684
12	293	1	1322095134
72	294	1	1322001475
17	294	1	1343578424
12	295	1	1322097187
12	296	1	1322098407
12	297	1	1322099657
12	298	1	1323016372
12	299	1	1323046823
12	300	1	1323050475
12	301	1	1323133662
87	302	1	1325969444
12	303	1	1326049681
75	304	1	1326329113
34	305	1	1327003289
34	305	1	1327006760
34	305	1	1360344502
34	306	1	1327003299
34	306	1	1327003866
34	306	1	1327005319
34	306	1	1360345308
34	306	1	1368047292
87	307	1	1328132659
12	308	1	1329081127
12	309	1	1329096222
84	310	1	1329314407
84	311	1	1329314418
12	312	1	1329595566
87	313	1	1329747849
87	314	1	1329761848
72	315	1	1329834696
72	316	1	1329839073
72	316	1	1356638941
95	317	1	1330234586
12	317	1	1346639781
84	318	1	1330672133
84	319	1	1330705703
12	320	1	1332040378
12	321	1	1333244476
12	322	1	1333419833
96	323	1	1333473546
97	323	1	1473314795
12	324	1	1333500680
12	324	1	1333582796
12	325	1	1333587754
12	326	1	1333905604
12	327	1	1333907690
87	328	1	1334115406
12	329	1	1334510336
67	330	1	1335652747
12	331	1	1336323922
87	332	1	1338323284
98	333	1	1338445330
98	333	1	1342495982
12	334	1	1338650163
12	335	1	1338656354
12	336	1	1338660873
87	337	1	1339334989
12	338	1	1339379965
12	339	1	1339993517
87	340	1	1340669272
12	341	1	1341262435
17	342	1	1343575637
17	343	1	1343578447
17	343	1	1343643703
17	344	1	1343578582
12	345	1	1344112259
12	346	1	1344219779
99	347	1	1344323387
12	348	1	1344380489
100	349	1	1344785798
16	350	1	1346361116
16	351	1	1346432561
65	351	1	1347117378
65	351	1	1360799681
65	352	1	1346446773
12	353	1	1346628304
12	354	1	1346633586
12	355	1	1346637759
101	356	1	1348947370
84	357	1	1351193369
84	358	1	1351241501
84	359	1	1351251525
84	360	1	1351251536
74	361	1	1351954668
12	362	1	1355092329
12	363	1	1355113405
102	364	1	1355257084
103	365	1	1355729657
28	365	1	1491339210
18	366	1	1356885987
93	367	1	1357396211
87	368	1	1359584136
87	369	1	1359584204
87	370	1	1359912105
102	371	1	1359912881
87	372	1	1359915590
12	373	1	1360031479
104	373	1	1417132192
104	373	1	1487253956
12	374	1	1360035776
12	375	1	1361150456
12	376	1	1361156082
87	377	1	1361236712
105	378	1	1363643595
12	379	1	1364143230
12	380	1	1364147206
12	381	1	1364161998
12	382	1	1364173702
12	383	1	1364175491
106	383	1	1451502386
107	384	1	1366114864
87	385	1	1367177660
108	386	1	1367357334
106	386	1	1451502365
109	387	1	1369585602
109	387	1	1380479948
12	387	1	1381707275
109	387	1	1384699550
109	387	1	1408421663
110	388	1	1369955056
110	388	1	1369955113
12	389	1	1370218337
111	390	1	1370875545
111	391	1	1370875548
112	392	1	1371324973
12	393	1	1372734445
12	394	1	1372821509
113	395	1	1374242346
114	396	1	1376685817
115	397	1	1377986609
114	398	1	1377992385
70	399	1	1379268537
70	400	1	1379268538
12	401	1	1379282916
12	402	1	1379303170
106	402	1	1451502385
12	403	1	1379464614
12	404	1	1379468229
12	405	1	1379561468
12	406	1	1379563030
12	407	1	1379564355
12	408	1	1379897989
12	409	1	1379899600
12	410	1	1380160297
12	411	1	1380164499
12	412	1	1380396587
12	413	1	1380397957
12	414	1	1380401544
116	414	1	1385796809
116	414	1	1388052968
116	414	1	1391249138
12	414	1	1408627919
117	414	1	1411917911
118	414	1	1411919478
12	414	1	1413773871
12	414	1	1438466213
12	415	1	1380408087
116	415	1	1385474876
116	415	1	1386743455
116	415	1	1391656155
116	415	1	1393935933
117	415	1	1411917912
118	415	1	1411919478
12	415	1	1414901750
12	416	1	1381684549
12	417	1	1381702117
109	417	1	1382879406
109	417	1	1382933102
109	418	1	1382862237
119	419	1	1382906076
120	420	1	1383039481
121	421	1	1383339024
121	422	1	1383341149
122	423	1	1384699284
123	424	1	1384786625
124	425	1	1385384166
125	426	1	1387293690
12	427	1	1390175719
126	427	1	1487204242
12	428	1	1390254768
12	429	1	1390265919
127	430	1	1390300406
128	431	1	1392385789
128	432	1	1392394260
12	433	1	1393564317
12	434	1	1393571579
123	435	1	1394757385
129	436	1	1395186052
129	436	1	1395428291
129	436	1	1396579317
74	437	1	1395596448
130	438	1	1396563211
131	439	1	1396597347
132	440	1	1399231088
133	441	1	1399644781
19	442	1	1400531909
1	443	1	1408317639
12	444	1	1408641773
134	444	1	1461691339
12	445	1	1409110135
12	446	1	1410625133
135	446	1	1447384190
12	447	1	1410711097
12	448	1	1411005552
135	448	1	1447384192
117	449	1	1411917911
44	449	1	1415700525
12	449	1	1420954601
117	450	1	1411917912
44	450	1	1415700539
12	450	1	1420961286
118	451	1	1411919478
118	452	1	1411919478
136	453	1	1413476247
136	453	1	1447367740
136	453	1	1447799055
12	454	1	1416715470
137	454	1	1472041196
137	454	1	1472140621
12	455	1	1416722885
137	455	1	1472041196
137	455	1	1472140621
104	456	1	1417132191
104	457	1	1417132192
12	458	1	1417323951
138	459	1	1418655288
12	460	1	1421112784
12	461	1	1421116775
12	462	1	1421120784
12	462	1	1423375656
100	462	1	1424432229
12	463	1	1423371210
12	464	1	1423377911
100	464	1	1424432229
12	465	1	1423708986
12	466	1	1423941661
139	467	1	1424203379
12	468	1	1424393896
137	468	1	1438202360
100	469	1	1424432229
100	470	1	1424432229
12	471	1	1424583649
137	471	1	1438202360
12	472	1	1424585748
44	472	1	1438225702
140	473	1	1425849221
12	474	1	1426642982
19	475	1	1426841109
141	475	1	1429242170
19	475	1	1429245797
19	476	1	1426841109
141	476	1	1429242170
19	476	1	1429245797
19	477	1	1426841109
19	478	1	1426841110
19	479	1	1426841110
141	479	1	1429242170
19	479	1	1429245797
75	480	1	1429212236
137	481	1	1438202360
137	482	1	1438202360
142	483	1	1438645218
143	484	1	1441534569
143	484	1	1442793034
144	485	1	1441536442
145	486	1	1442790407
61	487	1	1442791102
142	488	1	1443816978
142	489	1	1443816978
142	490	1	1443816978
142	491	1	1443816978
142	492	1	1443816978
142	493	1	1443816979
142	494	1	1443816979
106	495	1	1451502365
106	496	1	1451502385
106	497	1	1451502386
134	498	1	1461695623
106	499	1	1462383623
146	500	1	1463824624
137	501	1	1472140621
137	502	1	1472140621
97	503	1	1473314795
147	504	1	1479431353
126	505	1	1487204242
104	506	1	1487253956
90	507	1	1497570883
