% bip positive
1	1	1	1075390387
1	2	1	1075390387
1	3	1	1077421008
1	4	1	1086456460
1	5	1	1086456460
1	6	1	1086456460
1	7	1	1086456460
1	8	1	1086456460
1	9	1	1086456460
1	10	1	1086456460
1	11	1	1086456460
1	12	1	1086456460
1	13	1	1086456460
1	14	1	1086456460
1	15	1	1086456460
1	16	1	1086456460
1	17	1	1086456460
1	18	1	1086456460
1	19	1	1086456460
1	20	1	1086456460
1	21	1	1086456460
1	22	1	1086456460
1	23	1	1086456460
1	24	1	1086456460
1	25	1	1086456460
1	26	1	1086456460
1	27	1	1086456460
1	28	1	1086456460
1	29	1	1086456460
1	30	1	1086456460
1	31	1	1086456460
1	32	1	1086456460
1	33	1	1086456460
1	34	1	1086456460
1	35	1	1086456460
1	36	1	1086456460
1	37	1	1086456460
1	38	1	1086456460
1	39	1	1086456460
1	40	1	1086456460
1	41	1	1086456460
1	42	1	1086456460
1	43	1	1086456460
1	44	1	1086456460
1	45	1	1086456460
1	46	1	1086456460
1	47	1	1086456460
1	48	1	1086456460
1	49	1	1086456460
1	50	1	1086456460
1	51	1	1086456460
1	52	1	1086456460
1	53	1	1086456460
1	54	1	1086456460
1	55	1	1086456460
1	56	1	1086456460
1	57	1	1086456460
1	58	1	1086456460
1	59	1	1086456460
1	60	1	1086456460
1	61	1	1086456460
1	62	1	1086456460
1	63	1	1086456460
1	64	1	1086456460
1	65	1	1086456460
1	66	1	1086456460
1	67	1	1086456460
1	68	1	1086456460
1	69	1	1086456460
1	70	1	1086456460
1	71	1	1086456460
1	72	1	1086456460
1	73	1	1086456460
1	74	1	1086456460
1	75	1	1086456460
1	76	1	1086456460
1	77	1	1086456460
1	78	1	1086456552
2	79	1	1114209428
3	79	1	1429227456
4	80	1	1135723322
4	81	1	1135723387
5	82	1	1136412388
5	83	1	1136412426
6	84	1	1137762275
7	85	1	1146687230
7	85	1	1232191725
7	86	1	1146687513
7	86	1	1146689526
7	86	1	1232142631
7	86	1	1232142647
7	87	1	1146687645
7	87	1	1232142539
7	88	1	1146688145
7	88	1	1146688184
7	89	1	1146688209
7	90	1	1146688235
8	90	1	1345618430
7	91	1	1146688312
7	92	1	1146688352
7	93	1	1146688401
7	94	1	1146688987
7	94	1	1146689408
9	94	1	1216669347
10	94	1	1221109699
7	94	1	1232674233
11	94	1	1287250060
12	94	1	1331170505
7	95	1	1146689220
7	96	1	1146689886
7	96	1	1146689932
7	96	1	1151493130
7	96	1	1232142760
7	96	1	1232142776
7	96	1	1232304285
7	97	1	1146690028
9	97	1	1216669377
11	97	1	1235550164
11	97	1	1260566050
11	97	1	1273641587
13	97	1	1274182905
13	97	1	1274183108
11	97	1	1276543997
14	97	1	1357790184
7	98	1	1146693395
7	99	1	1146693570
7	100	1	1151490259
7	101	1	1151490296
7	102	1	1151490344
7	103	1	1151490394
7	104	1	1151490419
13	104	1	1274182536
7	105	1	1151490473
13	105	1	1274182570
8	105	1	1334822619
8	105	1	1345622204
7	106	1	1151490497
8	106	1	1334821737
7	107	1	1151492055
7	107	1	1151492614
7	108	1	1151492092
7	108	1	1151492650
7	109	1	1151492135
7	109	1	1151492712
15	110	1	1151849747
16	110	1	1277174245
16	110	1	1277175600
17	111	1	1160828045
16	111	1	1225272406
18	112	1	1160831775
18	113	1	1160831850
17	114	1	1180888600
8	114	1	1337723249
19	115	1	1188302063
19	116	1	1188302085
8	116	1	1349090957
8	116	1	1349093268
8	116	1	1349094047
20	117	1	1191170226
20	118	1	1191170407
20	118	1	1191170416
21	119	1	1318360522
19	120	1	1191917735
22	121	1	1191987812
22	122	1	1191987817
23	123	1	1192175900
23	124	1	1192175921
16	125	1	1192840907
16	125	1	1329612840
24	126	1	1193788712
24	126	1	1199613536
25	127	1	1196639824
26	127	1	1356380417
27	128	1	1198876350
28	129	1	1205102731
28	130	1	1205102735
5	131	1	1136413798
29	131	1	1140651606
7	131	1	1146687197
7	131	1	1146687230
7	131	1	1146690319
7	131	1	1151489776
7	131	1	1151489888
7	131	1	1151489930
7	131	1	1151694183
19	131	1	1195726365
17	131	1	1196102032
17	131	1	1196103369
30	131	1	1206442517
30	131	1	1206442548
30	131	1	1233700916
30	132	1	1206442526
7	132	1	1232191688
7	132	1	1232191962
7	132	1	1233597864
7	132	1	1233597917
31	132	1	1279068397
32	132	1	1337612227
33	132	1	1354335555
30	133	1	1206442633
34	134	1	1206445356
35	135	1	1206579861
36	136	1	1212291451
37	137	1	1213747517
37	137	1	1213801433
37	137	1	1261700764
37	137	1	1293369404
37	137	1	1336426872
37	138	1	1214149933
30	139	1	1215114889
30	140	1	1215114904
30	141	1	1215115013
38	141	1	1222099266
7	141	1	1235174769
38	141	1	1248122021
39	141	1	1252271862
26	141	1	1263191336
26	141	1	1272407391
40	141	1	1347523658
41	142	1	1218640757
10	143	1	1221033069
10	144	1	1221033079
42	144	1	1290559477
43	144	1	1290598009
38	145	1	1222098488
26	145	1	1248118670
26	145	1	1249998607
26	145	1	1257111327
26	145	1	1257788337
26	145	1	1258499710
26	145	1	1259253521
26	145	1	1263036372
26	145	1	1272570366
26	145	1	1272576839
26	145	1	1299966352
26	145	1	1300999842
26	145	1	1305136842
26	145	1	1314300894
26	145	1	1315008751
26	145	1	1323101728
26	145	1	1327063809
26	145	1	1327359635
26	145	1	1327497133
26	145	1	1327504828
26	145	1	1328917425
26	145	1	1334070430
44	146	1	1222968310
16	147	1	1225175928
45	148	1	1225315504
42	148	1	1290559732
43	148	1	1290598008
45	149	1	1225320563
45	150	1	1225325074
16	151	1	1225347383
45	152	1	1225375537
45	152	1	1226321043
45	153	1	1225389289
45	154	1	1225389316
16	155	1	1225414281
16	156	1	1225437346
28	156	1	1236651346
45	157	1	1225457800
45	157	1	1225569414
45	157	1	1225588004
45	157	1	1225600532
45	157	1	1225655853
45	157	1	1225683373
45	157	1	1225729278
45	157	1	1225775514
45	157	1	1225837972
45	157	1	1225862408
45	157	1	1225880996
45	157	1	1226013194
45	157	1	1226380250
45	157	1	1226500666
45	157	1	1227104260
45	157	1	1227878372
45	157	1	1229413475
45	157	1	1230229784
45	157	1	1230240794
45	157	1	1230768851
45	157	1	1231588070
45	157	1	1232069768
45	157	1	1232473932
45	157	1	1232481747
45	157	1	1233058371
45	157	1	1233099501
45	157	1	1233124462
45	157	1	1233210775
45	157	1	1233557228
45	157	1	1234451696
45	157	1	1234951004
45	157	1	1235328659
45	157	1	1235497023
45	157	1	1236128986
45	157	1	1237340517
45	157	1	1238045907
45	157	1	1238075409
45	157	1	1238718845
45	157	1	1240463803
16	158	1	1225533007
16	159	1	1225587634
16	160	1	1225683799
16	161	1	1225774999
16	162	1	1225864474
45	163	1	1225932693
45	164	1	1225945170
45	165	1	1225960980
45	165	1	1226310666
45	166	1	1226232800
46	167	1	1226494997
46	168	1	1226505080
16	169	1	1226547945
16	170	1	1227255519
16	171	1	1227887470
7	172	1	1232142647
7	173	1	1232142776
7	174	1	1232143085
13	174	1	1287048187
7	175	1	1232143179
7	176	1	1232191688
7	177	1	1232195712
7	177	1	1232195822
7	177	1	1232195897
11	177	1	1243130660
11	177	1	1255744965
11	177	1	1279145760
11	177	1	1279655501
47	177	1	1293561827
48	177	1	1318954745
12	177	1	1324795534
48	177	1	1329464835
49	177	1	1348754302
48	177	1	1354733877
50	177	1	1356197569
7	178	1	1232195854
7	179	1	1232197754
13	179	1	1287048635
7	180	1	1232197781
7	181	1	1232198300
7	181	1	1232198334
7	181	1	1232198488
7	181	1	1232198873
11	181	1	1270358951
7	182	1	1232198334
7	183	1	1232198749
7	183	1	1232198765
7	183	1	1232198791
11	183	1	1236731801
12	183	1	1311611788
12	183	1	1311658720
8	183	1	1331795422
7	184	1	1233185473
11	184	1	1281484123
51	184	1	1338899006
50	184	1	1343967389
7	186	1	1233239035
7	187	1	1233273761
7	188	1	1233273782
13	188	1	1268243172
12	188	1	1316653754
7	189	1	1233273992
7	189	1	1233274031
7	189	1	1233274060
7	190	1	1233274017
7	190	1	1233274076
7	191	1	1233274863
11	191	1	1271778589
52	191	1	1322151177
14	191	1	1344009575
50	191	1	1348225643
16	192	1	1234153387
11	193	1	1235006290
11	193	1	1235192867
11	193	1	1238588989
11	193	1	1249721688
11	193	1	1251483589
11	193	1	1251539375
11	193	1	1251595824
11	193	1	1258323476
11	193	1	1263354968
11	193	1	1265683096
11	193	1	1267240933
11	193	1	1272673495
11	193	1	1278806106
11	193	1	1280311145
11	193	1	1280849977
11	193	1	1281839272
11	193	1	1282946125
53	193	1	1290983593
52	193	1	1303796418
8	193	1	1318498348
48	193	1	1321106845
48	193	1	1322811325
52	193	1	1326325699
48	193	1	1331222588
8	193	1	1331794513
54	193	1	1333290960
54	193	1	1333526015
50	193	1	1342523098
8	193	1	1343307440
50	193	1	1354842307
11	196	1	1235047450
11	196	1	1242055164
11	196	1	1256464190
11	196	1	1263662537
11	196	1	1271534142
11	196	1	1278754866
11	196	1	1280700124
11	196	1	1285192235
12	196	1	1296230943
52	196	1	1303087477
52	196	1	1303536398
52	196	1	1307964803
52	196	1	1314104393
12	196	1	1319731553
52	196	1	1322694651
8	196	1	1328183471
48	196	1	1329453713
48	196	1	1330683040
54	196	1	1335401677
50	196	1	1338975750
11	197	1	1235704860
11	197	1	1235946306
11	197	1	1237267488
11	197	1	1239445617
11	197	1	1246269550
11	197	1	1252338376
11	197	1	1253869288
11	197	1	1258821527
11	197	1	1263259153
11	197	1	1268050583
11	197	1	1281520331
10	197	1	1281602873
11	197	1	1283247388
11	197	1	1287208247
52	197	1	1304799767
53	197	1	1312221992
48	197	1	1318959292
54	197	1	1322093281
52	197	1	1322539848
8	197	1	1326182233
12	197	1	1328628394
48	197	1	1330499075
54	197	1	1333392135
11	198	1	1236307824
11	198	1	1237398693
11	198	1	1242897377
11	198	1	1250673503
11	198	1	1251008774
11	198	1	1252071097
11	198	1	1267380878
11	198	1	1268047641
11	198	1	1273692280
11	198	1	1275489849
11	198	1	1278889250
11	198	1	1282005493
11	198	1	1283490977
12	198	1	1296214688
12	198	1	1300351665
48	198	1	1318965738
48	198	1	1322467959
52	198	1	1326752891
8	198	1	1328095650
48	198	1	1330228960
48	198	1	1330675974
8	198	1	1343639327
11	200	1	1234859258
11	200	1	1235955759
11	200	1	1280141163
11	200	1	1281545903
11	200	1	1287230295
55	200	1	1300285238
12	200	1	1314962412
12	200	1	1316465375
48	200	1	1318956378
48	200	1	1330618630
50	200	1	1335528076
11	201	1	1234497195
11	201	1	1235221654
11	201	1	1246895544
11	201	1	1260132232
11	201	1	1267240739
11	201	1	1280849744
11	201	1	1282921009
11	201	1	1285103356
12	201	1	1293057938
8	201	1	1306492413
12	201	1	1308690621
52	201	1	1322547337
52	201	1	1322707457
12	201	1	1323781886
8	201	1	1331796404
50	201	1	1338947255
14	201	1	1346009156
11	202	1	1236030594
11	202	1	1243240976
11	202	1	1273664695
12	202	1	1311072388
12	202	1	1314961826
54	202	1	1330813782
11	203	1	1245885725
11	203	1	1267290140
11	204	1	1235232981
11	204	1	1238013390
48	204	1	1324251891
11	205	1	1234401725
11	205	1	1236708697
11	205	1	1238013428
11	205	1	1251409152
11	205	1	1253237279
11	205	1	1273695723
12	205	1	1304073413
12	205	1	1304893381
48	205	1	1318960664
8	205	1	1323677149
48	205	1	1330105320
11	206	1	1234401616
11	206	1	1234675593
11	206	1	1237705831
11	206	1	1237841079
9	206	1	1238833542
11	206	1	1239056488
11	206	1	1248163646
11	206	1	1250897339
11	206	1	1251128476
11	206	1	1259252299
11	206	1	1270299043
11	206	1	1271508060
11	206	1	1278822838
11	206	1	1279283017
11	206	1	1281841314
11	206	1	1283275841
11	206	1	1287567410
48	206	1	1318958948
52	206	1	1322372570
8	206	1	1326358743
48	206	1	1330580984
54	206	1	1333581039
54	206	1	1335070963
50	206	1	1350589307
50	206	1	1357439862
11	207	1	1234401235
11	207	1	1236117230
11	207	1	1237020432
11	207	1	1239056491
11	207	1	1246759766
11	207	1	1257071321
11	207	1	1260660396
11	207	1	1268398344
11	207	1	1283054500
11	207	1	1287363092
55	207	1	1301061939
8	207	1	1307949900
48	207	1	1318959738
8	207	1	1331795441
54	207	1	1335561414
50	207	1	1348490870
50	207	1	1356924064
11	210	1	1235838845
11	210	1	1271378615
48	210	1	1318956248
11	211	1	1234411737
11	211	1	1242965961
11	211	1	1277959174
11	211	1	1279241837
50	211	1	1358269239
11	212	1	1234401231
11	212	1	1234497191
11	212	1	1235211136
11	212	1	1235945884
11	212	1	1248958598
48	212	1	1322962330
16	213	1	1234568802
11	215	1	1235010472
11	215	1	1235312106
11	215	1	1235999140
11	215	1	1241959824
11	215	1	1251597290
11	215	1	1256326402
11	215	1	1283000507
11	215	1	1287169063
53	215	1	1290341678
12	215	1	1292530597
53	215	1	1295640278
48	215	1	1318958700
54	215	1	1321230326
48	215	1	1323313558
8	215	1	1343752851
11	216	1	1235098972
11	216	1	1236227890
11	216	1	1250052240
11	216	1	1273868673
11	216	1	1286021945
12	216	1	1292535257
55	216	1	1299342324
48	216	1	1318958440
11	217	1	1235147664
11	217	1	1235642398
11	217	1	1279153095
11	217	1	1284247321
12	217	1	1292685032
12	217	1	1293336389
52	217	1	1305128448
52	217	1	1310168156
48	217	1	1318957012
48	217	1	1346212269
16	219	1	1235278013
16	220	1	1235281848
11	221	1	1235316121
11	221	1	1248141544
11	221	1	1268325493
48	221	1	1318965291
11	223	1	1235716193
11	223	1	1238486817
11	223	1	1282947709
53	223	1	1290354856
12	223	1	1295836113
12	223	1	1309265936
48	223	1	1318958171
12	223	1	1324425335
48	223	1	1329814398
56	225	1	1235731988
7	226	1	1235958771
11	227	1	1235969654
11	227	1	1252025923
11	227	1	1257168421
53	227	1	1289918341
53	227	1	1290354887
47	227	1	1291245732
12	227	1	1295821537
12	227	1	1296994118
8	227	1	1307952248
52	227	1	1322615961
50	227	1	1339794074
11	229	1	1236051624
11	230	1	1236053454
11	230	1	1236555032
11	230	1	1241814377
11	230	1	1241869022
11	230	1	1241884441
11	230	1	1241888192
11	230	1	1244569610
11	230	1	1246887582
11	230	1	1248122470
11	230	1	1248246139
11	230	1	1248958837
11	230	1	1250041688
11	230	1	1250886785
11	230	1	1256411724
11	230	1	1256413420
11	230	1	1259251451
11	230	1	1261023685
11	230	1	1261071162
11	230	1	1261338464
11	230	1	1262308871
11	230	1	1263560587
11	230	1	1263823568
11	230	1	1263826505
11	230	1	1263837538
11	230	1	1265219379
11	230	1	1267754049
11	230	1	1268174752
11	230	1	1270230792
11	230	1	1276552536
11	230	1	1277246546
11	230	1	1277700908
11	230	1	1278754509
11	230	1	1280667457
11	230	1	1281679830
11	230	1	1285070756
53	230	1	1290364601
12	230	1	1296197025
55	230	1	1299336881
55	230	1	1299859359
55	230	1	1299877984
48	230	1	1318966032
52	230	1	1322679041
12	230	1	1324693375
48	230	1	1330622093
54	230	1	1332689350
50	230	1	1342563778
11	231	1	1236052976
11	231	1	1246761268
11	231	1	1248958781
11	231	1	1248994211
11	231	1	1258778849
11	231	1	1260661005
11	231	1	1261374549
11	231	1	1261398452
11	231	1	1267766442
11	231	1	1274649211
11	231	1	1274743393
11	231	1	1276540386
11	231	1	1276673137
11	231	1	1277253244
11	231	1	1277462819
11	231	1	1277933797
11	231	1	1281424032
11	231	1	1281679816
11	231	1	1283056128
12	231	1	1292284520
8	231	1	1305796216
52	231	1	1310508099
8	231	1	1317986005
52	231	1	1322751205
54	231	1	1331417370
54	231	1	1332541620
50	231	1	1341729438
50	231	1	1346037483
14	231	1	1346967226
50	231	1	1348670092
48	231	1	1353997979
57	232	1	1236111225
16	232	1	1264916794
7	233	1	1236130962
11	234	1	1236139100
11	234	1	1237403321
11	234	1	1246757140
11	234	1	1247664877
11	234	1	1249152812
11	234	1	1249692220
11	234	1	1256144945
11	234	1	1267765987
11	234	1	1268579746
11	234	1	1274648618
11	234	1	1275187778
11	234	1	1276044372
11	234	1	1276558493
11	234	1	1277247055
11	234	1	1277940787
11	234	1	1280379927
11	234	1	1283607437
12	234	1	1296355754
47	234	1	1296465633
8	234	1	1314879761
54	234	1	1320155947
52	234	1	1322731937
48	234	1	1329399401
48	234	1	1330514146
54	234	1	1333006401
50	234	1	1345955399
50	234	1	1350844195
50	234	1	1356606466
11	235	1	1256681452
11	235	1	1260710288
12	235	1	1300711120
48	235	1	1318965141
11	236	1	1256681459
11	236	1	1281545574
11	236	1	1281552311
11	236	1	1285689024
11	239	1	1236316506
11	239	1	1245048762
11	239	1	1249307516
11	239	1	1259005869
11	240	1	1236558048
11	240	1	1237434261
11	240	1	1237519602
11	240	1	1241564609
11	240	1	1253441417
11	240	1	1256014958
11	240	1	1289143476
12	240	1	1304195890
12	240	1	1310541080
8	240	1	1315388318
12	240	1	1316465477
48	240	1	1330623131
50	240	1	1350669724
11	241	1	1236441894
48	241	1	1318964267
54	241	1	1335684254
50	241	1	1345565098
11	242	1	1236656596
11	242	1	1239171943
11	242	1	1242458390
11	242	1	1245514694
11	242	1	1253369478
11	242	1	1260762485
11	242	1	1263665262
11	242	1	1273628959
53	242	1	1289862223
54	242	1	1330821983
50	242	1	1347690141
50	242	1	1348790351
50	242	1	1357194991
45	243	1	1237302247
7	244	1	1237548973
13	244	1	1293134054
13	244	1	1293134197
48	244	1	1318964328
7	245	1	1237549025
13	245	1	1293134212
16	246	1	1237618574
11	247	1	1238675956
11	247	1	1245633713
11	247	1	1273033641
11	247	1	1282873502
11	247	1	1288314024
11	248	1	1238675928
11	248	1	1273033593
50	248	1	1346403233
16	249	1	1239508211
16	250	1	1239581179
16	251	1	1239585616
16	252	1	1240010507
16	253	1	1240018577
16	254	1	1240082992
16	255	1	1240090576
11	256	1	1242153005
11	256	1	1246897289
11	256	1	1260210087
11	256	1	1261074725
11	256	1	1261482532
11	256	1	1267240583
11	256	1	1273287443
11	256	1	1285098058
11	256	1	1286048815
11	256	1	1287390495
11	256	1	1288574853
53	256	1	1291365846
8	256	1	1306194503
52	256	1	1322189424
8	256	1	1331795517
8	256	1	1333440596
50	256	1	1339268157
50	256	1	1346404636
11	258	1	1242152652
48	258	1	1324158394
12	258	1	1325019276
50	258	1	1345142491
50	258	1	1349348466
43	259	1	1242925048
53	259	1	1291926549
53	259	1	1314741288
53	259	1	1314908491
58	260	1	1246037522
59	260	1	1274367409
8	260	1	1334816046
8	260	1	1345407657
58	261	1	1246037529
60	261	1	1284202958
58	262	1	1246037533
60	262	1	1284202967
11	263	1	1246304060
11	263	1	1251599181
11	263	1	1251622156
11	263	1	1256831213
11	263	1	1278856088
11	263	1	1280688195
11	263	1	1284142305
52	263	1	1303695871
12	263	1	1311542783
48	263	1	1318960382
52	263	1	1322342188
12	263	1	1324267287
8	263	1	1324380478
54	263	1	1333967007
54	263	1	1336592329
11	264	1	1246303730
11	264	1	1251821348
11	264	1	1265688624
11	264	1	1279374957
11	264	1	1281742658
48	264	1	1324481940
8	264	1	1334138936
50	264	1	1339385656
50	264	1	1353234889
11	266	1	1246457378
11	266	1	1247151231
11	266	1	1265606107
11	266	1	1279367398
11	266	1	1281742602
12	266	1	1324498612
61	268	1	1247316133
62	269	1	1248106684
11	270	1	1248714551
11	270	1	1250897199
11	270	1	1251200551
11	270	1	1257082407
11	270	1	1259252142
11	270	1	1264245792
11	270	1	1277085703
11	270	1	1278584436
11	270	1	1278819330
11	270	1	1283274454
11	270	1	1285162931
53	270	1	1290983032
12	270	1	1296269703
12	270	1	1304156407
48	270	1	1318961636
48	270	1	1322883678
54	270	1	1330770834
8	270	1	1331795711
54	270	1	1334714914
50	270	1	1340393525
50	270	1	1342394873
50	270	1	1345208802
50	270	1	1345572948
50	270	1	1347179147
11	271	1	1248714531
11	271	1	1251092446
11	271	1	1263011842
11	271	1	1269102524
11	271	1	1271793732
11	271	1	1273947642
11	271	1	1277579341
11	271	1	1278822925
11	271	1	1283530946
11	271	1	1284066600
11	271	1	1285166426
53	271	1	1290982980
12	271	1	1296269075
55	271	1	1300883248
52	271	1	1303698063
48	271	1	1318962197
48	271	1	1322883898
8	271	1	1331795754
54	271	1	1334710108
54	271	1	1334847054
8	271	1	1343802891
50	271	1	1344762366
11	272	1	1248997623
11	272	1	1250351604
11	272	1	1255602117
11	272	1	1260668056
11	272	1	1266363949
12	272	1	1292361361
12	272	1	1299150498
48	272	1	1318963500
12	272	1	1322492009
8	272	1	1331795858
50	272	1	1342566440
50	272	1	1345156706
50	272	1	1351053224
63	272	1	1354596571
11	273	1	1248958691
11	273	1	1271794065
11	273	1	1282052762
11	273	1	1284066368
48	273	1	1318963059
8	273	1	1321957042
12	273	1	1325605589
48	273	1	1340401824
50	273	1	1342586107
50	273	1	1348474180
11	274	1	1249054401
11	274	1	1250351675
11	274	1	1262533386
11	274	1	1269626303
11	274	1	1273417910
48	274	1	1318963893
8	274	1	1321352554
52	274	1	1323964605
48	274	1	1331757108
64	274	1	1338530437
8	274	1	1355773453
11	275	1	1249053136
11	275	1	1282283101
11	275	1	1284065574
11	275	1	1286104320
11	275	1	1288950410
53	275	1	1290278868
12	275	1	1304128043
10	275	1	1304686648
48	275	1	1318963220
8	275	1	1321860563
48	275	1	1322880357
48	275	1	1329645039
8	275	1	1339998672
50	275	1	1342917410
14	275	1	1344118078
50	275	1	1351088383
11	276	1	1249427136
11	276	1	1253243788
11	276	1	1276686840
8	276	1	1316072712
12	276	1	1335180113
11	277	1	1250005204
50	277	1	1345265937
11	279	1	1250705950
11	279	1	1253112660
12	279	1	1293645128
12	279	1	1309039735
53	279	1	1315579195
12	279	1	1315698388
16	280	1	1251841035
39	281	1	1252271876
16	282	1	1252738012
16	283	1	1252746670
16	284	1	1252818211
11	285	1	1255650412
11	285	1	1256070888
11	285	1	1269243167
47	285	1	1294650356
12	285	1	1298392470
48	285	1	1323415673
12	285	1	1325436403
50	285	1	1345557654
50	285	1	1350878540
11	286	1	1255645104
11	286	1	1257081317
11	286	1	1258483716
11	286	1	1259793384
11	286	1	1268225228
11	286	1	1273007526
11	286	1	1277445956
11	286	1	1281825106
11	286	1	1282994571
11	286	1	1283075381
11	286	1	1285948844
53	286	1	1290877322
12	286	1	1299200197
12	286	1	1304056970
12	286	1	1306669612
48	286	1	1318958530
54	286	1	1321231347
52	286	1	1323652461
52	286	1	1326393725
8	286	1	1331795352
8	286	1	1343753014
11	287	1	1256684042
11	287	1	1274083666
11	287	1	1281480636
12	287	1	1300875113
48	287	1	1318964217
65	288	1	1256705219
66	289	1	1256843089
53	290	1	1258043767
53	290	1	1291925874
67	291	1	1259167764
68	292	1	1259897831
13	293	1	1261265470
11	293	1	1261276501
11	293	1	1271610159
11	293	1	1273396372
11	293	1	1285546866
11	293	1	1285658613
11	293	1	1287535250
12	293	1	1304063728
48	293	1	1318958281
12	293	1	1325753678
8	293	1	1327053000
12	293	1	1330609645
50	293	1	1342076727
50	293	1	1347768546
8	293	1	1352838897
50	293	1	1356291288
13	294	1	1261265502
11	294	1	1261276371
11	294	1	1283842230
11	294	1	1284837768
11	294	1	1287535488
11	294	1	1287899875
12	294	1	1307159352
52	294	1	1313563701
50	294	1	1346857632
50	294	1	1347455134
13	295	1	1261265634
13	296	1	1263001843
11	296	1	1263077547
48	296	1	1318959968
13	297	1	1263292154
13	297	1	1263292173
11	297	1	1281825515
47	297	1	1290803667
13	298	1	1263292284
11	298	1	1263319409
12	298	1	1334960373
13	299	1	1263382976
11	299	1	1263420405
11	299	1	1289097807
12	299	1	1308973398
48	299	1	1318959998
12	299	1	1329170012
50	299	1	1346897770
50	299	1	1347704105
13	300	1	1264189037
11	300	1	1264252471
11	300	1	1270312414
11	300	1	1279799408
11	300	1	1284133658
12	300	1	1292289173
53	300	1	1295306747
55	300	1	1300833579
12	300	1	1304359952
8	300	1	1305888352
48	300	1	1318954929
8	300	1	1319613602
50	300	1	1336359159
8	300	1	1343723046
16	301	1	1264238458
16	302	1	1264292985
35	303	1	1264352496
16	304	1	1264390431
16	305	1	1264468534
16	306	1	1264474267
16	307	1	1264553105
16	308	1	1264722326
16	309	1	1264733241
16	310	1	1264920003
16	311	1	1264922516
16	312	1	1264924154
12	313	1	1265130294
12	313	1	1265151146
12	313	1	1291845451
12	313	1	1291846076
12	313	1	1293722876
13	314	1	1265463019
11	314	1	1265471408
11	314	1	1267782774
11	314	1	1271928729
12	314	1	1311364339
12	314	1	1314457845
48	314	1	1330049779
50	314	1	1348657262
48	314	1	1354387631
11	315	1	1266118867
11	315	1	1280311003
12	315	1	1292255751
12	315	1	1300740552
10	315	1	1302504165
48	315	1	1318955132
8	315	1	1351157114
16	316	1	1266707351
16	317	1	1266718359
13	318	1	1268243129
11	318	1	1268282084
11	318	1	1278414320
11	318	1	1282922144
11	318	1	1283490277
11	318	1	1286138682
11	318	1	1287107813
11	318	1	1287428148
11	318	1	1288539946
53	318	1	1295307075
55	318	1	1300476467
52	318	1	1303748619
48	318	1	1318965517
48	318	1	1323320217
48	318	1	1330679840
54	318	1	1333378128
8	318	1	1343630876
50	318	1	1344875832
13	319	1	1268243251
11	319	1	1268281928
13	319	1	1268759127
11	319	1	1276819482
55	319	1	1296752205
12	319	1	1308602616
8	319	1	1314882485
12	319	1	1321029764
48	319	1	1323867330
54	319	1	1331455036
54	319	1	1336923015
50	319	1	1338557807
50	319	1	1350848409
50	319	1	1353365198
50	319	1	1355666965
69	320	1	1268601306
70	321	1	1270105650
71	322	1	1270215004
71	323	1	1270403481
72	324	1	1270433800
71	325	1	1270562590
16	326	1	1271127840
13	327	1	1271442516
11	327	1	1271461666
11	327	1	1276824331
11	327	1	1278607671
53	327	1	1290970212
12	327	1	1291923374
48	327	1	1320696643
48	327	1	1322127491
48	327	1	1323059895
52	327	1	1324230221
48	327	1	1324449395
12	327	1	1325406091
48	327	1	1330531574
8	327	1	1331794565
50	327	1	1339435742
50	327	1	1341874531
50	327	1	1355677113
38	328	1	1271587295
26	328	1	1272573697
26	328	1	1272575996
26	328	1	1287908983
26	328	1	1300902266
26	328	1	1304889047
26	328	1	1305135308
26	328	1	1307781809
26	328	1	1314299120
26	328	1	1315008813
26	328	1	1317452560
26	328	1	1323100795
26	328	1	1323106350
26	328	1	1327387611
26	328	1	1327499750
26	328	1	1327507418
26	328	1	1328960143
26	328	1	1334074725
13	329	1	1273140440
11	329	1	1273212089
11	329	1	1281731500
8	329	1	1315392070
48	329	1	1318956258
48	329	1	1323180471
48	329	1	1323901199
54	329	1	1332602819
54	329	1	1333923627
13	330	1	1274182950
13	331	1	1274183151
11	331	1	1274195410
11	331	1	1274734069
12	331	1	1301149446
12	331	1	1317116208
8	331	1	1327402281
50	331	1	1347484090
50	331	1	1350657465
59	332	1	1274367634
42	332	1	1290559687
43	332	1	1290598009
59	332	1	1316861054
59	333	1	1274367720
13	334	1	1275072139
13	334	1	1276163462
11	334	1	1281604457
73	334	1	1347197845
73	334	1	1347197855
13	335	1	1275746955
11	335	1	1275765672
8	335	1	1331794222
48	335	1	1354388043
13	336	1	1275747155
11	336	1	1275866460
13	336	1	1275922643
11	336	1	1280050935
11	336	1	1281564267
11	336	1	1288645866
12	336	1	1293046048
12	336	1	1304117360
53	336	1	1306754908
48	336	1	1318955302
48	336	1	1321313416
48	336	1	1330210528
50	336	1	1338947381
13	337	1	1275922676
11	337	1	1275949126
11	337	1	1281388011
12	337	1	1292109587
12	337	1	1293045759
8	337	1	1305876796
48	337	1	1318955483
12	337	1	1319009434
54	337	1	1331390993
50	337	1	1342489403
13	338	1	1276163026
11	338	1	1276171936
48	338	1	1318965251
13	339	1	1276163103
13	339	1	1276163141
13	340	1	1276163253
13	341	1	1276163509
13	342	1	1276163591
11	342	1	1276209923
11	342	1	1282454645
12	342	1	1293352445
12	342	1	1319009300
48	342	1	1321691216
48	342	1	1331434476
54	342	1	1335028897
48	342	1	1343012098
13	343	1	1276163615
11	343	1	1276172424
10	343	1	1295049426
8	343	1	1315218124
50	343	1	1342981008
13	344	1	1276163638
11	344	1	1276192082
12	344	1	1292718385
12	344	1	1295984648
48	344	1	1318961079
12	344	1	1319009255
8	344	1	1322490968
48	344	1	1329675565
50	344	1	1342609240
13	345	1	1276163662
11	345	1	1276199364
11	345	1	1287248066
12	345	1	1292857783
12	345	1	1304245933
54	345	1	1327267931
50	345	1	1358228261
13	346	1	1276163685
11	346	1	1276186142
11	346	1	1281650146
53	346	1	1289775679
53	346	1	1290374145
12	346	1	1293437966
8	346	1	1307019994
12	346	1	1319009507
48	346	1	1330477342
8	346	1	1339141588
50	346	1	1342851978
50	346	1	1347762694
13	347	1	1276163703
11	347	1	1276225928
53	347	1	1291094536
12	347	1	1293527285
12	347	1	1302423090
48	347	1	1318956142
12	347	1	1326908937
54	347	1	1330799223
50	347	1	1338588983
50	347	1	1342377637
50	347	1	1349411830
74	348	1	1276236241
13	349	1	1276767994
13	349	1	1278594043
8	349	1	1331794178
73	349	1	1347197522
13	350	1	1276768008
13	351	1	1276768098
11	351	1	1276873331
48	351	1	1318965321
12	351	1	1328559677
12	351	1	1330332043
16	352	1	1277066983
16	353	1	1277159726
16	354	1	1277168720
16	355	1	1277179643
16	356	1	1277181110
16	357	1	1277248112
13	358	1	1277558239
11	358	1	1277570061
12	358	1	1304893410
48	358	1	1318960674
48	358	1	1330101516
50	358	1	1342113353
13	359	1	1277558344
11	359	1	1277569927
48	359	1	1318965161
8	359	1	1331796376
50	359	1	1345663329
13	360	1	1277558371
11	360	1	1277593393
11	360	1	1278870979
11	360	1	1280304543
53	360	1	1295380673
12	360	1	1300359931
52	360	1	1303676566
8	360	1	1318831113
48	360	1	1321164695
52	360	1	1322545992
48	360	1	1322817207
54	360	1	1330960960
48	360	1	1332231014
50	360	1	1338967945
50	360	1	1342395860
50	360	1	1343265707
13	361	1	1277558413
11	361	1	1277645792
11	361	1	1281292556
11	361	1	1281413242
55	361	1	1300072087
8	361	1	1305807044
8	361	1	1318589351
48	361	1	1318955702
48	361	1	1319245300
10	361	1	1320755810
48	361	1	1322815599
8	361	1	1331794431
50	361	1	1346334505
13	362	1	1277558448
11	362	1	1277653400
11	362	1	1281293343
53	362	1	1289940752
8	362	1	1313479655
48	362	1	1318956799
48	362	1	1321653413
48	362	1	1322705937
48	362	1	1329420888
16	363	1	1277579720
16	363	1	1289088205
75	363	1	1308760314
75	363	1	1309106434
75	363	1	1322675781
75	363	1	1356643514
75	363	1	1356694330
13	364	1	1278593805
11	364	1	1278661747
11	364	1	1281293596
47	364	1	1292937973
8	364	1	1318247002
48	364	1	1318955972
50	364	1	1350660799
13	365	1	1278593869
11	365	1	1278665478
50	365	1	1342988587
50	365	1	1351970104
13	366	1	1278593892
11	366	1	1278659230
11	366	1	1281292611
8	366	1	1318944390
48	366	1	1321230327
8	366	1	1331794223
54	366	1	1334553682
13	367	1	1278593974
11	367	1	1278647720
12	367	1	1293822428
52	367	1	1304582851
48	367	1	1318960865
12	367	1	1330288483
8	367	1	1331795598
13	368	1	1278594030
11	368	1	1278666055
11	368	1	1281217877
12	368	1	1292306979
8	368	1	1305809780
12	368	1	1314972629
8	368	1	1318847312
48	368	1	1321185595
8	368	1	1331794360
13	369	1	1278594061
11	369	1	1278653064
11	369	1	1288647334
12	369	1	1292312009
8	369	1	1305813352
8	369	1	1318938816
48	369	1	1321224275
8	369	1	1331794295
8	369	1	1332917259
13	370	1	1278594117
11	370	1	1278665886
11	370	1	1287711038
11	370	1	1287933216
12	370	1	1311811887
48	370	1	1318960724
54	370	1	1332540980
13	371	1	1279740002
11	371	1	1283181827
13	372	1	1280756534
11	372	1	1280824764
12	372	1	1300219158
12	372	1	1324386494
13	373	1	1280756562
11	373	1	1280824792
12	373	1	1300219134
48	373	1	1318956093
16	374	1	1280796587
16	375	1	1280800546
76	376	1	1280960761
76	376	1	1281006645
76	377	1	1281097706
16	378	1	1281149980
16	379	1	1281154060
16	380	1	1281155636
16	381	1	1281159030
76	382	1	1281183359
16	382	1	1289146123
75	382	1	1308799234
75	382	1	1309110208
75	382	1	1356643502
16	383	1	1281233418
16	384	1	1281235171
76	385	1	1281258990
77	386	1	1281988040
77	387	1	1281988051
78	388	1	1282087640
79	388	1	1422983243
78	389	1	1282087651
79	389	1	1422983244
13	390	1	1282597257
13	391	1	1282597542
13	392	1	1282597677
11	392	1	1282660969
11	392	1	1284625320
53	392	1	1294146841
52	392	1	1304699715
52	392	1	1311502954
48	392	1	1318960193
54	392	1	1332370491
54	392	1	1334505094
50	392	1	1338333332
13	393	1	1282597704
11	393	1	1282661341
80	393	1	1282664477
53	393	1	1290332010
12	393	1	1292504659
12	393	1	1301521835
48	393	1	1318959503
52	393	1	1322536998
8	393	1	1334047519
16	394	1	1283021400
16	395	1	1283394015
81	396	1	1283396144
81	396	1	1284617443
82	396	1	1408317645
16	397	1	1283396941
81	398	1	1283412942
16	399	1	1283477955
83	400	1	1285020811
81	401	1	1285795183
13	402	1	1287048384
11	402	1	1287060413
53	402	1	1295218411
55	402	1	1301154855
12	402	1	1304159825
48	402	1	1318961384
8	402	1	1322038866
48	402	1	1323047587
48	402	1	1330133905
8	402	1	1331795645
54	402	1	1333437934
8	402	1	1343802607
13	403	1	1287048431
11	403	1	1287059305
12	403	1	1292384644
55	403	1	1299831348
12	403	1	1303067437
8	403	1	1306177685
48	403	1	1318962846
8	403	1	1321964872
84	404	1	1287599750
13	404	1	1287683802
13	405	1	1287683802
13	406	1	1287684020
11	406	1	1287690974
12	406	1	1292384553
55	406	1	1301150903
48	406	1	1318962675
8	406	1	1321966275
8	406	1	1331795804
50	406	1	1341030268
10	406	1	1344522454
81	407	1	1287791056
16	408	1	1289159017
16	409	1	1289173718
81	410	1	1289955813
81	410	1	1291480282
81	410	1	1295309129
85	410	1	1326483847
86	410	1	1337665722
86	410	1	1342549590
86	410	1	1349132134
86	410	1	1360201397
13	411	1	1290017819
12	411	1	1300222764
48	411	1	1321326081
87	412	1	1290880545
87	412	1	1290881803
87	412	1	1291152923
87	412	1	1296210532
87	412	1	1296213650
87	412	1	1296489694
26	412	1	1301001302
13	413	1	1293134054
13	414	1	1293134331
12	414	1	1296698320
55	414	1	1300848447
12	414	1	1304217260
8	414	1	1318931679
48	414	1	1321216587
54	414	1	1334542783
54	414	1	1336736575
50	414	1	1338248534
8	414	1	1343650633
77	415	1	1293735894
88	416	1	1294089466
52	417	1	1296205422
75	417	1	1321986238
75	417	1	1321990395
16	418	1	1296443302
16	418	1	1333238830
16	419	1	1296449304
16	420	1	1296529735
16	421	1	1296617894
55	422	1	1296649504
16	423	1	1296784743
89	424	1	1298102260
89	424	1	1331641652
16	425	1	1298436268
13	426	1	1299337052
55	426	1	1300231059
12	426	1	1304164542
12	426	1	1308618659
48	426	1	1318956548
48	426	1	1320862399
12	426	1	1329098123
50	426	1	1339026279
13	427	1	1299337224
55	427	1	1300231978
8	427	1	1315217130
48	427	1	1320866222
50	427	1	1338515038
8	427	1	1338827910
50	427	1	1348339656
50	427	1	1350859390
13	428	1	1299337293
12	428	1	1304123236
48	428	1	1318966578
14	428	1	1347657274
8	428	1	1351506527
13	429	1	1299337394
12	429	1	1300219161
12	429	1	1318353038
50	429	1	1342113433
16	431	1	1301870538
81	432	1	1302757844
16	433	1	1302978741
77	433	1	1331474302
16	434	1	1302983150
16	435	1	1302995002
16	436	1	1303351798
16	437	1	1305157667
16	437	1	1333912577
90	438	1	1306294416
90	438	1	1314535281
81	439	1	1306449548
81	440	1	1306521728
91	441	1	1307396962
92	441	1	1332353767
75	442	1	1308809289
75	442	1	1308813353
75	443	1	1308813088
93	444	1	1309522803
93	445	1	1309530593
75	446	1	1309539827
75	447	1	1309541968
16	448	1	1309571112
16	449	1	1309579702
16	450	1	1309583720
16	451	1	1309623732
16	452	1	1309632673
94	453	1	1313797071
95	454	1	1313854186
16	455	1	1314242662
16	455	1	1422213315
96	456	1	1314251717
97	457	1	1315322520
16	458	1	1315764080
16	459	1	1315768528
16	460	1	1315773031
92	461	1	1318458968
98	462	1	1318949087
98	463	1	1318949108
98	464	1	1318949123
16	465	1	1318983627
81	466	1	1319842481
81	466	1	1429212173
99	467	1	1319992257
79	467	1	1497568730
100	468	1	1320843078
100	469	1	1320843204
101	470	1	1321040118
101	471	1	1321204684
101	472	1	1321204684
101	472	1	1321205008
102	473	1	1321457695
102	473	1	1349152277
102	473	1	1349170378
16	474	1	1321748111
16	475	1	1321763702
16	476	1	1321849030
16	477	1	1321920055
16	478	1	1321923688
16	478	1	1322093696
16	479	1	1321927877
16	479	1	1322095362
75	480	1	1321987706
75	481	1	1321993444
8	481	1	1334815674
8	481	1	1345407948
75	482	1	1322031232
16	483	1	1322097383
16	484	1	1322098602
16	485	1	1322099858
103	486	1	1322263866
104	487	1	1322393481
16	487	1	1346640041
16	488	1	1323016641
16	489	1	1323047045
16	490	1	1323050690
92	491	1	1325894936
92	491	1	1325966140
81	492	1	1326329822
92	493	1	1328129075
16	494	1	1329081352
77	495	1	1329312540
77	495	1	1329321242
77	496	1	1329728161
92	497	1	1329744605
92	498	1	1329758578
75	499	1	1329831481
75	500	1	1329835829
75	500	1	1356635311
33	501	1	1330389993
33	501	1	1343828646
33	501	1	1343828673
16	501	1	1344220126
33	501	1	1344221191
105	502	1	1330495847
69	503	1	1330560046
77	504	1	1330623362
77	505	1	1330703312
77	506	1	1330852291
16	507	1	1332040622
16	508	1	1333244691
16	509	1	1333420070
16	510	1	1333500907
16	510	1	1333583057
16	511	1	1333587991
16	512	1	1333905926
16	513	1	1333907995
92	514	1	1334112078
16	515	1	1334510569
16	516	1	1336324154
16	517	1	1336328055
92	518	1	1338319572
106	519	1	1338438620
106	519	1	1338441594
106	519	1	1342491332
16	520	1	1338650434
16	521	1	1338656600
16	522	1	1338661302
107	523	1	1338916177
107	523	1	1338917848
107	524	1	1338916178
107	525	1	1338935138
107	525	1	1338936744
107	526	1	1338935139
16	527	1	1339380260
108	528	1	1340567309
8	528	1	1340606874
8	529	1	1340603288
8	529	1	1340606971
8	529	1	1340708853
92	530	1	1340665838
109	531	1	1340879285
16	532	1	1341260043
16	532	1	1344111012
110	533	1	1341570554
110	533	1	1341570695
110	533	1	1341572853
33	534	1	1343828649
33	534	1	1343946463
33	534	1	1343955621
33	535	1	1343869134
33	536	1	1343871414
111	537	1	1344081459
16	538	1	1344112479
16	539	1	1344380726
112	540	1	1346362384
112	541	1	1346433797
54	541	1	1347172902
54	542	1	1346448002
113	543	1	1346540632
113	543	1	1346541808
113	544	1	1346540750
82	544	1	1357728022
109	544	1	1410355533
16	545	1	1346628566
16	546	1	1346633806
16	547	1	1346638081
73	548	1	1347197565
73	548	1	1347197612
73	549	1	1347197736
50	549	1	1347349289
50	549	1	1348685087
50	549	1	1350492565
73	550	1	1347197786
73	551	1	1347197885
8	551	1	1347434871
50	551	1	1356040196
73	552	1	1347197932
8	552	1	1347301576
114	552	1	1357486591
73	553	1	1347197945
48	553	1	1352595179
73	554	1	1347198139
73	554	1	1347198171
73	554	1	1347198242
50	554	1	1347322245
73	555	1	1347198210
8	555	1	1347357238
50	555	1	1353684281
73	556	1	1347198226
50	556	1	1347493284
73	557	1	1347198256
50	557	1	1347232779
50	557	1	1350957590
73	558	1	1347198275
50	558	1	1347236190
49	558	1	1347984674
115	559	1	1348934291
116	560	1	1349286028
77	561	1	1351191677
77	562	1	1351246280
77	563	1	1351246289
102	564	1	1351372537
117	565	1	1351956806
117	565	1	1351958270
118	565	1	1351960908
117	566	1	1351956807
117	566	1	1351958271
118	566	1	1351960914
119	567	1	1352157448
112	568	1	1353436348
112	569	1	1353436368
16	570	1	1355088828
16	571	1	1355092580
16	572	1	1355113642
120	573	1	1355255324
121	574	1	1355726029
122	575	1	1355852322
122	576	1	1355853746
123	577	1	1355983692
16	578	1	1360031802
124	578	1	1417132139
124	578	1	1487249207
16	579	1	1360036057
16	580	1	1361156353
82	581	1	1408317645
124	582	1	1417132139
124	583	1	1417132140
16	584	1	1421020413
79	585	1	1422983243
79	586	1	1422983244
16	587	1	1423709493
16	588	1	1424394523
79	588	1	1438202208
16	589	1	1424584234
79	589	1	1438202022
16	590	1	1424586298
16	591	1	1426643713
125	592	1	1426645013
3	592	1	1429227457
125	592	1	1429245609
125	593	1	1426645013
3	593	1	1429227456
125	593	1	1429245609
125	594	1	1426645014
3	594	1	1429227456
125	594	1	1429245609
125	595	1	1426645014
125	596	1	1426645014
125	597	1	1426645014
3	597	1	1429227456
125	597	1	1429245609
125	598	1	1426645014
3	598	1	1429227457
125	598	1	1429245617
125	599	1	1426645014
3	599	1	1429227457
125	599	1	1429245616
125	600	1	1426645014
3	600	1	1429227457
125	600	1	1429245609
81	601	1	1429212173
79	602	1	1438202023
79	603	1	1438202209
126	604	1	1438644809
126	605	1	1443816101
126	606	1	1443816101
126	607	1	1443816101
126	608	1	1443816101
126	609	1	1443816102
126	610	1	1443816102
126	611	1	1443816102
79	612	1	1450286746
79	613	1	1462387260
124	614	1	1487249208
79	615	1	1497568730
