% bip positive
1	1	1	1075383092
1	2	1	1075383092
1	3	1	1077421099
1	4	1	1086457612
1	5	1	1086457612
1	6	1	1086457612
1	7	1	1086457612
1	8	1	1086457612
1	9	1	1086457612
1	10	1	1086457612
1	11	1	1086457612
1	12	1	1086457612
1	13	1	1086457612
1	14	1	1086457612
1	15	1	1086457612
1	16	1	1086457612
1	17	1	1086457612
1	18	1	1086457612
1	19	1	1086457612
1	20	1	1086457612
1	21	1	1086457612
1	22	1	1086457612
1	23	1	1086457612
1	24	1	1086457612
1	25	1	1086457612
1	26	1	1086457612
1	27	1	1086457612
1	28	1	1086457612
1	29	1	1086457612
1	30	1	1086457612
1	31	1	1086457612
1	32	1	1086457612
1	33	1	1086457612
1	34	1	1086457612
1	35	1	1086457612
1	36	1	1086457612
1	37	1	1086457612
1	38	1	1086457612
1	39	1	1086457612
1	40	1	1086457612
1	41	1	1086457612
1	42	1	1086457612
1	43	1	1086457612
1	44	1	1086457612
1	45	1	1086457612
1	46	1	1086457612
1	47	1	1086457612
1	48	1	1086457612
1	49	1	1086457612
1	50	1	1086457612
1	51	1	1086457612
1	52	1	1086457612
1	53	1	1086457612
1	54	1	1086457612
1	55	1	1086457612
1	56	1	1086457612
1	57	1	1086457612
1	58	1	1086457612
1	59	1	1086457612
1	60	1	1086457612
1	61	1	1086457612
1	62	1	1086457612
1	63	1	1086457612
1	64	1	1086457612
1	65	1	1086457612
1	66	1	1086457612
1	67	1	1086457612
1	68	1	1086457612
1	69	1	1086457612
1	70	1	1086457612
1	71	1	1086457612
1	72	1	1086457612
1	73	1	1086457612
1	74	1	1086457612
1	75	1	1086457612
1	76	1	1086457612
1	77	1	1086457612
1	78	1	1086457683
2	79	1	1098895796
2	79	1	1098895838
2	79	1	1098897118
3	79	1	1140655390
4	79	1	1154292583
5	79	1	1160168624
5	79	1	1167820587
5	79	1	1168349805
5	79	1	1170537468
5	79	1	1175191505
6	79	1	1216679368
7	79	1	1221035484
8	79	1	1292616355
8	79	1	1307186769
9	79	1	1309299317
10	79	1	1309446891
10	79	1	1309446920
10	79	1	1309447300
10	79	1	1309452851
10	79	1	1309524410
10	79	1	1309525045
10	79	1	1309525062
10	79	1	1309525567
10	79	1	1309525584
10	79	1	1309612607
11	79	1	1333794609
12	79	1	1336781210
13	79	1	1338451099
14	79	1	1344246790
11	79	1	1347272869
11	79	1	1347272942
15	79	1	1369167163
15	79	1	1369167221
15	79	1	1369167258
15	79	1	1369168083
16	79	1	1459520591
17	79	1	1460717225
17	79	1	1460717243
18	79	1	1468005759
13	79	1	1493060701
3	80	1	1140655390
2	81	1	1098897228
2	81	1	1098897747
3	81	1	1140655389
5	81	1	1160168377
5	81	1	1163602645
5	81	1	1165172956
5	81	1	1168259272
5	81	1	1173975456
5	81	1	1176368402
5	81	1	1177575633
5	81	1	1179058823
19	81	1	1181406061
5	81	1	1184569945
5	81	1	1209964153
5	81	1	1210910894
6	81	1	1216042777
6	81	1	1218714513
20	81	1	1235397325
20	81	1	1242777061
20	81	1	1244482339
20	81	1	1245552267
20	81	1	1251477373
20	81	1	1251534761
20	81	1	1255766846
20	81	1	1258347698
20	81	1	1259674922
20	81	1	1265333583
20	81	1	1276287726
20	81	1	1277249021
8	81	1	1292631832
8	81	1	1304068510
21	81	1	1320335656
22	81	1	1323165305
22	81	1	1330606332
8	81	1	1334979682
13	81	1	1343295558
13	81	1	1345478085
23	81	1	1363938966
13	81	1	1383314055
13	81	1	1406925268
13	81	1	1413996484
23	81	1	1419102255
13	81	1	1424902806
23	81	1	1432960590
23	81	1	1440426035
24	81	1	1478968748
24	81	1	1479007322
13	81	1	1493060676
2	82	1	1098897333
2	82	1	1098897779
5	82	1	1160168194
13	82	1	1493060701
2	83	1	1098897806
2	84	1	1098897280
3	84	1	1140655390
2	85	1	1098897405
3	85	1	1140655390
2	86	1	1098897428
2	86	1	1098897448
2	86	1	1098897878
5	86	1	1160168174
5	86	1	1164622712
5	86	1	1175695572
7	86	1	1221222002
20	86	1	1234960228
20	86	1	1250237266
20	86	1	1253090386
20	86	1	1258977940
20	86	1	1287246593
8	86	1	1323678703
8	86	1	1330043479
13	86	1	1338451049
23	86	1	1361935530
13	86	1	1430950276
18	86	1	1475196731
13	86	1	1493060721
2	87	1	1098897508
3	87	1	1140655390
2	88	1	1098897602
2	88	1	1098897623
2	88	1	1098897661
25	88	1	1424175002
2	89	1	1098897702
3	89	1	1140655390
2	90	1	1098897717
5	90	1	1160168244
5	90	1	1179752671
5	90	1	1210771175
7	90	1	1221222062
20	90	1	1235789147
20	90	1	1238588560
20	90	1	1250854383
20	90	1	1255969315
20	90	1	1263592442
20	90	1	1268865392
20	90	1	1276531175
20	90	1	1278910440
8	90	1	1303841280
8	90	1	1312144364
21	90	1	1320333932
22	90	1	1333103366
21	90	1	1337118089
13	90	1	1340866431
23	90	1	1353344991
23	90	1	1357096240
23	90	1	1361926702
8	90	1	1387803104
13	90	1	1430948489
26	90	1	1432929809
13	90	1	1493060686
2	91	1	1098897955
3	91	1	1140655390
1	92	1	1103622576
1	92	1	1119697917
27	92	1	1135610326
28	92	1	1169662814
3	93	1	1140655390
13	93	1	1493060685
3	94	1	1140655390
29	95	1	1114168477
29	95	1	1114186893
30	95	1	1429228352
12	96	1	1134102641
13	96	1	1345617071
13	96	1	1424808467
25	96	1	1426151509
31	97	1	1134301104
31	98	1	1134301112
12	99	1	1134548574
12	99	1	1134548589
27	99	1	1135610113
32	99	1	1135806438
12	99	1	1136529116
12	99	1	1136615463
31	99	1	1137423741
33	100	1	1135211247
33	100	1	1444016282
33	101	1	1135211258
33	101	1	1135689949
33	101	1	1140706941
33	101	1	1141397319
33	101	1	1141398822
32	102	1	1135804526
32	103	1	1135804603
32	103	1	1212689242
33	104	1	1135894012
33	104	1	1135894031
33	104	1	1135894261
33	104	1	1136980720
33	104	1	1136981317
33	104	1	1137123764
33	104	1	1137127655
33	105	1	1135894077
12	106	1	1136438172
33	107	1	1137283670
33	108	1	1137283927
33	108	1	1140392915
33	108	1	1141853928
33	108	1	1141858122
34	108	1	1489178763
33	109	1	1137612941
35	109	1	1290567634
36	109	1	1290596970
10	109	1	1309452851
37	110	1	1137762826
3	111	1	1140655389
3	112	1	1140655390
3	113	1	1140655390
3	114	1	1140655390
3	115	1	1140655390
3	116	1	1140655390
3	117	1	1140655390
3	118	1	1140655390
3	119	1	1140655390
33	120	1	1140706927
33	121	1	1141853928
33	122	1	1141853949
33	123	1	1141858171
33	124	1	1145127279
38	125	1	1151849885
39	125	1	1277174277
39	125	1	1277175690
4	126	1	1154292583
40	126	1	1318249330
41	127	1	1162077929
39	127	1	1225272473
19	130	1	1163300871
19	130	1	1163310147
28	131	1	1169662862
42	132	1	1188304357
13	132	1	1349091087
13	132	1	1349093313
13	132	1	1349094156
7	132	1	1359122851
13	132	1	1417592479
13	132	1	1418822506
13	132	1	1419609347
13	132	1	1424199082
13	132	1	1424268121
13	132	1	1424768959
13	132	1	1425384589
13	132	1	1425670558
13	132	1	1425996356
13	132	1	1426156239
13	132	1	1426167981
13	132	1	1428417200
13	132	1	1429167688
13	132	1	1431685288
13	132	1	1432567076
13	132	1	1433534387
13	132	1	1433538276
13	132	1	1439467039
13	132	1	1442220907
13	132	1	1444037245
13	132	1	1446151219
13	132	1	1450211572
13	132	1	1472640847
13	132	1	1481696114
13	132	1	1499069539
42	133	1	1188304385
28	134	1	1190416037
28	134	1	1190416046
28	134	1	1190689587
28	134	1	1192711839
39	136	1	1192843410
39	136	1	1329613114
43	137	1	1193960050
43	137	1	1199834715
44	138	1	1196731014
45	138	1	1356415833
46	139	1	1199113750
47	140	1	1202432095
47	141	1	1202432102
48	142	1	1203455394
43	143	1	1205440398
43	143	1	1205443007
49	144	1	1206606444
50	145	1	1212287183
51	146	1	1213747744
51	146	1	1213816269
51	146	1	1261738249
51	146	1	1293373365
51	146	1	1336428065
51	146	1	1372518822
51	147	1	1214151000
52	148	1	1215381261
52	149	1	1215381309
52	150	1	1215381330
52	151	1	1215381440
49	151	1	1235911113
52	151	1	1235912920
53	151	1	1292598264
54	151	1	1319726158
55	151	1	1371653695
13	151	1	1448309801
56	151	1	1465938628
57	151	1	1467052033
57	151	1	1468424854
13	151	1	1472205436
7	152	1	1221033663
35	152	1	1290567603
36	152	1	1290596971
7	153	1	1221033676
47	154	1	1221620369
39	154	1	1225437435
58	155	1	1222968989
59	156	1	1224281272
39	157	1	1225176006
60	158	1	1225318185
35	158	1	1290567620
36	158	1	1290596971
60	159	1	1225322861
60	160	1	1225327127
39	161	1	1225347653
60	162	1	1225377376
60	162	1	1226321524
60	163	1	1225392349
60	164	1	1225392369
39	165	1	1225414775
60	166	1	1225459194
60	166	1	1225570644
60	166	1	1225589037
60	166	1	1225601078
60	166	1	1225657213
60	166	1	1225683850
60	166	1	1225730770
60	166	1	1225776221
60	166	1	1225839395
60	166	1	1225863322
60	166	1	1225882120
60	166	1	1226014328
60	166	1	1226380917
60	166	1	1226501503
60	166	1	1227105014
60	166	1	1227879232
60	166	1	1229414602
60	166	1	1230231430
60	166	1	1230241640
60	166	1	1230769872
60	166	1	1231589330
60	166	1	1232070566
60	166	1	1232474776
60	166	1	1232483681
60	166	1	1233059250
60	166	1	1233100429
60	166	1	1233125295
60	166	1	1233211615
60	166	1	1233557753
60	166	1	1234452841
60	166	1	1234952009
60	166	1	1235329458
60	166	1	1235497840
60	166	1	1236129481
60	166	1	1237341040
60	166	1	1238046739
60	166	1	1238075750
60	166	1	1238719646
60	166	1	1240464381
39	167	1	1225533083
39	168	1	1225587715
39	169	1	1225683945
39	170	1	1225775098
39	171	1	1225864562
60	172	1	1225933621
60	172	1	1226289655
60	173	1	1225945623
60	174	1	1225961992
60	174	1	1226312509
60	175	1	1226239211
61	176	1	1226495455
39	177	1	1226548044
39	178	1	1227255598
39	179	1	1227887568
39	180	1	1234153465
39	181	1	1234568892
20	182	1	1234959165
20	182	1	1237372670
20	182	1	1250237256
22	182	1	1322963491
39	183	1	1235278066
39	184	1	1235281900
60	185	1	1237303169
39	186	1	1237618629
39	187	1	1239508267
39	188	1	1239581232
39	189	1	1239585665
39	190	1	1240010587
39	191	1	1240018634
39	192	1	1240083049
39	193	1	1240090631
36	194	1	1242925140
62	195	1	1244328511
63	195	1	1244333772
63	195	1	1245310029
64	196	1	1246037973
65	196	1	1274368054
13	196	1	1345407917
66	196	1	1445053803
64	197	1	1246037979
67	197	1	1284203208
64	198	1	1246037983
67	198	1	1284203218
68	199	1	1248107828
39	200	1	1251841149
39	201	1	1252738092
39	202	1	1252746740
39	203	1	1252818277
69	204	1	1256687404
70	205	1	1256844143
71	206	1	1259168107
72	207	1	1260044341
73	208	1	1260441793
39	209	1	1264238481
39	210	1	1264293009
49	211	1	1264354150
39	212	1	1264390459
39	213	1	1264468570
39	214	1	1264474287
39	215	1	1264553132
39	216	1	1264722355
39	217	1	1264733267
39	218	1	1264920026
39	219	1	1264922541
39	220	1	1264924179
39	221	1	1266707374
39	221	1	1379474396
39	222	1	1266718384
74	223	1	1268601440
75	224	1	1268919873
76	225	1	1270105741
77	226	1	1270215178
77	226	1	1379184706
77	227	1	1270403724
77	227	1	1379184710
77	228	1	1270562737
77	228	1	1379184714
78	229	1	1270661755
39	230	1	1271127869
79	231	1	1274183512
65	232	1	1274368255
65	232	1	1316861124
65	233	1	1274368305
80	234	1	1276237029
39	235	1	1276993149
39	236	1	1277067007
39	237	1	1277159748
39	238	1	1277168745
39	239	1	1277179666
39	240	1	1277181129
39	241	1	1277248135
39	242	1	1277579742
39	242	1	1289088233
81	242	1	1308760984
81	242	1	1309106583
81	242	1	1322676333
81	242	1	1356644052
81	242	1	1356694907
20	244	1	1278635126
20	244	1	1285171933
8	244	1	1296218664
8	244	1	1304137050
21	244	1	1320333993
7	244	1	1322925972
21	244	1	1330775589
21	244	1	1332324090
23	244	1	1342859789
13	244	1	1343734445
22	244	1	1360020550
23	244	1	1363896097
23	244	1	1376101322
8	244	1	1386599326
8	244	1	1390349432
13	244	1	1409166457
13	244	1	1410734151
13	244	1	1413327218
23	244	1	1420257136
23	244	1	1440988160
13	244	1	1456784589
13	244	1	1458498562
23	244	1	1465685884
13	244	1	1493060680
13	245	1	1345618560
25	245	1	1424174429
25	245	1	1424174603
25	245	1	1445949719
20	246	1	1278969290
20	246	1	1282533966
20	246	1	1282839267
8	246	1	1301366068
8	246	1	1304229069
7	246	1	1319523187
23	246	1	1374112088
8	246	1	1388286243
13	246	1	1430948539
13	246	1	1453240047
24	246	1	1479007332
24	246	1	1479007384
24	246	1	1479007414
24	246	1	1479007473
23	246	1	1487426196
18	246	1	1490403473
13	246	1	1493060676
20	247	1	1278966498
20	247	1	1283307457
8	247	1	1292631826
21	247	1	1320335567
8	247	1	1325326462
23	247	1	1345715037
8	247	1	1387202618
24	247	1	1479007509
13	247	1	1493060677
39	248	1	1280796613
39	249	1	1280800570
82	250	1	1280960784
82	250	1	1281006675
82	251	1	1281097740
39	252	1	1281150015
39	253	1	1281154089
39	254	1	1281155660
39	255	1	1281159053
82	256	1	1281183393
39	256	1	1289146158
81	256	1	1308799468
81	256	1	1309110356
81	256	1	1356644045
39	257	1	1281233441
39	258	1	1281235194
82	259	1	1281259018
83	260	1	1281990047
83	261	1	1281990058
84	262	1	1282089534
85	262	1	1422986700
84	263	1	1282089545
85	263	1	1422986701
39	264	1	1283021421
39	265	1	1283394042
86	266	1	1283394253
86	266	1	1284617527
87	266	1	1408317661
86	267	1	1283410698
4	268	1	1285022907
86	269	1	1285795267
86	270	1	1287791134
39	271	1	1289160818
39	272	1	1289173744
88	273	1	1289805267
8	273	1	1292631792
8	273	1	1316358661
23	273	1	1347595524
23	273	1	1373798599
8	273	1	1390744694
18	273	1	1475542979
13	273	1	1493060728
88	274	1	1289805382
8	274	1	1292631805
8	274	1	1317147447
8	274	1	1321799003
13	274	1	1338451678
8	274	1	1388237625
89	274	1	1478848214
13	274	1	1493060725
88	275	1	1289805565
8	275	1	1292631807
21	275	1	1320337357
13	275	1	1493060725
88	276	1	1289806020
8	276	1	1292631729
8	276	1	1302041934
21	276	1	1320338072
8	276	1	1333978629
8	276	1	1340488736
23	276	1	1359167089
13	276	1	1430950169
18	276	1	1475543303
13	276	1	1493060731
88	277	1	1289806264
13	277	1	1493060730
88	278	1	1289806407
8	278	1	1292631799
13	278	1	1430950247
89	278	1	1467115660
13	278	1	1493060727
88	279	1	1289807380
13	279	1	1493060726
88	280	1	1289807489
13	280	1	1338451666
13	280	1	1493060728
88	281	1	1289807643
63	281	1	1293562064
13	281	1	1338451668
13	281	1	1493060726
88	282	1	1289807850
13	282	1	1493060729
88	283	1	1289808293
8	283	1	1292631750
8	283	1	1317582575
13	283	1	1338451664
23	283	1	1374449914
8	283	1	1387412776
13	283	1	1430950207
23	283	1	1446019277
89	283	1	1467115630
18	283	1	1475800859
13	283	1	1481308899
13	283	1	1493060730
88	284	1	1289808376
8	284	1	1292631773
21	284	1	1320338222
22	284	1	1324368500
23	284	1	1347595365
26	284	1	1356252563
23	284	1	1365392987
8	284	1	1386769093
13	284	1	1430950243
89	284	1	1467115640
18	284	1	1477356527
13	284	1	1493060730
88	285	1	1289809382
21	285	1	1320338102
13	285	1	1430950175
89	285	1	1467115619
18	285	1	1476232716
13	285	1	1493060731
88	286	1	1289809728
21	286	1	1320338252
25	286	1	1424175195
89	286	1	1467115650
13	286	1	1493060729
88	287	1	1289810344
13	287	1	1493060728
86	288	1	1289955873
86	288	1	1291480366
86	288	1	1295309213
9	288	1	1326487498
90	288	1	1337665773
90	288	1	1342549632
90	288	1	1349132173
90	288	1	1360201450
91	289	1	1290880635
91	289	1	1290881893
91	289	1	1291153013
91	289	1	1296210622
91	289	1	1296213740
91	289	1	1296489784
8	290	1	1292597191
8	290	1	1293723181
92	291	1	1293198133
83	292	1	1293736868
93	293	1	1294090519
93	293	1	1294093309
94	294	1	1296205551
81	294	1	1321986733
39	295	1	1296443333
39	295	1	1333238876
55	295	1	1390292288
39	296	1	1296617924
95	297	1	1296650358
39	298	1	1296784771
75	299	1	1297548691
96	300	1	1298103964
96	300	1	1331642600
96	300	1	1394677882
96	300	1	1401154763
96	300	1	1423122733
39	301	1	1298436289
39	302	1	1301870562
97	303	1	1302107029
97	303	1	1302107158
97	303	1	1302107209
13	303	1	1338451015
18	303	1	1489588246
13	303	1	1493060725
97	304	1	1302107478
13	304	1	1493060732
97	305	1	1302107677
13	305	1	1493060727
86	306	1	1302757928
8	308	1	1307186110
21	308	1	1320335986
22	308	1	1328332666
13	308	1	1344518516
98	308	1	1357428982
13	308	1	1381922429
8	308	1	1388068438
13	308	1	1424007973
13	308	1	1430948675
23	308	1	1434195756
23	308	1	1444081087
13	308	1	1463193782
23	308	1	1486871332
13	308	1	1493060672
8	309	1	1307186682
21	309	1	1320335896
22	309	1	1331520573
22	309	1	1352523507
8	309	1	1388068327
13	309	1	1424007709
13	309	1	1430948603
23	309	1	1444081458
23	309	1	1452018664
13	309	1	1463194814
23	309	1	1486871931
13	309	1	1493060672
39	310	1	1302978766
83	310	1	1331475433
39	311	1	1302983172
39	312	1	1302995023
39	313	1	1303351827
39	314	1	1305157689
39	314	1	1333912607
99	315	1	1306309861
99	315	1	1314536544
86	316	1	1306449632
86	317	1	1306521812
97	318	1	1307052842
21	318	1	1320335827
22	318	1	1323416360
8	318	1	1328485645
22	318	1	1331531003
13	318	1	1347294513
13	318	1	1359544844
13	318	1	1381928871
13	318	1	1406488903
13	318	1	1410863810
13	318	1	1412631392
13	318	1	1424011456
25	318	1	1424174694
23	318	1	1440107307
23	318	1	1467844264
13	318	1	1493060673
97	319	1	1307052948
21	319	1	1320336228
22	319	1	1330392292
22	319	1	1331357924
21	319	1	1335147943
22	319	1	1337597555
22	319	1	1342928008
45	319	1	1367260259
21	319	1	1376334734
8	319	1	1388234349
13	319	1	1405704153
13	319	1	1410820176
13	319	1	1413891979
89	319	1	1485811710
13	319	1	1493060671
97	320	1	1307053018
97	320	1	1307053032
97	321	1	1307053140
8	321	1	1307071227
21	321	1	1320334590
8	321	1	1324119439
22	321	1	1330109669
21	321	1	1332205551
13	321	1	1339739772
23	321	1	1358887937
23	321	1	1377133747
8	321	1	1386524019
13	321	1	1409062368
13	321	1	1413273146
25	321	1	1424174243
13	321	1	1430046029
23	321	1	1440876289
13	321	1	1441999083
13	321	1	1458424538
89	321	1	1467115476
18	321	1	1468005786
13	321	1	1493060679
97	322	1	1307053159
97	323	1	1307053299
21	323	1	1320335306
21	323	1	1336150004
23	323	1	1375846056
23	323	1	1376857716
8	323	1	1386883546
8	323	1	1390174573
13	323	1	1408779663
13	323	1	1411145814
13	323	1	1458180867
25	323	1	1468483696
89	323	1	1484734615
13	323	1	1493060677
97	324	1	1307053482
97	325	1	1307053731
21	325	1	1320334849
22	325	1	1323262451
21	325	1	1335297025
13	325	1	1343720536
13	325	1	1360418248
23	325	1	1376321011
8	325	1	1386629625
13	325	1	1408890652
23	325	1	1419918496
13	325	1	1429828990
23	325	1	1438712951
23	325	1	1440770863
13	325	1	1458272856
13	325	1	1463981503
89	325	1	1467056385
25	325	1	1468483659
25	325	1	1468483722
24	325	1	1479007567
24	325	1	1479007575
89	325	1	1488184855
13	325	1	1493060678
97	326	1	1307053844
8	326	1	1307082924
21	326	1	1320334284
22	326	1	1332363128
23	326	1	1346551383
8	326	1	1386681890
13	326	1	1409131960
25	326	1	1424174630
23	326	1	1434881602
26	326	1	1440255404
13	326	1	1448644956
13	326	1	1458475886
18	326	1	1474955507
89	326	1	1486841158
18	326	1	1490422049
13	326	1	1493060680
97	327	1	1307054598
97	327	1	1307054622
97	327	1	1307054641
21	327	1	1320333483
8	327	1	1324695171
26	327	1	1400091628
26	327	1	1405490116
89	327	1	1467115348
13	327	1	1493060697
97	328	1	1307054665
100	329	1	1307397157
101	329	1	1332354765
81	330	1	1308809481
81	330	1	1308813591
81	331	1	1308813372
10	332	1	1309441042
10	332	1	1309441157
10	332	1	1309446016
13	332	1	1338451072
13	332	1	1493060715
10	333	1	1309441329
10	333	1	1309446088
8	333	1	1312315674
21	333	1	1320333782
13	333	1	1338450132
13	333	1	1430948464
89	333	1	1467115428
13	333	1	1493060687
10	334	1	1309442583
21	334	1	1320337377
8	334	1	1323711007
89	334	1	1467115288
13	334	1	1493060723
10	335	1	1309444264
10	335	1	1309446422
13	335	1	1338451094
13	335	1	1493060705
10	336	1	1309445439
13	336	1	1493060688
10	337	1	1309445577
13	337	1	1493060707
10	338	1	1309445650
10	338	1	1309445679
10	339	1	1309445801
13	339	1	1493060712
10	340	1	1309445881
25	340	1	1445949911
13	340	1	1493060699
10	341	1	1309446693
13	341	1	1338451094
13	341	1	1493060713
10	342	1	1309446823
10	343	1	1309446851
10	344	1	1309447026
10	345	1	1309452851
10	346	1	1309452851
102	347	1	1309522873
10	348	1	1309524593
10	348	1	1309524782
13	348	1	1338451061
13	348	1	1493060721
10	349	1	1309524651
21	349	1	1320333732
13	349	1	1430948460
89	349	1	1467115418
13	349	1	1493060688
10	350	1	1309524723
13	350	1	1493060696
10	351	1	1309524859
13	351	1	1493060698
10	352	1	1309525292
13	352	1	1493060724
10	353	1	1309525411
13	353	1	1493060689
10	354	1	1309525454
13	354	1	1493060706
10	355	1	1309525527
13	355	1	1493060708
10	356	1	1309525832
13	356	1	1493060698
10	357	1	1309525945
13	357	1	1493060699
10	358	1	1309525969
13	358	1	1493060703
10	359	1	1309526043
10	360	1	1309526314
8	360	1	1323461299
89	360	1	1467115398
18	360	1	1475191157
13	360	1	1493060690
10	361	1	1309526357
21	361	1	1320333672
25	361	1	1424175114
89	361	1	1467115407
13	361	1	1493060689
10	362	1	1309526648
13	362	1	1493060692
10	363	1	1309526674
13	363	1	1493060724
10	364	1	1309526748
13	364	1	1493060713
10	365	1	1309526815
21	365	1	1320333662
13	365	1	1338450120
89	365	1	1467115387
13	365	1	1493060690
10	366	1	1309526963
13	366	1	1493060700
10	367	1	1309527277
13	367	1	1493060691
10	368	1	1309527396
21	368	1	1320333622
7	368	1	1347554276
7	368	1	1351416507
13	368	1	1430948446
89	368	1	1488707303
13	368	1	1493060691
10	369	1	1309527576
13	369	1	1493060723
10	370	1	1309527651
13	370	1	1493060717
10	371	1	1309527836
13	371	1	1493060721
10	372	1	1309528037
13	372	1	1493060723
10	373	1	1309528822
13	373	1	1493060691
10	374	1	1309529462
13	374	1	1493060704
102	375	1	1309530705
81	376	1	1309539951
39	377	1	1309571142
39	378	1	1309579730
39	379	1	1309583747
10	380	1	1309606827
13	380	1	1493060689
10	381	1	1309607318
21	381	1	1320333552
8	381	1	1387498319
89	381	1	1467115378
13	381	1	1493060692
10	382	1	1309607583
21	382	1	1320337427
8	382	1	1336637421
13	382	1	1430949408
89	382	1	1467115338
13	382	1	1493060705
10	383	1	1309607710
13	383	1	1493060703
10	384	1	1309608113
13	384	1	1493060693
10	385	1	1309608435
13	385	1	1493060693
10	386	1	1309608928
13	386	1	1493060719
10	387	1	1309609140
13	387	1	1493060694
10	388	1	1309609532
13	388	1	1493060693
10	389	1	1309609956
39	389	1	1315764111
10	390	1	1309611764
13	390	1	1493060702
10	391	1	1309612448
13	391	1	1493060710
10	392	1	1309615254
13	392	1	1493060694
10	393	1	1309616378
13	393	1	1493060722
10	394	1	1309616432
13	394	1	1493060703
39	395	1	1309623755
39	396	1	1309632695
10	397	1	1309698229
13	397	1	1493060697
10	398	1	1309698338
13	398	1	1493060718
10	399	1	1309698474
10	400	1	1309698858
13	400	1	1493060698
10	401	1	1309699036
13	401	1	1493060704
10	402	1	1309777798
13	402	1	1493060711
10	403	1	1309777875
13	403	1	1493060716
10	404	1	1309777959
13	404	1	1493060695
10	405	1	1309778092
13	405	1	1493060714
10	406	1	1309778224
13	406	1	1493060714
10	407	1	1309778303
13	407	1	1493060712
10	408	1	1309778474
21	408	1	1320337387
13	408	1	1430950302
89	408	1	1467115298
13	408	1	1493060718
10	409	1	1309778526
13	409	1	1493060718
10	410	1	1309778589
10	411	1	1309778759
13	411	1	1493060702
10	412	1	1309778782
13	412	1	1493060719
10	413	1	1309779416
8	413	1	1323721699
13	413	1	1430949397
89	413	1	1467115328
13	413	1	1493060709
10	414	1	1309779497
13	414	1	1493060712
10	415	1	1309779570
13	415	1	1493060720
10	416	1	1309779919
13	416	1	1493060720
10	417	1	1309779967
89	417	1	1467115317
13	417	1	1493060715
10	418	1	1309780272
13	418	1	1493060706
96	418	1	1495390191
10	419	1	1309780929
8	419	1	1323768600
13	419	1	1430949410
13	419	1	1493060700
10	420	1	1309781654
13	420	1	1493060716
10	421	1	1309782770
13	421	1	1493060709
10	422	1	1309784255
13	422	1	1493060711
10	423	1	1311768968
13	423	1	1493060720
10	424	1	1311769098
21	424	1	1320333522
13	424	1	1430948428
89	424	1	1467115367
13	424	1	1493060695
10	425	1	1311769331
13	425	1	1493060708
10	426	1	1311769498
21	426	1	1320333502
13	426	1	1430948422
89	426	1	1467115358
13	426	1	1493060696
10	427	1	1311769713
13	427	1	1493060714
10	428	1	1311769860
13	428	1	1493060709
10	429	1	1312105107
13	429	1	1493060710
10	430	1	1312105447
13	430	1	1493060711
10	431	1	1312195007
13	431	1	1493060722
10	432	1	1312195751
13	432	1	1493060696
10	433	1	1312196006
89	433	1	1467115308
13	433	1	1493060716
103	434	1	1313799317
104	435	1	1313854815
39	436	1	1314242703
39	436	1	1422213357
105	437	1	1315685781
39	438	1	1315768553
39	439	1	1315773058
101	440	1	1318460152
39	441	1	1318983758
86	442	1	1319842525
86	442	1	1429212180
106	443	1	1319993031
107	443	1	1497569041
108	444	1	1320842847
108	445	1	1320842855
109	446	1	1321040144
109	447	1	1321204719
109	448	1	1321204720
109	448	1	1321205031
110	449	1	1321468123
110	449	1	1349171654
39	450	1	1321748147
39	451	1	1321763728
39	452	1	1321849054
39	453	1	1321920079
39	454	1	1321923710
39	454	1	1322093722
39	455	1	1321927897
39	455	1	1322095389
81	456	1	1321998908
13	456	1	1345408155
39	457	1	1322097405
39	458	1	1322098623
39	459	1	1322099881
111	460	1	1322264367
112	461	1	1322394377
39	461	1	1346640068
113	462	1	1322946152
113	463	1	1322946575
39	464	1	1323016669
39	465	1	1323047074
39	466	1	1323050710
114	467	1	1324659949
8	467	1	1324693659
22	467	1	1330622967
21	467	1	1332690207
23	467	1	1342564338
23	467	1	1359258976
13	467	1	1361564870
23	467	1	1361833797
23	467	1	1363412564
13	467	1	1410165193
23	467	1	1421155579
13	467	1	1429854842
13	467	1	1432280329
23	467	1	1434106301
89	467	1	1479802099
13	467	1	1493060683
114	468	1	1324659965
101	469	1	1325909814
101	469	1	1325966667
39	470	1	1326049915
86	471	1	1326329908
45	472	1	1327495495
45	472	1	1327508650
45	472	1	1328963464
45	472	1	1334076923
45	472	1	1368063977
45	472	1	1368956124
45	473	1	1327495504
45	473	1	1327506504
45	473	1	1328958029
45	473	1	1334074272
45	473	1	1368062182
45	473	1	1368913925
101	474	1	1328129703
39	475	1	1329081377
39	476	1	1329096416
83	477	1	1329728382
101	478	1	1329745120
101	479	1	1329759094
81	480	1	1329831990
81	481	1	1329836344
81	481	1	1356635887
115	482	1	1330306315
74	483	1	1330560352
83	484	1	1330630318
83	485	1	1330703573
96	486	1	1331641904
39	487	1	1332040650
39	488	1	1333244715
39	489	1	1333420096
39	490	1	1333500933
39	490	1	1333583083
39	491	1	1333588015
39	492	1	1333905957
39	493	1	1333908035
101	494	1	1334112600
39	495	1	1334510596
39	496	1	1336324178
116	497	1	1336991267
116	497	1	1336991385
117	498	1	1337781861
39	498	1	1344220153
39	498	1	1344231009
101	499	1	1338320267
118	500	1	1338437225
118	500	1	1338440236
118	500	1	1342489676
39	501	1	1338650465
39	502	1	1338656626
39	503	1	1338661343
119	504	1	1338916246
119	504	1	1338918057
119	505	1	1338916248
119	506	1	1338935230
119	506	1	1338936942
119	507	1	1338935231
39	508	1	1339380290
39	509	1	1339993765
25	510	1	1340567462
13	510	1	1340608194
13	511	1	1340603427
13	511	1	1340609025
13	511	1	1340708995
13	511	1	1416954540
101	512	1	1340666378
55	513	1	1341136880
39	514	1	1341260066
39	514	1	1344111041
39	514	1	1379299886
14	515	1	1344081821
39	516	1	1344112502
39	517	1	1344380752
54	518	1	1346362541
54	519	1	1346433932
21	519	1	1347174055
21	520	1	1346448137
39	521	1	1346628594
39	522	1	1346633831
39	523	1	1346638115
120	524	1	1347158174
121	525	1	1348934681
83	526	1	1351191883
83	527	1	1351240491
83	528	1	1351247175
83	529	1	1351247184
110	530	1	1351797275
122	531	1	1351958302
122	532	1	1351958303
39	533	1	1355088858
39	534	1	1355113665
123	535	1	1355255589
124	536	1	1355726365
125	536	1	1491306652
101	537	1	1359581116
101	538	1	1359581230
123	539	1	1359911022
39	540	1	1360031837
126	540	1	1417132144
126	540	1	1487249976
39	541	1	1360036084
39	542	1	1361150972
39	543	1	1361156383
127	544	1	1363973565
127	545	1	1363973572
101	546	1	1364092819
39	547	1	1364141159
39	548	1	1364143545
39	549	1	1364147486
39	550	1	1364173986
39	551	1	1364175772
128	551	1	1451502301
129	552	1	1366084433
101	553	1	1367174564
130	554	1	1367354242
128	554	1	1451505869
131	555	1	1368719400
132	556	1	1369494001
132	556	1	1380346279
39	556	1	1381707541
132	556	1	1384698382
132	556	1	1408420199
39	557	1	1370218703
133	558	1	1370609842
133	558	1	1370610273
133	558	1	1372021715
39	559	1	1372734768
39	560	1	1372821803
134	561	1	1375528038
135	562	1	1376262321
39	562	1	1381683234
136	563	1	1376682885
136	564	1	1377991800
77	565	1	1379176201
77	565	1	1379176226
77	566	1	1379176222
39	567	1	1379283704
39	568	1	1379303434
128	568	1	1451502300
39	569	1	1379464911
39	570	1	1379468481
39	571	1	1379561727
39	572	1	1379563245
39	573	1	1379564573
39	574	1	1379898289
39	575	1	1379899822
39	576	1	1380160543
39	577	1	1380164734
39	578	1	1380396834
39	579	1	1380398193
39	580	1	1380401771
137	580	1	1385795942
137	580	1	1388051956
137	580	1	1391247531
39	580	1	1408628261
138	580	1	1411917972
139	580	1	1411919501
39	580	1	1413774949
39	580	1	1438466687
39	581	1	1380408304
137	581	1	1385473878
137	581	1	1386742583
137	581	1	1391655031
137	581	1	1393934976
138	581	1	1411917973
139	581	1	1411919502
39	581	1	1414902871
132	582	1	1380547572
132	582	1	1382847285
132	582	1	1382861117
39	583	1	1381684819
39	584	1	1381702330
132	584	1	1382878315
132	584	1	1382932184
39	585	1	1381724097
85	585	1	1450286789
140	586	1	1383037304
141	587	1	1383338316
142	588	1	1384698708
143	589	1	1384786177
144	590	1	1385383719
145	591	1	1387293365
39	592	1	1390176051
146	592	1	1487200922
39	593	1	1390255013
39	594	1	1390266165
147	595	1	1390299914
148	596	1	1392388086
148	597	1	1392392010
39	598	1	1393564581
39	599	1	1393571790
149	600	1	1393635739
150	601	1	1393651465
143	602	1	1394756921
151	603	1	1395184755
151	603	1	1395426750
151	603	1	1396577957
152	604	1	1396562777
153	605	1	1396596842
154	606	1	1400531912
154	606	1	1415986578
87	607	1	1408317662
39	608	1	1408642395
155	608	1	1461691484
39	609	1	1409110835
39	610	1	1410626062
156	610	1	1447384234
39	611	1	1410712097
39	612	1	1411006511
156	612	1	1447384235
138	613	1	1411917973
119	613	1	1415712103
39	613	1	1420955661
138	614	1	1411917973
119	614	1	1415712117
39	614	1	1420962248
139	615	1	1411919502
139	616	1	1411919502
157	617	1	1413471857
157	617	1	1447334935
157	617	1	1447618343
157	618	1	1413471866
39	619	1	1416718252
85	619	1	1472038382
85	619	1	1472129550
39	620	1	1416724754
85	620	1	1472038382
85	620	1	1472129550
126	621	1	1417132143
126	622	1	1417132144
39	623	1	1417326231
158	624	1	1418653335
159	625	1	1418814718
39	626	1	1421020474
39	627	1	1421113743
39	628	1	1421117701
39	629	1	1421121636
39	629	1	1423376230
116	629	1	1424432176
85	630	1	1422986701
85	631	1	1422986701
39	632	1	1423371751
39	633	1	1423378406
116	633	1	1424432176
39	634	1	1423709530
39	635	1	1423942303
25	636	1	1424174260
13	636	1	1424181562
13	636	1	1424282390
13	636	1	1425141137
13	636	1	1425333044
13	636	1	1426156575
13	636	1	1429707233
13	636	1	1438764420
13	636	1	1442496730
13	636	1	1448613932
13	636	1	1468226791
13	636	1	1470050932
13	636	1	1476103452
13	636	1	1499069550
25	637	1	1424174455
13	637	1	1424181581
13	637	1	1424282703
13	637	1	1424785526
13	637	1	1425333292
13	637	1	1426156704
13	637	1	1427891541
13	637	1	1431941944
13	637	1	1438764466
13	637	1	1439903251
13	637	1	1466765581
13	637	1	1476104124
13	637	1	1477042536
13	637	1	1499069545
25	638	1	1424174526
13	638	1	1424332294
13	638	1	1427534964
13	638	1	1430302770
13	638	1	1431702212
23	638	1	1435119809
26	638	1	1439803376
26	638	1	1443910985
13	638	1	1447455614
89	638	1	1488395782
13	638	1	1493060682
25	639	1	1424174543
13	639	1	1424181466
13	639	1	1424282157
13	639	1	1424785428
13	639	1	1425332870
13	639	1	1425582269
13	639	1	1426152899
13	639	1	1427719228
13	639	1	1428396771
13	639	1	1429093604
13	639	1	1432567097
13	639	1	1434969012
13	639	1	1437641911
13	639	1	1439814807
13	639	1	1442496579
13	639	1	1452873080
13	639	1	1466602706
160	639	1	1498444715
25	640	1	1424174645
13	640	1	1424181484
13	640	1	1426152239
13	640	1	1428956750
13	640	1	1432567099
13	640	1	1442496855
13	640	1	1457385347
13	640	1	1470051116
13	640	1	1476351922
18	640	1	1492156188
13	640	1	1499069548
25	641	1	1424174730
13	641	1	1424181506
13	641	1	1424283638
13	641	1	1425332696
13	641	1	1426156544
13	641	1	1428007529
13	641	1	1431549988
13	641	1	1432567101
13	641	1	1435348957
13	641	1	1438763932
13	641	1	1442497051
13	641	1	1468228950
13	641	1	1470054740
13	641	1	1476103573
13	641	1	1492601120
13	641	1	1492897199
13	641	1	1499069547
25	642	1	1424175030
25	642	1	1424175078
13	642	1	1424181089
13	642	1	1438763866
13	642	1	1445953927
13	642	1	1499069552
25	643	1	1424175128
13	643	1	1424181162
13	643	1	1426156713
13	643	1	1428955772
13	643	1	1438764420
13	643	1	1442496425
18	643	1	1476919831
18	643	1	1492156555
13	643	1	1499069553
25	644	1	1424175218
13	644	1	1424181121
13	644	1	1426156407
13	644	1	1432567088
13	644	1	1438764465
13	644	1	1442497171
13	644	1	1445954301
13	644	1	1467229765
18	644	1	1476918756
13	644	1	1481616996
13	644	1	1499069546
39	645	1	1424394557
85	645	1	1438202363
116	646	1	1424432176
116	647	1	1424432176
39	648	1	1424584267
85	648	1	1438202209
39	649	1	1424586330
119	649	1	1438449174
161	650	1	1425818336
25	651	1	1426153104
13	651	1	1426155122
13	651	1	1426166141
13	651	1	1426511052
13	651	1	1426596090
13	651	1	1426681010
13	651	1	1426865622
13	651	1	1427145269
13	651	1	1427389682
13	651	1	1427795961
13	651	1	1427923531
13	651	1	1428486491
13	651	1	1429008479
13	651	1	1429262013
13	651	1	1430393778
13	651	1	1431684354
13	651	1	1432202434
13	651	1	1432567063
13	651	1	1432932599
13	651	1	1433533818
13	651	1	1434046703
13	651	1	1435308617
13	651	1	1438239445
13	651	1	1438764176
13	651	1	1439973990
13	651	1	1440501268
13	651	1	1442494913
13	651	1	1442498203
13	651	1	1443175952
13	651	1	1443645859
13	651	1	1445954700
13	651	1	1446155416
13	651	1	1449223497
13	651	1	1450360998
13	651	1	1466766985
13	651	1	1467230268
13	651	1	1467320757
13	651	1	1468186699
13	651	1	1468238583
13	651	1	1468571531
13	651	1	1472803963
13	651	1	1473164690
13	651	1	1479885735
13	651	1	1492895787
13	651	1	1499069542
25	652	1	1426153115
13	652	1	1426155918
13	652	1	1426167085
13	652	1	1426508472
13	652	1	1426590405
13	652	1	1426677113
13	652	1	1426677185
13	652	1	1426858653
13	652	1	1427134733
13	652	1	1427288668
13	652	1	1427464709
13	652	1	1427886546
13	652	1	1427991024
13	652	1	1428571163
13	652	1	1429089189
13	652	1	1429733396
13	652	1	1431550906
13	652	1	1431977448
13	652	1	1432567067
13	652	1	1432932354
13	652	1	1433534158
13	652	1	1434441758
13	652	1	1436940767
13	652	1	1438764418
13	652	1	1440162450
13	652	1	1440678416
13	652	1	1442498449
13	652	1	1443645963
13	652	1	1445954711
13	652	1	1449225259
13	652	1	1450361514
13	652	1	1466766038
13	652	1	1479207572
13	652	1	1491915460
13	652	1	1499069540
25	653	1	1426153128
13	653	1	1426156167
13	653	1	1426167332
13	653	1	1426512428
13	653	1	1426595876
13	653	1	1427147359
13	653	1	1427389788
13	653	1	1427795777
13	653	1	1427923581
13	653	1	1428417306
13	653	1	1428921591
13	653	1	1429262643
13	653	1	1430910278
13	653	1	1431948071
13	653	1	1432567078
13	653	1	1432932482
13	653	1	1433533937
13	653	1	1434046827
13	653	1	1435668666
13	653	1	1438592780
13	653	1	1438764184
13	653	1	1440070881
13	653	1	1440678482
13	653	1	1442222410
13	653	1	1442498327
13	653	1	1442567378
13	653	1	1443646034
13	653	1	1445954705
13	653	1	1446155712
13	653	1	1449129593
13	653	1	1450219180
13	653	1	1450635060
13	653	1	1467981766
13	653	1	1468219308
13	653	1	1468321197
13	653	1	1470055666
13	653	1	1470649270
13	653	1	1479211722
13	653	1	1479979397
13	653	1	1499069541
25	654	1	1426153139
13	654	1	1426156387
13	654	1	1426167816
13	654	1	1426508403
13	654	1	1426596022
13	654	1	1426686041
13	654	1	1427297939
13	654	1	1427718062
13	654	1	1427893689
13	654	1	1427991846
13	654	1	1428505151
13	654	1	1429092471
13	654	1	1429733549
13	654	1	1431638259
13	654	1	1432557905
13	654	1	1433327017
13	654	1	1433941916
13	654	1	1434973826
13	654	1	1438592853
13	654	1	1438764044
13	654	1	1440070967
13	654	1	1440678223
13	654	1	1441698716
13	654	1	1442497551
13	654	1	1443646113
13	654	1	1445954694
13	654	1	1449230102
13	654	1	1450218388
13	654	1	1450634732
13	654	1	1467098406
13	654	1	1468322317
13	654	1	1468585815
13	654	1	1470685785
13	654	1	1474055644
13	654	1	1479211566
13	654	1	1499069544
39	655	1	1426643755
154	656	1	1426648248
30	656	1	1429228356
154	656	1	1429245632
154	657	1	1426648248
30	657	1	1429228352
154	657	1	1429245632
154	658	1	1426648248
154	659	1	1426648248
30	659	1	1429228352
154	659	1	1429245632
154	660	1	1426648248
30	660	1	1429228352
154	660	1	1429245632
154	661	1	1426648248
30	661	1	1429228352
154	661	1	1429245632
154	662	1	1426648248
30	662	1	1429228352
154	662	1	1429245632
154	663	1	1426648248
154	664	1	1426648248
30	664	1	1429228352
154	664	1	1429245645
154	665	1	1426648248
30	665	1	1429228352
154	665	1	1429245645
154	666	1	1426648248
30	666	1	1429228352
154	666	1	1429245632
154	667	1	1426648248
30	667	1	1429228352
154	667	1	1429245645
154	668	1	1427211825
86	669	1	1429212180
85	670	1	1438202209
85	671	1	1438202363
162	672	1	1438644867
163	673	1	1440409519
163	673	1	1443325062
66	674	1	1441161060
66	674	1	1441567215
66	674	1	1445050275
164	675	1	1441600176
164	675	1	1443358361
25	676	1	1442493622
13	676	1	1442498575
13	676	1	1445954661
13	676	1	1466764755
13	676	1	1470307055
13	676	1	1471263957
13	676	1	1477476281
13	676	1	1486994688
13	676	1	1499069551
162	677	1	1443816224
162	678	1	1443816224
162	679	1	1443816224
162	680	1	1443816224
162	681	1	1443816224
162	682	1	1443816225
162	683	1	1443816225
25	684	1	1445950021
85	685	1	1450286770
85	686	1	1450286789
128	687	1	1451502300
128	688	1	1451502301
128	689	1	1451505869
155	690	1	1461695636
128	691	1	1462383639
165	692	1	1463821642
57	693	1	1467050937
154	693	1	1467205569
154	693	1	1467342338
57	693	1	1468424877
57	693	1	1468492603
24	693	1	1471866326
24	693	1	1481565318
166	694	1	1467823961
166	694	1	1467824083
166	694	1	1467824104
166	694	1	1467826623
13	694	1	1493060674
57	695	1	1468424719
24	696	1	1471862700
24	696	1	1471863023
13	696	1	1472789066
18	696	1	1476146194
24	696	1	1479007292
13	696	1	1479842557
18	696	1	1482921760
13	696	1	1493060675
24	697	1	1471862783
24	698	1	1471862824
24	699	1	1471862884
24	700	1	1471862918
24	701	1	1471863094
24	702	1	1471863134
24	703	1	1471863298
24	704	1	1471863367
85	705	1	1472129550
85	706	1	1472129550
24	707	1	1478969954
24	707	1	1478971109
24	707	1	1478973954
24	707	1	1479007447
89	707	1	1479445699
23	707	1	1484598518
89	707	1	1486835395
13	707	1	1493060679
24	708	1	1478971171
24	709	1	1478971217
24	710	1	1478971258
24	711	1	1478971835
24	711	1	1478973852
13	711	1	1493060679
24	712	1	1479006978
24	712	1	1479006991
89	712	1	1479805358
89	712	1	1480967758
89	712	1	1483933155
13	712	1	1493060683
24	713	1	1479007251
24	714	1	1479215926
89	714	1	1479460191
89	714	1	1483027850
13	714	1	1493060681
24	715	1	1479220354
24	716	1	1479271706
89	716	1	1480120575
13	716	1	1493060676
167	717	1	1480700214
96	717	1	1495386616
96	717	1	1495390943
96	717	1	1495429519
24	718	1	1485141408
89	718	1	1486615050
13	718	1	1493060678
146	719	1	1487200922
126	720	1	1487249976
107	721	1	1497569041
