1	1	1	1120750297
1	1	1	1120750494
1	1	1	1120750913
1	1	1	1120751033
2	1	1	1123629497
3	1	1	1123637421
4	1	1	1124103015
5	1	1	1128424465
6	1	1	1131169657
7	1	1	1137618006
6	1	1	1137719464
8	1	1	1137837546
9	1	1	1138380767
7	1	1	1138551520
7	1	1	1138964324
8	1	1	1139066213
8	1	1	1140365544
10	1	1	1142107773
11	1	1	1145270119
12	1	1	1145906378
13	1	1	1146667533
14	1	1	1148007045
6	1	1	1148788092
15	1	1	1152154301
16	1	1	1189976844
17	1	1	1210704175
17	1	1	1210705294
18	1	1	1237166003
7	2	1	1140290950
15	2	1	1152154593
19	2	1	1187338906
19	2	1	1187392660
20	2	1	1188247764
21	2	1	1191761568
22	2	1	1194014141
23	2	1	1197834396
24	2	1	1199533252
25	2	1	1201366317
26	2	1	1202068551
27	2	1	1203445444
28	2	1	1213720077
29	2	1	1269501272
2	3	1	1123629411
30	3	1	1123900518
4	3	1	1124104118
5	3	1	1128424635
7	3	1	1139385808
31	3	1	1145352483
12	3	1	1145906434
13	3	1	1146668281
32	3	1	1211022255
33	3	1	1212757650
33	3	1	1212757694
2	4	1	1123630248
34	4	1	1123643456
35	4	1	1169658788
36	4	1	1215011433
30	5	1	1123899834
4	6	1	1124104263
4	6	1	1125049634
4	6	1	1125049670
4	6	1	1125049847
6	7	1	1125329866
6	7	1	1125329944
6	7	1	1133066652
6	7	1	1134730565
6	7	1	1140284215
6	7	1	1140284301
37	8	1	1125539256
38	8	1	1420221186
39	8	1	1429151611
40	9	1	1127789822
39	9	1	1429151618
5	10	1	1128424213
5	11	1	1128424319
5	11	1	1128424914
5	11	1	1192517768
5	11	1	1192517872
5	11	1	1192517889
41	12	1	1129672196
41	12	1	1130061756
41	12	1	1148577889
41	12	1	1148578303
42	13	1	1130951891
23	14	1	1130953912
23	14	1	1280123420
43	15	1	1200148922
44	16	1	1131729272
38	16	1	1420228248
39	16	1	1429151616
45	17	1	1133044037
6	18	1	1133066797
6	18	1	1209145076
46	19	1	1134618048
46	19	1	1138663170
46	19	1	1138663254
46	19	1	1138663332
46	19	1	1159705014
46	19	1	1160646020
47	20	1	1134873648
39	20	1	1429151624
48	21	1	1135885485
48	22	1	1135885506
4	23	1	1136106614
4	23	1	1136893529
49	24	1	1136363250
49	24	1	1195951078
49	24	1	1195951553
49	25	1	1136363269
49	25	1	1195952083
6	26	1	1136973586
7	27	1	1137617833
7	28	1	1137617876
50	29	1	1137983598
51	30	1	1426612473
39	30	1	1429151616
51	30	1	1429151834
52	31	1	1138660335
53	32	1	1141531956
53	32	1	1187860460
53	32	1	1187865867
53	33	1	1141532027
10	34	1	1142107870
54	35	1	1142152595
54	35	1	1157886275
38	35	1	1419694808
11	37	1	1143804703
11	37	1	1143834713
55	37	1	1212304799
35	38	1	1170771434
56	38	1	1174272084
57	38	1	1176277661
58	38	1	1215196956
59	39	1	1199171774
58	40	1	1215176106
31	42	1	1145351889
60	43	1	1146424804
60	43	1	1146424812
61	44	1	1147731653
39	44	1	1429151624
41	45	1	1148578680
62	46	1	1149368389
15	47	1	1152070780
39	47	1	1429151610
9	48	1	1155018528
9	49	1	1155018550
63	50	1	1155678909
63	51	1	1155679798
64	52	1	1156096558
64	53	1	1156096575
65	54	1	1156338044
39	54	1	1429151611
65	55	1	1156338090
51	55	1	1426612465
39	55	1	1429151611
51	55	1	1429151833
54	56	1	1157886208
38	56	1	1419694808
66	57	1	1157972606
39	57	1	1429151624
67	58	1	1158254336
68	58	1	1160098559
68	58	1	1161052028
68	58	1	1163620767
68	58	1	1167675048
68	58	1	1169409808
68	58	1	1170833435
68	58	1	1172217778
68	58	1	1173601095
68	58	1	1173631205
68	58	1	1173642859
68	58	1	1173646269
68	58	1	1173735101
68	58	1	1174248174
68	58	1	1178350003
68	58	1	1178399145
68	58	1	1179046012
68	58	1	1190058285
68	58	1	1194693156
68	58	1	1198508370
68	58	1	1198588087
68	58	1	1201469113
68	58	1	1204298341
68	58	1	1207691634
68	58	1	1212476372
68	58	1	1213148148
68	58	1	1213297876
67	59	1	1158254411
21	59	1	1168280728
67	59	1	1168881303
21	59	1	1191761659
21	59	1	1191761682
21	60	1	1158923619
51	60	1	1426612465
21	61	1	1158923691
21	61	1	1158923746
21	61	1	1168521841
21	61	1	1168521852
21	62	1	1158940119
21	62	1	1161948511
21	62	1	1167056050
21	62	1	1209310293
69	63	1	1159202430
70	64	1	1159610068
71	65	1	1162370243
71	65	1	1162371544
71	65	1	1162400104
71	65	1	1162406415
25	65	1	1206894408
71	66	1	1162370704
72	66	1	1191653663
71	67	1	1163769961
71	67	1	1163769997
25	67	1	1206894408
73	68	1	1164635175
73	68	1	1164635241
74	69	1	1164730266
74	70	1	1164730279
74	70	1	1170441271
74	70	1	1170442630
74	70	1	1170442689
59	72	1	1165359208
59	72	1	1165533089
59	72	1	1165533270
59	72	1	1165533444
59	72	1	1165535695
59	72	1	1166040914
59	72	1	1166043573
59	72	1	1166045292
59	72	1	1173495765
59	72	1	1173495788
59	72	1	1173496000
59	72	1	1173496061
59	72	1	1174101970
59	72	1	1174147209
59	72	1	1175874587
59	72	1	1185386683
59	72	1	1185386699
59	72	1	1196197918
59	72	1	1197801892
59	72	1	1212336497
59	72	1	1212336515
75	73	1	1165913410
75	73	1	1171290336
75	73	1	1181934737
75	73	1	1200263902
75	73	1	1200340488
76	74	1	1166467645
77	75	1	1166897540
39	75	1	1429151612
21	76	1	1168280621
78	77	1	1168799548
78	77	1	1207846916
78	77	1	1210804412
78	77	1	1211538222
67	78	1	1168881391
68	78	1	1169413054
68	78	1	1170782406
68	78	1	1170793208
68	78	1	1172217121
68	78	1	1173634174
68	78	1	1173639475
68	78	1	1173646241
68	78	1	1173689039
68	78	1	1173735077
68	78	1	1174248187
68	78	1	1178358297
68	78	1	1178390346
68	78	1	1179056218
68	78	1	1190058295
68	78	1	1194700729
68	78	1	1198515710
68	78	1	1198588093
68	78	1	1201501083
68	78	1	1204299946
68	78	1	1207717412
68	78	1	1212995968
68	78	1	1213148187
68	78	1	1213299968
67	79	1	1168881407
79	80	1	1169250576
79	80	1	1173298869
80	81	1	1169251155
80	82	1	1169251191
36	82	1	1215010812
81	83	1	1169313849
81	83	1	1209292352
81	83	1	1212352504
81	83	1	1212490425
81	83	1	1214225016
35	84	1	1169506380
35	84	1	1169659452
35	84	1	1170094558
35	85	1	1169506427
35	86	1	1169658852
82	87	1	1169954325
46	87	1	1192221800
83	88	1	1171583973
83	88	1	1173779536
83	88	1	1193910766
83	88	1	1194067748
83	88	1	1194068144
83	88	1	1195490780
84	89	1	1172056612
81	90	1	1175952597
85	90	1	1191005453
86	90	1	1204226332
58	90	1	1215174590
56	91	1	1174190675
36	91	1	1215010825
56	92	1	1174190690
87	92	1	1208956933
56	92	1	1212375791
88	93	1	1174265705
88	93	1	1175479213
88	94	1	1174265736
88	94	1	1175997481
88	94	1	1176618704
88	94	1	1176619147
88	94	1	1177192172
88	94	1	1177878396
88	95	1	1174265845
88	96	1	1174265856
88	97	1	1174265869
89	98	1	1174579159
89	98	1	1213113473
90	99	1	1175115904
90	99	1	1175183226
88	100	1	1175997475
88	100	1	1176618696
88	100	1	1176619141
88	100	1	1177192165
88	100	1	1177195887
88	100	1	1177878388
88	101	1	1175997487
88	102	1	1176618712
88	103	1	1176619155
88	104	1	1177192179
88	104	1	1177195068
88	104	1	1177195083
88	104	1	1177195257
88	105	1	1177878405
85	106	1	1178206350
85	106	1	1178301014
85	106	1	1181230604
85	106	1	1181234908
85	106	1	1181761132
85	106	1	1211959159
85	106	1	1212773313
85	106	1	1212953290
85	106	1	1213166416
85	106	1	1213333684
85	106	1	1213800090
91	107	1	1178658547
91	107	1	1178663103
91	107	1	1196313082
92	108	1	1179707144
18	109	1	1182665809
18	109	1	1329620744
93	110	1	1183016004
94	111	1	1185299515
43	111	1	1200150041
95	112	1	1185898742
95	112	1	1185899735
72	113	1	1186050435
72	113	1	1191652644
96	114	1	1186401053
58	114	1	1215175943
39	114	1	1429151628
97	115	1	1186420160
98	116	1	1186501735
98	117	1	1186501771
36	118	1	1215010836
51	118	1	1426612496
26	119	1	1186667133
26	119	1	1193702290
11	120	1	1187260337
11	120	1	1187260356
19	121	1	1187337326
43	121	1	1187354605
43	121	1	1187453690
43	121	1	1189939947
43	121	1	1196037409
43	121	1	1200135598
19	122	1	1187337966
43	122	1	1187343942
43	122	1	1187426298
43	122	1	1187452248
43	122	1	1189947015
43	122	1	1196061265
43	122	1	1200135448
43	122	1	1211837140
19	123	1	1187338148
99	124	1	1188062966
100	125	1	1188142234
100	125	1	1188152273
100	125	1	1197037796
100	125	1	1197058795
100	126	1	1188142239
100	126	1	1188142509
100	127	1	1188142244
100	127	1	1188150595
100	127	1	1197037801
100	127	1	1197052253
100	128	1	1188142509
18	129	1	1188240763
101	131	1	1188598080
101	131	1	1189951575
101	131	1	1195330568
101	131	1	1198442875
101	131	1	1200224841
101	131	1	1200342720
101	131	1	1200419186
101	131	1	1206213540
102	131	1	1212517889
101	131	1	1212521959
101	131	1	1212857250
103	132	1	1189154566
103	132	1	1189154602
20	133	1	1189160286
20	134	1	1189160573
20	135	1	1189161723
36	135	1	1208986877
36	135	1	1208986900
20	136	1	1189161830
20	137	1	1189161887
104	137	1	1205789756
104	137	1	1205790719
105	138	1	1190143473
105	138	1	1190143484
105	138	1	1190649181
105	138	1	1191022608
105	138	1	1191719263
105	138	1	1192975768
105	138	1	1195234133
106	139	1	1190210797
107	140	1	1190299748
105	141	1	1190729753
72	142	1	1191096994
38	143	1	1192527607
38	143	1	1198973929
108	144	1	1192916446
109	145	1	1192966592
39	145	1	1429151628
22	146	1	1193671646
22	147	1	1193671696
22	147	1	1193927447
22	147	1	1194023595
22	147	1	1194027302
22	147	1	1194146414
22	147	1	1197126824
22	147	1	1197740595
22	147	1	1201279055
22	147	1	1201612725
22	147	1	1201792471
83	148	1	1194067783
83	148	1	1194069120
83	148	1	1213227504
83	149	1	1194068027
83	149	1	1194069106
83	149	1	1194268001
83	149	1	1194513563
68	149	1	1194649836
85	149	1	1195380375
100	149	1	1195772826
91	149	1	1196309557
100	149	1	1198099429
100	149	1	1200980207
86	149	1	1202382535
86	149	1	1204229027
85	149	1	1204709323
85	149	1	1204717283
85	149	1	1205153017
85	149	1	1205659974
100	149	1	1207105052
110	149	1	1211609294
110	149	1	1212385532
110	149	1	1213048863
43	149	1	1213813573
43	149	1	1214394155
83	150	1	1194068104
68	150	1	1194649073
83	150	1	1194947808
83	150	1	1195321034
85	150	1	1195379376
100	150	1	1195772171
91	150	1	1196203838
86	150	1	1202398867
100	150	1	1204535390
85	150	1	1204707748
85	150	1	1204715780
85	150	1	1205656497
100	150	1	1207104316
85	150	1	1209579447
110	150	1	1211608420
110	150	1	1211916445
110	150	1	1213047901
43	150	1	1213813266
43	150	1	1214393714
58	150	1	1215174809
111	151	1	1195494723
111	151	1	1195495408
111	151	1	1195495638
111	151	1	1195495710
111	151	1	1195496123
39	151	1	1429151632
112	152	1	1195494801
112	152	1	1195496598
39	152	1	1429151611
111	153	1	1195494869
113	153	1	1195494932
114	153	1	1195495031
115	153	1	1195569656
51	153	1	1426612463
39	153	1	1429151611
51	153	1	1429151833
113	154	1	1195494913
113	154	1	1195570517
39	154	1	1429151618
113	155	1	1195494949
51	155	1	1426612456
39	155	1	1429151632
51	155	1	1429151832
114	156	1	1195495001
114	156	1	1195570215
114	156	1	1195570243
39	156	1	1429151624
116	157	1	1195569782
111	157	1	1195569827
114	157	1	1195570264
113	157	1	1195570533
117	157	1	1195571347
115	157	1	1195571796
117	158	1	1195570953
117	159	1	1195570980
117	159	1	1195571064
117	159	1	1195571207
117	159	1	1195571251
115	160	1	1195571559
115	160	1	1195571608
115	160	1	1195571761
39	160	1	1429151614
49	161	1	1195951895
49	162	1	1195951990
49	163	1	1195952025
24	164	1	1197067753
24	164	1	1197067872
110	164	1	1197068067
110	164	1	1197180199
110	164	1	1197354025
110	164	1	1198728590
110	164	1	1199376403
110	164	1	1201339662
110	164	1	1201340841
110	164	1	1201341339
110	164	1	1201351952
110	164	1	1201724056
110	164	1	1202689444
110	164	1	1211370444
110	164	1	1212357261
110	164	1	1212381528
118	165	1	1197112720
119	166	1	1197392624
120	167	1	1197811579
120	167	1	1197812479
25	168	1	1197973036
121	169	1	1198416971
122	170	1	1199284279
24	171	1	1199533279
110	171	1	1201343905
123	172	1	1200190691
124	173	1	1200366579
124	174	1	1200366586
125	175	1	1200939629
125	176	1	1200939636
126	177	1	1201222987
127	177	1	1201224078
127	177	1	1201226988
127	177	1	1201366433
86	177	1	1212230242
110	178	1	1201352976
110	178	1	1201353204
86	179	1	1202065559
51	179	1	1426612496
86	180	1	1202065604
86	180	1	1202084814
86	180	1	1202511705
86	180	1	1202638674
26	180	1	1202654147
86	180	1	1202767167
86	180	1	1202823632
86	180	1	1203162921
86	180	1	1203766224
86	180	1	1204584581
86	180	1	1205615703
86	180	1	1211978354
128	181	1	1202589930
128	182	1	1202590005
129	183	1	1203181066
129	184	1	1203181081
130	185	1	1203343985
130	185	1	1203820323
131	186	1	1203443783
36	186	1	1215010778
27	187	1	1203443992
36	187	1	1215010758
110	188	1	1203521235
24	188	1	1203521281
24	189	1	1203521281
132	190	1	1204205193
133	191	1	1204210093
134	192	1	1204495144
134	192	1	1204496514
104	193	1	1205291896
104	194	1	1205291905
38	195	1	1205438699
38	195	1	1205438877
38	195	1	1205438947
38	195	1	1205439089
38	195	1	1205439200
38	195	1	1205439238
38	195	1	1205441582
38	195	1	1205441642
38	195	1	1205442624
135	196	1	1206056893
135	197	1	1206056906
135	198	1	1206056978
136	199	1	1206420683
137	200	1	1206544753
122	201	1	1206577057
122	201	1	1206577107
138	202	1	1206807672
25	203	1	1206894408
25	204	1	1206894408
139	205	1	1207453601
139	205	1	1207453963
139	206	1	1207454057
125	207	1	1208477231
125	207	1	1208477278
125	207	1	1208478032
125	207	1	1208478044
125	207	1	1208478140
125	207	1	1208478230
125	207	1	1208478335
125	207	1	1208478468
125	207	1	1208479490
125	207	1	1210091591
140	208	1	1208960872
35	208	1	1208977499
140	209	1	1208960905
140	209	1	1208976318
35	209	1	1208977499
140	209	1	1208979318
35	210	1	1208977499
35	211	1	1208977499
36	212	1	1208981523
58	212	1	1215174780
36	213	1	1208981573
36	213	1	1208981639
36	214	1	1208981695
36	215	1	1208981724
36	216	1	1208982312
58	216	1	1215174712
36	217	1	1208982612
36	217	1	1208986705
36	218	1	1208986595
36	219	1	1208986865
68	219	1	1209054631
85	219	1	1209700093
110	219	1	1211586506
139	219	1	1213005289
110	219	1	1213019073
43	219	1	1213806957
110	219	1	1213830237
86	219	1	1213954998
110	219	1	1214297637
43	219	1	1214363902
36	220	1	1208987145
141	221	1	1209386376
86	221	1	1212249300
141	221	1	1212511525
142	222	1	1210092133
142	222	1	1214827268
143	223	1	1210166716
144	224	1	1210582692
72	224	1	1210842760
144	224	1	1214563914
32	225	1	1211022714
145	225	1	1212373075
85	225	1	1214812791
85	225	1	1214833166
85	225	1	1214851573
85	225	1	1214853455
142	225	1	1214929090
58	225	1	1215174239
58	225	1	1215176224
122	226	1	1211537964
146	227	1	1211728454
147	228	1	1211811850
148	229	1	1211916148
149	230	1	1212031467
55	231	1	1212231803
55	231	1	1212240364
150	232	1	1212232867
151	233	1	1212246514
152	234	1	1212305028
152	234	1	1214500280
153	235	1	1212323357
153	235	1	1213961163
154	236	1	1212472694
154	237	1	1212472786
155	238	1	1212480934
81	238	1	1212481378
81	238	1	1212482352
81	238	1	1212651638
81	238	1	1212656945
156	239	1	1212685593
157	240	1	1212713032
158	241	1	1212965464
159	242	1	1213164101
159	242	1	1213164144
160	243	1	1213234294
161	244	1	1213275798
162	245	1	1213296838
162	245	1	1213297055
162	245	1	1213299217
163	246	1	1213617521
164	247	1	1213629815
164	248	1	1213630664
164	248	1	1214255371
164	248	1	1214255644
165	249	1	1213645689
165	249	1	1213822050
166	250	1	1213652670
167	251	1	1213945934
168	252	1	1213954111
165	253	1	1214142315
169	254	1	1214227862
170	255	1	1214250268
171	256	1	1214496776
161	257	1	1214571779
172	258	1	1214673300
36	259	1	1215011195
58	260	1	1215174212
58	261	1	1215174426
58	262	1	1215174587
58	262	1	1215176002
173	263	1	1215174648
173	263	1	1215177057
173	264	1	1215174748
173	264	1	1215174794
58	265	1	1215174931
58	266	1	1215174967
58	266	1	1215175212
58	267	1	1215175024
58	268	1	1215175053
58	268	1	1215175272
58	269	1	1215175085
58	269	1	1215175298
58	270	1	1215175124
58	270	1	1215175138
58	271	1	1215175181
58	272	1	1215175487
58	273	1	1215175555
58	274	1	1215175652
58	275	1	1215175780
58	276	1	1215175808
58	277	1	1215176172
58	278	1	1215176274
58	279	1	1215176356
58	280	1	1215176398
58	281	1	1215176539
58	281	1	1215176825
58	282	1	1215176570
58	283	1	1215196498
174	284	1	1231387879
18	284	1	1231388072
175	284	1	1410351585
176	285	1	1236644436
137	286	1	1264307321
177	287	1	1276304337
177	288	1	1275085609
177	289	1	1274841533
177	290	1	1274844421
177	291	1	1274844488
177	292	1	1276013779
177	293	1	1274844916
177	294	1	1274845444
177	295	1	1275085683
177	296	1	1274853267
177	297	1	1274853363
177	298	1	1274853485
177	299	1	1275086282
177	300	1	1275085821
177	301	1	1276014009
177	302	1	1274854106
177	303	1	1274854128
177	304	1	1274854149
177	305	1	1274854170
177	306	1	1275085928
177	307	1	1274854356
177	308	1	1274894750
177	309	1	1276303055
177	310	1	1274894630
177	311	1	1274894668
177	312	1	1274894686
177	313	1	1274894775
128	314	1	1275051189
177	315	1	1276304247
177	316	1	1274895124
177	317	1	1276304217
177	318	1	1274895352
177	319	1	1276304189
177	320	1	1276304162
177	321	1	1274895819
177	322	1	1274895838
177	323	1	1276304042
177	324	1	1274895856
177	325	1	1274895904
177	326	1	1274895928
177	327	1	1274895953
177	328	1	1274895983
177	329	1	1274896065
177	330	1	1274896120
177	331	1	1276304068
177	332	1	1275086001
178	333	1	1275684830
177	334	1	1275086012
177	335	1	1274905680
177	336	1	1274905627
177	337	1	1276304009
177	338	1	1276303874
177	339	1	1274905801
177	340	1	1276303577
177	341	1	1276303470
177	342	1	1276303449
177	343	1	1276303419
177	344	1	1276303353
177	345	1	1274905890
177	346	1	1274905923
177	347	1	1274905957
177	348	1	1274905995
177	349	1	1274906164
177	350	1	1274906197
177	351	1	1274906283
177	352	1	1274986427
177	353	1	1274906370
177	354	1	1274906406
177	355	1	1274908401
177	356	1	1274908480
177	357	1	1274908539
177	358	1	1274908804
177	359	1	1274908873
177	360	1	1274986464
177	361	1	1274909067
178	362	1	1275253811
178	363	1	1275253795
177	364	1	1274909132
177	365	1	1275086072
177	366	1	1274909214
177	367	1	1274909235
177	368	1	1274909315
177	369	1	1275086101
177	370	1	1274909438
177	371	1	1276304851
177	372	1	1275086126
177	373	1	1276304812
177	374	1	1276304743
177	375	1	1276304728
177	376	1	1276304682
177	377	1	1276294065
177	378	1	1275086141
177	379	1	1276304500
177	380	1	1275086167
177	381	1	1275086179
177	382	1	1276304446
177	383	1	1274909996
177	384	1	1275086267
177	385	1	1274986367
177	386	1	1274910032
177	387	1	1275675386
177	388	1	1274910315
177	389	1	1275086224
177	390	1	1275086252
179	391	1	1299416032
180	392	1	1312836360
18	393	1	1421017114
18	394	1	1422211494
18	395	1	1423708100
18	396	1	1424392442
181	396	1	1438202207
18	397	1	1424582612
181	397	1	1438202125
18	398	1	1424584736
51	399	1	1426612456
39	399	1	1429151610
51	399	1	1429151832
51	400	1	1426612457
39	400	1	1429151610
51	400	1	1429151832
51	401	1	1426612457
39	401	1	1429151610
51	401	1	1429151832
51	402	1	1426612461
39	402	1	1429151609
51	402	1	1429151832
51	403	1	1426612462
39	403	1	1429151610
51	403	1	1429151832
51	404	1	1426612462
39	404	1	1429151610
51	404	1	1429151832
51	405	1	1426612462
39	405	1	1429151610
51	405	1	1429151832
51	406	1	1426612462
39	406	1	1429151610
51	406	1	1429151832
51	407	1	1426612462
39	407	1	1429151610
51	407	1	1429151832
51	408	1	1426612463
39	408	1	1429151610
51	408	1	1429151832
51	409	1	1426612463
39	409	1	1429151611
51	409	1	1429151832
51	410	1	1426612463
39	410	1	1429151611
51	410	1	1429151832
51	411	1	1426612463
39	411	1	1429151611
51	411	1	1429151832
51	412	1	1426612463
39	412	1	1429151611
51	412	1	1429151832
51	413	1	1426612463
39	413	1	1429151611
51	413	1	1429151833
51	414	1	1426612463
39	414	1	1429151611
51	414	1	1429151833
51	415	1	1426612465
39	415	1	1429151611
51	415	1	1429151833
51	416	1	1426612465
39	416	1	1429151611
51	416	1	1429151833
51	417	1	1426612467
39	417	1	1429151612
51	417	1	1429151833
51	418	1	1426612468
39	418	1	1429151632
51	418	1	1429151833
51	419	1	1426612468
39	419	1	1429151632
51	419	1	1429151833
51	420	1	1426612468
39	420	1	1429151632
51	420	1	1429151834
51	421	1	1426612468
39	421	1	1429151632
51	421	1	1429151833
51	422	1	1426612468
39	422	1	1429151632
51	422	1	1429151833
51	423	1	1426612468
51	424	1	1426612468
39	424	1	1429151612
51	424	1	1429151833
51	425	1	1426612468
39	425	1	1429151612
51	425	1	1429151833
51	426	1	1426612468
51	427	1	1426612468
39	427	1	1429151612
51	427	1	1429151833
51	428	1	1426612468
39	428	1	1429151612
51	428	1	1429151833
51	429	1	1426612468
39	429	1	1429151612
51	429	1	1429151833
51	430	1	1426612468
39	430	1	1429151612
51	430	1	1429151833
51	431	1	1426612468
39	431	1	1429151612
51	431	1	1429151833
51	432	1	1426612468
39	432	1	1429151612
51	432	1	1429151833
51	433	1	1426612468
39	433	1	1429151614
51	433	1	1429151833
51	434	1	1426612468
39	434	1	1429151614
51	434	1	1429151833
51	435	1	1426612468
39	435	1	1429151614
51	435	1	1429151833
51	436	1	1426612468
51	437	1	1426612468
39	437	1	1429151614
51	437	1	1429151833
51	438	1	1426612469
39	438	1	1429151615
51	438	1	1429151833
51	439	1	1426612470
39	439	1	1429151615
51	439	1	1429151833
51	440	1	1426612470
39	440	1	1429151615
51	440	1	1429151834
51	441	1	1426612470
39	441	1	1429151615
51	441	1	1429151834
51	442	1	1426612473
39	442	1	1429151614
51	442	1	1429151834
51	443	1	1426612473
39	443	1	1429151616
51	443	1	1429151833
51	444	1	1426612473
39	444	1	1429151616
51	444	1	1429151833
51	445	1	1426612476
39	445	1	1429151616
51	445	1	1429151834
51	446	1	1426612476
39	446	1	1429151616
51	446	1	1429151834
51	447	1	1426612477
39	447	1	1429151616
51	447	1	1429151834
51	448	1	1426612477
39	448	1	1429151616
51	448	1	1429151834
51	449	1	1426612477
39	449	1	1429151616
51	449	1	1429151834
51	450	1	1426612477
39	450	1	1429151616
51	450	1	1429151834
51	451	1	1426612477
39	451	1	1429151617
51	451	1	1429151834
51	452	1	1426612477
39	452	1	1429151616
51	452	1	1429151834
51	453	1	1426612477
39	453	1	1429151617
51	453	1	1429151832
51	454	1	1426612477
39	454	1	1429151618
51	454	1	1429151832
51	455	1	1426612477
39	455	1	1429151618
51	455	1	1429151832
51	456	1	1426612481
39	456	1	1429151618
51	456	1	1429151832
51	457	1	1426612482
39	457	1	1429151619
51	457	1	1429151832
51	458	1	1426612482
39	458	1	1429151618
51	458	1	1429151832
51	459	1	1426612482
39	459	1	1429151618
51	459	1	1429151832
51	460	1	1426612488
39	460	1	1429151618
51	460	1	1429151832
51	461	1	1426612488
39	461	1	1429151618
51	461	1	1429151832
51	462	1	1426612489
39	462	1	1429151620
51	462	1	1429151832
51	463	1	1426612489
39	463	1	1429151620
51	463	1	1429151832
51	464	1	1426612489
39	464	1	1429151621
51	464	1	1429151832
51	465	1	1426612489
39	465	1	1429151621
51	465	1	1429151832
51	466	1	1426612489
39	466	1	1429151621
51	466	1	1429151832
51	467	1	1426612489
51	468	1	1426612489
51	469	1	1426612489
39	469	1	1429151621
51	469	1	1429151832
51	470	1	1426612493
39	470	1	1429151621
51	470	1	1429151832
51	471	1	1426612494
39	471	1	1429151621
51	471	1	1429151833
51	472	1	1426612494
39	472	1	1429151621
51	472	1	1429151833
51	473	1	1426612494
39	473	1	1429151624
51	473	1	1429151833
51	474	1	1426612494
39	474	1	1429151624
51	474	1	1429151833
51	475	1	1426612494
39	475	1	1429151624
51	475	1	1429151833
51	476	1	1426612495
39	476	1	1429151624
51	476	1	1429151833
51	477	1	1426612496
39	477	1	1429151624
51	477	1	1429151833
51	478	1	1426612496
39	478	1	1429151624
51	478	1	1429151833
51	479	1	1426612496
39	479	1	1429151624
51	479	1	1429151833
51	480	1	1426612497
39	480	1	1429151624
51	480	1	1429151833
51	481	1	1426612497
39	481	1	1429151624
51	481	1	1429151833
51	482	1	1426612506
39	482	1	1429151627
51	482	1	1429151833
51	483	1	1426612506
39	483	1	1429151624
51	483	1	1429151833
51	484	1	1426612507
39	484	1	1429151628
51	484	1	1429151833
51	485	1	1426612507
39	485	1	1429151628
51	485	1	1429151833
51	486	1	1426612508
39	486	1	1429151628
51	486	1	1429151833
51	487	1	1426612508
39	487	1	1429151628
51	487	1	1429151833
51	488	1	1426612508
39	488	1	1429151628
51	488	1	1429151833
51	489	1	1426612508
39	489	1	1429151628
51	489	1	1429151833
51	490	1	1426612508
39	490	1	1429151628
51	490	1	1429151833
51	491	1	1426612508
39	491	1	1429151632
51	491	1	1429151833
51	492	1	1426612508
39	492	1	1429151628
51	492	1	1429151833
51	493	1	1426612508
39	493	1	1429151628
51	493	1	1429151833
51	494	1	1426612508
39	494	1	1429151632
51	494	1	1429151833
51	495	1	1426612509
39	495	1	1429151632
51	495	1	1429151833
51	496	1	1426612509
39	496	1	1429151632
51	496	1	1429151833
18	497	1	1426641614
181	498	1	1438202125
181	499	1	1438202207
182	500	1	1438644542
182	501	1	1443815514
182	502	1	1443815515
182	503	1	1443815515
182	504	1	1443815515
182	505	1	1443815515
182	506	1	1443815515
182	507	1	1443815515
