% bip positive
1	1	1	1154411150
2	1	1	1182352310
2	1	1	1182354551
2	1	1	1182358050
2	1	1	1182359407
2	1	1	1182359816
2	1	1	1182360044
2	1	1	1182361052
3	1	1	1240215518
4	1	1	1242593495
4	1	1	1244651859
4	1	1	1244653055
3	2	1	1143426353
3	2	1	1143429677
5	3	1	1149169998
5	3	1	1195955784
1	4	1	1154411150
1	5	1	1154411151
6	6	1	1159337206
7	6	1	1212353940
6	7	1	1159337221
8	8	1	1162233282
8	8	1	1162233325
9	8	1	1163477495
2	8	1	1185977479
9	9	1	1163477260
10	10	1	1173313072
11	10	1	1225271809
12	11	1	1174772583
2	12	1	1182352567
2	13	1	1182353187
2	13	1	1185722598
13	13	1	1269502359
14	13	1	1309675529
14	13	1	1319682677
14	13	1	1324523511
14	13	1	1326645698
14	13	1	1329060253
14	13	1	1338600726
14	13	1	1338921992
15	13	1	1339610953
14	13	1	1340945612
14	13	1	1342729889
14	13	1	1346897920
14	13	1	1347284658
14	13	1	1350357648
14	13	1	1350494743
14	13	1	1357680274
2	14	1	1182353340
2	15	1	1182354444
2	15	1	1185715817
2	15	1	1185716471
2	15	1	1185720362
4	15	1	1242594468
4	15	1	1242595095
2	16	1	1182357596
4	16	1	1242594496
4	16	1	1242595103
2	17	1	1185265745
2	17	1	1185269382
4	17	1	1242669849
4	17	1	1242669898
2	18	1	1185266302
2	18	1	1185269403
4	18	1	1244652947
2	19	1	1185267510
2	19	1	1185269494
2	20	1	1185268040
2	20	1	1185269517
2	20	1	1185269628
2	21	1	1185268488
2	21	1	1185269548
4	21	1	1242664257
2	22	1	1185270241
2	22	1	1185270421
2	22	1	1185273943
2	22	1	1185720076
2	22	1	1185736622
2	22	1	1185770802
2	22	1	1185877595
2	22	1	1186066800
12	22	1	1197677897
16	22	1	1239228065
4	22	1	1244653160
17	22	1	1256502690
17	22	1	1256802074
18	22	1	1259751587
17	22	1	1265048451
17	22	1	1285328020
19	22	1	1335782118
20	22	1	1349830167
2	23	1	1185270491
2	24	1	1185270533
2	24	1	1185274142
21	24	1	1303896522
20	24	1	1343405433
22	24	1	1348739373
20	24	1	1349937404
20	24	1	1350425211
20	24	1	1350686156
20	24	1	1350834181
2	25	1	1185272510
2	25	1	1185273118
2	25	1	1185273362
2	25	1	1185719783
12	25	1	1189262601
12	25	1	1197677020
17	25	1	1229635442
23	25	1	1326987990
20	25	1	1343404071
2	26	1	1185274252
2	26	1	1185274651
20	26	1	1343405225
2	27	1	1185274480
2	27	1	1185274624
16	27	1	1239192076
18	27	1	1259744145
17	27	1	1262849899
17	27	1	1288976327
24	27	1	1329476554
2	28	1	1185274756
2	28	1	1185717864
16	28	1	1239023731
16	28	1	1239132763
18	28	1	1259743003
25	28	1	1297117766
17	28	1	1330338185
20	28	1	1343360846
2	29	1	1185711629
2	29	1	1185711697
2	29	1	1185712659
2	29	1	1185712762
23	29	1	1327072998
20	29	1	1343519525
2	30	1	1185711697
2	31	1	1185712036
2	32	1	1185717830
2	32	1	1185718490
20	32	1	1343340485
20	32	1	1346967143
20	32	1	1347119335
20	32	1	1347150605
20	32	1	1347204816
20	32	1	1347216505
20	32	1	1347625580
2	33	1	1185718001
2	33	1	1185718069
26	33	1	1228754156
26	33	1	1228754295
26	33	1	1228755425
27	33	1	1234277933
17	33	1	1254155118
25	33	1	1297117745
18	33	1	1311103947
17	33	1	1330341208
20	33	1	1350489812
2	34	1	1185719264
2	35	1	1185719397
2	36	1	1185719832
2	37	1	1185719877
2	38	1	1185722050
2	39	1	1185722128
2	40	1	1185723283
2	40	1	1185723405
2	40	1	1185723525
2	40	1	1186005114
2	40	1	1186005901
2	41	1	1185723444
2	41	1	1185731498
7	41	1	1203315635
27	41	1	1234278063
28	41	1	1236093283
16	41	1	1239008221
16	41	1	1239012605
16	41	1	1239026388
16	41	1	1246372507
27	41	1	1274451611
18	41	1	1311105407
17	41	1	1330338527
2	42	1	1185723626
2	43	1	1185729746
2	43	1	1197624787
17	43	1	1229649307
4	43	1	1242664207
17	43	1	1254213718
17	43	1	1256468339
17	43	1	1256480431
17	43	1	1265057279
17	43	1	1279145910
17	43	1	1300274657
17	43	1	1319816191
19	43	1	1348308969
20	43	1	1349830051
2	44	1	1185730211
2	44	1	1197625265
2	44	1	1197625305
16	44	1	1239227213
4	44	1	1242594240
29	44	1	1315360532
20	44	1	1343347846
2	45	1	1185730629
2	46	1	1185730680
2	47	1	1185732002
2	47	1	1185732041
2	47	1	1185734517
2	47	1	1186005638
2	47	1	1197625039
17	47	1	1229649368
16	47	1	1240513652
17	47	1	1254222420
17	47	1	1256502519
17	47	1	1256624466
18	47	1	1258544332
17	47	1	1265142057
17	47	1	1275784709
17	47	1	1275796642
17	47	1	1300266838
17	47	1	1300280857
19	47	1	1348305253
19	47	1	1351437670
2	48	1	1185732085
2	49	1	1185734702
2	49	1	1185734753
2	50	1	1185734812
2	50	1	1185734937
28	50	1	1236099050
16	50	1	1239011043
16	50	1	1239013380
16	50	1	1239133466
16	50	1	1246373039
16	50	1	1258404870
18	50	1	1259742414
27	50	1	1274452311
18	50	1	1311105723
29	50	1	1315356112
2	51	1	1185736381
2	51	1	1185736428
2	51	1	1185767430
2	51	1	1185873693
12	51	1	1189259520
12	51	1	1197676262
4	51	1	1242594289
4	51	1	1242658241
17	51	1	1254214968
19	51	1	1267818372
17	51	1	1275756930
17	51	1	1279125558
27	51	1	1289792010
17	51	1	1297681754
17	51	1	1300266634
17	51	1	1300285984
29	51	1	1310347298
2	52	1	1185736469
2	53	1	1185768545
2	53	1	1185770958
2	53	1	1185874783
4	53	1	1242670182
4	53	1	1242670192
17	53	1	1265050018
17	53	1	1265075189
17	53	1	1265083095
17	53	1	1285329644
17	53	1	1288559420
30	53	1	1294602701
29	53	1	1314575640
17	53	1	1319762184
23	53	1	1327797590
19	53	1	1343430084
19	53	1	1357220985
2	54	1	1185770983
2	55	1	1185876213
2	55	1	1185877436
2	55	1	1185877710
2	55	1	1185877779
12	55	1	1189259868
12	55	1	1197676549
17	55	1	1229645348
16	55	1	1239227945
4	55	1	1242669721
17	55	1	1254217889
17	55	1	1256496658
17	55	1	1256508861
19	55	1	1266082649
17	55	1	1279125899
17	55	1	1288559723
27	55	1	1299641350
29	55	1	1310443398
29	55	1	1314576389
17	55	1	1319762069
23	55	1	1327799747
31	55	1	1334637990
19	55	1	1339780985
19	55	1	1346485611
2	56	1	1185877470
2	57	1	1185982381
2	57	1	1185982517
2	57	1	1185982720
2	58	1	1185984748
16	58	1	1302883397
18	58	1	1311105971
31	58	1	1334637423
19	58	1	1357632250
2	59	1	1185984767
2	59	1	1185984927
26	59	1	1227501988
16	59	1	1239046777
18	59	1	1259758691
17	59	1	1288975826
19	59	1	1357755162
2	60	1	1185984791
2	60	1	1185985084
16	60	1	1239017110
16	60	1	1239025125
16	60	1	1239049874
16	60	1	1239102664
16	60	1	1239106825
16	60	1	1239227885
16	60	1	1246372801
16	60	1	1258473804
18	60	1	1259759619
18	60	1	1267533489
25	60	1	1299332872
18	60	1	1311106030
17	60	1	1330339089
17	60	1	1330362013
2	61	1	1185988200
2	61	1	1185988543
2	61	1	1185988602
17	61	1	1229640570
16	61	1	1239227670
16	61	1	1240513502
4	61	1	1242495622
4	61	1	1242495663
4	61	1	1242495767
4	61	1	1242593713
4	61	1	1242593743
4	61	1	1242594151
4	61	1	1242670314
4	61	1	1242742834
4	61	1	1242848966
4	61	1	1244652612
17	61	1	1254215535
17	61	1	1256507126
19	61	1	1275211436
29	61	1	1315267915
17	61	1	1319762131
19	61	1	1347100499
22	61	1	1352861704
2	62	1	1185988616
2	63	1	1186005843
32	63	1	1225124082
4	63	1	1242571767
2	64	1	1186006703
2	64	1	1186066719
2	64	1	1186409175
2	64	1	1186409311
2	64	1	1186409462
2	64	1	1186412890
12	64	1	1189263564
2	64	1	1189934845
12	64	1	1197675655
17	64	1	1229643694
16	64	1	1240513094
4	64	1	1242495505
4	64	1	1242593798
4	64	1	1242593847
4	64	1	1242593872
4	64	1	1242593921
4	64	1	1242593992
4	64	1	1242657569
4	64	1	1242657593
4	64	1	1242658799
4	64	1	1244651449
16	64	1	1246444293
17	64	1	1254214065
17	64	1	1280988144
17	64	1	1294905762
29	64	1	1310344597
29	64	1	1310556895
27	64	1	1325424813
23	64	1	1327798642
19	64	1	1357139017
33	65	1	1186155161
34	65	1	1430429097
35	66	1	1189621951
36	67	1	1190595946
36	68	1	1190595984
36	68	1	1190595993
36	68	1	1192282762
36	68	1	1192282827
37	69	1	1195256850
37	69	1	1217597511
5	70	1	1195957633
4	70	1	1242594488
4	70	1	1242595083
5	71	1	1195957892
5	72	1	1195958263
4	72	1	1242594509
4	72	1	1242595088
5	73	1	1195958817
35	74	1	1197278915
2	75	1	1197556802
2	75	1	1197558052
2	75	1	1197641559
2	75	1	1197644177
4	75	1	1242571851
2	76	1	1197643514
2	76	1	1197643600
4	76	1	1242572248
4	76	1	1242669776
2	77	1	1197643562
2	78	1	1197644177
38	79	1	1198512077
39	80	1	1201046001
40	81	1	1204513661
41	82	1	1204516631
41	83	1	1204516636
42	84	1	1206546017
43	84	1	1314727953
44	84	1	1338933296
42	85	1	1206546866
44	85	1	1206613209
43	85	1	1314727953
44	85	1	1338933294
44	85	1	1338933949
44	86	1	1206573158
45	86	1	1218724114
29	86	1	1314916768
44	87	1	1206573165
45	87	1	1218724113
44	87	1	1338914500
44	87	1	1338915070
44	88	1	1206573167
45	88	1	1218724114
46	89	1	1206649072
47	90	1	1211746373
48	91	1	1211760286
48	92	1	1211760370
49	93	1	1212089814
11	93	1	1277174011
11	93	1	1277175395
50	94	1	1212213706
50	94	1	1212214228
51	95	1	1213741401
51	95	1	1213784804
46	95	1	1254903847
51	95	1	1261739582
51	95	1	1264523628
51	95	1	1293285642
51	96	1	1214159022
45	97	1	1218724113
45	98	1	1218724114
45	99	1	1218724114
4	99	1	1242659115
29	99	1	1314916778
45	100	1	1218724137
32	101	1	1225123907
17	101	1	1229635312
27	101	1	1232756507
16	101	1	1239227031
4	101	1	1242494646
4	101	1	1242494793
4	101	1	1244652065
17	101	1	1254174512
17	101	1	1256471046
17	101	1	1256494524
18	101	1	1258047752
19	101	1	1267814392
17	101	1	1280987393
17	101	1	1300345013
29	101	1	1310492726
52	101	1	1327752388
23	101	1	1327938593
19	101	1	1357117096
32	102	1	1225123952
11	103	1	1225174735
11	104	1	1225343830
53	105	1	1225384808
53	106	1	1225387853
53	107	1	1225395346
53	107	1	1226324503
53	108	1	1225395609
11	109	1	1225408493
11	110	1	1225432632
53	111	1	1225448088
53	112	1	1225448157
53	113	1	1225468256
53	113	1	1225579272
53	113	1	1225594193
53	113	1	1225604555
53	113	1	1225664795
53	113	1	1225686936
53	113	1	1225739895
53	113	1	1225781527
53	113	1	1225846639
53	113	1	1225868440
53	113	1	1226020426
53	113	1	1226385660
53	113	1	1226506585
53	113	1	1227111200
53	113	1	1227884760
53	113	1	1229421215
53	113	1	1230240601
53	113	1	1230246377
53	113	1	1230774901
53	113	1	1231766449
53	113	1	1232075679
53	113	1	1232480741
53	113	1	1232487638
53	113	1	1233065002
53	113	1	1233105679
53	113	1	1233130962
53	113	1	1233217688
53	113	1	1233561301
53	113	1	1234458329
53	113	1	1234957851
53	113	1	1235332716
53	113	1	1235501663
53	113	1	1236132438
53	113	1	1237344346
53	113	1	1238052440
53	113	1	1238724738
53	113	1	1240467961
11	114	1	1225532296
11	115	1	1225586823
11	116	1	1225682696
11	117	1	1225774194
11	118	1	1225863671
53	119	1	1225937989
53	120	1	1225949132
53	121	1	1225968210
53	121	1	1226315451
53	122	1	1226245497
54	123	1	1226498347
11	124	1	1226545683
11	125	1	1227253858
26	126	1	1227501920
26	127	1	1227501931
11	128	1	1227886580
55	129	1	1229701726
55	130	1	1229701732
56	131	1	1229958871
57	132	1	1233132461
11	133	1	1234152510
11	134	1	1234567444
11	135	1	1235277536
11	136	1	1235281392
11	137	1	1237174819
11	137	1	1329595571
53	138	1	1237308421
11	139	1	1237618101
16	140	1	1238741243
16	141	1	1238741253
11	142	1	1239507715
11	143	1	1239580718
11	144	1	1239584242
11	145	1	1240009834
11	146	1	1240017426
11	147	1	1240082501
11	148	1	1240090118
58	149	1	1240693952
59	150	1	1242022682
59	150	1	1246047312
59	151	1	1242022683
59	151	1	1246047316
4	152	1	1242494475
4	152	1	1242670235
4	153	1	1242593620
4	154	1	1242594328
4	155	1	1242657473
4	156	1	1242657494
4	157	1	1242657521
4	158	1	1242657758
4	158	1	1242657817
4	159	1	1242657839
4	160	1	1242658295
4	161	1	1242658877
4	162	1	1242658898
4	163	1	1242658934
4	164	1	1242658950
4	165	1	1242658975
4	166	1	1242659001
4	167	1	1242659021
4	168	1	1242659046
4	169	1	1242659068
4	170	1	1242659153
4	171	1	1242659182
4	172	1	1242659206
4	173	1	1242659228
4	174	1	1242659275
4	175	1	1242659308
4	176	1	1242659411
4	177	1	1242659450
4	178	1	1242659500
4	179	1	1242659518
4	180	1	1242659544
4	181	1	1242659565
4	182	1	1242659589
4	183	1	1242659617
4	184	1	1242660869
4	185	1	1242660898
4	186	1	1242660936
4	187	1	1242660958
4	188	1	1242660976
4	189	1	1242669920
60	190	1	1242747976
61	191	1	1242923392
4	192	1	1244651314
4	193	1	1244651503
4	193	1	1244651573
4	194	1	1244651521
4	195	1	1244651538
4	196	1	1244651617
4	197	1	1244651987
4	198	1	1244652195
4	199	1	1244652229
2	200	1	1244899818
59	201	1	1246047302
62	202	1	1248117029
11	203	1	1251839585
11	204	1	1252737319
11	205	1	1252746089
11	206	1	1252817629
55	207	1	1254181989
55	207	1	1255553499
11	207	1	1271625349
55	208	1	1255553514
11	208	1	1271625563
18	209	1	1258042459
18	209	1	1291929220
63	210	1	1260076773
31	210	1	1334638604
11	211	1	1264238230
11	212	1	1264390217
46	213	1	1264418924
11	214	1	1264468245
11	215	1	1264474066
11	216	1	1264552833
11	217	1	1264722088
11	218	1	1264733036
11	219	1	1264919807
11	220	1	1264922306
11	221	1	1264923951
19	222	1	1266220112
11	223	1	1266707150
11	223	1	1379474114
11	224	1	1266718151
64	225	1	1268602223
65	226	1	1269710322
28	227	1	1270197347
28	228	1	1270471864
28	229	1	1270661113
66	230	1	1270817982
11	231	1	1271127547
11	232	1	1271625278
11	232	1	1271625389
67	232	1	1334342108
68	232	1	1348493004
11	233	1	1271625367
69	234	1	1273664971
69	234	1	1356810862
69	234	1	1356810886
11	235	1	1276992965
11	236	1	1277047820
11	237	1	1277066781
11	238	1	1277159530
11	239	1	1277168515
11	240	1	1277179466
11	241	1	1277180945
11	242	1	1277247911
11	243	1	1277579537
11	243	1	1289087954
70	243	1	1308764588
70	243	1	1309107500
70	243	1	1322679366
70	243	1	1356647080
70	243	1	1356697958
11	244	1	1280796356
11	245	1	1280800343
71	246	1	1280960559
71	246	1	1281006399
71	247	1	1281097492
11	248	1	1281149754
11	249	1	1281153848
11	250	1	1281155435
11	251	1	1281158828
71	252	1	1281183119
11	252	1	1289145850
70	252	1	1308800809
70	252	1	1309111250
70	252	1	1356647080
11	253	1	1281233216
11	254	1	1281234983
71	255	1	1281258810
11	256	1	1283021233
11	257	1	1283393793
72	258	1	1283394065
72	258	1	1284616777
73	258	1	1408317605
72	259	1	1283412668
1	260	1	1285024337
72	261	1	1285794487
72	262	1	1287790360
11	263	1	1289158829
11	264	1	1289173496
72	265	1	1289955519
72	265	1	1291479586
72	265	1	1295308433
74	265	1	1328964996
75	265	1	1337664345
75	265	1	1342549140
75	265	1	1349131767
75	265	1	1360201020
76	266	1	1291889259
77	267	1	1291890435
78	268	1	1294149133
11	269	1	1296443099
11	269	1	1333238392
11	270	1	1296449136
11	271	1	1296529490
79	272	1	1296560582
11	273	1	1296617680
25	274	1	1296648849
11	275	1	1296784509
11	276	1	1298436091
80	277	1	1299164541
11	278	1	1301870332
11	279	1	1302978519
81	279	1	1331481789
11	280	1	1302982964
11	281	1	1302994817
11	282	1	1303351511
24	283	1	1303739927
11	284	1	1305157467
11	284	1	1333912276
72	285	1	1306448858
72	286	1	1306521032
82	287	1	1306562663
82	287	1	1314550790
83	288	1	1307398312
84	288	1	1332359534
85	289	1	1308069067
85	289	1	1331369866
70	290	1	1308810644
70	290	1	1308814975
70	291	1	1308814949
70	292	1	1309540686
70	293	1	1309542770
11	294	1	1309570846
11	295	1	1309579498
11	296	1	1309583519
11	297	1	1309623523
11	298	1	1309632462
86	299	1	1310367935
11	300	1	1314242409
43	301	1	1314727953
43	302	1	1314727953
43	303	1	1314730153
43	303	1	1316862984
32	304	1	1314807369
11	305	1	1315763836
11	306	1	1315765083
11	307	1	1315768299
11	308	1	1315772790
87	309	1	1317573288
84	310	1	1318457323
11	311	1	1318982447
72	312	1	1319841999
72	312	1	1429212174
81	313	1	1319844168
88	314	1	1319998990
31	314	1	1334640599
89	314	1	1497570966
90	315	1	1320784187
90	316	1	1320784321
91	317	1	1321042076
91	318	1	1321205337
91	319	1	1321205381
92	320	1	1321629259
92	320	1	1349216694
92	320	1	1357371597
11	321	1	1321763454
11	322	1	1321848813
11	323	1	1321919830
11	324	1	1321923484
11	324	1	1322093462
11	325	1	1321927687
11	325	1	1322095139
70	326	1	1322001603
93	326	1	1343346607
11	327	1	1322097191
11	328	1	1322098411
11	329	1	1322099661
11	330	1	1323046827
11	331	1	1323050479
84	332	1	1325969584
11	333	1	1326049691
72	334	1	1326329124
23	335	1	1327002518
23	335	1	1327006500
23	336	1	1327002528
23	336	1	1327003826
23	336	1	1327005198
84	337	1	1328132811
11	338	1	1329081132
11	339	1	1329096225
81	340	1	1329314536
81	341	1	1329729471
84	342	1	1329747986
84	343	1	1329761985
70	344	1	1329834832
70	345	1	1329839211
70	345	1	1356639072
94	346	1	1330234943
11	346	1	1346639784
81	347	1	1330672480
81	348	1	1330705785
11	349	1	1332040383
11	350	1	1333244480
11	351	1	1333419837
11	352	1	1333500686
11	352	1	1333582800
11	353	1	1333587758
11	354	1	1333905609
11	355	1	1333907695
84	356	1	1334115544
67	357	1	1334342101
11	358	1	1334510340
64	359	1	1335652849
11	360	1	1336323926
84	361	1	1338323429
95	362	1	1338438312
95	362	1	1338441298
95	362	1	1342490970
11	363	1	1338650168
11	364	1	1338656358
11	365	1	1338660881
84	366	1	1339335135
11	367	1	1339379970
11	368	1	1339993520
84	369	1	1340669414
11	370	1	1341259830
11	370	1	1344110744
11	371	1	1341262439
93	372	1	1343346532
93	373	1	1343346610
11	374	1	1344112263
11	375	1	1344219784
96	376	1	1344323272
11	377	1	1344380493
97	378	1	1344780951
98	379	1	1346361127
98	380	1	1346432572
31	380	1	1347117260
31	381	1	1346446784
11	382	1	1346628309
11	383	1	1346633589
11	384	1	1346637765
99	385	1	1348947430
100	386	1	1349286040
81	387	1	1351193492
81	388	1	1351251769
81	389	1	1351251778
98	390	1	1353436254
98	391	1	1353436278
14	392	1	1354614077
11	393	1	1355092334
11	394	1	1355106078
11	395	1	1355109422
11	396	1	1355111099
11	397	1	1355113408
101	398	1	1355257176
102	399	1	1355729740
103	400	1	1355852489
103	401	1	1355853609
92	402	1	1357371633
73	403	1	1357727975
73	403	1	1357728007
97	403	1	1410433435
11	404	1	1360031484
104	404	1	1417132142
104	404	1	1487254060
11	405	1	1360035780
11	406	1	1361156086
11	407	1	1364162001
11	408	1	1370218342
11	409	1	1380160300
11	410	1	1380164502
11	411	1	1390254772
11	412	1	1393571582
73	413	1	1408317605
104	414	1	1417132142
104	415	1	1417132143
11	416	1	1421019263
11	417	1	1423708991
11	418	1	1424393904
89	418	1	1438202118
11	419	1	1424583657
89	419	1	1438202027
11	420	1	1424585755
11	421	1	1426642994
105	422	1	1426841187
34	422	1	1429242375
34	422	1	1429309799
105	423	1	1426841187
34	423	1	1429242375
34	423	1	1429309799
105	424	1	1426841188
34	424	1	1429242375
34	424	1	1429309799
105	425	1	1426841188
34	425	1	1429242375
34	425	1	1429309799
105	426	1	1426841188
34	426	1	1429242375
34	426	1	1429309799
105	427	1	1426841196
34	427	1	1429242375
34	427	1	1429309799
105	428	1	1426841197
105	429	1	1426841197
105	430	1	1426841199
34	430	1	1429242375
34	430	1	1429309799
72	431	1	1429212175
89	432	1	1438202027
89	433	1	1438202119
106	434	1	1438645237
106	435	1	1443817019
106	436	1	1443817020
106	437	1	1443817020
106	438	1	1443817020
106	439	1	1443817020
106	440	1	1443817020
106	441	1	1443817020
89	442	1	1462383668
104	443	1	1487254060
89	444	1	1497570966
