1	2	1	1103266579
1	2	1	1103269383
1	2	1	1119696816
2	2	1	1150876513
3	2	1	1167421357
4	3	1	1137062773
5	3	1	1183910214
5	3	1	1183910906
5	3	1	1183911122
5	3	1	1183911268
5	3	1	1183911428
5	3	1	1183911471
5	3	1	1183911846
5	3	1	1183912741
5	3	1	1183912894
5	3	1	1183912937
5	3	1	1183913679
5	3	1	1183916395
5	3	1	1183916600
5	3	1	1183917826
5	3	1	1183917989
5	3	1	1183918541
5	3	1	1183919328
5	3	1	1183923275
5	3	1	1183925279
5	3	1	1183925312
5	3	1	1183927513
5	3	1	1183927685
5	3	1	1183929062
5	3	1	1184051693
5	3	1	1184051872
5	3	1	1184052048
5	3	1	1184052286
5	3	1	1184052432
5	3	1	1184052461
5	3	1	1184053771
5	3	1	1184053917
5	3	1	1184054381
5	3	1	1184063601
5	3	1	1184063870
5	3	1	1184064043
5	3	1	1184064236
5	3	1	1184064334
5	3	1	1184065305
5	3	1	1184065891
5	3	1	1184066107
5	3	1	1184070826
5	3	1	1184071787
5	3	1	1184071957
5	3	1	1184073993
5	3	1	1184075135
5	3	1	1184075808
5	3	1	1184075968
5	3	1	1184078933
5	3	1	1184080349
5	3	1	1184081859
5	3	1	1184082632
5	3	1	1184098987
5	3	1	1184099175
5	3	1	1184099660
5	3	1	1185099262
5	3	1	1185206289
5	3	1	1186595245
5	3	1	1186658312
5	3	1	1186659009
5	3	1	1186778304
5	3	1	1188493960
5	3	1	1188502541
5	3	1	1188510256
5	3	1	1188684349
5	3	1	1188760001
5	3	1	1188932762
5	3	1	1188932827
5	3	1	1188933192
5	3	1	1188935167
5	3	1	1189083849
5	3	1	1189169198
5	3	1	1189254351
6	3	1	1204210367
7	3	1	1397218065
8	4	1	1134192195
8	4	1	1135003529
8	4	1	1136897797
9	4	1	1138407878
10	4	1	1175252808
5	4	1	1183916533
5	4	1	1183916818
5	4	1	1183920551
5	4	1	1184068358
11	4	1	1189062975
11	4	1	1189062987
5	4	1	1189083686
5	4	1	1189197476
5	4	1	1189198152
12	4	1	1189258734
13	4	1	1221355420
14	4	1	1232038239
15	4	1	1232745886
16	4	1	1233700186
16	4	1	1233700264
16	4	1	1252782362
16	4	1	1252849629
16	4	1	1252849890
17	4	1	1269502649
18	4	1	1309675832
18	4	1	1324471524
18	4	1	1326585320
18	4	1	1329053118
19	4	1	1332582317
19	4	1	1332582378
18	4	1	1338597628
18	4	1	1338919285
18	4	1	1340945112
18	4	1	1342727421
18	4	1	1346895920
18	4	1	1347282319
18	4	1	1350355223
18	4	1	1350492323
18	4	1	1357677322
18	4	1	1358607627
18	4	1	1359576326
18	4	1	1363199478
18	4	1	1366776935
18	4	1	1367291732
18	4	1	1367345132
18	4	1	1369080635
18	4	1	1370308232
18	4	1	1371960332
18	4	1	1372939833
20	4	1	1372945803
18	4	1	1374583833
21	4	1	1374596086
18	4	1	1377024035
18	4	1	1379987740
18	4	1	1380909940
18	4	1	1381260941
18	4	1	1383679544
18	4	1	1384815627
22	4	1	1389854825
22	4	1	1392813030
22	4	1	1393020015
22	4	1	1393616692
22	4	1	1394229528
22	4	1	1394747757
22	4	1	1396307097
22	4	1	1396979592
23	4	1	1397416651
22	4	1	1400342594
22	4	1	1400531908
22	4	1	1400880580
22	4	1	1402426107
22	4	1	1403214885
22	4	1	1408642520
22	4	1	1408659332
22	4	1	1409676720
22	4	1	1414346647
22	4	1	1415986490
22	4	1	1416593534
22	4	1	1416594938
22	4	1	1419620388
22	4	1	1423161023
22	4	1	1425249167
22	4	1	1425499298
22	4	1	1426275933
22	4	1	1428682324
22	4	1	1428695360
22	4	1	1429592827
22	4	1	1430711307
22	4	1	1431883694
22	4	1	1431887510
24	4	1	1431985366
22	4	1	1433533550
22	4	1	1433685930
22	4	1	1434192256
22	4	1	1434199351
25	4	1	1434232222
22	4	1	1434751032
22	4	1	1437714473
22	4	1	1437718883
22	4	1	1438386171
22	4	1	1438392713
22	4	1	1439591305
22	4	1	1439606410
25	4	1	1439887907
22	4	1	1439939331
26	4	1	1439939622
26	4	1	1439941252
22	4	1	1441217559
22	4	1	1441221200
22	4	1	1443459379
22	4	1	1446229066
22	4	1	1447106244
22	4	1	1447152457
22	4	1	1447796629
22	4	1	1448488070
22	4	1	1448980691
22	4	1	1450472288
22	4	1	1450475890
25	4	1	1450994202
22	4	1	1451001970
22	4	1	1451958544
22	4	1	1453143997
22	4	1	1456521725
22	4	1	1460930872
22	4	1	1466776914
22	4	1	1467087699
22	4	1	1467566414
22	4	1	1470765752
22	4	1	1473692216
27	4	1	1473695035
22	4	1	1475717689
22	4	1	1476553824
22	4	1	1479081564
22	4	1	1479082293
22	4	1	1481743919
28	4	1	1484750070
22	4	1	1487190639
22	4	1	1489088651
22	4	1	1489813802
22	4	1	1491536192
22	4	1	1491932027
22	4	1	1493838951
22	4	1	1494253719
22	4	1	1494612342
22	4	1	1494945561
22	4	1	1494968959
22	4	1	1495573524
29	4	1	1496335283
22	4	1	1500319590
8	5	1	1134192074
8	5	1	1135003567
8	5	1	1135885559
10	5	1	1175252842
5	5	1	1183919954
5	5	1	1183920565
8	6	1	1134192041
8	7	1	1134192052
30	8	1	1142798982
5	9	1	1183925419
5	9	1	1183925483
5	9	1	1184776068
5	10	1	1183913658
5	10	1	1188494238
11	10	1	1188901150
5	10	1	1191784128
16	10	1	1252782361
31	10	1	1343651790
5	11	1	1183923454
5	11	1	1183924814
5	11	1	1183924862
5	11	1	1184055389
5	11	1	1184055655
5	11	1	1184068237
5	11	1	1184068307
5	11	1	1184068832
5	11	1	1184068895
5	11	1	1184069706
5	11	1	1184070155
5	11	1	1184076809
5	11	1	1184082157
5	11	1	1184082192
5	11	1	1184100325
5	11	1	1185015834
32	11	1	1201260879
33	11	1	1285767632
33	11	1	1285768270
34	11	1	1297177687
34	11	1	1297178155
35	11	1	1404467482
36	11	1	1409262192
37	11	1	1412574027
5	12	1	1183916925
5	12	1	1184053224
5	12	1	1186778366
5	12	1	1186778392
5	12	1	1186847525
5	12	1	1188829337
38	13	1	1174772496
16	14	1	1182665875
16	14	1	1329538855
5	15	1	1183910805
5	15	1	1183921475
5	15	1	1184084618
5	15	1	1184085409
5	15	1	1184326190
5	15	1	1184326233
5	15	1	1184326323
5	15	1	1184517699
5	16	1	1183911220
5	16	1	1183911690
5	16	1	1183919267
5	17	1	1183913104
5	17	1	1183913707
5	17	1	1187004400
5	17	1	1187436689
5	17	1	1188419886
5	17	1	1188419917
5	17	1	1188502778
5	17	1	1188502810
5	18	1	1183913549
5	18	1	1184053208
39	18	1	1313742031
40	18	1	1343784697
41	18	1	1396990223
5	19	1	1183913707
42	19	1	1209189082
5	20	1	1183913883
5	20	1	1184053077
5	20	1	1184053167
5	20	1	1184360772
5	20	1	1184360886
43	20	1	1239102754
43	20	1	1239106915
44	20	1	1243086735
43	20	1	1258473904
44	20	1	1259759635
45	20	1	1262850542
44	20	1	1267533505
46	20	1	1299332888
44	20	1	1311106049
45	20	1	1330339219
45	20	1	1330362153
47	20	1	1438663954
5	21	1	1183916533
5	21	1	1183919299
5	22	1	1183916978
5	22	1	1184053620
5	23	1	1183917678
5	23	1	1186778647
5	24	1	1183919267
5	25	1	1183919561
5	25	1	1183919626
5	25	1	1183919751
16	25	1	1252782361
39	25	1	1299891435
40	25	1	1343405467
40	25	1	1347410525
40	25	1	1347443109
40	25	1	1349830156
40	25	1	1350369341
47	25	1	1438663964
5	26	1	1183919653
5	27	1	1183919777
5	27	1	1183919805
5	28	1	1183919819
5	28	1	1189340400
16	28	1	1252782362
40	28	1	1350202072
40	28	1	1350384267
40	28	1	1371244611
47	28	1	1438663974
5	29	1	1183921051
5	30	1	1183921055
5	31	1	1183921083
5	32	1	1183921105
5	33	1	1183921115
5	34	1	1183922467
5	34	1	1183922666
5	34	1	1183924838
5	34	1	1183924876
5	34	1	1183927401
5	34	1	1183927425
5	35	1	1183925197
5	35	1	1184051303
5	35	1	1184052130
5	36	1	1183925419
42	36	1	1209189055
5	37	1	1183926007
5	37	1	1183926974
5	38	1	1183926307
5	38	1	1183926356
5	39	1	1183926601
5	40	1	1183926729
45	40	1	1288782188
48	40	1	1316854654
41	40	1	1396995357
49	40	1	1445208671
5	41	1	1183927029
5	42	1	1183927061
5	43	1	1183927268
5	43	1	1184068189
5	43	1	1184068781
5	43	1	1185037732
38	43	1	1189261625
38	43	1	1197675725
50	43	1	1220651601
44	43	1	1243023315
45	43	1	1254177351
51	43	1	1292549561
52	43	1	1310500707
53	43	1	1343551205
53	43	1	1351437237
53	43	1	1357115738
54	43	1	1397249261
5	44	1	1183927997
38	44	1	1189258262
38	44	1	1197675837
50	44	1	1220651270
50	44	1	1221253136
55	44	1	1238134629
44	44	1	1253007759
45	44	1	1256490735
45	44	1	1256528951
45	44	1	1279123988
51	44	1	1299028952
34	44	1	1317145820
34	44	1	1317145882
34	44	1	1317215237
45	44	1	1319763317
56	44	1	1327794597
57	44	1	1340320798
41	44	1	1396995077
5	45	1	1184051307
5	45	1	1184051632
40	45	1	1343368055
47	45	1	1438663985
5	46	1	1184051421
40	46	1	1343784706
47	46	1	1438663995
47	46	1	1455887331
5	47	1	1184051545
5	47	1	1184051701
5	47	1	1184052112
5	47	1	1184052157
5	47	1	1184055706
5	47	1	1184068621
5	48	1	1184051612
5	49	1	1184051701
42	49	1	1209189096
5	50	1	1184051726
5	50	1	1184052223
5	50	1	1184052710
5	50	1	1184055499
5	50	1	1184068608
5	51	1	1184051753
5	52	1	1184052157
5	53	1	1184052223
5	54	1	1184052390
5	55	1	1184052642
5	55	1	1184053518
5	56	1	1184052743
5	56	1	1184052899
5	56	1	1184052965
5	57	1	1184052863
5	57	1	1184052886
5	57	1	1184053117
5	57	1	1184322103
5	58	1	1184053429
5	58	1	1184053485
5	58	1	1188742244
5	58	1	1188742433
5	58	1	1188743649
5	58	1	1188743685
5	58	1	1188743755
5	58	1	1188744415
5	58	1	1188744911
5	58	1	1188751919
5	58	1	1188756512
5	58	1	1188756624
5	58	1	1188756708
5	58	1	1188757352
5	58	1	1188759200
5	58	1	1188934495
5	59	1	1184053553
5	60	1	1184054665
5	60	1	1184055010
5	60	1	1184055024
5	61	1	1184054731
5	61	1	1184064682
5	61	1	1184064714
40	61	1	1343368466
40	61	1	1343784786
40	61	1	1346859166
40	61	1	1349920904
5	62	1	1184054911
5	62	1	1184055061
5	63	1	1184054916
5	63	1	1184055046
5	64	1	1184055065
5	65	1	1184055070
5	66	1	1184055074
5	67	1	1184055136
22	67	1	1426615996
58	67	1	1429200853
22	67	1	1429201067
5	68	1	1184055139
5	69	1	1184055143
5	70	1	1184055146
5	71	1	1184055188
5	72	1	1184055192
5	73	1	1184055205
5	74	1	1184055211
22	74	1	1426616012
58	74	1	1429200860
22	74	1	1429201067
5	75	1	1184055215
22	75	1	1426616009
58	75	1	1429200860
22	75	1	1429201067
5	76	1	1184055218
22	76	1	1426616009
58	76	1	1429200860
22	76	1	1429201067
5	77	1	1184055222
22	77	1	1426616009
58	77	1	1429200860
22	77	1	1429201067
5	78	1	1184055226
5	79	1	1184055230
22	79	1	1426616009
58	79	1	1429200857
22	79	1	1429201067
5	80	1	1184055233
22	80	1	1426616008
58	80	1	1429200856
22	80	1	1429201067
5	81	1	1184055272
5	82	1	1184055293
5	83	1	1184055295
5	84	1	1184055298
5	85	1	1184055300
22	85	1	1426616002
58	85	1	1429200856
22	85	1	1429201067
5	86	1	1184055302
22	86	1	1426616002
58	86	1	1429200856
22	86	1	1429201067
5	87	1	1184055305
22	87	1	1426616002
5	88	1	1184055318
22	88	1	1426615997
58	88	1	1429200856
22	88	1	1429201067
5	89	1	1184055333
59	89	1	1211738835
5	90	1	1184055468
5	90	1	1184055511
5	90	1	1184068598
5	90	1	1185015897
5	91	1	1184055532
5	92	1	1184055571
5	93	1	1184066257
5	93	1	1184066375
5	93	1	1184066822
5	93	1	1184076205
5	93	1	1184076602
38	93	1	1189258476
50	93	1	1220651404
60	93	1	1232749752
44	93	1	1244559859
44	93	1	1251186510
44	93	1	1255503046
45	93	1	1256487584
60	93	1	1275100406
45	93	1	1294876841
61	93	1	1295342417
45	93	1	1319764781
40	93	1	1349843464
56	93	1	1365982041
41	93	1	1396995397
62	93	1	1489392617
63	93	1	1495807847
63	93	1	1495808042
63	93	1	1495808061
5	94	1	1184066343
5	94	1	1184068585
5	95	1	1184066898
5	96	1	1184066903
5	97	1	1184066906
5	98	1	1184067364
5	99	1	1184068016
5	99	1	1184068081
11	99	1	1188412600
11	99	1	1189062948
5	99	1	1189246235
16	99	1	1233700154
5	100	1	1184068465
5	100	1	1184068495
5	100	1	1184068574
5	100	1	1184091432
5	100	1	1184092152
5	101	1	1184068688
5	101	1	1184068754
5	101	1	1184091407
5	102	1	1184068885
5	102	1	1184068922
5	102	1	1184068965
5	102	1	1184069104
5	102	1	1184069659
53	102	1	1336141283
57	102	1	1340321167
47	102	1	1438664004
64	102	1	1439344538
5	103	1	1184068965
5	104	1	1184069057
5	104	1	1184069747
5	105	1	1184069392
5	105	1	1184069461
5	105	1	1184069501
5	105	1	1184069693
5	105	1	1184100172
38	105	1	1189259219
44	105	1	1251187203
60	105	1	1274614229
45	105	1	1300323957
52	105	1	1310478044
53	105	1	1348305499
53	105	1	1351437988
65	105	1	1378162467
66	105	1	1397601067
5	106	1	1184069417
39	106	1	1303203573
44	106	1	1311105438
45	106	1	1330338721
40	106	1	1371244540
47	106	1	1438664014
5	107	1	1184069549
5	107	1	1184069760
5	107	1	1184080901
5	107	1	1184081021
5	107	1	1184081065
5	107	1	1184082052
45	107	1	1267844257
45	107	1	1288795769
45	107	1	1288805058
45	107	1	1319771091
45	107	1	1319815063
53	107	1	1333279596
53	107	1	1357224404
45	107	1	1370205139
47	107	1	1438664024
47	107	1	1440659228
5	108	1	1184069642
5	108	1	1184069843
39	108	1	1299889741
45	108	1	1300291751
53	108	1	1335853600
41	108	1	1398057700
5	109	1	1184069781
5	110	1	1184069893
5	110	1	1184069931
5	110	1	1184099532
43	110	1	1263585624
45	110	1	1265075353
45	110	1	1265083255
45	110	1	1285329784
45	110	1	1288559520
67	110	1	1294602851
52	110	1	1314575800
45	110	1	1319762205
56	110	1	1327797740
53	110	1	1343430244
53	110	1	1357221083
54	110	1	1397558385
62	110	1	1489393064
5	111	1	1184069982
38	111	1	1189262902
44	111	1	1258048029
68	111	1	1287784633
45	111	1	1319763634
40	111	1	1343365357
41	111	1	1398056268
5	112	1	1184070102
69	112	1	1219526704
50	112	1	1220650468
47	112	1	1438664034
5	113	1	1184070187
39	113	1	1303203250
52	113	1	1315281887
70	113	1	1326826304
45	113	1	1330351195
53	113	1	1336664877
41	113	1	1396993061
5	114	1	1184070243
5	115	1	1184070343
5	115	1	1184078887
38	115	1	1197731265
44	115	1	1253021071
45	115	1	1256635589
45	115	1	1256807056
68	115	1	1286262241
46	115	1	1297345598
45	115	1	1319769840
54	115	1	1397420627
5	116	1	1184070425
5	116	1	1184070458
5	116	1	1184070557
39	116	1	1299889535
45	116	1	1300292052
45	116	1	1370207843
54	116	1	1397525620
71	116	1	1409341588
62	116	1	1489393273
5	117	1	1184070458
5	118	1	1184070533
5	118	1	1184073043
5	118	1	1184077927
38	118	1	1197677651
50	118	1	1220651224
45	118	1	1229641334
44	118	1	1243023857
44	118	1	1251187060
45	118	1	1256545036
45	118	1	1256836204
45	118	1	1262695954
45	118	1	1262704238
45	118	1	1265051414
45	118	1	1265056128
45	118	1	1272199550
45	118	1	1279148748
51	118	1	1292551110
53	118	1	1337264922
53	118	1	1337431164
57	118	1	1341350516
53	118	1	1357218800
72	118	1	1377421508
47	118	1	1438664045
5	119	1	1184070580
5	120	1	1184070607
5	121	1	1184070709
38	121	1	1197730917
51	121	1	1305237095
41	121	1	1398057270
5	122	1	1184070905
5	122	1	1184071070
5	122	1	1184071119
5	122	1	1184077118
38	122	1	1197676627
50	122	1	1220651919
50	122	1	1220656636
60	122	1	1232751617
44	122	1	1243028795
44	122	1	1255505709
44	122	1	1259749014
45	122	1	1280989930
67	122	1	1294606001
45	122	1	1319773262
53	122	1	1357116286
54	122	1	1397596654
5	123	1	1184071104
5	124	1	1184071152
5	125	1	1184071536
5	126	1	1184071743
5	126	1	1184071794
5	126	1	1184076889
5	126	1	1184079236
5	126	1	1184079963
5	126	1	1184080213
5	126	1	1184100807
5	126	1	1184101222
5	126	1	1184101252
38	126	1	1197676512
73	126	1	1198996919
50	126	1	1220651808
45	126	1	1229650246
44	126	1	1243027237
68	126	1	1285606445
45	126	1	1291585583
46	126	1	1297259996
52	126	1	1310521407
45	126	1	1319770049
53	126	1	1339331107
53	126	1	1351438225
45	126	1	1370335066
41	126	1	1396995899
5	127	1	1184071833
5	128	1	1184071851
5	129	1	1184071920
5	129	1	1184072007
5	129	1	1184073480
5	129	1	1184076257
5	129	1	1184077976
5	129	1	1184321240
38	129	1	1189258337
50	129	1	1220651523
45	129	1	1229635232
44	129	1	1243022972
44	129	1	1244560168
60	129	1	1246206383
44	129	1	1253007836
45	129	1	1254172355
56	129	1	1261593260
45	129	1	1279124558
45	129	1	1285344199
68	129	1	1287165913
74	129	1	1315362731
74	129	1	1315365464
45	129	1	1319811358
53	129	1	1334675783
53	129	1	1339311508
57	129	1	1340321253
53	129	1	1343427621
53	129	1	1357115240
45	129	1	1370203447
54	129	1	1397497061
5	130	1	1184072228
5	130	1	1184072255
5	130	1	1184072275
5	130	1	1184072469
5	130	1	1184074814
5	130	1	1184076002
5	130	1	1184081389
38	130	1	1197678202
50	130	1	1220651716
55	130	1	1237293803
44	130	1	1243023672
44	130	1	1253008231
45	130	1	1262693672
45	130	1	1267845667
53	130	1	1283112452
45	130	1	1319774391
51	130	1	1322669733
51	130	1	1323432419
40	130	1	1343709346
40	130	1	1371244798
75	130	1	1376773739
54	130	1	1397568028
5	131	1	1184072275
5	132	1	1184072358
5	132	1	1184072390
5	132	1	1184073156
5	132	1	1184073250
5	132	1	1184079820
5	132	1	1184100163
5	132	1	1184100640
39	132	1	1299888070
45	132	1	1300281033
53	132	1	1348305349
53	132	1	1351437772
66	132	1	1397653079
5	133	1	1184072554
5	133	1	1184072614
5	133	1	1184072654
38	133	1	1189258130
38	133	1	1197675814
50	133	1	1220651492
55	133	1	1237490386
44	133	1	1243022764
44	133	1	1253007695
45	133	1	1254171338
44	133	1	1259746062
53	133	1	1268245521
60	133	1	1287800969
45	133	1	1330442218
53	133	1	1337695374
57	133	1	1340321199
53	133	1	1347788050
54	133	1	1397394115
5	134	1	1184072711
5	134	1	1184072765
5	135	1	1184072888
38	135	1	1197855686
45	135	1	1300349796
57	135	1	1341349859
47	135	1	1438664055
5	136	1	1184072981
38	136	1	1197847892
45	136	1	1256806932
45	136	1	1359448748
41	136	1	1396995317
5	137	1	1184073120
5	137	1	1184100167
39	137	1	1299888305
76	137	1	1331213322
45	137	1	1378792738
45	137	1	1378894582
41	137	1	1398057420
5	138	1	1184073229
5	138	1	1184076052
5	138	1	1184076940
5	138	1	1184077765
5	138	1	1184078071
5	138	1	1184078135
5	138	1	1184098508
5	138	1	1184100160
5	138	1	1184514855
5	138	1	1184514949
5	138	1	1184514985
5	138	1	1184516218
5	138	1	1184517606
5	138	1	1185015780
38	138	1	1189258091
5	138	1	1194463974
50	138	1	1220651015
44	138	1	1243058329
44	138	1	1244559790
45	138	1	1256518503
60	138	1	1263093613
60	138	1	1263611787
45	138	1	1280986268
39	138	1	1298063514
52	138	1	1310486906
45	138	1	1319796446
56	138	1	1326820074
45	138	1	1330416580
53	138	1	1337349524
41	138	1	1398055518
5	139	1	1184073385
5	140	1	1184073557
5	141	1	1184073602
39	141	1	1303203517
47	141	1	1438664064
5	142	1	1184073622
5	143	1	1184073694
38	143	1	1197844150
60	143	1	1325424869
45	143	1	1359448859
54	143	1	1397407027
5	144	1	1184073787
5	145	1	1184073880
5	146	1	1184073944
5	147	1	1184074069
5	147	1	1184079761
38	147	1	1189257801
38	147	1	1197676031
77	147	1	1213738262
50	147	1	1220650883
50	147	1	1223068767
55	147	1	1237908064
44	147	1	1245595270
44	147	1	1247489148
45	147	1	1254169460
45	147	1	1256481638
45	147	1	1256486551
45	147	1	1256524769
44	147	1	1258047451
53	147	1	1266265117
53	147	1	1267813207
45	147	1	1279118915
61	147	1	1292222075
78	147	1	1293725491
67	147	1	1294601406
46	147	1	1299502889
52	147	1	1313108379
45	147	1	1319760082
56	147	1	1326820540
57	147	1	1340321604
53	147	1	1342108391
40	147	1	1343669505
56	147	1	1365977856
45	147	1	1370204992
75	147	1	1376772897
54	147	1	1397002705
5	148	1	1184074148
5	149	1	1184074210
5	150	1	1184074289
38	150	1	1197855684
47	150	1	1438664075
5	151	1	1184074411
5	152	1	1184074540
5	153	1	1184074626
5	153	1	1184079594
5	154	1	1184074677
5	155	1	1184074707
5	156	1	1184074759
5	157	1	1184074888
5	157	1	1184074913
5	157	1	1184321135
5	157	1	1184321166
38	157	1	1197676144
79	157	1	1219086768
50	157	1	1220651727
45	157	1	1229642877
44	157	1	1243056202
45	157	1	1260227509
45	157	1	1294871851
51	157	1	1303852733
60	157	1	1306462505
60	157	1	1308190640
60	157	1	1309313884
45	157	1	1319760192
80	157	1	1329510940
53	157	1	1339312562
54	157	1	1397509714
81	157	1	1460443393
5	158	1	1184075072
5	158	1	1184100459
38	158	1	1189259834
50	158	1	1220651700
60	158	1	1234408342
43	158	1	1268672377
53	158	1	1275216758
45	158	1	1288573628
45	158	1	1300269586
45	158	1	1300283708
45	158	1	1319856800
56	158	1	1327795913
53	158	1	1334595012
45	158	1	1370334929
54	158	1	1397524750
5	159	1	1184075308
5	159	1	1184075346
5	159	1	1184147238
38	159	1	1189261612
50	159	1	1220651311
44	159	1	1243026617
43	159	1	1246389475
45	159	1	1254226158
45	159	1	1256489662
45	159	1	1256518252
45	159	1	1256529994
45	159	1	1256549364
50	159	1	1270840359
45	159	1	1272192768
45	159	1	1319769971
45	159	1	1319823011
53	159	1	1333279449
41	159	1	1398058180
63	159	1	1495661809
5	160	1	1184075533
5	160	1	1184075570
5	160	1	1184075789
5	160	1	1184326534
38	160	1	1189261565
50	160	1	1220650913
44	160	1	1243023855
45	160	1	1254181785
45	160	1	1288569529
46	160	1	1297261137
45	160	1	1319769818
51	160	1	1322670077
54	160	1	1397505893
82	160	1	1497937267
63	160	1	1497991136
5	161	1	1184075619
38	161	1	1197676635
44	161	1	1243028591
44	161	1	1245596985
44	161	1	1251188379
45	161	1	1256508162
44	161	1	1258052306
45	161	1	1267841537
67	161	1	1294605402
51	161	1	1302423740
45	161	1	1319760372
45	161	1	1319790338
80	161	1	1331585922
40	161	1	1350891603
45	161	1	1359373932
54	161	1	1397574807
5	162	1	1184075689
38	162	1	1197738328
50	162	1	1220651834
45	162	1	1256493655
54	162	1	1397526358
5	163	1	1184075754
38	163	1	1197725366
50	163	1	1220650598
44	163	1	1243023970
45	163	1	1254184094
45	163	1	1267839840
52	163	1	1310536265
52	163	1	1315357182
57	163	1	1340322818
45	163	1	1370215464
54	163	1	1397514584
5	164	1	1184075865
5	165	1	1184075930
39	165	1	1299887404
45	165	1	1300270688
46	165	1	1300279483
45	165	1	1319815873
53	165	1	1333995689
53	165	1	1342108895
54	165	1	1397571470
62	165	1	1489392527
5	166	1	1184076119
5	167	1	1184076362
5	168	1	1184076439
38	168	1	1197676267
44	168	1	1243024527
44	168	1	1251187456
45	168	1	1254215086
53	168	1	1267818501
45	168	1	1275757065
45	168	1	1279125688
60	168	1	1289792065
45	168	1	1297681969
51	168	1	1299036772
45	168	1	1300286151
51	168	1	1302413053
45	168	1	1370205271
45	168	1	1370213739
75	168	1	1376774533
45	168	1	1378759712
54	168	1	1397405290
5	169	1	1184076541
39	169	1	1299889605
60	169	1	1308536482
60	169	1	1310523474
41	169	1	1398365495
47	169	1	1438664086
5	170	1	1184076643
5	171	1	1184077025
5	171	1	1184077054
38	171	1	1189262693
45	171	1	1256807036
50	171	1	1270884393
45	171	1	1294881578
45	171	1	1330437445
54	171	1	1397564465
5	172	1	1184077054
5	173	1	1184077206
5	174	1	1184077441
83	174	1	1309878714
47	174	1	1438664095
5	175	1	1184077523
38	175	1	1197733331
50	175	1	1220651940
45	175	1	1256807245
39	175	1	1299271934
51	175	1	1302423861
45	175	1	1319770082
54	175	1	1397534611
5	176	1	1184077600
39	176	1	1299888556
45	176	1	1300288150
53	176	1	1334592041
54	176	1	1397542722
5	177	1	1184077686
5	177	1	1184077720
5	178	1	1184077885
5	179	1	1184078209
38	179	1	1197675763
44	179	1	1243023876
44	179	1	1253008278
45	179	1	1254182085
45	179	1	1256471477
84	179	1	1258153354
45	179	1	1272202982
45	179	1	1294912655
45	179	1	1297681443
53	179	1	1336927684
53	179	1	1341147377
53	179	1	1351436808
75	179	1	1376769732
54	179	1	1397507073
5	180	1	1184078266
38	180	1	1197679614
50	180	1	1220650591
45	180	1	1267847702
51	180	1	1303855210
54	180	1	1397414221
5	181	1	1184078338
39	181	1	1299888888
46	181	1	1299889319
51	181	1	1300779064
52	181	1	1314572805
45	181	1	1330436930
45	181	1	1330452344
57	181	1	1340322111
53	181	1	1357114972
54	181	1	1397515659
85	181	1	1422727272
5	182	1	1184078963
5	182	1	1184325233
38	182	1	1197675974
50	182	1	1220651956
44	182	1	1243028999
44	182	1	1253010086
44	182	1	1255505837
45	182	1	1256467928
45	182	1	1256491783
45	182	1	1256778069
45	182	1	1256801892
45	182	1	1256803845
45	182	1	1256896874
45	182	1	1275797630
46	182	1	1297537281
45	182	1	1300269187
53	182	1	1351438739
54	182	1	1397540073
5	183	1	1184079051
5	184	1	1184079145
16	184	1	1252782363
5	185	1	1184079176
5	186	1	1184079296
39	186	1	1299888498
45	186	1	1300291975
57	186	1	1340321409
80	186	1	1342447818
45	186	1	1359448943
54	186	1	1397535175
5	187	1	1184079347
39	187	1	1299887342
45	187	1	1300291699
51	187	1	1303851495
45	187	1	1319765355
54	187	1	1397504194
62	187	1	1489393083
82	187	1	1497967533
82	187	1	1497967546
63	187	1	1497990827
63	187	1	1497990882
63	187	1	1497990919
63	187	1	1497990938
63	187	1	1497990950
63	187	1	1497990964
5	188	1	1184079410
38	188	1	1197724466
50	188	1	1220650919
44	188	1	1243023410
45	188	1	1254177678
45	188	1	1256608031
45	188	1	1260257406
51	188	1	1314612787
53	188	1	1334680366
53	188	1	1340391811
40	188	1	1350576633
53	188	1	1351437399
54	188	1	1397497477
86	188	1	1444143208
62	188	1	1489392990
5	189	1	1184079472
5	189	1	1184084889
38	189	1	1197675805
50	189	1	1220651099
45	189	1	1229648209
44	189	1	1243026292
45	189	1	1254224920
45	189	1	1256511939
45	189	1	1256548090
45	189	1	1256837562
53	189	1	1267821072
45	189	1	1279121828
45	189	1	1300282502
51	189	1	1317486106
51	189	1	1322680109
54	189	1	1397499859
5	190	1	1184079521
38	190	1	1197733333
50	190	1	1220651913
45	190	1	1256581967
51	190	1	1310884697
53	190	1	1334597586
54	190	1	1397532291
5	191	1	1184079594
5	192	1	1184079694
5	193	1	1184079906
5	193	1	1184100760
38	193	1	1197727268
50	193	1	1220651824
55	193	1	1237900425
45	193	1	1254231404
45	193	1	1256639547
68	193	1	1285600798
45	193	1	1288606436
45	193	1	1288792779
52	193	1	1315360801
45	193	1	1319770067
53	193	1	1357116382
45	193	1	1370206699
54	193	1	1397517134
5	194	1	1184080275
5	195	1	1184080320
38	195	1	1197676242
44	195	1	1243025317
44	195	1	1253009328
45	195	1	1256496014
45	195	1	1256524020
53	195	1	1283100015
45	195	1	1330486466
80	195	1	1331549675
80	195	1	1333471399
53	195	1	1345898756
54	195	1	1397536163
62	195	1	1489393350
5	196	1	1184080408
39	196	1	1299888333
45	196	1	1300278788
51	196	1	1302412329
45	196	1	1319773365
56	196	1	1327799217
53	196	1	1341147612
57	196	1	1341350491
45	196	1	1370206373
54	196	1	1397393234
62	196	1	1489393139
5	197	1	1184080866
5	197	1	1184080920
5	198	1	1184080901
5	199	1	1184080968
5	200	1	1184080973
5	201	1	1184081165
5	202	1	1184081225
45	202	1	1288782793
53	202	1	1357398617
41	202	1	1398056369
5	203	1	1184081347
5	203	1	1184081418
5	204	1	1184081501
39	204	1	1299887640
45	204	1	1300291378
45	204	1	1300346699
51	204	1	1302410314
80	204	1	1325449224
53	204	1	1339340151
54	204	1	1397514181
5	205	1	1184081575
5	206	1	1184081631
38	206	1	1189258195
38	206	1	1197677570
50	206	1	1220651076
55	206	1	1237039329
44	206	1	1243022776
43	206	1	1246889040
44	206	1	1253007720
45	206	1	1254170484
44	206	1	1258047567
45	206	1	1265051052
45	206	1	1265055512
53	206	1	1267813759
68	206	1	1283871740
67	206	1	1294602035
45	206	1	1297679345
51	206	1	1299028547
45	206	1	1319760004
53	206	1	1351437050
41	206	1	1396995037
5	207	1	1184081837
38	207	1	1197677552
50	207	1	1220651383
44	207	1	1243023488
44	207	1	1245595637
43	207	1	1258505144
45	207	1	1265125689
45	207	1	1272194794
45	207	1	1285332241
45	207	1	1300279918
52	207	1	1310334217
45	207	1	1319813241
53	207	1	1334763785
54	207	1	1397515801
5	208	1	1184081920
38	208	1	1189262447
38	208	1	1197677555
50	208	1	1220651480
87	208	1	1229899192
44	208	1	1243022842
45	208	1	1256471718
45	208	1	1256511528
53	208	1	1267820600
45	208	1	1300307928
51	208	1	1300764807
52	208	1	1310314408
52	208	1	1314572204
80	208	1	1329652033
53	208	1	1357115420
41	208	1	1396995117
5	209	1	1184081986
38	209	1	1189285677
41	209	1	1398055968
5	210	1	1184082098
5	211	1	1184082247
38	211	1	1189267794
45	211	1	1256492866
45	211	1	1256543029
45	211	1	1279180364
45	211	1	1288602913
52	211	1	1310486066
83	211	1	1317140994
80	211	1	1333401740
54	211	1	1397393248
5	212	1	1184082319
38	212	1	1197675791
50	212	1	1220651233
44	212	1	1243056418
45	212	1	1254215412
54	212	1	1397418080
5	213	1	1184082392
38	213	1	1189262305
50	213	1	1220650925
44	213	1	1243022976
88	213	1	1244410803
44	213	1	1244560171
44	213	1	1251186623
44	213	1	1253016912
45	213	1	1294911725
45	213	1	1300278032
53	213	1	1351437549
54	213	1	1397496863
5	214	1	1184082450
5	214	1	1184324978
38	214	1	1197725955
50	214	1	1220650817
45	214	1	1229644467
44	214	1	1243024575
45	214	1	1256546570
84	214	1	1258150629
45	214	1	1288569749
52	214	1	1310549216
51	214	1	1314622012
89	214	1	1322686500
40	214	1	1343708916
45	214	1	1378815082
54	214	1	1397415357
5	215	1	1184082577
50	215	1	1221254944
60	215	1	1254449750
45	215	1	1300298341
51	215	1	1322668520
45	215	1	1370226878
54	215	1	1397512369
62	215	1	1489392963
5	216	1	1184082709
38	216	1	1189258079
50	216	1	1220651010
44	216	1	1243022966
44	216	1	1246984467
45	216	1	1254171683
45	216	1	1256506685
53	216	1	1266083346
51	216	1	1302405891
51	216	1	1303846318
90	216	1	1318899832
53	216	1	1345896940
41	216	1	1398365377
41	216	1	1398473062
62	216	1	1489393299
5	217	1	1184082791
91	217	1	1421663504
91	217	1	1421663536
16	217	1	1421693961
5	218	1	1184083045
39	218	1	1299889100
60	218	1	1299900514
45	218	1	1359377958
45	218	1	1378778773
54	218	1	1397496839
5	219	1	1184083183
5	219	1	1184083240
5	219	1	1184083269
5	220	1	1184083402
5	221	1	1184083907
39	221	1	1299889248
54	221	1	1397288523
5	222	1	1184084136
5	223	1	1184084304
5	224	1	1184084410
5	225	1	1184084509
5	225	1	1184100176
5	225	1	1184100562
39	225	1	1299888721
56	225	1	1300539486
51	225	1	1300776170
51	225	1	1302419642
51	225	1	1318977020
45	225	1	1319813910
53	225	1	1343420367
53	225	1	1351438458
45	225	1	1370212461
66	225	1	1398015934
5	226	1	1184084533
5	227	1	1184084697
38	227	1	1189257969
38	227	1	1197729752
44	227	1	1243066299
44	227	1	1244560301
45	227	1	1291585211
53	227	1	1333278115
53	227	1	1335798233
57	227	1	1340322377
54	227	1	1397583489
5	228	1	1184084823
39	228	1	1299887737
45	228	1	1300284515
53	228	1	1338623106
45	228	1	1370227732
54	228	1	1397556178
5	229	1	1184084940
38	229	1	1189268107
73	229	1	1218322224
87	229	1	1229902862
44	229	1	1243055933
44	229	1	1255506350
45	229	1	1267847712
53	229	1	1357222529
56	229	1	1366003497
45	229	1	1378778341
54	229	1	1397529935
5	230	1	1184085010
38	230	1	1197680328
50	230	1	1221258476
45	230	1	1229648366
60	230	1	1234408282
60	230	1	1238037244
60	230	1	1239243184
44	230	1	1251187943
45	230	1	1254224528
45	230	1	1256553517
45	230	1	1256610203
53	230	1	1271873580
45	230	1	1272200325
45	230	1	1297682889
51	230	1	1302417813
45	230	1	1319770009
80	230	1	1333465588
80	230	1	1333471129
53	230	1	1337613921
53	230	1	1340291895
53	230	1	1345282275
54	230	1	1397503488
5	231	1	1184091407
5	232	1	1184091432
42	232	1	1209189116
5	233	1	1184092152
5	234	1	1184096445
11	234	1	1188898628
11	234	1	1188898636
11	234	1	1188900155
5	234	1	1188910013
5	234	1	1188910087
11	234	1	1190122376
11	234	1	1190122388
5	234	1	1190197935
5	235	1	1184098259
5	235	1	1184098444
5	235	1	1184325469
38	235	1	1197676240
50	235	1	1220651620
45	235	1	1229646871
60	235	1	1232755029
44	235	1	1253009319
45	235	1	1256470886
45	235	1	1256488788
45	235	1	1256525219
45	235	1	1265048381
45	235	1	1279121397
45	235	1	1280991290
51	235	1	1303859226
51	235	1	1323437616
53	235	1	1334167981
41	235	1	1396995782
92	235	1	1412882582
92	235	1	1412882639
5	236	1	1184098400
38	236	1	1189258174
50	236	1	1220651085
45	236	1	1254170970
45	236	1	1265059233
45	236	1	1300325140
45	236	1	1319886700
80	236	1	1329508545
40	236	1	1343348955
45	236	1	1378778461
41	236	1	1396995197
82	236	1	1497967811
63	236	1	1497991185
5	237	1	1184098586
5	238	1	1184098651
45	238	1	1254084791
68	238	1	1287612742
54	238	1	1397386741
5	239	1	1184098716
5	240	1	1184099335
38	240	1	1197675727
50	240	1	1220651832
44	240	1	1243028001
45	240	1	1256627651
53	240	1	1283105164
45	240	1	1291585676
45	240	1	1300349586
51	240	1	1314631476
51	240	1	1323440918
53	240	1	1347100357
53	240	1	1357116044
53	240	1	1358089516
45	240	1	1370219918
41	240	1	1398058741
5	241	1	1184099353
5	242	1	1184099476
5	243	1	1184099588
45	243	1	1229646915
45	243	1	1256806983
45	243	1	1319769879
45	243	1	1359377986
54	243	1	1397544163
5	244	1	1184099633
5	244	1	1184099720
5	244	1	1184099749
38	244	1	1197675956
29	244	1	1213750397
50	244	1	1220651966
44	244	1	1243028913
44	244	1	1246987325
44	244	1	1251188470
44	244	1	1255505769
45	244	1	1256474860
45	244	1	1256492735
45	244	1	1262949657
60	244	1	1265168115
45	244	1	1279127883
45	244	1	1280992171
53	244	1	1283112152
51	244	1	1302424221
40	244	1	1343669925
53	244	1	1357139401
53	244	1	1357144441
53	244	1	1357294035
54	244	1	1397536047
5	245	1	1184099806
5	246	1	1184099869
5	246	1	1184325563
38	246	1	1197724464
50	246	1	1220650716
44	246	1	1255503412
45	246	1	1256807085
45	246	1	1262709664
45	246	1	1262955538
45	246	1	1294881341
51	246	1	1314613414
57	246	1	1340323071
53	246	1	1345286498
53	246	1	1357114760
45	246	1	1370210303
54	246	1	1397500852
5	247	1	1184099947
5	247	1	1184325309
38	247	1	1197730784
50	247	1	1220650906
45	247	1	1256493298
68	247	1	1285528859
51	247	1	1317469478
53	247	1	1333276757
53	247	1	1357226853
54	247	1	1397514703
5	248	1	1184100005
38	248	1	1197726860
50	248	1	1220651904
45	248	1	1256548868
45	248	1	1256807225
53	248	1	1283106258
68	248	1	1287782431
45	248	1	1288790619
45	248	1	1288791369
45	248	1	1294881786
52	248	1	1310367775
45	248	1	1319765443
60	248	1	1361243870
54	248	1	1397525818
5	249	1	1184100084
5	249	1	1184149820
5	249	1	1185016042
5	250	1	1184100117
39	250	1	1299887978
40	250	1	1343404817
75	250	1	1377639720
45	250	1	1378780934
66	250	1	1397806625
5	251	1	1184100382
5	252	1	1184100502
5	252	1	1184100517
5	253	1	1184100517
5	254	1	1184100709
38	254	1	1189267418
38	254	1	1197679353
44	254	1	1253016731
45	254	1	1254169649
44	254	1	1255502917
45	254	1	1267890232
45	254	1	1319867265
53	254	1	1335623174
57	254	1	1340321103
53	254	1	1345289578
45	254	1	1370205965
41	254	1	1396995237
5	255	1	1184100854
45	255	1	1319769661
47	255	1	1438664106
5	256	1	1184100924
38	256	1	1197678193
50	256	1	1220650901
50	256	1	1221255991
43	256	1	1268674766
45	256	1	1288784739
45	256	1	1319767116
53	256	1	1333276923
53	256	1	1357114645
45	256	1	1370227089
54	256	1	1397524420
5	257	1	1184101021
45	257	1	1254126132
45	257	1	1291585877
45	257	1	1294881978
45	257	1	1330438297
45	257	1	1330445538
56	257	1	1366011804
54	257	1	1397536792
5	258	1	1184101149
38	258	1	1197678195
44	258	1	1251358689
45	258	1	1256807047
45	258	1	1275764143
51	258	1	1296313823
52	258	1	1310335957
52	258	1	1314575329
54	258	1	1397569767
5	259	1	1184101302
5	260	1	1184101417
45	260	1	1319769823
47	260	1	1438664116
5	261	1	1184149870
5	262	1	1184320964
38	262	1	1197849884
40	262	1	1343368043
82	262	1	1497967296
82	262	1	1497967322
82	262	1	1497967342
82	262	1	1497967364
63	262	1	1497991203
5	263	1	1184321290
91	263	1	1421663792
16	263	1	1421693243
5	264	1	1184321353
5	264	1	1184324575
38	264	1	1189258316
44	264	1	1243022863
68	264	1	1285959581
45	264	1	1319769715
80	264	1	1325439821
53	264	1	1336319112
45	264	1	1359376496
41	264	1	1396995277
5	265	1	1184321439
5	265	1	1184321490
5	265	1	1184321725
5	265	1	1184321811
5	265	1	1184323911
5	265	1	1184324024
5	265	1	1184324155
5	265	1	1184324225
5	265	1	1184326843
5	265	1	1184326959
5	265	1	1184609319
5	265	1	1185979586
5	266	1	1184321527
5	267	1	1184321576
5	268	1	1184321579
5	269	1	1184321910
5	270	1	1184321915
5	271	1	1184321918
5	272	1	1184321922
39	272	1	1303203048
52	272	1	1315281619
41	272	1	1397015592
5	273	1	1184321925
39	273	1	1303203368
52	273	1	1315281569
45	273	1	1320083921
53	273	1	1357639341
65	273	1	1394726805
41	273	1	1396993231
5	274	1	1184321929
5	275	1	1184322039
5	276	1	1184322103
5	277	1	1184323302
38	277	1	1197727270
44	277	1	1255505430
45	277	1	1256807235
68	277	1	1285962763
54	277	1	1397516649
5	278	1	1184323339
5	279	1	1184324377
39	279	1	1299928279
52	279	1	1315281599
93	279	1	1390736626
41	279	1	1396993351
5	280	1	1184324391
5	281	1	1184324398
5	282	1	1184324403
5	283	1	1184324407
11	283	1	1189063213
11	283	1	1189063224
5	284	1	1184324426
5	285	1	1184324452
5	286	1	1184324456
5	287	1	1184324459
5	288	1	1184324478
5	289	1	1184324481
5	290	1	1184324492
5	291	1	1184324512
5	292	1	1184324601
5	293	1	1184324604
5	293	1	1184324648
94	293	1	1415818897
94	293	1	1415818922
94	293	1	1415819400
94	293	1	1415819420
5	294	1	1184324675
5	295	1	1184324730
38	295	1	1189267424
50	295	1	1220650678
44	295	1	1253016739
45	295	1	1256606254
45	295	1	1256632590
45	295	1	1288781929
45	295	1	1291584925
46	295	1	1301155902
52	295	1	1310310568
53	295	1	1339329594
57	295	1	1340321046
53	295	1	1342805080
53	295	1	1357115546
41	295	1	1396995157
5	296	1	1184324798
38	296	1	1197675854
50	296	1	1220651829
50	296	1	1223699708
44	296	1	1243028235
45	296	1	1279132822
45	296	1	1285336385
45	296	1	1291599625
89	296	1	1320934329
53	296	1	1333280329
53	296	1	1341313043
40	296	1	1343339011
40	296	1	1349828828
45	296	1	1370221015
54	296	1	1397516749
5	297	1	1184324849
38	297	1	1197676140
50	297	1	1220650822
45	297	1	1229643163
44	297	1	1243056167
44	297	1	1251359005
45	297	1	1256493398
45	297	1	1267847874
54	297	1	1397524025
5	298	1	1184324860
5	299	1	1184324864
39	299	1	1303202174
52	299	1	1315281857
45	299	1	1330351135
40	299	1	1347140446
53	299	1	1357645156
41	299	1	1396992961
5	300	1	1184324873
5	301	1	1184324926
38	301	1	1189258701
50	301	1	1220651688
45	301	1	1229639314
55	301	1	1237546593
44	301	1	1243023521
45	301	1	1254166660
68	301	1	1285529542
51	301	1	1299204093
46	301	1	1299445009
51	301	1	1305235066
51	301	1	1310873724
45	301	1	1319813342
53	301	1	1341077597
40	301	1	1350641098
40	301	1	1350834132
53	301	1	1352110890
54	301	1	1397519068
62	301	1	1489392909
5	302	1	1184325088
39	302	1	1299889355
53	302	1	1348305108
40	302	1	1349829989
41	302	1	1398056569
5	303	1	1184325163
5	304	1	1184325185
5	305	1	1184325337
5	305	1	1184325359
5	306	1	1184325365
5	307	1	1184325419
50	307	1	1221253903
50	307	1	1224800506
95	307	1	1320681734
57	307	1	1340322554
54	307	1	1397546665
96	307	1	1413129959
29	307	1	1413130481
5	308	1	1184325478
5	309	1	1184325482
5	310	1	1184325485
5	311	1	1184325587
5	312	1	1184325592
5	313	1	1184325653
5	313	1	1184325680
5	313	1	1188911992
39	313	1	1299889642
39	313	1	1299889684
45	313	1	1300292353
51	313	1	1322678744
53	313	1	1343419956
97	313	1	1355797902
45	313	1	1370206512
54	313	1	1397561354
5	314	1	1184325680
44	314	1	1301566863
5	315	1	1184325755
5	316	1	1184325770
5	317	1	1184325857
38	317	1	1189259800
50	317	1	1220650963
45	317	1	1254221361
45	317	1	1256510308
45	317	1	1279136932
51	317	1	1303860022
45	317	1	1330486618
45	317	1	1370205338
95	317	1	1395072312
54	317	1	1397563370
5	318	1	1184326095
38	318	1	1197742307
54	318	1	1397426259
5	319	1	1184326131
5	320	1	1184326434
5	321	1	1184326439
39	321	1	1303202982
47	321	1	1438664126
5	322	1	1184326442
5	323	1	1184326445
5	324	1	1184326449
5	325	1	1184326454
5	326	1	1184326457
5	327	1	1184326462
5	328	1	1184326466
5	329	1	1184326470
5	330	1	1184326474
5	331	1	1184326479
5	332	1	1184326483
5	333	1	1184326487
5	334	1	1184326492
5	335	1	1184360766
5	336	1	1184515124
5	337	1	1184515158
5	338	1	1184515169
5	339	1	1184516076
5	340	1	1184561828
5	340	1	1184561854
5	341	1	1185051582
38	341	1	1189258021
38	341	1	1197675742
50	341	1	1220650976
50	341	1	1220681770
44	341	1	1243055924
44	341	1	1244559839
45	341	1	1260261821
45	341	1	1265054899
45	341	1	1280994051
45	341	1	1280998349
45	341	1	1288565825
51	341	1	1300764507
45	341	1	1319766532
45	341	1	1319774491
53	341	1	1335967047
57	341	1	1340320864
29	341	1	1347814510
53	341	1	1351436581
41	341	1	1396994997
82	341	1	1497937145
82	341	1	1497937166
63	341	1	1497937208
5	342	1	1185099527
5	342	1	1185099653
38	342	1	1189268551
50	342	1	1220650663
44	342	1	1253021249
45	342	1	1280996497
51	342	1	1303848514
51	342	1	1318968377
80	342	1	1331581633
54	342	1	1397282232
5	343	1	1185099670
5	344	1	1185253342
43	344	1	1302883357
44	344	1	1311105990
53	344	1	1334600146
53	344	1	1357632356
43	344	1	1363444721
47	344	1	1438664135
47	344	1	1438953545
98	345	1	1185853977
98	346	1	1185854371
99	346	1	1290804426
5	347	1	1185914757
5	347	1	1185915121
100	348	1	1186420755
101	349	1	1186519919
5	350	1	1186595444
5	351	1	1186595731
5	352	1	1186595765
5	353	1	1186596007
5	353	1	1188053709
5	354	1	1186596082
5	355	1	1186596150
5	356	1	1186596257
5	356	1	1186596322
5	356	1	1186596391
5	357	1	1186596272
5	358	1	1186596313
5	358	1	1186596401
5	358	1	1186596940
5	359	1	1186596746
5	360	1	1186596813
5	361	1	1186597053
5	362	1	1186597061
5	363	1	1186597270
5	364	1	1186597715
5	365	1	1186597731
5	365	1	1187004104
5	366	1	1186597773
5	367	1	1186597788
5	368	1	1186598268
5	369	1	1186599745
5	369	1	1187096479
5	369	1	1188084421
5	369	1	1188493372
5	369	1	1188493578
5	370	1	1186603699
5	370	1	1186603763
5	370	1	1188493229
5	370	1	1188493705
5	370	1	1188493847
5	371	1	1186604160
5	371	1	1186604429
5	371	1	1186604618
5	371	1	1186604666
5	371	1	1186604712
5	371	1	1186655260
5	371	1	1186655377
5	371	1	1186655655
5	371	1	1186655903
5	371	1	1186655996
5	371	1	1188054863
5	372	1	1186656073
5	372	1	1186657118
5	372	1	1189093102
5	372	1	1189093160
63	372	1	1497384976
5	373	1	1186656117
5	374	1	1186656159
5	375	1	1186656279
5	375	1	1186657110
5	376	1	1186657357
5	376	1	1186657410
5	376	1	1186657507
5	376	1	1186657593
5	376	1	1186657616
5	377	1	1186657400
5	378	1	1186658157
5	379	1	1186658540
5	379	1	1186658573
5	379	1	1188910100
5	380	1	1186658639
5	381	1	1186658683
5	382	1	1186658845
5	383	1	1186858353
5	384	1	1186858388
102	384	1	1191098614
5	385	1	1186935303
5	385	1	1186935450
5	386	1	1187002459
5	387	1	1187002569
5	388	1	1187002683
5	389	1	1187002901
5	390	1	1187003293
5	391	1	1187003352
5	392	1	1187003369
5	393	1	1187003699
5	394	1	1187004012
5	395	1	1187004139
5	396	1	1187004368
5	397	1	1187004667
5	398	1	1187004764
5	398	1	1187436265
5	399	1	1187004987
5	400	1	1187005052
5	401	1	1187005280
5	402	1	1187005287
5	403	1	1187005518
5	404	1	1187005543
5	404	1	1188727499
5	404	1	1188727692
5	404	1	1191784030
103	404	1	1297984327
103	404	1	1297984646
103	404	1	1398711450
5	405	1	1187005599
5	406	1	1187005641
5	407	1	1187005852
5	408	1	1187005909
5	408	1	1187006038
5	408	1	1187006098
5	409	1	1187005971
5	410	1	1187006044
5	410	1	1187006101
5	411	1	1187006197
5	412	1	1187006278
5	413	1	1187006329
5	414	1	1187006407
5	415	1	1187006460
5	415	1	1187006494
5	416	1	1187006556
5	417	1	1187006599
5	418	1	1187006695
5	419	1	1187006811
5	420	1	1187006843
5	421	1	1187006884
5	422	1	1187006970
5	423	1	1187006979
5	424	1	1187007001
5	425	1	1187007437
5	426	1	1187007444
5	427	1	1187007663
5	428	1	1187007788
5	429	1	1187008019
104	429	1	1289955321
104	429	1	1291479166
104	429	1	1295308013
105	429	1	1327709129
106	429	1	1337664160
106	429	1	1342548982
106	429	1	1349131621
106	429	1	1360200878
5	430	1	1187008178
5	431	1	1187008225
5	432	1	1187008295
5	433	1	1187008398
5	434	1	1187008438
5	435	1	1187008675
5	436	1	1187008792
5	437	1	1187008952
5	438	1	1187008989
5	439	1	1187008995
5	440	1	1187009054
5	441	1	1187009640
5	442	1	1187009660
5	443	1	1187024960
5	444	1	1187024972
5	445	1	1187024982
5	446	1	1187025091
5	447	1	1187436626
5	447	1	1187436675
5	447	1	1187438478
5	448	1	1187436689
5	449	1	1187438906
5	450	1	1187438920
5	451	1	1188051823
5	452	1	1188051905
5	452	1	1188051938
5	453	1	1188052138
5	454	1	1188052289
5	455	1	1188052305
5	456	1	1188052316
5	457	1	1188052329
5	458	1	1188052341
5	459	1	1188052354
5	460	1	1188052983
5	461	1	1188053326
5	462	1	1188053407
5	463	1	1188053471
5	464	1	1188053496
5	465	1	1188053834
5	466	1	1188053841
5	467	1	1188053953
5	468	1	1188054394
5	469	1	1188054544
5	469	1	1188054570
5	470	1	1188054760
5	471	1	1188054774
5	472	1	1188055064
5	472	1	1188932080
5	472	1	1188932809
5	472	1	1189022161
5	472	1	1189022244
5	472	1	1189022431
5	472	1	1189022502
11	473	1	1188373440
11	474	1	1188373485
5	474	1	1188411137
5	474	1	1188422032
5	474	1	1188746658
5	475	1	1188411106
11	475	1	1188412568
5	475	1	1188419562
5	475	1	1188419821
5	476	1	1188422001
5	476	1	1188487730
38	476	1	1197732048
38	476	1	1197743326
45	476	1	1256524149
45	476	1	1256807145
53	476	1	1266086252
45	476	1	1275764371
45	476	1	1279136662
45	476	1	1279156246
45	476	1	1279163144
45	476	1	1288826452
45	476	1	1291585151
52	476	1	1310517987
53	476	1	1342960231
53	476	1	1357115895
56	476	1	1366009023
75	476	1	1377540783
45	476	1	1379158192
54	476	1	1397374828
107	476	1	1494719052
107	476	1	1494719068
11	477	1	1188457627
11	477	1	1188457695
5	477	1	1188484795
5	477	1	1188746409
5	477	1	1188910302
5	477	1	1188912032
38	477	1	1197735233
45	477	1	1260227315
68	477	1	1279797639
45	477	1	1300346378
41	477	1	1398056869
5	478	1	1188485043
5	479	1	1188485998
5	479	1	1188486624
5	479	1	1188487120
5	479	1	1188487943
5	479	1	1188488169
5	479	1	1188488401
5	479	1	1188488576
5	479	1	1188488716
5	479	1	1188488833
5	479	1	1188489331
5	479	1	1188489483
5	479	1	1188492028
5	479	1	1188493163
29	479	1	1194889617
108	479	1	1324286467
109	479	1	1415289841
109	479	1	1415290431
109	479	1	1415374907
5	480	1	1188487066
5	480	1	1188744927
5	480	1	1188746461
5	481	1	1188487243
5	481	1	1188493248
5	482	1	1188492138
5	482	1	1188507596
5	482	1	1188507832
5	483	1	1188492338
5	484	1	1188492375
5	485	1	1188492411
5	485	1	1188492446
5	486	1	1188507712
5	486	1	1188507841
5	487	1	1188507970
5	488	1	1188508083
5	488	1	1188508106
5	488	1	1188508256
5	488	1	1188508274
5	488	1	1188508423
5	488	1	1189340317
5	489	1	1188508172
5	490	1	1188671492
5	491	1	1188671845
5	491	1	1188672209
5	491	1	1188672600
5	491	1	1188673129
5	491	1	1188673460
5	491	1	1188674322
5	491	1	1188674647
5	491	1	1188674863
5	491	1	1188675210
5	491	1	1188675455
5	491	1	1188675744
5	491	1	1188680908
5	491	1	1188727720
5	491	1	1188727930
5	491	1	1188728006
5	491	1	1188747407
5	491	1	1188747568
5	491	1	1188747896
5	491	1	1188748126
5	491	1	1188748491
5	491	1	1188754230
5	491	1	1188764482
5	491	1	1188764529
5	491	1	1191783966
103	491	1	1297984605
103	491	1	1297985037
103	491	1	1297987613
103	491	1	1297987674
103	491	1	1297989345
103	491	1	1298409536
105	491	1	1327709128
110	491	1	1345391797
103	491	1	1398711218
103	491	1	1464637348
5	492	1	1188744310
5	493	1	1188744489
5	494	1	1188744572
5	495	1	1188744595
5	496	1	1188745449
5	496	1	1188745488
5	496	1	1188745550
5	496	1	1188746448
5	496	1	1188910183
5	497	1	1188746557
5	498	1	1188767345
5	498	1	1188767405
5	498	1	1189092788
5	499	1	1188767354
5	499	1	1188767398
5	499	1	1189092971
5	500	1	1188767487
5	501	1	1188767925
5	502	1	1188767933
5	503	1	1188824885
5	503	1	1188824918
11	504	1	1188898917
11	504	1	1188898949
5	504	1	1190621910
11	505	1	1188899793
5	506	1	1188910699
5	507	1	1188912242
5	507	1	1188912294
5	507	1	1188912336
5	507	1	1189053905
5	508	1	1189022590
11	509	1	1189062489
11	509	1	1189062524
11	509	1	1189062535
38	509	1	1189268220
5	509	1	1189973417
45	509	1	1256806960
34	509	1	1277585117
51	509	1	1314610772
53	509	1	1335901153
54	509	1	1397567032
62	509	1	1489392840
63	509	1	1497628398
63	509	1	1497628460
11	510	1	1189063048
39	510	1	1299927998
44	510	1	1311104618
52	510	1	1315314299
52	510	1	1315348624
45	510	1	1320078737
53	510	1	1333646022
41	510	1	1396992861
11	511	1	1189063112
11	511	1	1189063123
39	511	1	1299928215
41	511	1	1397015622
63	511	1	1495662469
11	512	1	1189063191
63	512	1	1495662509
11	513	1	1189063235
39	513	1	1303203094
44	513	1	1311105758
52	513	1	1315356532
47	513	1	1438664146
63	513	1	1495662487
5	514	1	1189092915
11	515	1	1189151250
38	515	1	1197677534
50	515	1	1220650952
50	515	1	1223070934
44	515	1	1245595755
44	515	1	1251187094
45	515	1	1254182686
44	515	1	1255503631
45	515	1	1256506395
53	515	1	1267817447
45	515	1	1275791318
45	515	1	1285334626
52	515	1	1310337757
52	515	1	1315352287
53	515	1	1342109225
53	515	1	1342270734
53	515	1	1344069425
54	515	1	1397509365
12	516	1	1189258656
5	517	1	1189270837
22	518	1	1494755351
5	519	1	1189973371
5	520	1	1190621799
5	520	1	1190621890
102	521	1	1191098590
111	523	1	1191511941
5	524	1	1191783835
103	524	1	1297987745
103	524	1	1297987909
105	524	1	1345850794
5	525	1	1191783907
103	525	1	1297984876
105	525	1	1327709127
105	525	1	1345313173
103	525	1	1398711164
103	525	1	1464637445
112	526	1	1191891252
113	526	1	1279294056
5	527	1	1191959444
113	527	1	1279294057
5	528	1	1191959448
114	529	1	1192528149
114	529	1	1198974176
39	530	1	1299888375
45	530	1	1300273982
51	530	1	1305237780
51	530	1	1317470085
45	530	1	1330427604
45	530	1	1378764509
54	530	1	1397375467
11	531	1	1195922339
11	531	1	1195922371
39	531	1	1299887573
45	531	1	1300290396
53	531	1	1357114234
29	531	1	1391118584
41	531	1	1398057219
11	532	1	1195922700
115	533	1	1196572789
11	534	1	1197746275
116	535	1	1197973492
73	536	1	1199001346
73	537	1	1199001361
117	538	1	1200366859
117	539	1	1200366862
118	540	1	1200939835
118	541	1	1200939841
119	542	1	1203181782
120	551	1	1204208472
6	552	1	1204210596
119	553	1	1204508607
121	554	1	1204513395
11	555	1	1204554520
11	555	1	1204554552
11	556	1	1204554816
122	557	1	1206637012
118	558	1	1208479733
118	558	1	1210091853
16	558	1	1225432222
39	559	1	1299927878
80	559	1	1329648615
40	559	1	1350876734
45	559	1	1359541521
41	559	1	1397015501
123	560	1	1209829882
99	560	1	1290804417
124	561	1	1211121596
16	561	1	1277173881
16	561	1	1277175277
125	562	1	1211728621
59	563	1	1211738850
59	564	1	1211739119
126	565	1	1212304929
126	565	1	1250282345
42	566	1	1212353387
127	567	1	1212472706
127	568	1	1212472829
128	569	1	1212714314
128	569	1	1216946218
128	569	1	1216946257
128	569	1	1349132794
128	569	1	1349162921
128	569	1	1349458242
128	569	1	1372116680
129	569	1	1437955515
130	570	1	1213740301
130	570	1	1213786410
130	570	1	1250590570
130	570	1	1264522025
130	570	1	1293285995
130	570	1	1372515202
131	571	1	1213954205
16	571	1	1277247779
130	572	1	1214142447
132	573	1	1218989573
132	573	1	1232307927
133	574	1	1220655602
133	574	1	1271668305
133	575	1	1220655630
133	576	1	1220655641
133	577	1	1220655653
133	578	1	1220655664
133	579	1	1220655675
133	580	1	1220655684
133	581	1	1220655693
133	582	1	1220656143
133	582	1	1256956517
16	582	1	1421018871
133	583	1	1220656173
133	584	1	1220656203
133	585	1	1220656219
133	586	1	1220656275
133	587	1	1220656290
133	588	1	1220656296
133	589	1	1220656302
133	590	1	1220656326
133	590	1	1271668375
134	591	1	1222622920
135	592	1	1223386789
135	592	1	1223506802
136	593	1	1224419941
16	593	1	1225586228
16	594	1	1225174363
16	595	1	1225271432
137	596	1	1225302787
137	597	1	1225308661
137	598	1	1225312551
16	599	1	1225342771
137	600	1	1225360866
137	600	1	1226318513
137	600	1	1226318729
137	601	1	1225369464
137	602	1	1225373014
137	602	1	1225374080
16	603	1	1225407868
137	604	1	1225450568
137	604	1	1225474536
137	604	1	1225583011
137	604	1	1225598015
137	604	1	1225649316
137	604	1	1225680756
137	604	1	1225721437
137	604	1	1225772869
137	604	1	1225831155
137	604	1	1225859050
137	604	1	1225875114
137	604	1	1226004259
137	604	1	1226376979
137	604	1	1226403191
137	604	1	1226482771
137	604	1	1226496772
137	604	1	1226597574
137	604	1	1227101519
137	604	1	1227875524
137	604	1	1229409163
137	604	1	1230222627
137	604	1	1230237174
137	604	1	1230766329
137	604	1	1231577653
137	604	1	1232065969
137	604	1	1232469243
137	604	1	1232476546
137	604	1	1233054620
137	604	1	1233095591
137	604	1	1233120833
137	604	1	1233207168
137	604	1	1233554829
137	604	1	1234445999
137	604	1	1234946083
137	604	1	1235324120
137	604	1	1235493231
137	604	1	1236126713
137	604	1	1237332520
137	604	1	1237337268
137	604	1	1237337916
137	604	1	1238042026
137	604	1	1238715255
137	604	1	1240461173
82	604	1	1497936319
82	604	1	1497936421
82	604	1	1497936733
16	605	1	1225531884
16	606	1	1225682113
16	607	1	1225773616
16	608	1	1225863109
137	609	1	1225926167
137	609	1	1225940022
137	610	1	1225939447
137	610	1	1225940269
137	610	1	1225941771
137	611	1	1225954228
137	611	1	1225956080
137	611	1	1226308591
137	612	1	1226219253
138	613	1	1226446581
16	613	1	1323050352
139	614	1	1226490873
139	615	1	1226502250
16	616	1	1226545177
16	617	1	1227251684
16	618	1	1227886139
140	619	1	1229317229
141	620	1	1229701163
141	621	1	1229701324
142	622	1	1229950872
15	624	1	1233698330
16	624	1	1233700287
16	625	1	1234152019
16	626	1	1234567077
16	627	1	1235277244
16	628	1	1235281114
143	629	1	1237039079
137	630	1	1237294137
16	631	1	1237617812
144	632	1	1237740641
145	633	1	1237741686
99	633	1	1290804511
43	634	1	1238739494
43	635	1	1238739504
16	636	1	1239507417
16	637	1	1239580427
16	638	1	1239583962
16	639	1	1240009439
16	640	1	1240017118
16	641	1	1240080479
16	642	1	1240089842
146	643	1	1242926090
146	643	1	1281013788
44	644	1	1243020640
44	644	1	1243021962
44	644	1	1243426849
44	644	1	1291929277
147	645	1	1243469215
147	645	1	1268123263
147	645	1	1268123328
147	645	1	1296945833
148	646	1	1244232937
148	646	1	1252616211
149	647	1	1244733076
150	648	1	1246046064
151	648	1	1444683413
150	649	1	1246046073
150	650	1	1246046077
152	651	1	1246612633
58	651	1	1429200856
153	652	1	1248100271
16	653	1	1251838987
16	654	1	1252736898
16	655	1	1252745734
16	656	1	1252817292
141	657	1	1254181925
141	657	1	1255553198
141	657	1	1255553239
22	657	1	1400531908
154	658	1	1256128892
155	659	1	1256582035
99	659	1	1290804436
156	660	1	1256949111
156	660	1	1315165369
157	661	1	1256974501
158	662	1	1257081748
159	663	1	1257283072
160	664	1	1257309535
161	665	1	1259856098
162	665	1	1334638877
163	666	1	1260518261
164	667	1	1263891418
164	667	1	1263891474
164	667	1	1356783399
16	668	1	1264238083
122	669	1	1264307556
16	670	1	1264468089
16	671	1	1264473945
16	672	1	1264552684
16	673	1	1264721960
16	674	1	1264732791
16	675	1	1264919679
16	676	1	1264922176
16	677	1	1264923825
165	678	1	1265060602
165	679	1	1265060623
53	680	1	1266217814
19	680	1	1266218003
53	681	1	1266217894
16	682	1	1266707024
16	682	1	1379473992
16	683	1	1266718018
147	684	1	1268123334
166	685	1	1268600753
167	686	1	1269957345
168	687	1	1270195838
168	687	1	1379155172
168	688	1	1270470967
168	688	1	1379155168
168	689	1	1270660090
168	689	1	1379155165
169	690	1	1271066743
16	691	1	1271124941
16	692	1	1271127420
170	693	1	1276237162
16	694	1	1276992862
16	695	1	1277066656
16	696	1	1277159404
16	697	1	1277168392
16	698	1	1277179360
16	699	1	1277180840
16	700	1	1277579411
16	700	1	1289087763
171	700	1	1308757494
171	700	1	1309105768
171	700	1	1322673343
171	700	1	1356640306
171	700	1	1356640694
171	700	1	1356641173
171	700	1	1356691963
172	701	1	1277603840
103	702	1	1278454790
113	703	1	1279294056
113	704	1	1279294057
173	705	1	1280630396
16	706	1	1280796205
16	707	1	1280800220
174	708	1	1280960431
174	708	1	1281006256
174	709	1	1281097352
16	710	1	1281149616
16	711	1	1281153710
16	712	1	1281155312
16	713	1	1281158705
174	714	1	1281182973
16	714	1	1289145640
171	714	1	1308798114
171	714	1	1309109538
171	714	1	1356640503
171	714	1	1356640903
171	714	1	1356641159
16	715	1	1281233089
16	716	1	1281234867
174	717	1	1281258698
99	718	1	1281990539
99	719	1	1281990550
175	720	1	1282432321
16	721	1	1283021128
104	722	1	1283392069
104	722	1	1284616363
111	722	1	1408317605
16	723	1	1283393651
176	723	1	1395593654
104	724	1	1283409900
136	725	1	1284220665
177	726	1	1285019489
104	727	1	1285794032
178	728	1	1286349628
178	728	1	1286350120
178	728	1	1286350414
178	728	1	1286350849
39	728	1	1303202815
52	728	1	1315281670
45	728	1	1330334377
40	728	1	1349949180
93	728	1	1395869299
41	728	1	1396993011
178	729	1	1286350652
178	729	1	1286350780
178	729	1	1286351007
45	729	1	1319770050
57	729	1	1340321323
57	729	1	1340321368
54	729	1	1397502390
104	730	1	1286350993
179	731	1	1286979287
16	732	1	1287261906
16	733	1	1289158708
16	734	1	1289173366
61	735	1	1291889010
180	736	1	1293126605
180	736	1	1293127194
180	736	1	1293129155
180	736	1	1293189808
180	737	1	1293126701
180	737	1	1293129130
180	737	1	1293190637
99	738	1	1293737115
181	739	1	1294088507
16	740	1	1296442944
16	740	1	1333238155
182	740	1	1390288505
16	741	1	1296449009
16	742	1	1296529178
16	743	1	1296617542
46	744	1	1296648812
16	745	1	1296784368
16	746	1	1298435983
39	747	1	1299888667
39	748	1	1299889403
39	748	1	1299889462
39	749	1	1299889427
39	750	1	1299889684
183	751	1	1300988376
184	752	1	1301499854
16	753	1	1301870210
104	754	1	1302756924
16	755	1	1302978389
99	755	1	1331469434
16	756	1	1302982855
16	757	1	1302994710
16	758	1	1303351367
185	759	1	1303657006
185	759	1	1320324185
16	759	1	1346639652
186	760	1	1304162374
187	761	1	1304399029
16	762	1	1305157350
16	762	1	1333912100
188	763	1	1306224233
188	763	1	1314526661
188	763	1	1314526815
104	765	1	1306520630
189	766	1	1307395407
190	766	1	1332349636
191	767	1	1308065980
191	767	1	1331360288
191	767	1	1331361402
191	767	1	1400724933
191	767	1	1423196428
171	768	1	1308808378
171	768	1	1308812278
171	769	1	1308811718
171	769	1	1308812021
192	770	1	1309518552
192	771	1	1309529176
171	772	1	1309539273
171	773	1	1309541444
16	774	1	1309570695
16	775	1	1309579379
16	776	1	1309583404
16	777	1	1309623394
193	777	1	1320093976
74	778	1	1310367960
194	779	1	1311110775
195	780	1	1311225178
195	781	1	1311225182
196	782	1	1311359122
197	783	1	1313252267
197	784	1	1313253976
198	785	1	1313795530
16	786	1	1314242261
16	786	1	1422212452
16	787	1	1315764994
16	788	1	1315768161
16	789	1	1315772654
199	790	1	1316290293
190	791	1	1318460871
16	792	1	1318978180
104	793	1	1319841789
104	793	1	1429211988
200	794	1	1319974108
162	794	1	1334640885
201	794	1	1497567292
193	795	1	1320093976
202	796	1	1320420491
203	797	1	1320585173
95	798	1	1320682051
95	798	1	1320682100
95	798	1	1409280567
95	798	1	1409664831
204	799	1	1320781811
204	800	1	1320781861
205	801	1	1321041943
205	802	1	1321205158
205	803	1	1321205159
205	803	1	1321205282
16	804	1	1321747791
16	805	1	1321763290
16	806	1	1321848672
16	807	1	1321919714
16	808	1	1321923378
16	808	1	1322093324
16	809	1	1321927569
16	809	1	1322095008
171	810	1	1321985314
171	811	1	1321990375
171	811	1	1321991049
206	811	1	1343327225
171	812	1	1322028989
16	813	1	1322097078
16	814	1	1322098302
16	815	1	1322099549
207	816	1	1322261658
35	817	1	1322308968
16	817	1	1323046707
208	818	1	1322744250
16	819	1	1323016190
108	820	1	1324286425
209	822	1	1325425366
80	822	1	1325438516
162	822	1	1334640219
141	823	1	1325536159
45	823	1	1325545263
45	823	1	1330372600
40	823	1	1343339720
43	823	1	1363444391
41	823	1	1396992911
210	824	1	1325680676
190	825	1	1325892638
190	825	1	1325963838
104	826	1	1326328684
211	827	1	1326903675
56	827	1	1326914421
56	827	1	1326990101
56	827	1	1327006960
56	827	1	1360344662
211	828	1	1326904529
56	828	1	1326907762
56	828	1	1326914181
56	828	1	1326964970
56	828	1	1327005479
56	828	1	1360345438
56	828	1	1368047452
190	829	1	1328125964
16	830	1	1329080994
212	831	1	1329428290
213	831	1	1473304583
190	832	1	1329742336
190	833	1	1329748355
105	833	1	1329751711
176	834	1	1329796431
171	835	1	1329829273
171	836	1	1329833592
171	836	1	1356632333
171	836	1	1356632785
166	837	1	1330558864
99	838	1	1330619458
99	839	1	1330702044
16	840	1	1332039938
19	841	1	1332582416
16	842	1	1333244367
16	843	1	1333419710
16	844	1	1333500561
16	844	1	1333582656
16	845	1	1333587624
16	846	1	1333905431
16	847	1	1333907511
190	848	1	1334109801
16	849	1	1334510215
16	851	1	1336323805
16	852	1	1336326185
96	852	1	1446462715
214	853	1	1337345134
190	854	1	1338316612
215	855	1	1338438980
215	855	1	1338441927
215	855	1	1342491747
16	856	1	1338650015
16	857	1	1338656234
16	858	1	1338660671
216	859	1	1338843194
216	859	1	1338915112
216	860	1	1338843195
216	861	1	1338932835
216	861	1	1338933984
216	862	1	1338932836
190	863	1	1339329056
190	864	1	1339329567
16	865	1	1339379473
16	866	1	1339993404
57	867	1	1340320594
39	867	1	1340875125
41	867	1	1397015652
217	868	1	1340570434
190	869	1	1340663458
16	870	1	1341259706
16	870	1	1344110603
16	871	1	1341262351
218	872	1	1342103046
206	873	1	1343327067
206	874	1	1343327385
16	875	1	1344112147
141	876	1	1344200067
105	876	1	1345313267
22	876	1	1397123128
219	877	1	1344322921
16	878	1	1344380370
220	879	1	1345566410
220	879	1	1345578419
220	879	1	1345581108
221	880	1	1346360415
221	881	1	1346431846
162	881	1	1347117539
162	881	1	1360799846
162	882	1	1346446085
16	883	1	1346628172
16	884	1	1346633473
16	885	1	1346637590
222	886	1	1348169214
223	887	1	1348932347
128	888	1	1349458261
128	888	1	1372116917
99	889	1	1351189946
99	890	1	1351239441
99	891	1	1351242784
99	892	1	1351242795
18	894	1	1354612518
18	895	1	1354743318
16	896	1	1355092199
16	897	1	1355111030
16	898	1	1355113296
31	899	1	1355251766
224	900	1	1355724562
224	900	1	1355724715
29	900	1	1491269224
190	902	1	1359578040
190	903	1	1359578199
190	904	1	1359902895
190	905	1	1359905853
31	906	1	1359909197
16	907	1	1360031328
225	907	1	1417131905
225	907	1	1487246120
16	908	1	1360035647
16	909	1	1361150320
16	910	1	1361155956
190	911	1	1361229916
190	911	1	1361230244
226	912	1	1363192640
226	913	1	1363192652
16	914	1	1364143084
16	915	1	1364147086
16	916	1	1364161910
16	917	1	1364173581
16	918	1	1364175372
96	918	1	1451502421
227	919	1	1366073603
228	920	1	1366425682
190	921	1	1367171208
190	921	1	1367171465
229	922	1	1367352122
96	922	1	1451502405
230	923	1	1368016542
230	923	1	1368439597
230	923	1	1376140600
16	923	1	1381707165
230	923	1	1384697098
230	923	1	1408418825
231	924	1	1368081884
232	925	1	1370167908
16	926	1	1370218194
230	927	1	1370604793
230	927	1	1374387392
230	927	1	1382846273
230	927	1	1382858908
230	927	1	1382860164
233	928	1	1370874565
233	929	1	1370874568
234	930	1	1371345406
128	931	1	1372116719
128	932	1	1372116772
128	933	1	1372116794
128	934	1	1372116943
16	936	1	1372734307
16	937	1	1372821382
235	938	1	1373558799
235	938	1	1373558820
235	938	1	1373561081
235	938	1	1373562831
235	938	1	1373567069
235	938	1	1373568769
235	938	1	1373570083
235	938	1	1373571222
235	938	1	1373574079
235	938	1	1373575830
235	938	1	1373664302
235	938	1	1374095179
235	938	1	1374267171
235	938	1	1374268725
235	938	1	1388831554
236	939	1	1373849805
236	939	1	1373851922
16	939	1	1381682872
237	940	1	1374243013
230	941	1	1376141660
230	941	1	1382876976
230	941	1	1382877388
230	941	1	1382931304
238	942	1	1376678315
239	943	1	1377985090
7	943	1	1402400665
238	944	1	1377989253
240	945	1	1378136507
240	945	1	1378322267
168	946	1	1379155174
168	947	1	1379155176
16	948	1	1379282794
16	949	1	1379303061
96	949	1	1451502421
16	950	1	1379464492
16	951	1	1379468118
16	952	1	1379561361
16	953	1	1379562941
16	954	1	1379564267
241	955	1	1379767018
242	955	1	1382146638
16	956	1	1379897877
16	957	1	1379899509
16	958	1	1380160193
16	959	1	1380164399
16	960	1	1380396491
16	961	1	1380397858
16	962	1	1380401454
243	962	1	1385795098
243	962	1	1388051012
243	962	1	1391246104
16	962	1	1408627788
244	962	1	1411917895
245	962	1	1411919478
16	962	1	1413773570
16	962	1	1438466087
16	963	1	1380408001
243	963	1	1385472868
243	963	1	1386741613
243	963	1	1391653968
243	963	1	1393933119
243	963	1	1396081896
244	963	1	1411917896
245	963	1	1411919478
16	963	1	1414900954
16	964	1	1381684437
16	965	1	1381723779
246	965	1	1450286744
242	966	1	1382146668
247	967	1	1382940263
248	968	1	1383337614
248	969	1	1383339807
249	970	1	1384698205
250	971	1	1384747596
234	971	1	1384784222
251	972	1	1385383293
252	973	1	1387293052
16	974	1	1390175587
253	974	1	1487197029
16	975	1	1390201602
16	976	1	1390254673
16	977	1	1390265821
254	978	1	1390299400
255	979	1	1391134529
256	980	1	1392384158
256	981	1	1392391322
16	982	1	1393564208
16	983	1	1393571491
257	984	1	1393651045
257	985	1	1393705296
213	986	1	1394356254
213	986	1	1394357314
258	987	1	1394754912
259	988	1	1395183383
259	988	1	1395422128
259	988	1	1396575921
176	989	1	1395593654
260	990	1	1396562364
7	991	1	1396596337
7	991	1	1396596375
66	992	1	1396955535
199	993	1	1397064127
103	994	1	1398711230
111	995	1	1408317605
16	996	1	1408641496
261	996	1	1461691364
262	997	1	1479430616
81	997	1	1485864011
16	998	1	1409109980
263	1000	1	1409640245
16	1001	1	1410624831
264	1001	1	1447383950
16	1002	1	1410710823
37	1003	1	1410736466
265	1004	1	1410795477
16	1005	1	1411005283
264	1005	1	1447384081
244	1006	1	1411917895
216	1006	1	1415697873
16	1006	1	1420954302
244	1007	1	1411917896
216	1007	1	1415697887
16	1007	1	1420961013
245	1008	1	1411919478
245	1009	1	1411919478
37	1010	1	1411940906
37	1010	1	1411942199
37	1010	1	1411942335
37	1010	1	1411942412
37	1010	1	1411943077
37	1010	1	1411943149
37	1010	1	1411943935
37	1010	1	1412572254
266	1011	1	1412453963
266	1011	1	1412454052
267	1012	1	1413450621
267	1012	1	1447339851
267	1012	1	1447726998
268	1013	1	1414062313
94	1014	1	1415818898
216	1014	1	1415855716
94	1015	1	1415819400
92	1016	1	1416521975
29	1016	1	1423929676
269	1017	1	1416661426
16	1018	1	1416715180
246	1018	1	1472034948
246	1018	1	1472118662
16	1019	1	1416722609
246	1019	1	1472034948
246	1019	1	1472118662
270	1020	1	1416979503
270	1020	1	1416979680
271	1021	1	1417043372
225	1022	1	1417131904
225	1023	1	1417131905
16	1024	1	1417323383
49	1025	1	1418653642
49	1025	1	1449958785
16	1026	1	1421112526
16	1027	1	1421116525
16	1028	1	1421120537
16	1028	1	1423375500
108	1028	1	1424431975
16	1029	1	1421693243
16	1030	1	1421693961
246	1031	1	1422986653
246	1032	1	1422986653
16	1033	1	1423371063
16	1034	1	1423377777
108	1034	1	1424431975
16	1035	1	1423708811
16	1036	1	1423941489
16	1037	1	1424393689
246	1037	1	1438202324
108	1038	1	1424431975
108	1039	1	1424431975
16	1040	1	1424583462
246	1040	1	1438202275
16	1041	1	1424585564
216	1041	1	1438321839
272	1042	1	1425802696
22	1043	1	1426615986
58	1043	1	1429200853
22	1043	1	1429201067
22	1044	1	1426615987
58	1044	1	1429200853
22	1044	1	1429201067
22	1045	1	1426615987
58	1045	1	1429200853
22	1045	1	1429201067
22	1046	1	1426615987
58	1046	1	1429200853
22	1046	1	1429201067
22	1047	1	1426615987
58	1047	1	1429200853
22	1047	1	1429201067
22	1048	1	1426615995
58	1048	1	1429200853
22	1048	1	1429201067
22	1049	1	1426615995
58	1049	1	1429200853
22	1049	1	1429201067
22	1050	1	1426615996
58	1050	1	1429200853
22	1050	1	1429201067
22	1051	1	1426615996
58	1051	1	1429200853
22	1051	1	1429201067
22	1052	1	1426616000
58	1052	1	1429200856
22	1052	1	1429201067
22	1053	1	1426616000
58	1053	1	1429200856
22	1053	1	1429201067
22	1054	1	1426616002
58	1054	1	1429200856
22	1054	1	1429201067
22	1055	1	1426616003
58	1055	1	1429200856
22	1055	1	1429201067
22	1056	1	1426616003
58	1056	1	1429200856
22	1056	1	1429201067
22	1057	1	1426616009
58	1057	1	1429200860
22	1057	1	1429201067
22	1058	1	1426616009
58	1058	1	1429200860
22	1058	1	1429201067
22	1059	1	1426616011
58	1059	1	1429200860
22	1059	1	1429201067
22	1060	1	1426616012
58	1060	1	1429200860
22	1060	1	1429201068
22	1061	1	1426616016
58	1061	1	1429200860
22	1061	1	1429201068
16	1062	1	1426642723
22	1063	1	1427211824
104	1064	1	1429211988
246	1065	1	1438202275
246	1066	1	1438202324
273	1067	1	1438644549
274	1068	1	1440546081
275	1068	1	1441235719
275	1068	1	1442431991
275	1068	1	1443010670
274	1069	1	1440546301
274	1069	1	1440632129
274	1069	1	1441750698
151	1070	1	1441533498
151	1070	1	1441567946
151	1070	1	1441789086
276	1071	1	1442465081
277	1072	1	1442536144
273	1073	1	1443815530
273	1074	1	1443815531
273	1075	1	1443815531
273	1076	1	1443815531
273	1077	1	1443815531
273	1078	1	1443815531
273	1079	1	1443815531
96	1080	1	1446462715
278	1081	1	1446772485
246	1082	1	1450286744
96	1083	1	1451502405
96	1084	1	1451502421
96	1085	1	1451502421
261	1086	1	1461695496
96	1087	1	1462383668
279	1088	1	1463818606
246	1089	1	1472118662
246	1090	1	1472118662
213	1091	1	1473304583
280	1092	1	1477852830
281	1093	1	1487064628
253	1094	1	1487197029
225	1095	1	1487246120
63	1097	1	1491660752
63	1097	1	1491661782
107	1098	1	1494715866
107	1098	1	1494716666
107	1099	1	1494715924
107	1100	1	1494715949
107	1101	1	1494715999
63	1101	1	1495662854
107	1102	1	1494716407
107	1102	1	1494716476
107	1102	1	1494716506
107	1102	1	1494716572
107	1102	1	1494719459
282	1102	1	1497091003
282	1102	1	1497091901
63	1102	1	1497445251
107	1103	1	1494716974
107	1104	1	1494717399
107	1104	1	1494717413
107	1104	1	1494717741
107	1105	1	1494717497
107	1105	1	1494717510
63	1105	1	1497629431
63	1105	1	1497629474
107	1106	1	1494718233
107	1106	1	1494718532
107	1107	1	1494718568
107	1108	1	1494718708
107	1109	1	1494718927
107	1110	1	1494719385
107	1110	1	1494719482
107	1111	1	1494719809
107	1111	1	1494719837
107	1111	1	1494719913
107	1111	1	1494720020
107	1111	1	1494720129
107	1111	1	1494720169
107	1111	1	1494720288
107	1111	1	1494720309
107	1111	1	1494720473
107	1111	1	1494721701
107	1111	1	1494721799
107	1111	1	1494721974
107	1111	1	1494722134
107	1111	1	1494722292
107	1111	1	1494722511
63	1111	1	1497629291
63	1111	1	1497895742
107	1112	1	1494720947
107	1112	1	1494720963
107	1112	1	1494721206
107	1113	1	1494721084
107	1114	1	1494721456
107	1115	1	1494722830
282	1116	1	1495379373
282	1117	1	1495379400
282	1117	1	1495379429
282	1117	1	1495379525
282	1118	1	1495379536
63	1118	1	1495443947
63	1119	1	1495443894
63	1120	1	1495661928
63	1120	1	1495662083
63	1120	1	1495662167
63	1120	1	1495662190
283	1120	1	1496087921
63	1121	1	1495661978
284	1121	1	1499883700
63	1122	1	1495662167
63	1123	1	1495662248
63	1124	1	1495662280
63	1125	1	1495662302
63	1126	1	1495662421
63	1127	1	1495662564
63	1128	1	1495662647
63	1129	1	1495662699
63	1130	1	1495662734
63	1131	1	1495662761
63	1131	1	1495662778
63	1132	1	1495662795
63	1132	1	1495662818
63	1133	1	1495662867
63	1133	1	1495662892
285	1134	1	1496327232
282	1134	1	1497090746
285	1135	1	1496346693
63	1136	1	1497384924
63	1137	1	1497384946
63	1137	1	1497385115
63	1138	1	1497385004
63	1139	1	1497385044
63	1140	1	1497445192
63	1140	1	1497445208
63	1140	1	1497445335
63	1140	1	1497445412
63	1140	1	1497445844
63	1140	1	1497445938
63	1140	1	1497446019
63	1140	1	1497446051
63	1141	1	1497446255
63	1141	1	1497446330
63	1141	1	1497446503
63	1141	1	1497446706
63	1141	1	1497643636
63	1141	1	1497643816
63	1142	1	1497515397
63	1142	1	1497515453
63	1142	1	1497604541
63	1142	1	1497604557
63	1142	1	1497604624
63	1142	1	1497604729
63	1142	1	1497604846
201	1143	1	1497567292
63	1144	1	1497604699
63	1144	1	1497604758
63	1145	1	1497628512
63	1146	1	1497628568
63	1147	1	1497628580
63	1148	1	1497628626
63	1149	1	1497629060
63	1149	1	1497629082
63	1149	1	1497629147
63	1149	1	1497629251
63	1149	1	1498676280
63	1149	1	1498760800
63	1149	1	1498760816
63	1149	1	1498763787
63	1150	1	1497629349
63	1150	1	1497629362
63	1150	1	1497629521
63	1150	1	1498763662
63	1152	1	1497990827
284	1153	1	1499883700
