% bip positive
1	1	1	1075387322
1	2	1	1075387322
1	3	1	1077420702
1	4	1	1086450628
1	5	1	1086450628
1	6	1	1086450628
1	7	1	1086450628
1	8	1	1086450628
1	9	1	1086450628
1	10	1	1086450628
1	11	1	1086450628
1	12	1	1086450628
1	13	1	1086450628
1	14	1	1086450628
1	15	1	1086450628
1	16	1	1086450628
1	17	1	1086450628
1	18	1	1086450628
1	19	1	1086450628
1	20	1	1086450628
1	21	1	1086450628
1	22	1	1086450628
1	23	1	1086450628
1	24	1	1086450628
1	25	1	1086450628
1	26	1	1086450628
1	27	1	1086450628
1	28	1	1086450628
1	29	1	1086450628
1	30	1	1086450628
1	31	1	1086450628
1	32	1	1086450628
1	33	1	1086450628
1	34	1	1086450628
1	35	1	1086450628
1	36	1	1086450628
1	37	1	1086450628
1	38	1	1086450628
1	39	1	1086450628
1	40	1	1086450628
1	41	1	1086450628
1	42	1	1086450628
1	43	1	1086450628
1	44	1	1086450628
1	45	1	1086450628
1	46	1	1086450628
1	47	1	1086450628
1	48	1	1086450628
1	49	1	1086450628
1	50	1	1086450628
1	51	1	1086450628
1	52	1	1086450628
1	53	1	1086450628
1	54	1	1086450628
1	55	1	1086450628
1	56	1	1086450628
1	57	1	1086450628
1	58	1	1086450628
1	59	1	1086450628
1	60	1	1086450628
1	61	1	1086450628
1	62	1	1086450628
1	63	1	1086450628
1	64	1	1086450628
1	65	1	1086450628
1	66	1	1086450628
1	67	1	1086450628
1	68	1	1086450628
1	69	1	1086450628
1	70	1	1086450628
1	71	1	1086450628
1	72	1	1086450628
1	73	1	1086450628
1	74	1	1086450628
1	75	1	1086450628
1	76	1	1086450628
1	77	1	1086450628
1	78	1	1086450689
2	79	1	1087190128
2	80	1	1087190129
2	81	1	1087190129
2	82	1	1087190129
2	83	1	1087190117
2	84	1	1087190119
2	85	1	1087190119
2	86	1	1087190119
2	87	1	1087190120
2	88	1	1087190120
2	89	1	1087190120
2	90	1	1087190121
2	91	1	1087190122
2	92	1	1087190122
2	93	1	1087190123
2	94	1	1087190123
2	95	1	1087190123
2	96	1	1087190123
2	97	1	1087190124
2	98	1	1087190124
2	99	1	1087190124
2	100	1	1087190125
2	101	1	1087190125
2	102	1	1087190125
2	103	1	1087190125
2	104	1	1087190125
2	105	1	1087190125
2	106	1	1087190125
2	107	1	1087190126
2	108	1	1087190126
2	109	1	1087190126
2	110	1	1087190126
2	111	1	1087190126
2	112	1	1087190126
2	113	1	1087190126
2	114	1	1087190128
2	115	1	1087190128
2	116	1	1087190129
2	117	1	1087190129
2	118	1	1087190130
2	119	1	1087190130
2	120	1	1087190130
2	121	1	1087190130
2	122	1	1087190130
2	123	1	1087190130
2	124	1	1087190131
2	125	1	1087190131
2	126	1	1087190131
2	127	1	1087190131
2	128	1	1087190131
2	129	1	1087190132
2	130	1	1087190132
2	131	1	1087190132
2	132	1	1087190132
2	133	1	1087190132
2	134	1	1087190132
2	135	1	1087190133
2	136	1	1087190133
2	137	1	1087190133
2	138	1	1087190133
2	139	1	1087190133
2	140	1	1087190133
2	141	1	1087190134
2	142	1	1087190134
2	143	1	1087190134
2	144	1	1087190134
2	145	1	1087190134
2	146	1	1087190134
2	147	1	1087190135
2	148	1	1087190135
2	149	1	1087190135
2	150	1	1087190136
2	151	1	1087190136
2	152	1	1087190136
3	153	1	1231389722
1	153	1	1103620253
4	153	1	1135612377
1	153	1	1119696922
5	153	1	1410353447
6	153	1	1154598701
7	154	1	1429222916
8	154	1	1114166063
8	154	1	1114185066
8	154	1	1114185823
9	155	1	1117062919
10	155	1	1140649304
11	155	1	1231415800
4	155	1	1135613458
7	156	1	1429222916
12	156	1	1115157258
11	157	1	1231415783
11	157	1	1132917158
11	157	1	1199367938
13	158	1	1134194030
13	159	1	1134194037
4	160	1	1135612301
14	161	1	1135642443
14	162	1	1135642513
15	163	1	1193352625
15	163	1	1195964507
15	163	1	1136362611
15	164	1	1195962821
15	164	1	1136362709
16	165	1	1137746017
17	166	1	1138203574
10	167	1	1140649304
11	167	1	1231415817
6	168	1	1151848993
18	169	1	1157735284
19	170	1	1160675765
19	170	1	1160675993
19	171	1	1160675969
20	172	1	1163297913
21	173	1	1186422545
22	183	1	1187564058
22	188	1	1187563965
22	189	1	1187562536
22	190	1	1187563763
22	190	1	1187562695
22	190	1	1187562720
22	190	1	1187562865
23	191	1	1212128846
22	191	1	1187562971
22	191	1	1187562991
22	192	1	1187563417
22	192	1	1187564010
22	192	1	1187563574
22	193	1	1187563490
22	193	1	1187563596
22	194	1	1187563814
22	194	1	1187563835
22	195	1	1187563891
22	195	1	1187563925
22	196	1	1187743891
22	196	1	1187743682
22	197	1	1187743855
22	198	1	1187744023
22	198	1	1187744050
22	198	1	1187744077
22	199	1	1187744178
23	199	1	1211894730
22	199	1	1187744228
23	199	1	1210805577
24	200	1	1188041396
24	200	1	1188291551
24	201	1	1188291579
24	202	1	1188291666
22	203	1	1189366493
22	203	1	1189366505
22	203	1	1189366771
22	204	1	1189366853
22	204	1	1189366892
22	205	1	1189367164
25	206	1	1190142059
25	206	1	1190727713
25	206	1	1190130544
25	206	1	1190130669
25	207	1	1190415706
24	208	1	1191097992
26	209	1	1191898784
26	209	1	1329623156
27	210	1	1192164892
27	211	1	1192164908
25	212	1	1196044981
25	212	1	1192711983
25	212	1	1196099310
25	212	1	1192711997
28	213	1	1192747227
28	213	1	1198974984
29	214	1	1195395397
15	215	1	1195962227
15	216	1	1195962622
30	217	1	1196573996
31	218	1	1198370144
11	219	1	1199363711
32	220	1	1200369354
32	221	1	1200369357
33	222	1	1200941707
33	223	1	1200941713
34	224	1	1206566683
33	225	1	1208481311
33	225	1	1210092648
35	226	1	1210805538
36	227	1	1212304406
37	228	1	1212722097
38	229	1	1212726622
38	230	1	1212726761
39	231	1	1212824795
39	231	1	1212824891
39	231	1	1212824990
34	232	1	1264309415
40	233	1	1313489054
26	234	1	1421020167
26	235	1	1424394392
41	235	1	1438202271
26	236	1	1424584106
41	236	1	1438202209
26	237	1	1424586178
42	238	1	1429245501
7	238	1	1429222916
42	238	1	1426618730
42	239	1	1426618730
42	240	1	1426618730
42	241	1	1429245501
42	241	1	1426618730
7	241	1	1429222916
42	242	1	1426618731
7	242	1	1429222916
42	242	1	1429245501
42	243	1	1429245501
7	243	1	1429222917
42	243	1	1426618731
26	244	1	1426643560
42	245	1	1429213396
42	245	1	1429245501
7	245	1	1429222916
7	246	1	1429222917
42	246	1	1429213396
42	246	1	1429245501
7	247	1	1429222917
42	247	1	1429213397
42	247	1	1429245501
41	248	1	1438202209
41	249	1	1438202271
43	250	1	1438644579
43	251	1	1443815595
43	252	1	1443815596
43	253	1	1443815596
43	254	1	1443815596
43	255	1	1443815596
43	256	1	1443815596
43	257	1	1443815596
