% bip positive
1	1	1	1099695031
2	1	1	1169906761
2	1	1	1170673077
2	1	1	1170673383
3	1	1	1175430677
3	1	1	1175432430
3	1	1	1197676392
2	1	1	1197734726
4	1	1	1254206611
4	1	1	1256801371
4	1	1	1260228664
4	1	1	1262688747
5	1	1	1275315952
2	1	1	1277364694
4	1	1	1285329169
4	1	1	1291614483
4	1	1	1294900334
6	1	1	1328984949
7	1	1	1371245089
8	1	1	1397220089
9	1	1	1487509484
1	2	1	1099695088
10	2	1	1147355973
11	2	1	1173332356
11	2	1	1173332416
11	2	1	1173332535
11	2	1	1173332559
11	2	1	1173332624
11	2	1	1173334870
11	2	1	1173334944
11	2	1	1173335027
11	2	1	1173335099
12	2	1	1276751444
12	2	1	1276853617
13	2	1	1306654414
13	2	1	1306654592
13	2	1	1306654645
13	2	1	1306654802
13	2	1	1306654935
13	2	1	1306654995
13	2	1	1306655249
13	2	1	1306655308
13	2	1	1306655430
13	2	1	1306655497
13	2	1	1306655582
13	2	1	1306655715
13	2	1	1306981158
13	2	1	1306981206
13	2	1	1306981243
13	2	1	1306981300
13	2	1	1306981337
13	2	1	1306981384
13	2	1	1306981543
13	2	1	1306981580
13	2	1	1306981617
13	2	1	1306981666
13	2	1	1306981961
13	2	1	1306981999
13	2	1	1306982028
13	2	1	1306982053
13	2	1	1306982084
13	2	1	1307020382
13	2	1	1307020417
13	2	1	1307080947
13	2	1	1307080979
13	2	1	1307081017
13	2	1	1307081039
13	2	1	1307081062
13	2	1	1307081090
13	2	1	1307081121
13	2	1	1307081159
13	2	1	1307081183
13	2	1	1307081238
13	2	1	1307081865
13	2	1	1307081891
13	2	1	1307081921
13	2	1	1307081952
13	2	1	1307081974
13	2	1	1307082014
13	2	1	1307082044
13	2	1	1307082068
13	2	1	1307082096
13	2	1	1307082121
13	2	1	1307082157
13	2	1	1307082185
13	2	1	1307082389
13	2	1	1307082417
13	2	1	1307082448
13	2	1	1307082571
14	2	1	1335899628
15	2	1	1348657243
16	2	1	1364373248
17	2	1	1425040088
1	3	1	1099695190
12	3	1	1276688596
1	4	1	1099695857
18	5	1	1112874302
18	5	1	1112875338
18	5	1	1112875469
18	5	1	1112957980
18	5	1	1113109865
18	5	1	1113109934
18	5	1	1113109975
18	5	1	1113110195
18	5	1	1113110565
18	5	1	1113110580
18	5	1	1113110684
18	5	1	1113110800
18	5	1	1113110866
18	5	1	1113110903
18	5	1	1113111089
18	5	1	1113111225
18	5	1	1113111434
18	5	1	1113111573
18	5	1	1113218542
18	5	1	1113218614
18	5	1	1113218702
18	5	1	1113218873
18	5	1	1113820282
18	5	1	1114151599
18	5	1	1114151677
18	5	1	1114151822
18	5	1	1114151875
18	5	1	1114151969
18	5	1	1114151995
18	5	1	1114152161
18	5	1	1114152232
18	5	1	1114152346
18	5	1	1114152397
18	5	1	1114152441
18	5	1	1114152504
18	5	1	1114152532
18	5	1	1114152603
18	5	1	1114152652
18	5	1	1114152692
18	5	1	1114152788
18	5	1	1114152863
18	5	1	1114152932
18	5	1	1114153046
18	5	1	1114153081
18	5	1	1114153118
18	5	1	1114153194
18	5	1	1114153236
18	5	1	1114153349
18	5	1	1114153425
18	5	1	1114153471
18	5	1	1114153533
18	5	1	1114153632
18	5	1	1114153703
18	5	1	1114153763
18	5	1	1114153964
18	5	1	1114154048
18	5	1	1114154113
18	5	1	1114154195
18	5	1	1114154237
18	5	1	1114154294
18	5	1	1114154424
18	5	1	1114154489
18	5	1	1114154527
18	5	1	1114154609
18	5	1	1114154656
18	5	1	1114154893
18	5	1	1114155023
18	5	1	1114235212
19	5	1	1114335405
19	5	1	1114335433
19	5	1	1114335463
19	5	1	1114335490
19	5	1	1114335551
18	5	1	1114624126
18	5	1	1114624219
18	5	1	1114624480
18	5	1	1114707489
18	5	1	1114707611
18	5	1	1114707650
18	5	1	1114707797
18	5	1	1114707993
18	5	1	1114708044
18	5	1	1114708087
18	5	1	1114708128
18	5	1	1114708184
18	5	1	1114708222
18	5	1	1114708265
18	5	1	1114708302
18	5	1	1114842884
18	5	1	1114843116
18	5	1	1114843172
18	5	1	1114843198
18	5	1	1114843247
18	5	1	1114843347
18	5	1	1114843565
18	5	1	1114843735
20	5	1	1122283531
21	5	1	1125954123
22	5	1	1136706192
23	5	1	1154437858
24	5	1	1177389440
24	5	1	1177389612
24	5	1	1177389666
24	5	1	1177389890
24	5	1	1177390013
24	5	1	1177390203
25	5	1	1231154228
25	5	1	1231154492
26	5	1	1268219857
26	5	1	1268219920
27	5	1	1270713452
27	5	1	1270714092
28	5	1	1275473834
2	5	1	1277269147
2	5	1	1277269171
29	5	1	1277903465
29	5	1	1277903572
30	5	1	1319212208
30	5	1	1319212250
30	5	1	1319212542
31	5	1	1326769988
6	5	1	1328985454
15	5	1	1348643189
15	5	1	1348658204
32	5	1	1356948073
2	5	1	1360918003
33	5	1	1361141366
2	5	1	1393948814
34	5	1	1407055272
2	5	1	1409406748
2	5	1	1416969696
2	5	1	1417168160
2	5	1	1417168241
2	5	1	1417168540
2	5	1	1417187695
2	5	1	1417187898
35	5	1	1421424027
35	5	1	1421424298
35	5	1	1421424382
35	5	1	1421424419
35	5	1	1421424688
35	5	1	1421425192
35	5	1	1421425330
35	5	1	1421425409
35	5	1	1421425570
35	5	1	1421427541
35	5	1	1421429540
35	5	1	1421501212
2	5	1	1425203957
36	5	1	1440152037
35	5	1	1444016078
35	5	1	1449025193
35	5	1	1449025242
37	5	1	1450801622
37	5	1	1450804393
38	5	1	1451051567
38	5	1	1451051735
39	5	1	1477726014
39	5	1	1477726548
39	5	1	1477828679
39	5	1	1477828827
39	5	1	1477828941
39	5	1	1477829040
39	5	1	1477829115
39	5	1	1477829198
39	5	1	1477829305
39	5	1	1477829403
39	5	1	1477829452
39	5	1	1477829556
39	5	1	1477829686
39	5	1	1477829785
39	5	1	1477829910
39	5	1	1477829999
39	5	1	1477830070
39	5	1	1477830143
39	5	1	1477830200
39	5	1	1477830271
39	5	1	1477830364
39	5	1	1477830418
39	5	1	1477830650
39	5	1	1477830877
39	5	1	1477830945
39	5	1	1477831007
39	5	1	1477831160
39	5	1	1477831239
39	5	1	1477831283
39	5	1	1477831451
39	5	1	1477831520
39	5	1	1477831680
39	5	1	1477831750
39	5	1	1477831875
39	5	1	1477832044
39	5	1	1477832309
39	5	1	1477889976
39	5	1	1477890047
39	5	1	1477890086
39	5	1	1477890152
39	5	1	1477890203
39	5	1	1477890292
39	5	1	1477890415
39	5	1	1477890475
39	5	1	1477890532
39	5	1	1477890605
39	5	1	1477890662
39	5	1	1477890875
39	5	1	1477890923
39	5	1	1477891034
39	5	1	1477891117
39	5	1	1477891175
39	5	1	1477891251
39	5	1	1477891321
39	5	1	1477891389
39	5	1	1477891446
39	5	1	1477891518
39	5	1	1477891575
39	5	1	1477891643
39	5	1	1477891714
39	5	1	1477891755
39	5	1	1477891869
39	5	1	1477891987
39	5	1	1477892049
39	5	1	1477892095
39	5	1	1477892172
39	5	1	1477892212
39	5	1	1477892345
39	5	1	1477892409
39	5	1	1477892483
39	5	1	1477892555
39	5	1	1477892701
39	5	1	1477892790
39	5	1	1477892857
39	5	1	1477892904
39	5	1	1477893202
39	5	1	1477893313
39	5	1	1477893379
39	5	1	1477893438
39	5	1	1477893524
39	5	1	1477893606
39	5	1	1477893638
39	5	1	1477893700
39	5	1	1477893795
39	5	1	1477893872
39	5	1	1477893925
39	5	1	1477894082
39	5	1	1477894134
39	5	1	1477894255
39	5	1	1477894418
39	5	1	1477894507
39	5	1	1477894543
39	5	1	1477894651
40	5	1	1485629641
9	5	1	1487509355
2	5	1	1500299543
41	6	1	1135398219
41	6	1	1135663919
41	6	1	1136532239
41	6	1	1137568893
42	6	1	1429229129
41	7	1	1135398165
41	7	1	1135663888
41	7	1	1137568859
43	7	1	1218469151
44	7	1	1231370472
2	7	1	1277269400
13	7	1	1306813258
13	7	1	1306813326
13	7	1	1306813934
13	7	1	1306814226
13	7	1	1306814382
13	7	1	1306814441
13	7	1	1306814598
13	7	1	1306814952
13	7	1	1306815110
13	7	1	1306815191
13	7	1	1306815242
13	7	1	1306815300
13	7	1	1306900093
13	7	1	1306900169
13	7	1	1306900305
13	7	1	1306900328
13	7	1	1306900390
13	7	1	1306900471
13	7	1	1306900983
13	7	1	1306901048
13	7	1	1306901087
13	7	1	1306901165
13	7	1	1306901421
13	7	1	1306901465
13	7	1	1306901584
45	7	1	1328207963
45	7	1	1328290816
45	7	1	1328290987
45	7	1	1328291333
31	7	1	1341891124
15	7	1	1348657303
15	7	1	1348657379
35	7	1	1421429481
17	7	1	1424931765
17	7	1	1424931831
17	7	1	1424931874
17	7	1	1424932094
17	7	1	1424932140
17	7	1	1424932254
17	7	1	1424932287
17	7	1	1424932326
17	7	1	1424932459
17	7	1	1424932492
17	7	1	1424932531
17	7	1	1424932556
17	7	1	1424932600
17	7	1	1424932641
17	7	1	1424932693
17	7	1	1424932710
17	7	1	1424932729
17	7	1	1424932748
17	7	1	1424932777
17	7	1	1424932795
17	7	1	1424932812
17	7	1	1424932836
17	7	1	1424932851
17	7	1	1424932871
17	7	1	1424932896
17	7	1	1424933039
17	7	1	1424933185
17	7	1	1424933242
17	7	1	1424933298
17	7	1	1424933355
17	7	1	1424933394
17	7	1	1424933514
17	7	1	1424933565
17	7	1	1424933618
17	7	1	1424933686
17	7	1	1424933746
17	7	1	1424933833
17	7	1	1424933857
17	7	1	1424933887
17	7	1	1424933920
17	7	1	1424934009
17	7	1	1424934072
17	7	1	1424934124
17	7	1	1424934209
17	7	1	1424934272
17	7	1	1424934298
17	7	1	1424934353
17	7	1	1424934385
17	7	1	1424934430
17	7	1	1424934632
17	7	1	1424934697
17	7	1	1424934733
17	7	1	1424934809
17	7	1	1424934850
17	7	1	1424934893
17	7	1	1424934955
17	7	1	1424934998
17	7	1	1424935043
17	7	1	1424935094
17	7	1	1424935132
17	7	1	1424935401
17	7	1	1424935491
17	7	1	1424935556
17	7	1	1424957377
17	7	1	1424957396
17	7	1	1424957426
17	7	1	1424957455
17	7	1	1424957483
17	7	1	1424957508
17	7	1	1424957565
17	7	1	1424957607
17	7	1	1424957633
17	7	1	1424957690
17	7	1	1424957710
17	7	1	1424957733
17	7	1	1424957863
17	7	1	1424958389
17	7	1	1425015023
17	7	1	1425015186
17	7	1	1425015277
17	7	1	1425015335
17	7	1	1425015425
17	7	1	1425015458
17	7	1	1425015530
17	7	1	1425015562
17	7	1	1425016087
17	7	1	1425016597
17	7	1	1425016677
17	7	1	1425017347
17	7	1	1425017373
17	7	1	1425017462
17	7	1	1425017559
17	7	1	1425017636
17	7	1	1425017667
17	7	1	1425017721
17	7	1	1425017809
17	7	1	1425017922
17	7	1	1425017969
17	7	1	1425018236
17	7	1	1425018274
17	7	1	1425018309
17	7	1	1425018345
17	7	1	1425018378
17	7	1	1425018422
17	7	1	1425018451
17	7	1	1425018474
17	7	1	1425018511
17	7	1	1425018717
17	7	1	1425018747
17	7	1	1425018776
17	7	1	1425018835
17	7	1	1425018882
17	7	1	1425018920
17	7	1	1425018948
17	7	1	1425019012
17	7	1	1425019039
17	7	1	1425019068
17	7	1	1425019106
17	7	1	1425019129
17	7	1	1425019162
17	7	1	1425019186
17	7	1	1425019208
17	7	1	1425019231
17	7	1	1425019290
17	7	1	1425019319
17	7	1	1425019374
17	7	1	1425019391
17	7	1	1425019417
17	7	1	1425019437
17	7	1	1425019480
17	7	1	1425019523
17	7	1	1425019591
17	7	1	1425019629
17	7	1	1425019670
17	7	1	1425019697
17	7	1	1425019726
17	7	1	1425019754
17	7	1	1425019774
17	7	1	1425019802
17	7	1	1425019838
17	7	1	1425019863
17	7	1	1425019890
17	7	1	1425019944
17	7	1	1425019971
17	7	1	1425020022
17	7	1	1425020602
17	7	1	1425020634
17	7	1	1425020664
17	7	1	1425020688
17	7	1	1425020717
17	7	1	1425020749
17	7	1	1425020788
17	7	1	1425020816
17	7	1	1425020837
17	7	1	1425020871
17	7	1	1425020893
17	7	1	1425020916
17	7	1	1425020941
17	7	1	1425020973
17	7	1	1425021000
17	7	1	1425021027
17	7	1	1425021058
17	7	1	1425021112
17	7	1	1425021153
17	7	1	1425021175
17	7	1	1425021198
17	7	1	1425021221
17	7	1	1425021255
17	7	1	1425021284
17	7	1	1425021314
17	7	1	1425021345
17	7	1	1425021364
17	7	1	1425021526
17	7	1	1425021547
17	7	1	1425021570
17	7	1	1425021593
17	7	1	1425021615
17	7	1	1425021647
17	7	1	1425021671
17	7	1	1425021700
17	7	1	1425021728
17	7	1	1425021749
17	7	1	1425021775
17	7	1	1425021797
17	7	1	1425021833
17	7	1	1425021901
17	7	1	1425021935
17	7	1	1425021973
17	7	1	1425022049
17	7	1	1425022090
17	7	1	1425022109
36	7	1	1440074158
36	7	1	1440074532
36	7	1	1440075564
36	7	1	1440076693
36	7	1	1440077906
36	7	1	1440079226
36	7	1	1440079511
36	7	1	1440079869
36	7	1	1440080130
36	7	1	1440081582
36	7	1	1440082163
36	7	1	1440082768
36	7	1	1440082833
36	7	1	1440083018
36	7	1	1440083209
36	7	1	1440084963
36	7	1	1440141331
36	7	1	1440141439
36	7	1	1440144855
36	7	1	1440145173
36	7	1	1440145574
36	7	1	1440145680
36	7	1	1440146883
36	7	1	1440147166
36	7	1	1440147467
36	7	1	1440147814
36	7	1	1440148467
36	7	1	1440149072
36	7	1	1440150238
36	7	1	1440150729
36	7	1	1440151573
37	7	1	1450804936
37	7	1	1450805131
37	7	1	1450805469
46	7	1	1496060133
46	7	1	1496060153
18	8	1	1143383367
18	8	1	1143383424
18	8	1	1143383460
18	8	1	1143383489
18	8	1	1143383548
18	8	1	1143383629
18	8	1	1143383663
18	8	1	1143383695
18	8	1	1143383732
18	8	1	1168763532
47	8	1	1186468910
47	8	1	1186468949
48	8	1	1209107052
26	8	1	1268219028
26	8	1	1268219318
26	8	1	1268219408
26	8	1	1268219468
2	8	1	1275837143
2	8	1	1277269370
13	8	1	1306770154
13	8	1	1306770690
13	8	1	1306771414
13	8	1	1306771980
13	8	1	1306772527
13	8	1	1306772817
13	8	1	1306773071
13	8	1	1306773181
13	8	1	1306773314
13	8	1	1306773579
13	8	1	1306773880
13	8	1	1306808587
13	8	1	1306808666
13	8	1	1306809229
6	8	1	1328984802
6	8	1	1328984832
14	8	1	1335899958
15	8	1	1348656548
2	8	1	1354375542
35	8	1	1421422809
35	8	1	1421423111
35	8	1	1421424137
35	8	1	1421424182
35	8	1	1421424544
35	8	1	1421424610
35	8	1	1421425143
35	8	1	1421427063
35	8	1	1421427137
35	8	1	1421427171
35	8	1	1421427270
35	8	1	1421427337
35	8	1	1421427358
35	8	1	1421427410
35	8	1	1421427558
49	8	1	1421720233
35	8	1	1444015983
50	8	1	1454175668
2	8	1	1484670608
51	9	1	1136176813
12	9	1	1276686693
12	9	1	1276924454
2	9	1	1277269546
12	9	1	1277801434
12	9	1	1277961608
52	9	1	1306121170
52	9	1	1306121220
52	9	1	1306138846
53	9	1	1438579596
54	10	1	1136902066
54	11	1	1136902550
54	11	1	1443464297
54	12	1	1136902614
6	13	1	1328985064
18	15	1	1168765957
2	16	1	1169788602
9	16	1	1269501423
12	16	1	1279430169
55	16	1	1309683475
55	16	1	1319677572
55	16	1	1324522572
55	16	1	1326644649
55	16	1	1329059479
55	16	1	1338599617
55	16	1	1338921049
55	16	1	1340945474
55	16	1	1342728999
56	16	1	1343970403
55	16	1	1346897141
55	16	1	1347283827
55	16	1	1350356749
55	16	1	1350493895
55	16	1	1357679297
55	16	1	1358609506
55	16	1	1359578449
55	16	1	1363205416
55	16	1	1366779761
55	16	1	1367294177
55	16	1	1367347581
55	16	1	1369083417
55	16	1	1370310683
55	16	1	1370441405
57	16	1	1371120457
55	16	1	1371962855
55	16	1	1374586407
58	16	1	1374598051
55	16	1	1377026838
55	16	1	1379991261
55	16	1	1380913166
55	16	1	1381264482
55	16	1	1383682887
55	16	1	1384817910
59	16	1	1389854817
59	16	1	1392813043
59	16	1	1393020014
59	16	1	1393616676
59	16	1	1394229526
59	16	1	1394747759
59	16	1	1396307083
59	16	1	1396979586
59	16	1	1400342591
59	16	1	1400531908
59	16	1	1400880564
59	16	1	1402426096
59	16	1	1403214887
59	16	1	1408642532
59	16	1	1408659319
59	16	1	1409676729
59	16	1	1414346650
59	16	1	1415986610
59	16	1	1416593534
59	16	1	1416594939
59	16	1	1419620390
59	16	1	1423161022
59	16	1	1425249214
59	16	1	1425499302
59	16	1	1426275939
59	16	1	1428682388
59	16	1	1428695308
59	16	1	1429592904
59	16	1	1430711384
59	16	1	1431883696
59	16	1	1431887413
60	16	1	1431982076
59	16	1	1433533602
59	16	1	1433546567
59	16	1	1433685931
59	16	1	1434192257
59	16	1	1434197440
59	16	1	1434751237
59	16	1	1434756303
59	16	1	1437714474
59	16	1	1437719566
59	16	1	1438386174
59	16	1	1438390773
59	16	1	1439591307
59	16	1	1439606410
59	16	1	1439939336
59	16	1	1441217560
59	16	1	1441399978
59	16	1	1442955672
59	16	1	1442961078
59	16	1	1443459380
59	16	1	1443465191
59	16	1	1446229138
59	16	1	1447106283
59	16	1	1447152460
59	16	1	1447796577
59	16	1	1448488127
59	16	1	1448980694
59	16	1	1450472289
59	16	1	1451001970
59	16	1	1451005571
59	16	1	1451958548
59	16	1	1453143979
59	16	1	1456521692
59	16	1	1459439268
61	16	1	1460931938
59	16	1	1466776920
62	16	1	1467087976
59	16	1	1467566414
59	16	1	1467732313
59	16	1	1470765785
59	16	1	1473692923
59	16	1	1475266262
59	16	1	1475717710
59	16	1	1476553824
59	16	1	1479081617
59	16	1	1479082292
59	16	1	1480450091
59	16	1	1481743948
59	16	1	1487190676
59	16	1	1489088622
59	16	1	1489813746
59	16	1	1491536189
59	16	1	1491932062
59	16	1	1493838868
59	16	1	1494254478
59	16	1	1494612342
59	16	1	1494945851
59	16	1	1494968985
59	16	1	1495573539
63	16	1	1496342206
59	16	1	1500319602
2	17	1	1169906493
2	18	1	1169906657
2	18	1	1170670721
2	18	1	1170671374
2	18	1	1191339186
64	18	1	1272125749
2	18	1	1323560177
2	18	1	1373023668
2	18	1	1406368343
2	19	1	1170671478
2	20	1	1170671579
2	20	1	1275837272
2	21	1	1170672137
12	21	1	1281251702
2	22	1	1170672267
2	23	1	1170672636
2	23	1	1170672689
2	24	1	1170673699
2	24	1	1170673914
65	24	1	1198503543
12	24	1	1277357998
2	24	1	1277363540
2	24	1	1278317701
2	25	1	1170673814
2	25	1	1278317700
2	25	1	1278317906
2	25	1	1278317941
2	25	1	1278317977
2	26	1	1170674489
27	26	1	1277362790
2	26	1	1277363066
2	26	1	1277363147
27	26	1	1277364204
2	26	1	1277364577
66	26	1	1277393332
2	27	1	1170765915
12	27	1	1281252895
3	28	1	1174772383
67	29	1	1261915289
67	29	1	1261915664
12	29	1	1276763724
2	30	1	1188578431
68	31	1	1188307976
2	32	1	1188399186
2	33	1	1188399292
2	34	1	1188399555
2	35	1	1188399709
2	36	1	1188399783
2	37	1	1188399956
2	38	1	1188400870
2	39	1	1188401120
2	41	1	1188489295
2	41	1	1188490621
2	41	1	1277303379
69	41	1	1313097966
2	42	1	1188489472
2	42	1	1188490007
2	43	1	1188489541
2	44	1	1188489597
2	45	1	1188577045
2	45	1	1191339259
2	46	1	1188577179
2	47	1	1188577217
2	48	1	1188577241
2	49	1	1188577260
2	50	1	1188577282
2	51	1	1188577397
2	52	1	1188577442
2	53	1	1188577492
2	54	1	1188577522
2	55	1	1188577893
2	56	1	1188578650
2	57	1	1188578670
2	58	1	1188578695
2	59	1	1188578720
2	60	1	1188578771
2	61	1	1188578867
2	62	1	1188578928
2	63	1	1188578954
2	64	1	1188579059
2	65	1	1188579082
2	66	1	1188579105
2	67	1	1188579165
2	68	1	1188579207
2	69	1	1188579232
2	70	1	1188579350
2	71	1	1188579373
2	72	1	1188579404
2	73	1	1188579432
2	74	1	1188579551
2	75	1	1188579643
2	76	1	1188579695
2	77	1	1188579779
2	78	1	1188579915
68	79	1	1189964578
2	80	1	1190390746
59	80	1	1426650478
42	80	1	1429229121
59	80	1	1429245656
2	84	1	1191594351
2	85	1	1192294979
68	86	1	1192460218
70	87	1	1192506889
70	87	1	1192506933
71	88	1	1193058465
71	88	1	1329592038
2	89	1	1193153324
2	90	1	1194163510
2	91	1	1194163557
72	92	1	1194213295
72	92	1	1200091398
2	93	1	1194442142
73	94	1	1196736632
74	97	1	1198365472
74	98	1	1198365484
2	99	1	1198948935
2	100	1	1198948963
75	101	1	1199117748
2	102	1	1199631117
76	103	1	1201825476
76	104	1	1201825486
76	105	1	1201825520
76	105	1	1201826142
12	105	1	1277272127
12	105	1	1277356666
12	105	1	1278321829
77	105	1	1409715518
65	106	1	1202123434
44	107	1	1202432861
44	108	1	1202432867
48	109	1	1209105974
2	109	1	1277269552
2	109	1	1277304944
12	109	1	1279434781
12	109	1	1279436110
4	109	1	1285327473
4	109	1	1288558049
78	109	1	1301779476
79	109	1	1305240752
4	109	1	1319764307
80	109	1	1332753373
7	109	1	1371244827
81	109	1	1377668442
82	109	1	1397509319
83	109	1	1489390948
83	109	1	1489390982
12	110	1	1276687895
2	110	1	1277269533
12	110	1	1277795822
4	110	1	1279123838
79	110	1	1299028822
4	110	1	1319763284
84	110	1	1327794437
82	110	1	1397005787
85	110	1	1404708319
2	111	1	1277269073
2	112	1	1277269539
2	112	1	1277305242
12	113	1	1276862598
12	113	1	1276862691
2	113	1	1277269386
4	113	1	1370333127
86	114	1	1203606752
86	115	1	1203606764
87	116	1	1204897734
88	116	1	1334639191
89	117	1	1206645779
90	118	1	1209855645
65	119	1	1210422196
91	120	1	1211755977
91	121	1	1211756066
92	122	1	1212089533
71	122	1	1277173964
71	122	1	1277175354
93	123	1	1212281732
94	124	1	1212354339
95	125	1	1214152248
95	126	1	1214152367
95	126	1	1261739632
95	126	1	1264523698
95	126	1	1293285712
95	126	1	1372514954
43	127	1	1218469191
96	128	1	1222623051
71	129	1	1225174596
71	130	1	1225271682
97	131	1	1225320967
97	132	1	1225325173
71	133	1	1225343646
97	134	1	1225376884
97	135	1	1225380170
97	135	1	1226322112
2	136	1	1225381420
97	137	1	1225395819
97	138	1	1225395945
71	139	1	1225408315
71	140	1	1225432500
44	140	1	1236651596
97	141	1	1225460839
97	141	1	1225571920
97	141	1	1225590075
97	141	1	1225601679
97	141	1	1225658583
97	141	1	1225684414
97	141	1	1225732355
97	141	1	1225777351
97	141	1	1225841038
97	141	1	1225864152
97	141	1	1225883335
97	141	1	1226015610
97	141	1	1226381841
97	141	1	1226502492
97	141	1	1227106139
97	141	1	1227880310
97	141	1	1229415934
97	141	1	1230233261
97	141	1	1230242569
97	141	1	1230770911
97	141	1	1231590768
97	141	1	1232071510
97	141	1	1232475706
97	141	1	1232484717
97	141	1	1233060233
97	141	1	1233101360
97	141	1	1233126372
97	141	1	1233212594
97	141	1	1233558355
97	141	1	1234454082
97	141	1	1234953065
97	141	1	1235330092
97	141	1	1235498794
97	141	1	1236130032
97	141	1	1237341664
97	141	1	1238047804
97	141	1	1238720577
97	141	1	1240465053
71	142	1	1225532156
71	143	1	1225586650
71	144	1	1225682514
71	145	1	1225774002
71	146	1	1225863521
97	147	1	1225934517
97	147	1	1226290428
97	148	1	1225946179
97	149	1	1225963054
97	149	1	1226313068
97	150	1	1226240310
98	151	1	1226495994
71	152	1	1226545539
71	153	1	1227251911
71	154	1	1227886440
99	155	1	1229701257
99	156	1	1229701654
100	157	1	1229953679
71	158	1	1234152363
71	159	1	1234567316
71	160	1	1235277440
71	161	1	1235281299
97	162	1	1237304121
71	163	1	1237617999
12	164	1	1278408046
101	165	1	1238740634
101	166	1	1238740644
71	167	1	1239507613
71	168	1	1239580611
71	169	1	1239584145
71	170	1	1240009700
71	171	1	1240017321
71	172	1	1240082393
71	173	1	1240090024
5	174	1	1242924738
5	174	1	1276863784
102	175	1	1246047351
102	176	1	1246047358
102	177	1	1246047362
103	178	1	1248109365
71	179	1	1251839370
71	180	1	1252737165
71	181	1	1252745964
71	182	1	1252817513
2	183	1	1256131069
2	183	1	1360917906
104	184	1	1257285493
105	185	1	1260059368
88	185	1	1334638674
106	186	1	1260522420
2	187	1	1262093740
2	187	1	1262093865
2	187	1	1262094326
2	187	1	1262094780
2	187	1	1262096230
2	187	1	1262097669
2	187	1	1270953245
2	187	1	1274421213
2	187	1	1274422829
2	187	1	1274422845
2	187	1	1274423660
2	187	1	1274423774
2	187	1	1274423927
2	187	1	1274425378
2	187	1	1274426154
2	187	1	1274508482
2	187	1	1277269058
2	187	1	1277795601
2	187	1	1277795820
2	187	1	1277795859
6	187	1	1328985446
2	187	1	1373023771
2	188	1	1262098265
2	188	1	1277269527
2	188	1	1277306044
2	188	1	1277306226
2	188	1	1277307064
2	188	1	1277308224
2	188	1	1277706530
2	188	1	1277708731
2	188	1	1277711581
2	188	1	1277711905
2	188	1	1277712049
2	188	1	1277740466
2	188	1	1277740522
2	188	1	1277740575
2	188	1	1277796021
2	188	1	1277796090
107	188	1	1301614072
79	188	1	1301626852
2	188	1	1301727103
79	188	1	1302406337
79	188	1	1314610259
108	188	1	1329148378
82	188	1	1397560678
2	188	1	1417011163
2	188	1	1417011872
2	188	1	1417022778
2	188	1	1417050446
2	188	1	1417050607
2	188	1	1417050977
2	188	1	1417051692
2	188	1	1417052210
2	188	1	1417069323
2	188	1	1417069660
2	188	1	1417069874
2	188	1	1417071572
2	188	1	1417072174
2	188	1	1417072491
2	188	1	1417073661
2	188	1	1417074096
2	188	1	1417074343
2	188	1	1417074464
2	188	1	1417074983
2	188	1	1417076022
2	188	1	1417076141
2	188	1	1417080593
2	188	1	1417081422
2	188	1	1417095900
2	188	1	1417225201
2	188	1	1417225328
71	189	1	1264238183
71	190	1	1264292735
89	191	1	1264356274
71	192	1	1264390165
71	193	1	1264468196
71	194	1	1264474029
71	195	1	1264552784
71	196	1	1264722043
71	197	1	1264732997
109	198	1	1264860468
109	198	1	1264861136
110	198	1	1312608429
71	199	1	1264919767
71	200	1	1264922262
71	201	1	1264923908
71	202	1	1266707106
71	202	1	1379474070
71	203	1	1266718107
111	205	1	1268601591
112	206	1	1269710329
113	207	1	1270196727
113	207	1	1379193310
113	208	1	1270471476
113	208	1	1379193314
113	209	1	1270660705
113	209	1	1379193318
114	210	1	1270935482
71	211	1	1271127503
27	212	1	1271830669
27	212	1	1271831105
2	212	1	1277269393
2	213	1	1274425378
2	214	1	1275837143
12	215	1	1275976736
12	215	1	1275977081
12	215	1	1281694836
63	215	1	1454717550
115	216	1	1276237421
12	217	1	1276686760
52	217	1	1306081546
12	218	1	1276686837
12	219	1	1276686899
12	220	1	1276687964
12	221	1	1276688103
12	222	1	1276688160
12	223	1	1276689291
12	223	1	1276689779
12	223	1	1276837325
12	223	1	1276838445
12	223	1	1276925211
2	223	1	1277269118
52	223	1	1306119375
52	223	1	1306120583
12	224	1	1276764615
12	224	1	1276925129
2	224	1	1277269524
52	224	1	1306081495
52	224	1	1306083927
52	224	1	1306083964
52	224	1	1306120578
12	225	1	1276765459
12	225	1	1276838113
12	225	1	1276925292
12	225	1	1276925851
2	225	1	1277269406
53	225	1	1438579606
12	226	1	1276765556
12	226	1	1276771627
12	227	1	1276765665
12	228	1	1276771709
12	229	1	1276836942
12	230	1	1276839937
12	230	1	1276925255
2	230	1	1277269379
12	231	1	1276840023
12	232	1	1276840066
12	233	1	1276840169
12	234	1	1276840210
12	235	1	1276840264
12	236	1	1276853817
12	237	1	1276860940
2	237	1	1277269099
63	237	1	1303666142
12	238	1	1276861089
12	238	1	1276861108
12	238	1	1276861257
12	238	1	1276861307
12	239	1	1276861359
12	240	1	1276861420
12	241	1	1276861510
12	242	1	1276861591
12	243	1	1276861837
12	244	1	1276861911
12	245	1	1276861992
12	246	1	1276924780
12	246	1	1276925672
12	246	1	1277195362
12	246	1	1277195768
2	246	1	1277268956
12	246	1	1277983538
4	246	1	1330436418
116	246	1	1335871652
53	246	1	1438579616
12	247	1	1276924845
12	248	1	1276924882
12	249	1	1276924919
12	250	1	1276924967
12	251	1	1276925028
71	252	1	1276992930
27	253	1	1277113935
2	253	1	1277222260
2	253	1	1277223084
2	253	1	1277303808
2	253	1	1277304465
117	253	1	1278237563
2	253	1	1278317080
2	253	1	1278317098
2	253	1	1278339597
118	253	1	1281508869
117	253	1	1286290014
71	254	1	1277047784
71	255	1	1277066736
27	256	1	1277113975
27	256	1	1380819230
71	257	1	1277159485
71	258	1	1277168472
71	259	1	1277179427
71	260	1	1277180908
2	261	1	1277222807
2	262	1	1277222854
2	262	1	1277823385
118	262	1	1281436503
118	262	1	1281436718
71	263	1	1277247866
12	264	1	1277286916
12	264	1	1280896442
12	264	1	1281439955
118	264	1	1281447022
118	264	1	1281504883
4	264	1	1300282347
79	264	1	1317485979
79	264	1	1322679994
82	264	1	1397500703
12	265	1	1277288639
12	266	1	1277290544
4	266	1	1280991140
79	266	1	1303859096
79	266	1	1323437516
116	266	1	1334167141
82	266	1	1397532883
2	267	1	1277304944
2	268	1	1277305242
2	269	1	1277306044
119	269	1	1314624431
2	270	1	1277306162
2	271	1	1277306198
118	272	1	1277376238
71	273	1	1277579494
71	273	1	1289087877
120	273	1	1308761729
120	273	1	1309106758
120	273	1	1322676923
120	273	1	1356644669
120	273	1	1356695521
12	274	1	1277617104
4	274	1	1285335284
79	274	1	1292556071
79	274	1	1301623249
79	274	1	1303862389
116	274	1	1338302074
116	274	1	1345282746
7	274	1	1371243655
82	274	1	1397495376
63	274	1	1446792561
12	275	1	1277617154
12	276	1	1277617194
117	277	1	1277660876
71	277	1	1379890002
12	278	1	1277795105
108	278	1	1324325353
116	278	1	1339329735
116	278	1	1357124859
82	278	1	1397392868
12	279	1	1277804797
12	279	1	1277875579
4	279	1	1288847947
121	279	1	1290741974
4	279	1	1294910975
79	279	1	1302423215
79	279	1	1323441574
4	279	1	1330420413
122	279	1	1333470659
116	279	1	1351937520
53	279	1	1438579626
12	280	1	1277804865
2	281	1	1277823227
2	282	1	1277825832
12	282	1	1277961955
66	283	1	1277844693
12	284	1	1277873884
12	285	1	1277873921
12	285	1	1281433496
12	285	1	1281439961
12	285	1	1281504674
12	286	1	1277874878
12	287	1	1277874910
12	288	1	1277874977
12	289	1	1277875006
12	290	1	1277875064
12	291	1	1277875083
12	292	1	1277960476
12	293	1	1277962051
12	294	1	1277962078
12	295	1	1277964460
4	295	1	1294906723
79	295	1	1296317485
79	295	1	1299037388
79	295	1	1300770723
79	295	1	1303855403
116	295	1	1337092339
116	295	1	1342111441
116	295	1	1351442980
116	295	1	1357121749
116	295	1	1357138735
4	295	1	1370227197
63	295	1	1397157462
82	295	1	1397580693
12	296	1	1277964489
2	297	1	1278317700
2	298	1	1278317701
2	299	1	1278339942
123	299	1	1334751752
124	299	1	1343585740
125	299	1	1344278123
126	299	1	1356805165
127	299	1	1356885785
2	300	1	1278340385
12	301	1	1278410217
79	301	1	1303866617
79	301	1	1318980047
4	301	1	1330452395
116	301	1	1334071916
116	301	1	1334676131
128	301	1	1396396568
82	301	1	1397539064
12	302	1	1278410303
12	303	1	1278416486
12	303	1	1278930054
4	303	1	1285344060
129	303	1	1287166503
130	303	1	1315362592
130	303	1	1315364584
4	303	1	1319811311
116	303	1	1334675683
116	303	1	1339311452
116	303	1	1343427481
116	303	1	1357115156
63	303	1	1362853292
4	303	1	1370203422
82	303	1	1397497342
12	304	1	1278929198
12	305	1	1278929360
12	306	1	1278931712
131	306	1	1292221946
132	306	1	1293726231
133	306	1	1294601266
4	306	1	1300264114
79	306	1	1314574688
4	306	1	1319760049
116	306	1	1342108241
116	306	1	1344069135
4	306	1	1370204966
81	306	1	1376772844
82	306	1	1397002875
12	307	1	1278933466
12	307	1	1278996798
12	308	1	1278996899
63	308	1	1453708577
12	309	1	1279020973
12	310	1	1279021532
12	311	1	1279084093
134	311	1	1328876485
135	311	1	1345390443
135	311	1	1345390656
136	311	1	1477449999
137	311	1	1491958831
12	312	1	1279366342
12	312	1	1280897815
12	313	1	1279431263
12	314	1	1279431367
12	315	1	1279431584
12	316	1	1279431661
12	317	1	1279431694
12	318	1	1279431730
12	319	1	1279431794
12	320	1	1279431913
12	321	1	1279431916
12	322	1	1279431960
12	323	1	1279432005
12	324	1	1279432046
12	325	1	1279432147
12	326	1	1279432188
12	327	1	1279432295
12	328	1	1279432365
12	329	1	1279432454
12	330	1	1279432474
12	331	1	1279432562
12	332	1	1279432700
12	333	1	1279432791
12	334	1	1279432860
12	335	1	1279432914
12	336	1	1279432972
12	337	1	1279433023
12	338	1	1279433070
12	339	1	1279433122
12	340	1	1279433209
12	341	1	1279433294
12	342	1	1279433453
12	343	1	1279433488
12	344	1	1279434940
12	345	1	1279434987
12	346	1	1279709850
12	346	1	1279710636
12	347	1	1279709925
12	348	1	1279709975
12	349	1	1279710647
116	349	1	1345284338
82	349	1	1397543242
12	350	1	1280038382
7	350	1	1371244418
53	350	1	1438579636
12	351	1	1280038761
12	352	1	1280039436
12	353	1	1280039691
12	354	1	1280039848
12	355	1	1280040060
12	356	1	1280040100
12	357	1	1280040122
12	358	1	1280040178
12	359	1	1280040211
12	360	1	1280040247
12	361	1	1280040269
12	362	1	1280040350
12	363	1	1280040460
12	364	1	1280040510
12	365	1	1280040620
12	366	1	1280041127
12	367	1	1280041180
12	368	1	1280041238
12	369	1	1280041272
12	370	1	1280041332
12	371	1	1280041346
12	372	1	1280041383
12	373	1	1280041396
12	374	1	1280041431
12	375	1	1280041459
12	376	1	1280041490
12	377	1	1280041515
12	378	1	1280041553
12	379	1	1280041569
12	380	1	1280041610
12	381	1	1280041638
12	382	1	1280041662
12	383	1	1280041680
12	384	1	1280041768
2	385	1	1280216388
2	385	1	1280216492
2	386	1	1280216682
2	386	1	1280216842
12	387	1	1280897036
118	387	1	1281431939
118	387	1	1281436598
12	387	1	1281438228
138	387	1	1297084693
71	388	1	1280796302
71	389	1	1280800301
12	390	1	1280897932
12	391	1	1280898130
12	392	1	1280898161
12	393	1	1280898200
2	394	1	1280918340
139	395	1	1280960513
139	395	1	1281006349
12	396	1	1280984027
12	396	1	1280984302
12	396	1	1280984601
4	396	1	1280987433
4	396	1	1300345054
101	396	1	1310754985
108	396	1	1327752585
84	396	1	1327938653
116	396	1	1357117132
4	396	1	1370333310
7	396	1	1371243569
81	396	1	1376765805
82	396	1	1397509303
140	396	1	1461222230
12	397	1	1280984113
12	398	1	1280984265
139	399	1	1281097443
71	400	1	1281149706
71	401	1	1281153804
71	402	1	1281155392
71	403	1	1281158785
139	404	1	1281183062
71	404	1	1289145784
120	404	1	1308799727
120	404	1	1309110530
120	404	1	1356644668
71	405	1	1281233172
71	406	1	1281234942
12	407	1	1281252446
12	408	1	1281253088
12	408	1	1281253417
139	409	1	1281258771
12	410	1	1281270998
118	410	1	1281353074
118	410	1	1281353209
118	410	1	1281353756
118	410	1	1281353805
118	410	1	1281353861
118	410	1	1281353875
118	410	1	1281353907
118	410	1	1281353945
118	410	1	1281353998
118	410	1	1281354095
118	410	1	1281428085
118	410	1	1281432143
118	410	1	1281435955
118	410	1	1281436107
118	410	1	1281436268
118	410	1	1281436396
118	410	1	1281436555
118	411	1	1281427489
118	411	1	1281427843
118	411	1	1281427934
118	411	1	1281428034
118	414	1	1281423668
118	415	1	1281423685
118	416	1	1281423697
118	417	1	1281423711
118	418	1	1281423726
118	419	1	1281423740
118	420	1	1281423767
118	421	1	1281423864
118	421	1	1281423882
118	421	1	1281424099
118	421	1	1281424133
118	421	1	1281428119
118	421	1	1281428244
118	421	1	1281428355
118	421	1	1281432007
118	421	1	1281434789
118	422	1	1281424216
118	422	1	1281424599
118	422	1	1281432479
118	422	1	1281432550
118	423	1	1281424237
118	424	1	1281424352
118	424	1	1281424510
118	425	1	1281424392
118	426	1	1281424426
118	427	1	1281424510
118	427	1	1281424554
118	428	1	1281424599
118	429	1	1281424622
118	430	1	1281424656
118	430	1	1281432240
118	430	1	1281432299
118	430	1	1281432388
118	431	1	1281424699
118	432	1	1281424748
118	433	1	1281424790
118	434	1	1281424818
118	434	1	1281424839
118	435	1	1281424829
118	436	1	1281427225
118	437	1	1281427261
118	438	1	1281427280
118	439	1	1281427307
118	440	1	1281427544
118	441	1	1281427631
118	442	1	1281427674
118	444	1	1281428119
118	445	1	1281428276
118	446	1	1281504374
118	446	1	1281504783
118	447	1	1281504423
118	448	1	1281504440
118	448	1	1281504473
118	449	1	1281504505
118	450	1	1281504560
118	450	1	1281504669
118	451	1	1281504622
118	452	1	1281504680
141	453	1	1281991343
141	454	1	1281991355
142	455	1	1282090879
143	455	1	1422983204
142	456	1	1282090890
143	456	1	1422983205
2	457	1	1282117452
12	458	1	1282365461
71	459	1	1283021197
71	460	1	1283393746
144	461	1	1283395739
144	461	1	1284616633
145	461	1	1408317670
144	462	1	1283410080
146	463	1	1285021100
144	464	1	1285794343
144	465	1	1287790216
71	466	1	1289158788
71	467	1	1289173451
144	468	1	1289955453
144	468	1	1291479442
144	468	1	1295308289
134	468	1	1328876486
147	468	1	1337664517
147	468	1	1342549283
147	468	1	1349131904
147	468	1	1360201142
131	469	1	1291889118
148	470	1	1291890377
149	471	1	1293216746
149	472	1	1293216758
141	473	1	1293737562
150	474	1	1294091192
71	475	1	1296443048
71	475	1	1333238310
151	475	1	1390292683
71	476	1	1296449091
71	477	1	1296529354
71	478	1	1296617627
152	479	1	1296648827
71	480	1	1296784460
71	481	1	1298256015
153	481	1	1320044741
71	482	1	1298436054
2	483	1	1301727103
71	484	1	1301870291
144	485	1	1302757098
71	486	1	1302978474
141	486	1	1331476642
71	487	1	1302982926
71	488	1	1302994781
71	489	1	1303351461
71	491	1	1305157426
71	491	1	1333912212
52	492	1	1306137971
154	493	1	1306313221
144	494	1	1306448714
144	495	1	1306520888
13	496	1	1306688711
4	496	1	1370333120
13	497	1	1306902183
13	497	1	1306977644
13	498	1	1306978203
63	498	1	1311874297
13	499	1	1306980245
13	500	1	1307020893
13	501	1	1307080567
155	502	1	1307397381
156	502	1	1332355825
157	503	1	1308065717
157	503	1	1331368155
157	503	1	1389265760
157	503	1	1400726056
157	503	1	1423196937
120	504	1	1308809731
120	504	1	1308813865
120	505	1	1308813749
158	506	1	1309518757
158	507	1	1309529505
120	508	1	1309540102
120	509	1	1309542227
71	510	1	1309570792
71	511	1	1309579452
71	512	1	1309583475
71	513	1	1309632417
159	514	1	1313795903
71	515	1	1314242358
71	515	1	1422212578
160	516	1	1314251959
160	516	1	1388777968
71	517	1	1315763791
71	518	1	1315768257
71	519	1	1315772742
156	520	1	1318460344
71	521	1	1318982216
161	522	1	1319517907
144	523	1	1319841927
144	523	1	1429212179
162	524	1	1319994035
88	524	1	1334640668
163	524	1	1497569403
153	525	1	1320044741
164	526	1	1320784165
164	527	1	1320784228
165	528	1	1321042028
165	529	1	1321205270
165	530	1	1321205270
165	530	1	1321205345
166	531	1	1321535680
166	531	1	1349174128
166	531	1	1352421111
71	532	1	1321763396
71	533	1	1321848760
71	534	1	1321919789
71	535	1	1321923448
71	535	1	1322093414
71	536	1	1321927647
71	536	1	1322095092
120	537	1	1321999445
124	537	1	1343585588
71	538	1	1322097153
71	539	1	1322098372
71	540	1	1322099621
167	541	1	1322264913
71	542	1	1323016312
71	543	1	1323046782
71	544	1	1323050432
2	545	1	1323560107
168	546	1	1325426461
122	546	1	1325438346
88	546	1	1334640039
99	547	1	1325536401
4	547	1	1325545123
4	547	1	1330372422
101	547	1	1363444221
53	547	1	1438579646
156	548	1	1325910383
156	548	1	1325967231
71	549	1	1326049633
144	550	1	1326328964
84	551	1	1326993433
84	551	1	1327006660
84	551	1	1360344452
84	552	1	1326993442
84	552	1	1327003796
84	552	1	1327005268
84	552	1	1360345258
84	552	1	1368047242
2	553	1	1327462835
169	553	1	1333978092
2	553	1	1489289173
2	553	1	1489330256
83	553	1	1489390347
83	553	1	1489391331
83	553	1	1489391438
83	553	1	1489391508
83	553	1	1489391579
83	553	1	1489391618
83	553	1	1489391904
83	553	1	1489396864
170	553	1	1490509671
170	553	1	1492064720
156	554	1	1328130342
45	555	1	1328292141
4	555	1	1370333132
53	555	1	1438579656
71	556	1	1329081082
71	557	1	1329096184
141	558	1	1329728590
156	559	1	1329745678
156	560	1	1329759653
120	561	1	1329832541
120	562	1	1329836903
120	562	1	1356636517
141	563	1	1330631262
141	564	1	1330704398
71	565	1	1332040329
171	566	1	1333210397
71	567	1	1333244440
71	568	1	1333419792
71	569	1	1333500640
71	569	1	1333582748
71	570	1	1333587709
172	571	1	1333637803
71	572	1	1333905544
71	573	1	1333907631
156	574	1	1334113176
71	575	1	1334510296
111	576	1	1335651065
14	577	1	1335899752
71	578	1	1336323883
2	579	1	1188398605
2	580	1	1338021563
2	580	1	1338021584
2	580	1	1338021980
2	580	1	1338022015
2	581	1	1338021660
2	582	1	1338021700
2	583	1	1338021756
156	584	1	1338320917
173	585	1	1338437293
173	585	1	1338440303
173	585	1	1342489758
71	586	1	1338650111
71	587	1	1338656314
71	588	1	1338660806
174	589	1	1338898360
174	589	1	1338898397
174	590	1	1338898379
175	591	1	1338914093
175	591	1	1338915080
175	592	1	1338914095
175	593	1	1338932992
175	593	1	1338933958
175	594	1	1338932993
176	595	1	1339049594
71	595	1	1346639738
71	596	1	1339379915
71	597	1	1339993479
156	598	1	1340666971
71	599	1	1341259783
71	599	1	1344110694
2	600	1	1342847721
2	600	1	1342847757
124	601	1	1343585530
124	601	1	1343653144
124	602	1	1343585549
177	603	1	1343588790
71	604	1	1344112220
71	605	1	1344219735
178	606	1	1344323146
71	607	1	1344380448
179	608	1	1344664287
123	609	1	1346360877
123	610	1	1346432308
88	610	1	1347117328
88	610	1	1360799631
88	611	1	1346446536
71	612	1	1346628258
71	613	1	1346633549
71	614	1	1346637698
180	615	1	1348946710
141	616	1	1351192161
141	617	1	1351240688
141	618	1	1351248033
141	619	1	1351248043
166	620	1	1352421215
2	621	1	1354375695
55	622	1	1354613499
55	623	1	1354743747
71	624	1	1355088529
71	625	1	1355092278
71	626	1	1355113367
181	627	1	1355255878
182	628	1	1355726726
63	628	1	1491327553
2	629	1	1356098420
2	629	1	1356098796
2	630	1	1356446612
2	630	1	1356446644
127	631	1	1356886045
156	632	1	1359581733
156	633	1	1359581839
181	634	1	1359911362
71	635	1	1360031428
40	635	1	1417132143
40	635	1	1487250899
71	636	1	1360035729
71	637	1	1361150406
71	638	1	1361156038
156	639	1	1361234246
183	640	1	1361856837
59	640	1	1426650492
42	640	1	1429229125
59	640	1	1429245667
184	641	1	1364074348
184	642	1	1364074355
156	643	1	1364093422
71	644	1	1364135893
71	645	1	1364143180
71	646	1	1364147163
71	647	1	1364173659
71	648	1	1364175449
185	648	1	1451502300
16	649	1	1364373374
2	649	1	1364388287
16	650	1	1364373445
186	651	1	1366086168
156	652	1	1367175194
187	653	1	1367354465
185	653	1	1451505873
188	654	1	1369578026
188	654	1	1380347760
71	654	1	1381707233
188	654	1	1384698612
188	654	1	1408420473
71	655	1	1370218286
189	656	1	1370875217
189	657	1	1370875220
71	658	1	1372734396
71	659	1	1372821463
2	660	1	1373018281
2	660	1	1373022711
2	660	1	1389778899
2	660	1	1389779058
2	660	1	1389779100
2	660	1	1389779128
2	660	1	1389779295
2	660	1	1389779489
53	660	1	1438579666
2	661	1	1373039250
2	661	1	1373040381
2	661	1	1373212340
2	661	1	1373212575
2	661	1	1373213404
190	662	1	1376683482
191	663	1	1377985832
190	664	1	1377991915
113	665	1	1379192552
113	666	1	1379192553
71	667	1	1379282873
71	668	1	1379303132
185	668	1	1451502300
71	669	1	1379464572
71	670	1	1379468189
71	671	1	1379561430
71	672	1	1379562999
71	673	1	1379564322
71	674	1	1379897949
71	675	1	1379899567
71	676	1	1380160260
71	677	1	1380164465
71	678	1	1380396553
71	679	1	1380397921
71	680	1	1380401513
192	680	1	1385796126
192	680	1	1388052153
192	680	1	1391247828
71	680	1	1408627868
193	680	1	1411917867
194	680	1	1411919478
71	680	1	1413773766
71	680	1	1438466167
71	681	1	1380408056
192	681	1	1385474079
192	681	1	1386742759
192	681	1	1391655296
192	681	1	1393935179
193	681	1	1411917868
194	681	1	1411919478
71	681	1	1414901161
71	682	1	1381684507
71	683	1	1381702078
188	683	1	1382878514
188	683	1	1382932377
71	684	1	1381723843
143	684	1	1450286704
188	685	1	1382847517
188	685	1	1382861328
195	686	1	1382905354
196	687	1	1383038583
197	688	1	1383340603
198	689	1	1384698838
199	690	1	1384786259
200	691	1	1385383800
201	692	1	1387293428
202	693	1	1388837819
202	693	1	1424688030
71	694	1	1390175675
203	694	1	1487201650
71	695	1	1390254735
71	696	1	1390265883
204	697	1	1390300017
205	698	1	1392385126
205	699	1	1392393830
71	700	1	1393564274
71	701	1	1393571549
206	702	1	1393651585
199	703	1	1394757017
207	704	1	1395185014
207	704	1	1395427018
207	704	1	1396578251
208	705	1	1396562869
209	706	1	1396596941
59	707	1	1400531909
2	708	1	1402477646
2	709	1	1402477713
145	710	1	1408317670
71	711	1	1408641711
210	711	1	1461691363
71	712	1	1409110099
71	713	1	1410625032
211	713	1	1447384210
71	714	1	1410711005
71	715	1	1411005457
211	715	1	1447384223
193	717	1	1411917868
175	717	1	1415699497
71	717	1	1420954487
193	718	1	1411917868
175	718	1	1415699512
71	718	1	1420961183
194	719	1	1411919478
194	720	1	1411919478
212	721	1	1413450994
212	721	1	1447356838
212	721	1	1447792261
71	723	1	1416715369
143	723	1	1472038966
143	723	1	1472132135
71	724	1	1416722784
143	724	1	1472038967
143	724	1	1472132135
2	725	1	1417051464
2	726	1	1417069382
2	727	1	1417069411
2	727	1	1417070602
2	727	1	1417071187
2	727	1	1417071282
2	727	1	1417071447
40	728	1	1417132143
40	729	1	1417132143
71	730	1	1417323748
213	731	1	1418653035
71	732	1	1421019114
71	733	1	1421112676
71	734	1	1421116688
71	735	1	1421120692
71	735	1	1423375602
179	735	1	1424432175
143	736	1	1422983205
143	737	1	1422983205
71	738	1	1423371154
71	739	1	1423377862
179	739	1	1424432176
71	740	1	1423708927
71	741	1	1423941597
214	742	1	1424202249
71	743	1	1424393820
143	743	1	1438202272
179	744	1	1424432176
179	745	1	1424432176
71	746	1	1424583577
143	746	1	1438202272
71	747	1	1424585679
175	747	1	1438451991
215	748	1	1425819084
71	749	1	1426642887
59	750	1	1426650478
42	750	1	1429229121
59	750	1	1429245656
59	751	1	1426650478
42	751	1	1429229121
59	751	1	1429245656
59	752	1	1426650478
42	752	1	1429229121
59	752	1	1429245656
59	753	1	1426650478
42	753	1	1429229122
59	753	1	1429245656
59	754	1	1426650478
42	754	1	1429229121
59	754	1	1429245656
59	755	1	1426650478
42	755	1	1429229121
59	755	1	1429245656
59	756	1	1426650479
59	757	1	1426650479
42	757	1	1429229122
59	757	1	1429245657
59	758	1	1426650485
42	758	1	1429229121
59	758	1	1429245657
59	759	1	1426650485
42	759	1	1429229122
59	759	1	1429245657
59	760	1	1426650485
42	760	1	1429229125
59	760	1	1429245657
59	761	1	1426650492
59	762	1	1426650492
59	763	1	1426650492
42	763	1	1429229125
59	763	1	1429245667
59	764	1	1426650492
42	764	1	1429229125
59	764	1	1429245668
59	765	1	1426650492
42	765	1	1429229125
59	765	1	1429245668
59	766	1	1426650493
42	766	1	1429229125
59	766	1	1429245669
59	767	1	1426650496
42	767	1	1429229125
59	767	1	1429245669
59	768	1	1426650499
42	768	1	1429229125
59	768	1	1429245669
59	769	1	1426650499
42	769	1	1429229125
59	769	1	1429245670
59	770	1	1426650499
42	770	1	1429229129
59	770	1	1429245674
59	771	1	1426650499
42	771	1	1429229129
59	771	1	1429245674
59	772	1	1426650500
42	772	1	1429229129
59	772	1	1429245674
59	773	1	1426650500
42	773	1	1429229129
59	773	1	1429245674
59	774	1	1426650500
144	775	1	1429212179
59	776	1	1430057168
216	777	1	1446908325
217	778	1	1432102744
217	778	1	1432801004
217	779	1	1432810518
217	779	1	1432810575
143	780	1	1438202272
143	781	1	1438202272
218	782	1	1438644936
2	783	1	1438745589
2	784	1	1438745703
2	784	1	1438746231
2	784	1	1438746265
2	784	1	1438746307
2	784	1	1438768498
219	785	1	1441524532
219	785	1	1441760355
220	786	1	1441531481
220	786	1	1442610804
2	787	1	1442134716
2	787	1	1442134814
221	787	1	1442138486
2	788	1	1442134831
2	789	1	1442134957
218	790	1	1443816373
218	791	1	1443816374
218	792	1	1443816374
218	793	1	1443816374
218	794	1	1443816374
218	795	1	1443816374
218	796	1	1443816374
2	797	1	1444718147
2	797	1	1444718224
221	797	1	1445511335
221	798	1	1445508403
221	798	1	1445508970
2	799	1	1449330001
143	800	1	1450286704
143	801	1	1450290262
185	802	1	1451502300
185	803	1	1451502300
185	804	1	1451505873
2	805	1	1452439734
210	806	1	1461695529
185	807	1	1462383623
222	808	1	1463822315
143	809	1	1472132135
143	810	1	1472132135
203	811	1	1487201650
40	812	1	1487250899
2	813	1	1489289173
175	813	1	1490083489
2	814	1	1489330256
223	815	1	1496402312
223	816	1	1496402332
2	817	1	1497510698
2	817	1	1497510710
2	817	1	1497510799
2	817	1	1497511882
163	818	1	1497569403
