% bip positive
1	1	1	1103266440
1	1	1	1103268555
1	1	1	1119696856
2	1	1	1148211348
3	2	1	1135886526
3	3	1	1135886540
2	4	1	1148094884
2	5	1	1148329961
2	6	1	1148330140
4	6	1	1327764535
5	7	1	1154444571
5	8	1	1154444746
5	9	1	1154446526
5	9	1	1154446554
6	10	1	1169678102
6	11	1	1169731422
7	11	1	1225271436
8	12	1	1174772464
7	13	1	1182665956
7	13	1	1329538857
9	14	1	1185854168
9	15	1	1185854320
10	16	1	1186421334
11	17	1	1187260834
11	17	1	1187260848
11	17	1	1187260874
11	18	1	1187260953
7	18	1	1277173883
7	18	1	1277175278
12	20	1	1188292722
13	21	1	1190234033
13	21	1	1190234041
13	21	1	1193227584
13	22	1	1190312737
14	22	1	1279294558
12	23	1	1191098762
15	24	1	1191513738
16	25	1	1192612006
16	25	1	1198974405
17	26	1	1196573468
18	27	1	1198325487
19	28	1	1200367177
19	29	1	1200367179
20	30	1	1200940323
20	31	1	1200940329
21	32	1	1203828201
22	33	1	1204552433
22	33	1	1223507121
23	34	1	1206637246
20	35	1	1208480742
20	35	1	1210092160
7	35	1	1225432227
24	36	1	1211739030
24	37	1	1211739123
25	38	1	1212304733
25	38	1	1250282420
26	39	1	1212353495
27	40	1	1212472717
27	41	1	1212472821
28	42	1	1212717296
28	42	1	1216949083
29	42	1	1324287024
28	42	1	1349133036
28	42	1	1349163044
28	42	1	1349484954
30	43	1	1213740287
30	43	1	1213786315
30	43	1	1250590535
30	43	1	1264521985
30	43	1	1293285955
30	43	1	1372515141
31	44	1	1213954244
7	44	1	1277247781
30	45	1	1214142516
32	46	1	1219243519
32	46	1	1231414346
33	47	1	1224420451
7	47	1	1225586234
7	48	1	1225174367
34	49	1	1225303140
34	50	1	1225309011
34	51	1	1225312806
7	52	1	1225342784
34	53	1	1225361120
34	53	1	1226318552
34	53	1	1226318767
34	54	1	1225369610
34	55	1	1225373103
34	55	1	1225374218
7	56	1	1225407875
34	57	1	1225452229
34	57	1	1225474787
34	57	1	1225583237
34	57	1	1225598111
34	57	1	1225649614
34	57	1	1225680859
34	57	1	1225721706
34	57	1	1225772968
34	57	1	1225831411
34	57	1	1225859155
34	57	1	1225875297
34	57	1	1226004555
34	57	1	1226377042
34	57	1	1226403267
34	57	1	1226483142
34	57	1	1226496846
34	57	1	1226597647
34	57	1	1227101569
34	57	1	1227875576
34	57	1	1229409241
34	57	1	1230222743
34	57	1	1230237242
34	57	1	1230766408
34	57	1	1231580964
34	57	1	1232066044
34	57	1	1232469324
34	57	1	1232476609
34	57	1	1233054700
34	57	1	1233095665
34	57	1	1233120898
34	57	1	1233207237
34	57	1	1233554878
34	57	1	1234446097
34	57	1	1234946186
34	57	1	1235324221
34	57	1	1235493299
34	57	1	1236126755
34	57	1	1237332611
34	57	1	1237337966
34	57	1	1238042102
34	57	1	1238715334
34	57	1	1240461236
7	58	1	1225531889
7	59	1	1225682139
7	60	1	1225773623
7	61	1	1225863118
34	62	1	1225926748
34	62	1	1226285772
34	63	1	1225939532
34	64	1	1225956246
34	64	1	1226308632
34	65	1	1226219331
35	66	1	1226490909
35	67	1	1226502309
7	68	1	1226545182
7	69	1	1227251689
7	70	1	1227886145
36	71	1	1229317376
37	72	1	1229950918
38	73	1	1232746111
7	73	1	1233700418
38	74	1	1233698347
7	74	1	1233700432
7	75	1	1234152024
7	76	1	1234567080
7	77	1	1235277248
7	78	1	1235281118
34	79	1	1237294206
7	80	1	1237617816
39	81	1	1237740665
40	82	1	1237741896
41	83	1	1238741296
41	84	1	1238741306
7	85	1	1239507421
7	86	1	1239580430
7	87	1	1239583966
7	88	1	1240009445
7	89	1	1240017122
7	90	1	1240080483
7	91	1	1240089846
42	92	1	1242926102
43	93	1	1243020645
43	93	1	1243021986
43	93	1	1243426866
43	93	1	1291929261
44	94	1	1243469916
45	95	1	1244733085
46	96	1	1246046086
46	97	1	1246046093
46	98	1	1246046097
47	99	1	1248101145
48	100	1	1251038210
7	101	1	1251838994
7	102	1	1252736903
7	103	1	1252745739
7	104	1	1252817296
49	105	1	1256633918
50	106	1	1256959225
7	106	1	1421018880
51	107	1	1257081960
52	108	1	1257309578
53	109	1	1259856783
54	109	1	1334638830
55	110	1	1260441190
55	110	1	1286881937
56	111	1	1261796911
56	112	1	1261796935
57	113	1	1262374226
2	114	1	1148210093
2	114	1	1160771060
2	114	1	1160771108
2	114	1	1263689835
2	114	1	1263689987
2	114	1	1263702251
2	114	1	1263702847
2	114	1	1263703033
2	114	1	1263703642
58	114	1	1310306168
58	114	1	1310306244
59	114	1	1346880748
60	114	1	1364914473
61	114	1	1373440323
2	115	1	1263702847
7	116	1	1264238085
23	117	1	1264308926
7	118	1	1264468091
7	119	1	1264473946
7	120	1	1264552690
7	121	1	1264721962
7	122	1	1264732793
7	123	1	1264919681
7	124	1	1264922178
7	125	1	1264923826
7	126	1	1266707026
7	126	1	1379473994
7	127	1	1266718019
62	128	1	1266844794
63	129	1	1267529971
63	129	1	1268816267
63	129	1	1269710411
44	130	1	1268123426
64	131	1	1268600765
65	132	1	1270195653
66	133	1	1270333586
65	134	1	1270470970
65	135	1	1270660093
7	136	1	1271124943
7	137	1	1271127421
7	138	1	1276992863
7	139	1	1277053742
7	140	1	1277055841
67	140	1	1292011666
67	140	1	1293682072
7	141	1	1277066658
7	142	1	1277159406
7	143	1	1277168393
7	144	1	1277179362
7	145	1	1277180841
7	146	1	1277579413
7	146	1	1289087765
68	146	1	1308757583
68	146	1	1309105788
68	146	1	1322673407
68	146	1	1356640351
68	146	1	1356640738
68	146	1	1356641217
68	146	1	1356692008
14	147	1	1279294558
7	148	1	1280796208
7	149	1	1280800222
69	150	1	1280960433
69	150	1	1281006258
69	151	1	1281097354
7	152	1	1281149618
7	153	1	1281153712
7	154	1	1281155314
7	155	1	1281158707
69	156	1	1281182975
7	156	1	1289145643
68	156	1	1308798144
68	156	1	1309109557
68	156	1	1356640946
68	156	1	1356641201
7	157	1	1281233090
7	158	1	1281234868
69	159	1	1281258699
70	160	1	1282432455
7	161	1	1283021129
71	162	1	1283392071
71	162	1	1284616369
15	162	1	1408317620
7	163	1	1283393653
71	164	1	1283409904
33	165	1	1284220826
72	166	1	1285019688
71	167	1	1285794038
71	168	1	1286350999
7	169	1	1287261908
7	170	1	1289158710
7	171	1	1289173368
71	172	1	1289950678
71	172	1	1291479172
71	172	1	1295308019
4	172	1	1327764537
73	172	1	1337664177
73	172	1	1342548996
73	172	1	1349131635
73	172	1	1360200893
74	173	1	1291889409
75	174	1	1291890558
76	175	1	1292269212
77	176	1	1292437876
78	177	1	1294088367
7	178	1	1296442948
7	178	1	1333238159
7	179	1	1296449011
7	180	1	1296529180
7	181	1	1296617544
79	182	1	1296648870
7	183	1	1296784370
7	184	1	1298435984
80	185	1	1299164039
81	186	1	1300988727
7	187	1	1301870212
7	188	1	1302978391
82	188	1	1331469541
7	189	1	1302982856
7	190	1	1302994712
7	191	1	1303351369
83	192	1	1304162502
7	193	1	1305157352
7	193	1	1333912103
84	194	1	1306224231
84	194	1	1314526676
71	195	1	1306448465
71	196	1	1306520636
85	197	1	1307396119
86	197	1	1332349703
87	198	1	1308068489
87	198	1	1331360288
87	198	1	1331361402
88	199	1	1308075379
88	199	1	1320324405
7	199	1	1346639654
68	200	1	1308808415
68	200	1	1308812311
68	201	1	1308811734
68	201	1	1308812037
89	202	1	1309519903
89	203	1	1309529184
68	204	1	1309539290
68	205	1	1309541460
7	206	1	1309570697
7	207	1	1309579381
7	208	1	1309583405
7	209	1	1309623396
90	209	1	1320094218
7	210	1	1309632338
91	211	1	1311110803
92	212	1	1311225433
92	213	1	1311225437
93	214	1	1311359448
94	215	1	1313251447
94	216	1	1313253988
7	217	1	1314242265
7	217	1	1422212454
7	218	1	1315763697
7	219	1	1315764996
7	220	1	1315768163
7	221	1	1315772656
86	222	1	1318460224
7	223	1	1318978193
71	224	1	1319841792
71	224	1	1429211989
95	225	1	1319974221
54	225	1	1334640827
96	225	1	1497567346
90	226	1	1320094218
97	227	1	1320781811
97	228	1	1320781862
98	229	1	1321041945
98	230	1	1321205161
98	231	1	1321205162
98	231	1	1321205284
7	232	1	1321763293
7	233	1	1321848674
7	234	1	1321919716
7	235	1	1321923379
7	235	1	1322093326
7	236	1	1321927570
7	236	1	1322095010
68	237	1	1321985372
68	238	1	1321990431
68	238	1	1321991265
99	238	1	1343327565
68	239	1	1322029048
7	240	1	1322097080
7	241	1	1322098304
7	242	1	1322099551
100	243	1	1322261720
7	244	1	1323016193
7	245	1	1323046708
7	246	1	1323050354
29	247	1	1324287077
49	248	1	1325536160
101	248	1	1325545203
101	248	1	1330372542
102	248	1	1343339708
41	248	1	1363444341
86	249	1	1325892698
86	249	1	1325963897
71	250	1	1326328693
103	251	1	1326800358
104	251	1	1326801860
104	251	1	1326810728
104	251	1	1326907694
104	251	1	1326914091
104	251	1	1326964940
104	251	1	1327005419
104	251	1	1360345078
104	251	1	1368047412
104	252	1	1326994558
104	252	1	1327006900
104	252	1	1360344272
86	253	1	1328126012
7	254	1	1329080996
82	255	1	1329304694
82	256	1	1329304704
86	257	1	1329742383
86	258	1	1329748398
4	258	1	1329751715
68	259	1	1329829315
68	260	1	1329833635
68	260	1	1356632831
105	261	1	1330149792
64	262	1	1330558885
82	263	1	1330619521
82	264	1	1330702064
7	265	1	1332039941
7	266	1	1333244369
7	267	1	1333419712
7	268	1	1333500563
7	268	1	1333582658
7	269	1	1333587626
7	270	1	1333905435
7	271	1	1333907514
86	272	1	1334109845
7	273	1	1334510217
106	274	1	1335287161
96	274	1	1473304700
7	275	1	1336323807
86	276	1	1338316657
107	277	1	1338443387
107	277	1	1342493466
7	278	1	1338650017
7	279	1	1338656236
7	280	1	1338660675
108	281	1	1338843197
108	281	1	1338915104
108	282	1	1338843199
108	283	1	1338932839
108	283	1	1338933977
108	284	1	1338932840
86	285	1	1339329098
86	286	1	1339329612
7	287	1	1339379475
7	288	1	1339993406
109	289	1	1340570437
86	290	1	1340663505
7	291	1	1341259708
7	291	1	1344110606
7	292	1	1341262353
110	293	1	1341663649
111	294	1	1342103455
99	295	1	1343327592
99	296	1	1343327647
7	297	1	1344112149
7	298	1	1344219653
112	299	1	1344323604
7	300	1	1344380372
113	301	1	1345567209
113	301	1	1345578529
113	301	1	1345578680
113	301	1	1345581670
114	302	1	1346360427
114	303	1	1346431859
54	303	1	1347117489
54	303	1	1360799526
54	304	1	1346446096
7	305	1	1346628174
7	306	1	1346633475
7	307	1	1346637593
115	308	1	1348932378
28	309	1	1349484993
82	310	1	1351189958
82	311	1	1351239457
82	312	1	1351242849
82	313	1	1351242860
116	314	1	1353465474
76	314	1	1370441115
7	316	1	1355088428
7	317	1	1355092201
7	318	1	1355113298
117	319	1	1355251788
118	321	1	1355724737
119	322	1	1355852658
119	323	1	1355853542
86	324	1	1359578086
86	325	1	1359578246
86	326	1	1359902942
86	327	1	1359905901
117	328	1	1359909222
7	329	1	1360031331
120	329	1	1417132140
120	329	1	1487246174
7	330	1	1360035649
7	331	1	1361155958
86	332	1	1361229959
86	332	1	1361230397
121	333	1	1363197767
121	334	1	1363197780
122	335	1	1363990856
7	336	1	1364143087
7	337	1	1364147088
7	338	1	1364161912
7	339	1	1364173583
7	340	1	1364175374
123	340	1	1451502389
116	341	1	1365213198
15	341	1	1374674785
29	341	1	1410353202
124	342	1	1365250096
125	343	1	1366075088
126	344	1	1366426220
86	345	1	1367171255
86	345	1	1367171512
127	346	1	1367352144
123	346	1	1451505796
128	347	1	1368439759
7	347	1	1381707166
7	348	1	1370218196
129	349	1	1370337259
128	350	1	1370604948
128	350	1	1374387844
130	351	1	1370874579
130	352	1	1370874582
7	353	1	1372734310
7	354	1	1372821384
131	355	1	1373850849
131	355	1	1373851237
7	355	1	1381682875
132	356	1	1374243075
7	357	1	1379282796
7	358	1	1379303063
123	358	1	1451505796
7	359	1	1379464493
7	360	1	1379468120
7	361	1	1379561362
7	362	1	1379562942
7	363	1	1379564269
7	364	1	1379897879
7	365	1	1379899511
7	366	1	1380160195
7	367	1	1380164401
7	368	1	1380401456
7	368	1	1408627789
133	368	1	1411917871
134	368	1	1411919488
7	368	1	1413773574
7	368	1	1438466089
7	369	1	1380408003
133	369	1	1411917872
134	369	1	1411919488
7	369	1	1414900959
7	370	1	1381684439
7	371	1	1381702024
7	372	1	1390254674
7	373	1	1393571493
15	374	1	1408317620
133	375	1	1411917872
133	376	1	1411917872
134	377	1	1411919488
134	378	1	1411919488
120	379	1	1417132140
120	380	1	1417132140
7	381	1	1423708815
7	382	1	1424393692
96	382	1	1438202273
7	383	1	1424583464
96	383	1	1438202119
7	384	1	1424585567
135	385	1	1426616323
136	385	1	1429220306
135	385	1	1429220755
135	386	1	1426616323
136	386	1	1429220306
135	386	1	1429220755
135	387	1	1426616323
136	387	1	1429220306
135	387	1	1429220755
135	388	1	1426616323
136	388	1	1429220306
135	388	1	1429220766
135	389	1	1426616324
135	390	1	1426616324
135	391	1	1426616331
136	391	1	1429220306
135	391	1	1429220766
135	392	1	1426616332
136	392	1	1429220306
135	392	1	1429220767
135	393	1	1426616332
136	393	1	1429220306
135	393	1	1429220767
135	394	1	1426616332
136	394	1	1429220306
135	394	1	1429220767
7	395	1	1426642729
71	396	1	1429211990
96	397	1	1438202120
96	398	1	1438202273
137	399	1	1438644558
138	400	1	1442455549
138	401	1	1442455550
138	402	1	1442455550
138	403	1	1442455550
137	404	1	1443815549
137	405	1	1443815549
137	406	1	1443815549
137	407	1	1443815549
137	408	1	1443815549
137	409	1	1443815550
137	410	1	1443815550
123	411	1	1451502389
123	412	1	1451505796
123	413	1	1451505796
123	414	1	1462387210
96	415	1	1473304700
120	416	1	1487246174
96	417	1	1497567346
