% bip positive
1	1	1	1141991853
2	1	1	1157377093
3	1	1	1159701844
3	1	1	1159703055
4	1	1	1174589090
4	1	1	1174594648
3	1	1	1212323925
5	1	1	1397220705
6	1	1	1412745616
6	1	1	1412756853
7	1	1	1417072699
7	1	1	1417091496
7	1	1	1422512739
7	1	1	1422512770
7	1	1	1423028195
7	1	1	1423028461
7	1	1	1423028844
7	1	1	1423028927
7	1	1	1423029145
7	1	1	1423029572
7	1	1	1423032977
7	1	1	1423033384
7	1	1	1423063047
7	1	1	1423063288
7	1	1	1423128423
7	1	1	1423129951
7	1	1	1423130045
7	1	1	1423809475
7	1	1	1428571868
7	1	1	1428704483
7	1	1	1435036360
7	1	1	1435036391
7	1	1	1435368410
7	1	1	1435369194
7	1	1	1438061203
7	1	1	1438070270
7	1	1	1438233752
7	1	1	1492830532
7	1	1	1492834421
7	1	1	1492834529
7	1	1	1492867495
7	1	1	1492867851
7	1	1	1492932915
7	1	1	1492932934
7	1	1	1493507732
7	1	1	1494666493
7	1	1	1494666555
7	1	1	1494667147
8	2	1	1103266215
8	2	1	1103267989
8	2	1	1119698738
8	2	1	1140919667
9	2	1	1149217190
10	2	1	1289955471
10	2	1	1291479514
10	2	1	1295308361
11	2	1	1328963654
12	2	1	1337664473
12	2	1	1342549245
12	2	1	1349131867
12	2	1	1360201109
13	3	1	1137388392
13	4	1	1137388401
1	5	1	1141991853
1	6	1	1141998270
3	7	1	1160290374
3	7	1	1160291179
14	7	1	1254182013
14	7	1	1255553559
15	7	1	1271625988
15	7	1	1271626239
16	7	1	1415986614
7	7	1	1423818705
17	7	1	1424051969
7	7	1	1424052924
7	7	1	1424053769
7	7	1	1424156765
7	7	1	1424156879
7	7	1	1424244369
7	7	1	1424333845
7	7	1	1424333933
7	7	1	1424334040
7	7	1	1424382927
7	7	1	1424383736
7	7	1	1424741421
7	7	1	1424741500
3	8	1	1160289650
3	9	1	1160290868
3	10	1	1160290949
3	11	1	1160343253
4	12	1	1174589984
15	12	1	1225271745
18	13	1	1174772588
3	14	1	1181323515
3	14	1	1181323996
3	15	1	1181323653
3	15	1	1181332955
3	16	1	1181323735
3	16	1	1181332458
7	16	1	1423815989
7	16	1	1423817639
3	17	1	1181323827
7	17	1	1423815542
3	18	1	1181332513
19	18	1	1256854111
3	19	1	1181332564
7	19	1	1423816650
3	20	1	1181332595
7	20	1	1423815861
7	20	1	1423817409
3	21	1	1181332629
7	21	1	1423729681
7	21	1	1423729813
3	22	1	1181332669
7	22	1	1423815957
7	22	1	1423817558
3	23	1	1181332699
7	23	1	1423816131
3	24	1	1181332766
3	24	1	1199077770
3	25	1	1181332827
7	25	1	1423815697
7	25	1	1424259500
3	26	1	1181332844
7	26	1	1423815636
7	26	1	1423815659
3	27	1	1181332856
7	27	1	1423816393
20	28	1	1194867869
20	28	1	1217593012
21	29	1	1196674960
21	30	1	1196674972
22	31	1	1197420888
23	32	1	1198371167
23	33	1	1198371173
3	34	1	1199078108
24	34	1	1288779911
7	34	1	1423816842
3	35	1	1199078183
24	35	1	1288779891
7	35	1	1423816820
7	35	1	1425890548
3	36	1	1199078226
24	36	1	1288779872
25	36	1	1343763510
7	36	1	1423815725
3	37	1	1199078281
24	37	1	1288779852
7	37	1	1423816776
3	38	1	1199078327
7	38	1	1423815916
3	39	1	1199078388
7	39	1	1423815833
3	40	1	1199078485
7	40	1	1423815494
26	41	1	1200262315
27	42	1	1205104335
27	43	1	1205104342
28	44	1	1206647229
29	45	1	1208430154
30	45	1	1314708095
31	45	1	1338933129
31	45	1	1338933945
29	46	1	1208432301
30	46	1	1314708095
31	46	1	1338933131
29	47	1	1208435677
29	47	1	1215780839
31	47	1	1218624169
32	47	1	1218638799
31	47	1	1338914183
31	47	1	1338915065
31	48	1	1208440665
32	48	1	1218638799
33	48	1	1314916695
31	48	1	1338914189
31	49	1	1208440686
32	49	1	1218638799
34	50	1	1211758111
34	51	1	1211758183
35	52	1	1212089787
15	52	1	1277173988
15	52	1	1277175375
36	53	1	1212220949
3	54	1	1212324209
24	54	1	1288792448
7	54	1	1423816871
7	54	1	1423817276
7	54	1	1423817355
37	55	1	1212354277
38	56	1	1213741279
38	56	1	1213784854
28	56	1	1254903760
38	56	1	1261739552
38	56	1	1264523648
38	56	1	1293285612
38	56	1	1372514864
38	57	1	1214155533
32	58	1	1218638799
32	58	1	1218638836
32	59	1	1218638799
32	59	1	1218638849
39	59	1	1318850902
40	60	1	1220672388
40	61	1	1220672404
40	62	1	1220672412
40	63	1	1220672424
40	64	1	1220672435
40	65	1	1220672444
40	66	1	1220672453
40	67	1	1220672503
40	68	1	1220673010
40	69	1	1220673023
40	70	1	1220673035
40	71	1	1220673047
40	72	1	1220673075
40	73	1	1220673379
40	74	1	1220673403
40	75	1	1220673415
40	76	1	1220673429
15	76	1	1421019183
41	77	1	1222710469
15	78	1	1225174663
42	79	1	1225326742
15	80	1	1225343754
42	81	1	1225381984
42	82	1	1225389297
42	83	1	1225389973
42	83	1	1226323508
15	84	1	1225408414
15	85	1	1225432570
42	86	1	1225443212
42	87	1	1225443259
42	88	1	1225465254
42	88	1	1225576785
42	88	1	1225592595
42	88	1	1225603272
42	88	1	1225662258
42	88	1	1225685720
42	88	1	1225736029
42	88	1	1225779552
42	88	1	1225844340
42	88	1	1225866354
42	88	1	1226018563
42	88	1	1226384338
42	88	1	1226504800
42	88	1	1227109074
42	88	1	1227882824
42	88	1	1229419036
42	88	1	1230237559
42	88	1	1230244685
42	88	1	1230773258
42	88	1	1231594213
42	88	1	1232073835
42	88	1	1232478582
42	88	1	1232486390
42	88	1	1233061907
42	88	1	1233104075
42	88	1	1233128962
42	88	1	1233215459
42	88	1	1233559953
42	88	1	1234456514
42	88	1	1234955810
42	88	1	1235331573
42	88	1	1235500587
42	88	1	1236131381
42	88	1	1237343088
42	88	1	1238050267
42	88	1	1238723014
42	88	1	1240466746
15	89	1	1225532223
15	90	1	1225586727
15	91	1	1225682617
15	92	1	1225774096
15	93	1	1225863596
43	93	1	1381718619
42	94	1	1225936462
42	95	1	1225947604
42	96	1	1225966224
42	96	1	1226314406
42	97	1	1226243518
44	98	1	1226497301
15	99	1	1226545605
15	100	1	1227253730
15	101	1	1227886507
14	102	1	1229701409
14	103	1	1229701692
45	104	1	1229958240
15	105	1	1234152426
15	106	1	1234567377
15	107	1	1235277489
15	108	1	1235281346
42	109	1	1237306554
15	110	1	1237618052
46	111	1	1238740964
46	112	1	1238740974
15	113	1	1239507666
15	114	1	1239580667
15	115	1	1239584196
15	116	1	1240009767
15	117	1	1240017377
15	118	1	1240082450
15	119	1	1240090073
47	120	1	1242924149
47	120	1	1275554264
48	121	1	1246047626
30	121	1	1378848036
48	122	1	1246047632
48	123	1	1246047637
49	124	1	1248115572
15	125	1	1251839473
15	126	1	1252737244
15	127	1	1252746029
15	128	1	1252817575
14	129	1	1255553571
15	129	1	1271626152
50	130	1	1257286208
51	131	1	1258042482
51	131	1	1291929215
52	132	1	1259718449
53	133	1	1260070058
54	133	1	1334638577
55	134	1	1260595479
15	135	1	1264238208
15	136	1	1264292756
15	137	1	1264390194
28	138	1	1264402275
15	139	1	1264468219
15	140	1	1264474047
15	141	1	1264552808
15	142	1	1264722065
15	143	1	1264733016
15	144	1	1264919787
15	145	1	1264922283
15	146	1	1264923929
15	147	1	1266707127
15	147	1	1379474093
15	148	1	1266718128
56	149	1	1268601944
57	150	1	1269710360
58	151	1	1270197394
58	151	1	1379261439
58	152	1	1270471686
58	152	1	1379261444
58	153	1	1270660890
58	153	1	1379261453
59	154	1	1270816783
15	155	1	1271127524
15	156	1	1271625988
15	156	1	1271626119
15	157	1	1271626134
7	157	1	1424333977
7	157	1	1424741318
7	157	1	1425610409
7	157	1	1425610456
7	157	1	1428574224
7	157	1	1428574465
7	157	1	1429434869
7	157	1	1436249710
7	157	1	1465269216
60	158	1	1273594151
60	159	1	1273594176
15	160	1	1276992947
15	161	1	1277066760
15	162	1	1277159507
15	163	1	1277168493
15	164	1	1277179447
15	165	1	1277180924
15	166	1	1277247888
15	167	1	1277579515
15	167	1	1289087913
61	167	1	1308763406
61	167	1	1309107190
61	167	1	1322678374
61	167	1	1356646130
61	167	1	1356696993
15	168	1	1280796327
15	169	1	1280800322
62	170	1	1280960536
62	170	1	1281006374
62	171	1	1281097468
15	172	1	1281149729
15	173	1	1281153826
15	174	1	1281155415
15	175	1	1281158807
62	176	1	1281183086
15	176	1	1289145819
61	176	1	1308800398
61	176	1	1309110949
61	176	1	1356646130
15	177	1	1281233193
15	178	1	1281234962
62	179	1	1281258790
15	180	1	1283021215
10	181	1	1283392187
10	181	1	1284616705
43	181	1	1408317672
15	182	1	1283393770
10	183	1	1283410128
63	184	1	1285022095
10	185	1	1285794416
10	186	1	1287790288
15	187	1	1289158808
15	188	1	1289173473
64	189	1	1291889273
65	190	1	1291890460
66	191	1	1292322011
6	191	1	1412840983
67	192	1	1294092715
15	193	1	1296443074
15	193	1	1333238352
68	193	1	1390293743
15	194	1	1296449112
15	195	1	1296529389
15	196	1	1296617651
69	197	1	1296648855
15	198	1	1296784485
15	199	1	1298436072
70	200	1	1300794642
15	201	1	1301870311
15	202	1	1302978496
71	202	1	1331479662
15	203	1	1302982945
15	204	1	1302994799
15	205	1	1303351485
72	206	1	1304399270
72	206	1	1388777186
15	207	1	1305157446
15	207	1	1333912245
10	208	1	1306448786
73	209	1	1306478914
73	209	1	1314547467
10	210	1	1306520960
74	211	1	1307397927
75	211	1	1332358152
76	212	1	1308068743
76	212	1	1331369122
76	212	1	1400726430
76	212	1	1423197155
61	213	1	1308810262
61	213	1	1308814495
61	214	1	1308814489
77	215	1	1309518817
77	216	1	1309529600
61	217	1	1309540436
61	218	1	1309542536
15	219	1	1309570819
15	220	1	1309579473
15	221	1	1309583496
15	222	1	1309623499
15	223	1	1309632439
15	224	1	1314242383
15	224	1	1422212620
30	225	1	1314708095
30	226	1	1314708095
30	227	1	1314709335
30	227	1	1316862808
15	228	1	1315763813
15	229	1	1315765060
15	230	1	1315768276
15	231	1	1315772766
78	232	1	1316338144
39	232	1	1342682703
78	232	1	1346361001
57	233	1	1317380612
75	234	1	1318461446
15	235	1	1318982326
10	236	1	1319841963
10	236	1	1429212178
79	237	1	1319996846
54	237	1	1334640549
80	237	1	1497570295
81	238	1	1320784173
81	239	1	1320784268
82	240	1	1321042051
82	241	1	1321205304
82	242	1	1321205363
83	243	1	1321617988
83	243	1	1349213304
83	243	1	1355940476
15	244	1	1321763424
15	245	1	1321848785
15	246	1	1321919809
15	247	1	1321923466
15	247	1	1322093438
15	248	1	1321927667
15	248	1	1322095115
61	249	1	1322000737
84	249	1	1343345218
7	249	1	1435124526
15	250	1	1322097172
15	251	1	1322098391
15	252	1	1322099641
85	253	1	1322658721
15	253	1	1346639761
15	254	1	1323016343
15	255	1	1323046805
15	256	1	1323050454
86	257	1	1325426552
87	257	1	1325438295
54	257	1	1334639892
14	258	1	1325536430
24	258	1	1325544637
24	258	1	1330372372
25	258	1	1343339745
46	258	1	1363444181
88	258	1	1438655148
89	259	1	1325688343
75	260	1	1325968634
15	261	1	1326049659
10	262	1	1326329040
90	263	1	1327001500
90	263	1	1327006440
90	263	1	1360344352
90	264	1	1327001510
90	264	1	1327003846
90	264	1	1327005168
90	264	1	1360345158
90	264	1	1368047132
75	265	1	1328131823
15	266	1	1329081107
15	267	1	1329096204
71	268	1	1329313991
71	269	1	1329314000
15	270	1	1329592156
71	271	1	1329729108
75	272	1	1329747058
75	273	1	1329761045
61	274	1	1329833912
61	275	1	1329838287
61	275	1	1356638076
71	276	1	1330637689
71	277	1	1330705243
15	278	1	1332040356
15	279	1	1333244459
15	280	1	1333419815
15	281	1	1333500663
15	281	1	1333582774
15	282	1	1333587733
15	283	1	1333905572
15	284	1	1333907663
75	285	1	1334114600
15	286	1	1334510317
56	287	1	1335652060
15	288	1	1336323905
75	289	1	1338322461
91	290	1	1338439205
91	290	1	1338442143
91	290	1	1342492009
15	291	1	1338650139
15	292	1	1338656335
15	293	1	1338660845
15	294	1	1339379943
15	295	1	1339993500
75	296	1	1340668449
15	297	1	1341259807
15	297	1	1344110718
84	298	1	1343345168
84	299	1	1343345228
15	300	1	1344112242
15	301	1	1344219759
92	302	1	1344323322
15	303	1	1344380470
93	304	1	1345986787
78	305	1	1346432447
54	305	1	1347117228
54	305	1	1360799508
54	306	1	1346446659
15	307	1	1346628283
15	308	1	1346633569
15	309	1	1346637732
94	310	1	1348947070
71	311	1	1351192932
71	312	1	1351241201
71	313	1	1351250286
71	314	1	1351250295
15	315	1	1355092303
15	316	1	1355113388
95	317	1	1355256626
96	318	1	1355727664
97	318	1	1491303509
83	319	1	1355940499
75	320	1	1359583267
75	321	1	1359583347
95	322	1	1359912324
15	323	1	1360031456
98	323	1	1417132141
98	323	1	1487252935
15	324	1	1360035752
15	325	1	1361150436
15	326	1	1361156063
75	327	1	1361235829
99	328	1	1362414522
99	329	1	1362414534
75	330	1	1364094903
15	331	1	1364143207
15	332	1	1364147187
15	333	1	1364173684
15	334	1	1364175473
100	334	1	1451502271
101	335	1	1366090264
75	336	1	1367176777
102	337	1	1367356988
100	337	1	1451505838
103	338	1	1369583675
103	338	1	1380430312
15	338	1	1381707257
103	338	1	1384699215
103	338	1	1408421204
15	339	1	1370218315
104	340	1	1370875401
104	341	1	1370875405
15	342	1	1372734424
15	343	1	1372821488
105	344	1	1372863718
106	345	1	1376684931
107	346	1	1377986402
106	347	1	1377992214
58	348	1	1379260613
58	349	1	1379260616
15	350	1	1379282896
15	351	1	1379303152
100	351	1	1451502271
15	352	1	1379464595
15	353	1	1379468211
15	354	1	1379561451
15	355	1	1379563017
15	356	1	1379564341
15	357	1	1379897971
15	358	1	1379899586
15	359	1	1380160281
15	360	1	1380164484
15	361	1	1380396572
15	362	1	1380397941
15	363	1	1380401531
108	363	1	1385796563
108	363	1	1388052676
108	363	1	1391248691
15	363	1	1408627896
109	363	1	1411917931
110	363	1	1411919509
15	363	1	1413773826
15	363	1	1438466192
15	364	1	1380408074
108	364	1	1385474590
108	364	1	1386743203
108	364	1	1391655895
108	364	1	1393935655
109	364	1	1411917931
110	364	1	1411919509
15	364	1	1414901226
15	365	1	1381684530
15	366	1	1381702101
103	366	1	1382879062
103	366	1	1382932846
103	367	1	1382861925
111	368	1	1382905789
112	369	1	1383039162
113	370	1	1384699145
114	371	1	1384786502
115	372	1	1385384020
116	373	1	1387293594
117	374	1	1388839648
117	374	1	1424689620
15	375	1	1390175700
118	375	1	1487203345
15	376	1	1390254754
15	377	1	1390265904
119	378	1	1390300265
120	379	1	1392389465
120	380	1	1392392580
15	381	1	1393564296
15	382	1	1393571565
114	383	1	1394757248
121	384	1	1395178062
122	385	1	1395185647
122	385	1	1395427826
122	385	1	1396578936
123	386	1	1396563091
124	387	1	1396597178
16	388	1	1400531909
43	389	1	1408317673
15	390	1	1408641745
125	390	1	1461691435
15	391	1	1409110122
15	392	1	1410625087
126	392	1	1447384210
15	393	1	1410711059
15	394	1	1411005511
126	394	1	1447384235
109	395	1	1411917931
31	395	1	1415700095
15	395	1	1420954553
109	396	1	1411917932
31	396	1	1415700125
15	396	1	1420961240
110	397	1	1411919509
110	398	1	1411919509
6	399	1	1412840859
6	400	1	1412840917
6	401	1	1412841114
127	402	1	1413476239
127	402	1	1447363047
127	402	1	1447796450
15	403	1	1416715425
128	403	1	1472040304
128	403	1	1472137647
15	404	1	1416722842
128	404	1	1472040304
128	404	1	1472137648
7	405	1	1417072155
7	405	1	1417072212
7	405	1	1417072546
7	405	1	1417090362
7	405	1	1417090663
7	405	1	1417090750
7	405	1	1423018509
7	405	1	1423018588
7	405	1	1423128299
7	405	1	1423128330
7	405	1	1423128354
7	405	1	1423818993
7	405	1	1424167442
7	405	1	1424241445
7	405	1	1424392052
7	405	1	1428919657
7	405	1	1438072817
7	405	1	1491271899
7	405	1	1491272249
7	406	1	1417088602
7	407	1	1417088627
7	408	1	1417091328
7	408	1	1423130109
7	408	1	1423729336
7	408	1	1423819207
98	409	1	1417132141
98	410	1	1417132141
129	411	1	1417191179
15	414	1	1417323863
130	415	1	1418662341
15	416	1	1421112737
15	417	1	1421116738
15	418	1	1421120746
15	418	1	1423375633
93	418	1	1424432111
7	419	1	1422511281
7	419	1	1423026702
7	419	1	1423132197
7	419	1	1423132378
7	419	1	1423132409
7	419	1	1423958573
7	419	1	1436250266
131	419	1	1468432584
7	420	1	1423020491
7	420	1	1423024234
7	420	1	1423030074
7	420	1	1423062628
7	420	1	1423062704
7	420	1	1423128627
7	420	1	1424383983
7	420	1	1435369373
7	420	1	1492813576
7	420	1	1492828042
7	420	1	1492829830
7	420	1	1492831028
7	420	1	1492831042
7	420	1	1492831118
7	420	1	1492833373
7	420	1	1492867557
7	420	1	1492867577
7	420	1	1492867593
7	420	1	1492867612
7	420	1	1492867626
7	420	1	1492867645
7	420	1	1492867771
7	420	1	1492932876
7	420	1	1492933195
7	420	1	1492933237
7	420	1	1492933251
7	420	1	1492933293
7	420	1	1492933320
7	421	1	1423026970
7	421	1	1423027217
7	421	1	1424132040
7	422	1	1423028812
7	422	1	1424479104
7	422	1	1424479131
7	422	1	1436250105
7	422	1	1493532245
7	423	1	1423029926
7	423	1	1423030852
7	423	1	1423031096
7	423	1	1424222696
7	423	1	1424222744
7	423	1	1424222777
7	423	1	1424227170
7	423	1	1424267549
7	423	1	1424334293
7	423	1	1424336672
7	423	1	1424336698
7	423	1	1424336777
7	423	1	1424391467
7	423	1	1424581820
7	423	1	1424582336
7	423	1	1424582696
7	423	1	1438232986
7	423	1	1438322146
7	423	1	1493437277
7	423	1	1493530495
7	423	1	1493683361
7	423	1	1493683387
7	423	1	1493859905
7	423	1	1494250955
7	423	1	1494671789
7	424	1	1423030286
7	424	1	1435727596
7	425	1	1423030844
7	426	1	1423031724
7	426	1	1423031745
7	427	1	1423031790
7	428	1	1423031974
7	428	1	1423033017
7	428	1	1423131705
7	429	1	1423032231
7	429	1	1423032275
7	429	1	1424415658
7	430	1	1423032948
7	430	1	1423131674
7	430	1	1423132054
7	430	1	1424167355
7	430	1	1424271595
7	430	1	1428556756
7	430	1	1429341985
7	430	1	1435729142
7	430	1	1438058597
7	430	1	1438058768
7	431	1	1423033350
7	431	1	1428572577
7	431	1	1428572643
7	431	1	1428703988
7	431	1	1428704030
7	431	1	1429342130
7	431	1	1435729050
7	431	1	1438058425
7	431	1	1438321447
7	431	1	1438321669
7	431	1	1465353831
7	431	1	1493531168
7	432	1	1423033701
7	432	1	1438071125
7	432	1	1438071609
7	432	1	1438071654
7	432	1	1438321337
7	432	1	1438321511
7	432	1	1494683627
7	433	1	1423033910
7	433	1	1423034046
7	434	1	1423034097
7	434	1	1423128108
7	434	1	1493858043
7	434	1	1494250575
7	435	1	1423061413
7	435	1	1423061518
7	436	1	1423061550
7	436	1	1423061642
7	437	1	1423061729
7	437	1	1423061907
7	437	1	1423062231
7	437	1	1438071921
7	438	1	1423127566
7	438	1	1438326702
7	439	1	1423127623
7	439	1	1423128064
7	440	1	1423128189
7	441	1	1423286056
15	442	1	1423371187
15	443	1	1423377890
93	443	1	1424432111
15	444	1	1423708963
7	445	1	1423729734
7	445	1	1423729754
7	445	1	1423731523
7	445	1	1435716098
7	445	1	1435716112
7	446	1	1423729922
7	446	1	1423731502
7	447	1	1423729958
7	447	1	1423731483
7	448	1	1423730553
7	448	1	1424163605
7	448	1	1428559042
7	449	1	1423730652
7	450	1	1423730782
7	451	1	1423730826
7	452	1	1423730877
7	453	1	1423730958
7	453	1	1423730979
7	454	1	1423731064
7	455	1	1423731111
7	456	1	1423731123
7	456	1	1423731162
7	456	1	1423732628
7	456	1	1423732641
7	456	1	1423732708
7	457	1	1423731286
7	458	1	1423731348
7	458	1	1423731561
7	459	1	1423731601
7	459	1	1423731664
7	460	1	1423731639
7	461	1	1423731701
7	461	1	1423731715
7	462	1	1423731746
7	463	1	1423731791
7	463	1	1423731805
7	463	1	1428558801
7	463	1	1428559345
7	464	1	1423731859
7	464	1	1423731875
7	464	1	1423732194
7	465	1	1423731953
7	465	1	1423731967
7	465	1	1423732004
7	465	1	1428557894
7	466	1	1423732021
7	467	1	1423732059
7	467	1	1423732776
7	468	1	1423732121
7	469	1	1423732205
7	470	1	1423732261
7	470	1	1428559162
7	471	1	1423732301
7	471	1	1423732314
7	471	1	1428558682
7	471	1	1428558710
7	471	1	1428558914
7	471	1	1428559188
7	472	1	1423732351
7	472	1	1423732365
7	472	1	1423732767
7	472	1	1428558586
7	473	1	1423732397
7	473	1	1423732753
7	474	1	1423732434
7	474	1	1423732744
7	475	1	1423732521
7	476	1	1423733000
7	476	1	1423733552
7	476	1	1424258627
7	476	1	1424425076
7	476	1	1425890628
7	476	1	1425890741
7	476	1	1435715250
7	477	1	1423733209
7	477	1	1423812891
7	477	1	1423814222
7	477	1	1423814477
7	477	1	1423817057
7	477	1	1423817858
7	477	1	1424059476
7	477	1	1424155905
7	478	1	1423733273
7	478	1	1423733974
7	478	1	1424050387
7	478	1	1424050512
7	478	1	1424050987
7	478	1	1424053327
7	478	1	1424053424
7	478	1	1424424362
7	478	1	1424424762
7	478	1	1424478704
7	478	1	1424478749
7	478	1	1424497532
7	478	1	1424497601
7	478	1	1424497679
7	479	1	1423733323
7	479	1	1423733956
7	479	1	1428917824
7	479	1	1428918208
7	480	1	1423733392
7	480	1	1423733944
7	480	1	1428969113
7	480	1	1429340117
7	480	1	1429340913
7	480	1	1429341107
7	481	1	1423733653
7	481	1	1435564657
7	482	1	1423733709
7	482	1	1435574196
7	482	1	1435574250
7	482	1	1435726858
7	482	1	1435729676
7	483	1	1423733765
7	483	1	1436045286
7	483	1	1436249515
7	484	1	1423734817
7	485	1	1423803508
7	486	1	1423809380
7	486	1	1424166277
7	486	1	1424247551
7	486	1	1424247654
7	486	1	1424248035
7	486	1	1424248600
7	486	1	1424248699
7	486	1	1424333018
7	486	1	1435728374
7	487	1	1423813017
7	487	1	1423813701
7	487	1	1423815384
7	487	1	1424054408
7	488	1	1423813063
7	488	1	1423813711
7	488	1	1423816754
7	488	1	1424054920
7	488	1	1424054951
7	489	1	1423813114
7	489	1	1423813129
7	489	1	1423813794
7	489	1	1423816744
7	490	1	1423813166
7	490	1	1423813787
7	490	1	1423816683
7	491	1	1423813204
7	491	1	1423813782
7	491	1	1423815670
7	492	1	1423813235
7	492	1	1423813776
7	492	1	1423816663
7	493	1	1423813269
7	493	1	1423813767
7	493	1	1423816607
7	494	1	1423813296
7	494	1	1423813761
7	494	1	1423816583
7	495	1	1423813330
7	495	1	1423813754
7	495	1	1423815621
7	496	1	1423813347
7	496	1	1423813747
7	496	1	1423816578
7	497	1	1423813383
7	497	1	1423813740
7	497	1	1423816570
7	498	1	1423813420
7	498	1	1423813729
7	498	1	1423815645
7	499	1	1423813444
7	499	1	1423813720
7	499	1	1423816555
7	500	1	1423813565
7	500	1	1423813613
7	500	1	1423816537
7	501	1	1423813925
7	501	1	1423815605
7	502	1	1423813976
7	502	1	1423816520
7	503	1	1423814005
7	503	1	1423816504
7	504	1	1423814058
7	504	1	1423815586
7	505	1	1423814079
7	505	1	1423816491
7	506	1	1423814094
7	506	1	1423816479
7	507	1	1423814124
7	507	1	1423815591
7	508	1	1423814251
7	508	1	1423816468
7	509	1	1423814281
7	509	1	1423815568
7	510	1	1423814293
7	510	1	1423816441
7	511	1	1423814303
7	511	1	1423816425
7	512	1	1423814320
7	512	1	1423815572
7	513	1	1423814370
7	513	1	1423816462
7	514	1	1423814783
7	514	1	1423814804
7	514	1	1424425124
7	514	1	1425890651
7	514	1	1425890678
7	514	1	1425890693
7	514	1	1425890713
7	515	1	1423817167
7	515	1	1424259245
7	515	1	1424259429
7	515	1	1424259458
7	515	1	1424259931
7	515	1	1424260994
7	516	1	1423817295
7	517	1	1423817418
7	518	1	1423817589
7	519	1	1423817675
7	520	1	1423817800
7	521	1	1423817936
7	522	1	1423818081
7	523	1	1423818328
7	523	1	1423818392
7	523	1	1423818627
7	523	1	1423818675
7	523	1	1424052563
7	524	1	1423818710
7	524	1	1423818731
7	524	1	1438072031
15	525	1	1423941634
7	526	1	1424050345
7	526	1	1424050591
7	526	1	1424424836
7	526	1	1424497530
7	526	1	1424497596
7	526	1	1424497669
7	526	1	1424497739
7	526	1	1424498895
7	527	1	1424050591
7	528	1	1424050681
7	529	1	1424051048
7	530	1	1424051088
7	531	1	1424051473
7	532	1	1424051575
7	533	1	1424051600
7	534	1	1424051629
7	535	1	1424051665
7	536	1	1424051723
7	537	1	1424051758
7	538	1	1424051860
7	539	1	1424051915
7	540	1	1424051944
7	541	1	1424051998
7	542	1	1424052029
7	543	1	1424052062
7	544	1	1424052091
7	545	1	1424052111
7	546	1	1424052136
7	547	1	1424052172
7	548	1	1424052211
7	548	1	1424052253
7	549	1	1424052499
7	550	1	1424053064
7	551	1	1424053088
7	552	1	1424053121
7	553	1	1424053148
7	554	1	1424053373
7	555	1	1424053732
7	555	1	1424219062
7	555	1	1424220374
7	555	1	1424226591
7	555	1	1424228464
121	555	1	1424240441
121	555	1	1424240458
7	555	1	1428573482
7	555	1	1433136225
7	555	1	1433136243
121	555	1	1433269832
121	555	1	1433269856
7	555	1	1458977142
7	555	1	1490322089
7	555	1	1490322110
7	556	1	1424054311
7	557	1	1424054345
7	558	1	1424054442
7	559	1	1424054459
7	560	1	1424054605
7	561	1	1424054660
7	562	1	1424054717
7	563	1	1424054774
7	564	1	1424054941
7	565	1	1424055135
7	566	1	1424055253
7	567	1	1424058158
7	568	1	1424058873
7	569	1	1424058931
7	570	1	1424058984
7	571	1	1424059154
7	572	1	1424059198
7	573	1	1424059361
7	574	1	1424059455
7	575	1	1424131551
7	575	1	1424163281
7	575	1	1424218949
7	575	1	1424227730
7	575	1	1424236024
7	575	1	1424239179
7	575	1	1424239360
7	575	1	1424240935
7	575	1	1434621264
7	576	1	1424131674
7	576	1	1424828874
7	577	1	1424132189
7	578	1	1424132248
7	579	1	1424132279
7	580	1	1424132324
7	581	1	1424132357
7	582	1	1424132423
7	583	1	1424132463
7	584	1	1424132502
7	585	1	1424132550
7	586	1	1424139392
7	587	1	1424139746
7	587	1	1424139772
7	588	1	1424139907
7	589	1	1424139979
7	589	1	1428558172
7	589	1	1428558219
7	590	1	1424140059
7	591	1	1424140177
7	592	1	1424140983
7	592	1	1424141094
7	592	1	1424152156
7	592	1	1424154018
7	592	1	1424154198
7	592	1	1424336336
7	593	1	1424141314
7	593	1	1424154932
7	594	1	1424150927
7	594	1	1424150945
7	595	1	1424150974
7	596	1	1424151044
7	597	1	1424151090
7	598	1	1424151134
7	599	1	1424151197
7	600	1	1424151283
7	601	1	1424151329
7	602	1	1424151371
7	603	1	1424151405
7	604	1	1424151440
7	605	1	1424151467
7	606	1	1424151524
7	607	1	1424151551
7	608	1	1424151593
7	609	1	1424151646
7	610	1	1424151679
7	611	1	1424151734
7	612	1	1424151789
7	613	1	1424151820
7	614	1	1424151849
7	615	1	1424151881
7	616	1	1424151908
7	617	1	1424151931
7	618	1	1424151964
7	619	1	1424152006
7	620	1	1424152027
7	621	1	1424152062
7	622	1	1424152749
7	622	1	1424154218
7	623	1	1424152818
7	624	1	1424152862
7	624	1	1424152962
7	625	1	1424152898
7	625	1	1424152932
7	626	1	1424153085
7	627	1	1424153107
7	628	1	1424153143
7	629	1	1424153177
7	630	1	1424153215
7	631	1	1424153242
7	632	1	1424153271
7	633	1	1424153295
7	634	1	1424153327
7	635	1	1424153343
7	636	1	1424153369
7	637	1	1424153410
7	638	1	1424153433
7	639	1	1424153457
7	640	1	1424153497
7	641	1	1424153531
7	642	1	1424153562
7	643	1	1424153590
7	644	1	1424153627
7	645	1	1424153723
7	646	1	1424153751
7	647	1	1424153796
7	648	1	1424153839
7	649	1	1424153873
7	649	1	1424153888
7	650	1	1424154002
7	651	1	1424154949
7	652	1	1424155959
7	653	1	1424155987
7	654	1	1424156037
7	655	1	1424156062
7	656	1	1424156094
7	657	1	1424156121
7	658	1	1424156149
7	659	1	1424156176
7	660	1	1424156203
7	661	1	1424156235
7	662	1	1424156253
7	663	1	1424158482
7	664	1	1424158583
7	665	1	1424158673
7	666	1	1424158808
121	667	1	1424159913
121	667	1	1424173399
121	667	1	1424240512
132	667	1	1428504545
132	667	1	1428504557
133	667	1	1432529728
134	667	1	1449586908
133	667	1	1483702803
7	668	1	1424163014
7	669	1	1424163479
7	670	1	1424164394
7	671	1	1424164445
7	672	1	1424164531
7	672	1	1424166563
7	672	1	1424167035
7	672	1	1424222561
7	672	1	1424230658
7	673	1	1424164774
7	673	1	1424258501
7	674	1	1424164851
7	674	1	1424258507
7	675	1	1424164920
7	675	1	1424258523
7	676	1	1424164963
7	676	1	1424258331
7	676	1	1424258541
7	677	1	1424165044
7	677	1	1424581135
7	678	1	1424165088
7	678	1	1424328558
7	679	1	1424165126
7	679	1	1424391675
7	680	1	1424165173
7	680	1	1424421931
7	681	1	1424165223
7	681	1	1424392570
7	682	1	1424165257
7	682	1	1424425536
7	683	1	1424165293
7	683	1	1424581119
7	684	1	1424165317
7	684	1	1424391805
135	684	1	1481955972
7	685	1	1424165381
7	685	1	1424391825
7	686	1	1424165437
7	686	1	1424422545
7	687	1	1424165464
7	687	1	1424580835
7	688	1	1424165500
7	688	1	1424328698
7	689	1	1424165537
7	689	1	1424328261
7	690	1	1424165573
7	690	1	1424328269
7	691	1	1424166500
7	691	1	1424166541
7	692	1	1424166541
7	693	1	1424166623
7	694	1	1424166683
7	695	1	1424166739
7	696	1	1424166803
7	696	1	1428570073
7	696	1	1428570093
7	696	1	1438230942
7	697	1	1424166836
7	697	1	1424166868
7	698	1	1424166869
7	699	1	1424166972
7	699	1	1424166991
7	700	1	1424166991
7	701	1	1424220299
7	701	1	1424225503
7	701	1	1424225590
7	701	1	1424225676
7	701	1	1424226956
7	701	1	1424226991
7	701	1	1424227420
7	701	1	1424227515
7	701	1	1424227545
7	701	1	1424227575
7	701	1	1424227599
7	701	1	1424227618
7	701	1	1428573772
7	701	1	1492811324
7	714	1	1424222504
7	714	1	1424257812
7	715	1	1424226154
7	716	1	1424226391
7	717	1	1424227097
7	718	1	1424227150
7	719	1	1424227246
7	720	1	1424247192
7	720	1	1424247217
7	720	1	1424741670
7	720	1	1435037318
7	720	1	1435125088
7	721	1	1424249971
7	721	1	1424250099
7	721	1	1424255821
7	721	1	1438225430
7	721	1	1500077236
7	722	1	1424257959
7	723	1	1424258000
7	724	1	1424258048
7	725	1	1424258088
7	726	1	1424258131
7	727	1	1424258170
7	728	1	1424258212
7	729	1	1424258262
7	730	1	1424258306
7	731	1	1424258403
7	731	1	1437720551
7	732	1	1424258443
7	733	1	1424259520
7	734	1	1424259553
7	735	1	1424259571
7	736	1	1424259593
7	737	1	1424259628
7	738	1	1424259662
7	739	1	1424259694
7	739	1	1424259720
7	740	1	1424259769
7	741	1	1424259806
7	742	1	1424259839
7	743	1	1424259868
7	744	1	1424260105
7	745	1	1424260121
7	746	1	1424260143
7	747	1	1424260167
7	748	1	1424260192
7	749	1	1424260210
7	750	1	1424260228
7	751	1	1424260249
7	752	1	1424260408
7	753	1	1424260651
7	754	1	1424260664
7	755	1	1424260704
7	756	1	1424260716
7	757	1	1424260729
7	758	1	1424260756
7	759	1	1424260771
7	760	1	1424260789
7	761	1	1424260806
7	762	1	1424260828
7	763	1	1424260849
7	764	1	1424260866
7	765	1	1424260887
7	766	1	1424260909
7	767	1	1424260925
7	768	1	1424261390
7	769	1	1424267129
7	770	1	1424267171
7	770	1	1424267228
7	771	1	1424267801
7	772	1	1424267926
7	773	1	1424327956
7	774	1	1424327992
7	775	1	1424328042
7	776	1	1424328099
7	777	1	1424328148
7	778	1	1424328209
7	778	1	1424328230
7	779	1	1424328423
7	780	1	1424328518
7	781	1	1424328612
7	782	1	1424328635
7	783	1	1424328662
7	784	1	1424334412
7	785	1	1424357121
7	785	1	1424357211
7	785	1	1424357260
7	785	1	1424357276
7	785	1	1424357296
7	785	1	1424377605
7	785	1	1424377673
7	785	1	1424377991
7	785	1	1424378344
7	785	1	1424378723
7	785	1	1424378786
7	785	1	1424379240
7	785	1	1424379288
7	785	1	1424379327
7	785	1	1424379544
7	785	1	1424380578
7	785	1	1424381799
7	785	1	1424382049
7	785	1	1424382545
7	785	1	1424382605
7	785	1	1424382733
7	785	1	1424383229
7	785	1	1424383257
7	785	1	1424383445
7	785	1	1424392765
129	785	1	1453449762
7	786	1	1424357462
7	786	1	1424357541
7	786	1	1424357574
7	787	1	1424357492
7	788	1	1424357617
7	789	1	1424382847
7	790	1	1424383497
7	791	1	1424383523
7	792	1	1424391566
7	792	1	1424392228
7	792	1	1424392265
7	793	1	1424391610
7	794	1	1424391646
7	795	1	1424391722
7	796	1	1424391758
7	797	1	1424391795
7	798	1	1424392260
7	799	1	1424392333
7	800	1	1424392377
7	801	1	1424392408
7	802	1	1424392505
7	803	1	1424392526
15	804	1	1424393859
128	804	1	1438202274
7	805	1	1424421713
7	806	1	1424421739
7	807	1	1424421766
7	808	1	1424421808
7	809	1	1424421851
7	810	1	1424421875
7	811	1	1424421897
7	812	1	1424422001
7	813	1	1424422061
7	814	1	1424422109
7	815	1	1424422150
7	816	1	1424422204
7	817	1	1424422261
7	818	1	1424422379
7	819	1	1424422417
7	820	1	1424422476
7	821	1	1424425276
7	822	1	1424425343
7	823	1	1424425372
7	824	1	1424425409
7	825	1	1424425437
7	826	1	1424425488
7	827	1	1424425513
93	828	1	1424432111
93	829	1	1424432111
7	830	1	1424470969
7	831	1	1424471009
7	832	1	1424471037
7	833	1	1424471068
7	834	1	1424471093
7	835	1	1424471121
7	836	1	1424471151
7	837	1	1424477215
7	838	1	1424477244
7	839	1	1424477267
7	840	1	1424477292
7	841	1	1424477314
7	842	1	1424477336
7	843	1	1424477363
7	844	1	1424477392
7	845	1	1424477414
7	846	1	1424477437
7	847	1	1424478127
7	848	1	1424478155
7	849	1	1424478193
7	850	1	1424478220
7	851	1	1424478243
7	852	1	1424478286
7	853	1	1424478320
7	854	1	1424478344
7	855	1	1424478373
7	856	1	1424478403
7	857	1	1424478455
7	858	1	1424478485
7	859	1	1424478519
7	860	1	1424478823
7	861	1	1424497784
7	862	1	1424497814
7	863	1	1424497832
7	864	1	1424497853
7	865	1	1424497873
7	866	1	1424497897
7	867	1	1424497923
7	868	1	1424497942
7	869	1	1424497962
7	870	1	1424497985
7	871	1	1424498011
7	872	1	1424498034
7	873	1	1424498055
7	874	1	1424498071
7	875	1	1424498118
7	876	1	1424498154
7	877	1	1424498178
7	878	1	1424498214
7	879	1	1424498242
7	880	1	1424498259
7	881	1	1424498278
7	882	1	1424498302
7	883	1	1424498328
7	884	1	1424498345
7	885	1	1424498383
7	886	1	1424498403
7	886	1	1424498426
7	887	1	1424498440
7	888	1	1424498460
7	889	1	1424498482
7	890	1	1424498502
7	891	1	1424498536
7	891	1	1424498558
7	892	1	1424498575
7	893	1	1424498599
7	894	1	1424498625
7	895	1	1424498652
7	896	1	1424498714
7	897	1	1424498716
7	898	1	1424498787
7	899	1	1424498804
7	900	1	1424500372
7	901	1	1424500407
7	902	1	1424500453
7	903	1	1424500486
7	904	1	1424502037
7	904	1	1424512111
7	904	1	1424513650
7	905	1	1424512250
7	905	1	1424512600
7	906	1	1424512359
7	907	1	1424512387
7	908	1	1424512407
7	909	1	1424512424
7	910	1	1424512438
7	911	1	1424512485
7	912	1	1424512512
7	913	1	1424512538
7	914	1	1424512555
7	915	1	1424512578
7	916	1	1424512645
7	917	1	1424512664
7	918	1	1424512688
7	919	1	1424512723
7	920	1	1424512746
7	921	1	1424512800
7	922	1	1424512816
7	923	1	1424512837
7	924	1	1424512855
7	925	1	1424512872
7	926	1	1424512899
7	927	1	1424512919
7	928	1	1424512937
7	929	1	1424512957
7	930	1	1424513007
7	931	1	1424513038
7	932	1	1424513210
7	933	1	1424513231
7	934	1	1424513253
7	935	1	1424513271
7	936	1	1424513290
7	937	1	1424513310
7	938	1	1424513340
7	939	1	1424513362
7	940	1	1424513382
7	941	1	1424513402
7	942	1	1424513443
7	943	1	1424513461
7	944	1	1424513490
7	945	1	1424513510
7	946	1	1424513529
7	947	1	1424517321
7	948	1	1424517388
7	949	1	1424517449
7	950	1	1424517546
7	951	1	1424580896
7	952	1	1424580941
7	953	1	1424580972
7	954	1	1424581033
7	955	1	1424581075
7	956	1	1424582817
7	956	1	1424584871
7	956	1	1490525431
7	957	1	1424582907
7	957	1	1424583004
7	958	1	1424582963
7	958	1	1424582994
15	959	1	1424583616
128	959	1	1438202274
7	960	1	1424583704
7	961	1	1424583758
7	962	1	1424583832
7	962	1	1425043311
7	963	1	1424583887
7	963	1	1424583933
7	964	1	1424584034
7	964	1	1424584066
7	965	1	1424584139
7	966	1	1424584324
7	967	1	1424584423
7	967	1	1424584455
7	967	1	1424585200
7	967	1	1425043364
7	968	1	1424584575
7	969	1	1424584632
7	970	1	1424584729
7	971	1	1424584774
15	972	1	1424585717
31	972	1	1438217407
7	973	1	1424682075
7	973	1	1424682141
7	973	1	1424682179
7	973	1	1424682196
7	973	1	1424682605
7	973	1	1424682745
7	973	1	1424682865
7	973	1	1424683081
7	973	1	1424684491
7	973	1	1424684520
7	973	1	1424754492
7	973	1	1424754880
7	973	1	1424816494
7	974	1	1424683156
7	974	1	1424683755
7	974	1	1424816407
7	975	1	1424683317
7	976	1	1424683340
7	977	1	1424683359
7	978	1	1424683378
7	979	1	1424683398
7	980	1	1424683414
7	981	1	1424683434
7	982	1	1424683447
7	983	1	1424683469
7	984	1	1424683488
7	985	1	1424683504
7	986	1	1424683519
7	987	1	1424683536
7	988	1	1424683552
7	989	1	1424683566
7	990	1	1424683588
7	991	1	1424683602
7	992	1	1424683619
7	993	1	1424683643
7	994	1	1424683647
7	995	1	1424683675
7	996	1	1424683695
7	997	1	1424684009
7	998	1	1424749173
7	999	1	1424749196
7	1000	1	1424749221
7	1001	1	1424749240
7	1002	1	1424749263
7	1003	1	1424749290
7	1004	1	1424749350
7	1005	1	1424753916
7	1006	1	1424753934
7	1007	1	1424753958
7	1008	1	1424753975
7	1009	1	1424753993
7	1010	1	1424754017
7	1011	1	1424754034
7	1012	1	1424754048
7	1013	1	1424754074
7	1014	1	1424754094
7	1015	1	1424754113
7	1016	1	1424754128
7	1017	1	1424754164
7	1018	1	1424754186
7	1019	1	1424754198
7	1019	1	1424754233
7	1020	1	1424754246
7	1021	1	1424754279
7	1022	1	1424754302
7	1023	1	1424754328
7	1024	1	1424754343
7	1025	1	1424754427
7	1025	1	1424754531
7	1026	1	1424754519
7	1027	1	1424754532
7	1028	1	1424754570
7	1029	1	1424754591
7	1030	1	1424754618
7	1031	1	1424754657
7	1032	1	1424754676
7	1033	1	1424754702
7	1034	1	1424754715
7	1035	1	1424754734
7	1036	1	1424754750
7	1037	1	1424754776
7	1038	1	1424816459
8	1039	1	1151781078
7	1039	1	1424833486
7	1040	1	1424835934
7	1040	1	1435036636
7	1040	1	1435039457
7	1040	1	1435329117
7	1040	1	1437980749
7	1040	1	1492825330
7	1040	1	1492825346
7	1040	1	1492825462
7	1040	1	1492825823
7	1040	1	1494666448
14	1040	1	1496609599
136	1041	1	1425847471
7	1042	1	1425890448
7	1042	1	1425890503
7	1042	1	1425890598
7	1043	1	1425890480
7	1043	1	1425891682
7	1044	1	1425890577
7	1045	1	1425890812
7	1045	1	1425891147
7	1046	1	1425890846
7	1046	1	1425891031
7	1047	1	1425890918
7	1048	1	1425890974
7	1049	1	1425890997
7	1050	1	1425891060
7	1051	1	1425891080
7	1052	1	1425891102
7	1053	1	1425891126
7	1054	1	1425891242
7	1055	1	1425891265
7	1056	1	1425891479
7	1057	1	1425891500
7	1058	1	1425891518
7	1059	1	1425891539
7	1060	1	1425891562
15	1061	1	1426642943
16	1062	1	1426839719
137	1062	1	1429231924
16	1062	1	1429245731
16	1063	1	1426839719
137	1063	1	1429231924
16	1063	1	1429245732
16	1064	1	1426839719
137	1064	1	1429231924
16	1064	1	1429245732
16	1065	1	1426839719
137	1065	1	1429231924
16	1065	1	1429245732
16	1066	1	1426839719
137	1066	1	1429231925
16	1066	1	1429245737
16	1067	1	1426839719
137	1067	1	1429231924
16	1067	1	1429245737
16	1068	1	1426839719
137	1068	1	1429231924
16	1068	1	1429245733
16	1069	1	1426839720
16	1070	1	1426839720
16	1071	1	1426839733
137	1071	1	1429231924
16	1071	1	1429245739
16	1072	1	1426839733
137	1072	1	1429231924
16	1072	1	1429245740
16	1073	1	1426839733
137	1073	1	1429231929
16	1073	1	1429245743
16	1074	1	1426839746
137	1074	1	1429231929
16	1074	1	1429245745
16	1075	1	1426839747
137	1075	1	1429231929
16	1075	1	1429245745
16	1076	1	1426839747
137	1076	1	1429231929
16	1076	1	1429245745
16	1077	1	1426839747
137	1077	1	1429231929
16	1077	1	1429245745
16	1078	1	1426839747
137	1078	1	1429231929
16	1078	1	1429245746
7	1079	1	1427536581
7	1079	1	1427536945
7	1079	1	1428560085
7	1079	1	1438321818
7	1080	1	1427665630
7	1080	1	1427665817
7	1080	1	1427665993
7	1080	1	1428563182
7	1080	1	1428572717
7	1080	1	1431065931
7	1080	1	1431065987
7	1080	1	1434620225
7	1080	1	1435810127
7	1080	1	1435810157
7	1080	1	1438222588
7	1080	1	1438225280
7	1080	1	1438225303
7	1081	1	1428555769
132	1081	1	1428572042
132	1081	1	1428572215
7	1082	1	1428556947
7	1083	1	1428557081
7	1084	1	1428557210
7	1085	1	1428557294
7	1086	1	1428557404
7	1087	1	1428557781
7	1088	1	1428557959
7	1089	1	1428558225
7	1090	1	1428558427
7	1091	1	1428558734
7	1092	1	1428558843
7	1093	1	1428558973
7	1094	1	1428559111
7	1095	1	1428559222
7	1096	1	1428559378
7	1097	1	1428569894
7	1097	1	1438056521
7	1097	1	1438230912
7	1098	1	1428569976
7	1098	1	1438056308
7	1098	1	1438056354
7	1098	1	1438056378
7	1098	1	1438230697
7	1099	1	1428570087
7	1099	1	1428570149
7	1099	1	1438057972
7	1099	1	1438230841
7	1100	1	1428570238
7	1100	1	1438058081
7	1100	1	1438230849
7	1101	1	1428570315
7	1101	1	1438058089
7	1101	1	1438230989
7	1102	1	1428570457
7	1102	1	1438230924
7	1103	1	1428570521
7	1103	1	1438230926
7	1104	1	1428570646
7	1104	1	1438058100
7	1104	1	1438230935
7	1105	1	1428570702
7	1105	1	1438056548
7	1105	1	1438230898
7	1106	1	1428570736
7	1106	1	1438056574
7	1106	1	1438230885
7	1107	1	1428570780
7	1107	1	1438056572
7	1107	1	1438230893
7	1108	1	1428570833
7	1108	1	1438056585
7	1108	1	1438230874
7	1109	1	1428570947
7	1109	1	1438058106
7	1109	1	1438231073
7	1110	1	1428570988
7	1110	1	1438056590
7	1110	1	1438231068
7	1111	1	1428571156
7	1111	1	1438058111
7	1111	1	1438231059
7	1112	1	1428571381
7	1112	1	1438058116
7	1112	1	1438231052
7	1113	1	1428571489
7	1113	1	1438058120
7	1113	1	1438231046
7	1114	1	1428636472
7	1115	1	1428636553
7	1116	1	1428636644
7	1117	1	1428636767
7	1118	1	1428637051
7	1125	1	1428917798
7	1125	1	1428918996
7	1125	1	1428919472
7	1126	1	1428917913
7	1127	1	1428917950
7	1128	1	1428917981
7	1129	1	1428918005
7	1130	1	1428918041
7	1131	1	1428918080
7	1132	1	1428918112
7	1133	1	1428918130
7	1134	1	1428918158
7	1135	1	1428919187
7	1136	1	1428919223
7	1137	1	1428919242
7	1138	1	1428919261
7	1139	1	1428919280
7	1140	1	1428919299
7	1141	1	1428919318
7	1142	1	1428919348
7	1143	1	1428919373
7	1144	1	1428919393
7	1145	1	1428919417
7	1146	1	1428967292
7	1146	1	1428967358
7	1147	1	1428984279
7	1148	1	1429159038
10	1149	1	1429212178
7	1150	1	1429340007
7	1150	1	1429434716
7	1151	1	1429340203
7	1152	1	1429340227
7	1153	1	1429340247
7	1154	1	1429340270
7	1155	1	1429340326
7	1156	1	1429340348
7	1157	1	1429340388
7	1158	1	1429340406
7	1159	1	1429340425
7	1160	1	1429340459
7	1161	1	1429340477
7	1162	1	1429340499
7	1163	1	1429340524
7	1164	1	1429340549
7	1165	1	1429340581
7	1166	1	1429340602
7	1167	1	1429340626
7	1168	1	1429340643
7	1169	1	1429340662
7	1170	1	1429340680
7	1171	1	1429340701
7	1172	1	1429340734
7	1173	1	1429340752
7	1174	1	1429340767
7	1175	1	1429340784
7	1176	1	1429340801
7	1177	1	1429341041
7	1178	1	1429434521
7	1179	1	1429434546
7	1180	1	1429434576
7	1181	1	1429434609
7	1182	1	1429434643
7	1183	1	1429434669
7	1184	1	1430694411
7	1184	1	1430694450
7	1184	1	1430694660
7	1184	1	1430694828
7	1184	1	1430694971
7	1184	1	1435305482
7	1185	1	1430694514
7	1186	1	1430694540
7	1187	1	1430694562
7	1188	1	1430694587
7	1189	1	1430694610
7	1190	1	1430694631
7	1191	1	1430694700
7	1192	1	1430694728
7	1193	1	1430694760
7	1194	1	1430694843
7	1195	1	1430694875
7	1196	1	1430694901
7	1197	1	1430695016
7	1198	1	1430695050
7	1199	1	1430695074
7	1200	1	1430695310
7	1201	1	1430695464
7	1202	1	1431060189
7	1202	1	1434887935
7	1202	1	1435329799
7	1203	1	1431060239
7	1203	1	1431063681
7	1203	1	1431065258
7	1203	1	1431074936
7	1203	1	1434888516
7	1203	1	1435305372
7	1203	1	1435329274
7	1204	1	1431063008
7	1205	1	1431063032
7	1206	1	1431063054
7	1207	1	1431063072
7	1208	1	1431063096
7	1209	1	1431063115
7	1210	1	1431063139
7	1211	1	1431063156
7	1212	1	1431063177
7	1213	1	1431063197
7	1214	1	1431063216
7	1215	1	1431063241
7	1216	1	1431063265
7	1217	1	1431063291
7	1218	1	1431063313
7	1219	1	1431063462
7	1220	1	1431063479
7	1221	1	1431063511
7	1222	1	1431063535
7	1223	1	1431063558
7	1224	1	1431064770
7	1225	1	1431064785
7	1226	1	1431064803
7	1227	1	1431064825
7	1228	1	1431064844
7	1229	1	1431064870
7	1230	1	1431064890
7	1231	1	1431074824
7	1232	1	1431074841
7	1233	1	1431074869
7	1234	1	1431074885
7	1235	1	1431074910
7	1235	1	1434887972
7	1236	1	1431178671
7	1236	1	1435366985
7	1237	1	1432048491
7	1238	1	1432048591
7	1239	1	1432048725
7	1240	1	1432048745
7	1241	1	1432048778
7	1242	1	1432048809
7	1243	1	1432048839
138	1244	1	1433717447
7	1245	1	1434887972
7	1246	1	1434888042
7	1247	1	1434888065
7	1248	1	1434888088
7	1249	1	1434888133
7	1250	1	1434888151
7	1251	1	1434888172
7	1252	1	1434888193
7	1253	1	1434888218
7	1254	1	1434899103
7	1254	1	1434899154
7	1254	1	1435459713
7	1254	1	1490991094
7	1254	1	1490991129
7	1254	1	1492732747
7	1254	1	1492810972
7	1254	1	1492810992
7	1254	1	1492811014
7	1255	1	1435037318
7	1256	1	1435039899
7	1257	1	1435040536
7	1257	1	1435307648
7	1258	1	1435040619
7	1258	1	1435307584
7	1259	1	1435127288
7	1259	1	1435129651
7	1260	1	1435305108
7	1261	1	1435305145
7	1262	1	1435305168
7	1263	1	1435305192
7	1264	1	1435305214
7	1265	1	1435305241
7	1266	1	1435305286
7	1267	1	1435305510
7	1268	1	1435305537
7	1269	1	1435305563
7	1270	1	1435305592
7	1271	1	1435305619
7	1272	1	1435305649
7	1273	1	1435305667
7	1274	1	1435305685
7	1275	1	1435305701
7	1276	1	1435307821
7	1277	1	1435329298
7	1278	1	1435329320
7	1279	1	1435329339
7	1280	1	1435329356
7	1281	1	1435329376
7	1282	1	1435329407
7	1283	1	1435329425
7	1284	1	1435329450
7	1285	1	1435329471
7	1286	1	1435329514
7	1287	1	1435329533
7	1288	1	1435329550
7	1289	1	1435329570
7	1290	1	1435329600
7	1291	1	1435329637
7	1292	1	1435329659
7	1293	1	1435329679
7	1294	1	1435329697
7	1295	1	1435329716
7	1296	1	1435329746
7	1297	1	1435330010
7	1298	1	1435330030
7	1299	1	1435330045
7	1300	1	1435330070
7	1301	1	1435330088
7	1302	1	1435330111
7	1303	1	1435330129
7	1304	1	1435330143
7	1305	1	1435330163
7	1306	1	1435330187
7	1307	1	1435330523
7	1308	1	1435330539
7	1309	1	1435366469
7	1310	1	1435366486
7	1311	1	1435366504
7	1312	1	1435366524
7	1313	1	1435366547
7	1314	1	1435366567
7	1315	1	1435366586
7	1316	1	1435366611
7	1317	1	1435366633
7	1318	1	1435366675
7	1319	1	1435366691
7	1320	1	1435366704
7	1321	1	1435366720
7	1322	1	1435366739
7	1323	1	1435366761
7	1324	1	1435366783
7	1325	1	1435366799
7	1326	1	1435366817
7	1327	1	1435366840
7	1328	1	1435367300
7	1329	1	1435367435
7	1330	1	1435370745
7	1331	1	1435370870
7	1331	1	1435370907
7	1332	1	1435451707
7	1332	1	1435457036
7	1332	1	1435458266
7	1332	1	1435562599
7	1332	1	1435564613
7	1332	1	1435564680
7	1333	1	1435453166
7	1333	1	1435453683
7	1334	1	1435457152
7	1335	1	1435457175
7	1336	1	1435457232
7	1337	1	1435457286
7	1338	1	1435457320
7	1339	1	1435457419
7	1340	1	1435457453
7	1341	1	1435457477
7	1342	1	1435457492
7	1343	1	1435457506
7	1344	1	1435457524
7	1345	1	1435457538
7	1346	1	1435457554
7	1347	1	1435457573
7	1348	1	1435457589
7	1349	1	1435457603
7	1350	1	1435457627
7	1351	1	1435457641
7	1352	1	1435457655
7	1353	1	1435457678
7	1353	1	1435457693
7	1354	1	1435457710
7	1355	1	1435457723
7	1356	1	1435457737
7	1357	1	1435457754
7	1358	1	1435457774
7	1359	1	1435457795
7	1360	1	1435457844
7	1361	1	1435457856
7	1362	1	1435457873
7	1363	1	1435457887
7	1364	1	1435457906
7	1365	1	1435457921
7	1366	1	1435457940
7	1367	1	1435457962
7	1368	1	1435457981
7	1369	1	1435460518
7	1370	1	1435460557
7	1371	1	1435460579
7	1372	1	1435460598
7	1373	1	1435460616
7	1374	1	1435460637
7	1375	1	1435460652
7	1376	1	1435460668
7	1377	1	1435460685
7	1378	1	1435460700
7	1379	1	1435460714
7	1380	1	1435460729
7	1381	1	1435460762
7	1381	1	1435460779
7	1382	1	1435460779
7	1383	1	1435460807
7	1384	1	1435460823
7	1385	1	1435460848
7	1386	1	1435460865
7	1387	1	1435460887
7	1388	1	1435460900
7	1389	1	1435460922
7	1390	1	1435460945
7	1391	1	1435561556
7	1392	1	1435561573
7	1393	1	1435561619
7	1394	1	1435561653
7	1395	1	1435561666
7	1396	1	1435561682
7	1397	1	1435561694
7	1398	1	1435561726
7	1398	1	1435561747
7	1399	1	1435561763
7	1400	1	1435561800
7	1401	1	1435561819
7	1402	1	1435561838
7	1403	1	1435561862
7	1404	1	1435561882
7	1405	1	1435561917
7	1406	1	1435561954
7	1407	1	1435561971
7	1408	1	1435561989
7	1409	1	1435562023
7	1410	1	1435562039
7	1411	1	1435562052
7	1412	1	1435562074
7	1413	1	1435562115
7	1414	1	1435562130
7	1415	1	1435564706
7	1416	1	1435574019
7	1416	1	1435714735
7	1417	1	1435574076
7	1417	1	1435715203
7	1418	1	1435574127
7	1418	1	1435574142
7	1418	1	1435726813
7	1419	1	1435714702
7	1420	1	1435714717
7	1421	1	1435714770
7	1422	1	1435714782
7	1423	1	1435714806
7	1424	1	1435714828
7	1425	1	1435714844
7	1425	1	1435714872
7	1426	1	1435714872
7	1427	1	1435714884
7	1428	1	1435714895
7	1429	1	1435714913
7	1430	1	1435714940
7	1431	1	1435714955
7	1432	1	1435714968
7	1433	1	1435714990
7	1434	1	1435715005
7	1435	1	1435715018
7	1436	1	1435715038
7	1437	1	1435715048
7	1438	1	1435715062
7	1439	1	1435715077
7	1440	1	1435715112
7	1441	1	1435715128
7	1442	1	1435715150
7	1443	1	1435715989
7	1444	1	1435716042
7	1445	1	1435726315
7	1446	1	1435726336
7	1447	1	1435726362
7	1448	1	1435726382
7	1449	1	1435726401
7	1450	1	1435726416
7	1451	1	1435726470
7	1452	1	1435726489
7	1453	1	1435726501
7	1454	1	1435726514
7	1455	1	1435726532
7	1456	1	1435726551
7	1457	1	1435726565
7	1458	1	1435726584
7	1459	1	1435726616
7	1460	1	1435726670
7	1461	1	1435726680
7	1462	1	1435726705
7	1463	1	1435726725
7	1464	1	1435729295
7	1465	1	1435729309
7	1466	1	1435729322
7	1467	1	1435729343
7	1468	1	1435729364
7	1469	1	1435729379
7	1470	1	1435729406
7	1470	1	1435729450
7	1471	1	1435729436
7	1471	1	1435729465
7	1472	1	1435729450
7	1473	1	1435729484
7	1474	1	1435729499
7	1475	1	1435729512
7	1476	1	1435729523
7	1477	1	1435729534
7	1478	1	1435729548
7	1479	1	1435729567
7	1480	1	1435729594
7	1481	1	1435729627
7	1482	1	1436044808
7	1482	1	1436247534
7	1482	1	1436248635
7	1483	1	1436046684
139	1483	1	1436701971
7	1484	1	1436046709
7	1485	1	1436046730
7	1486	1	1436046770
7	1487	1	1436046789
7	1488	1	1436247148
7	1489	1	1436247165
7	1490	1	1436247179
7	1491	1	1436247205
7	1492	1	1436247216
7	1492	1	1436247238
7	1493	1	1436247257
7	1494	1	1436247267
7	1495	1	1436247286
7	1496	1	1436247302
7	1497	1	1436247316
7	1498	1	1436247332
7	1499	1	1436247343
7	1500	1	1436247356
7	1501	1	1436247371
7	1502	1	1436247399
7	1503	1	1436247429
7	1504	1	1436247700
7	1505	1	1436247712
7	1506	1	1436247729
7	1507	1	1436247763
7	1508	1	1436247932
7	1509	1	1436247952
7	1510	1	1436247983
7	1511	1	1436248011
7	1512	1	1436248058
7	1513	1	1436248105
7	1514	1	1436248133
7	1515	1	1436248237
7	1516	1	1436248529
7	1517	1	1436248549
7	1518	1	1436248574
7	1519	1	1436248590
7	1520	1	1436249129
7	1521	1	1436249144
7	1522	1	1436249169
7	1523	1	1436249178
7	1524	1	1436249200
7	1525	1	1436249250
7	1526	1	1436249281
7	1527	1	1436249291
7	1528	1	1436249306
7	1529	1	1436249322
7	1530	1	1436249333
7	1531	1	1436249347
7	1532	1	1436249366
7	1533	1	1436249389
7	1533	1	1436249416
7	1534	1	1436249416
7	1535	1	1436249446
7	1536	1	1436249459
7	1537	1	1436340354
7	1537	1	1436340677
7	1537	1	1436340774
7	1538	1	1436340393
7	1539	1	1436340412
7	1540	1	1436340726
7	1541	1	1436340742
7	1542	1	1436340760
7	1543	1	1436340882
7	1544	1	1436340970
7	1545	1	1436341021
7	1546	1	1437712964
7	1547	1	1437713064
7	1548	1	1437713154
7	1549	1	1437717512
7	1549	1	1437982449
7	1550	1	1437720551
7	1551	1	1437720610
7	1552	1	1437982924
7	1553	1	1437983039
7	1553	1	1437983105
7	1554	1	1437983117
7	1555	1	1437983234
7	1556	1	1437983308
7	1557	1	1437983358
7	1558	1	1437983515
7	1559	1	1437998782
7	1560	1	1437998870
7	1561	1	1438056340
7	1561	1	1438056373
7	1561	1	1438230764
7	1562	1	1438070835
7	1562	1	1438070897
7	1562	1	1493682689
7	1562	1	1493682756
7	1562	1	1493683199
7	1563	1	1438070963
7	1563	1	1438070980
7	1563	1	1493805367
7	1564	1	1438071055
7	1564	1	1438071072
7	1564	1	1493857687
7	1564	1	1493857707
7	1564	1	1493858136
7	1564	1	1493858170
7	1564	1	1493858745
7	1564	1	1493859542
7	1565	1	1438071125
7	1566	1	1438071322
7	1567	1	1438071425
7	1568	1	1438071646
128	1569	1	1438202274
128	1570	1	1438202274
7	1571	1	1438230628
7	1571	1	1438230700
7	1572	1	1438233248
7	1572	1	1438233432
7	1573	1	1438233352
7	1573	1	1438233385
7	1574	1	1438233527
7	1575	1	1438233578
7	1576	1	1438315332
7	1577	1	1438315429
7	1578	1	1438315455
7	1579	1	1438315479
7	1580	1	1438315510
7	1580	1	1494671643
7	1580	1	1494671689
7	1581	1	1438315532
7	1582	1	1438315578
7	1582	1	1438315921
7	1582	1	1438315951
7	1582	1	1438320604
7	1583	1	1438320585
7	1584	1	1438320711
7	1585	1	1438320751
7	1586	1	1438320772
7	1586	1	1494683130
7	1586	1	1494683168
7	1587	1	1438320828
7	1588	1	1438320852
7	1589	1	1438320895
7	1589	1	1438320914
7	1590	1	1438320944
7	1591	1	1438320972
7	1592	1	1438320991
7	1593	1	1438321033
7	1593	1	1438321063
7	1594	1	1438321056
7	1595	1	1438321112
7	1596	1	1438321154
7	1596	1	1493434780
7	1597	1	1438321170
7	1597	1	1493530082
7	1597	1	1493530389
7	1598	1	1438321878
7	1599	1	1438321897
7	1600	1	1438327445
7	1601	1	1438329278
7	1602	1	1438329597
7	1603	1	1438329798
7	1603	1	1438329920
7	1604	1	1438329807
7	1605	1	1438329874
7	1606	1	1438435724
7	1607	1	1438435793
7	1608	1	1438435885
7	1609	1	1438435982
7	1610	1	1438436070
7	1611	1	1438436141
7	1612	1	1438436205
7	1613	1	1438436280
7	1614	1	1438436346
7	1615	1	1438436429
7	1616	1	1438511433
7	1617	1	1438511554
7	1618	1	1438511713
7	1619	1	1438587282
140	1620	1	1438645110
141	1621	1	1441534264
141	1621	1	1442373294
142	1622	1	1441536901
142	1622	1	1441843226
143	1623	1	1441853120
140	1624	1	1443816745
140	1625	1	1443816746
140	1626	1	1443816746
140	1627	1	1443816746
140	1628	1	1443816746
140	1629	1	1443816746
140	1630	1	1443816746
100	1631	1	1451502271
100	1632	1	1451502271
100	1633	1	1451505838
125	1634	1	1461695586
100	1635	1	1462387232
144	1636	1	1463823728
128	1638	1	1472137647
128	1639	1	1472137648
118	1640	1	1487203345
98	1641	1	1487252936
7	1642	1	1490321713
7	1643	1	1490321787
7	1644	1	1490321854
7	1645	1	1491303226
7	1646	1	1491303346
7	1647	1	1492732148
7	1648	1	1492732153
7	1649	1	1492732158
7	1650	1	1492732163
7	1651	1	1492732168
7	1652	1	1492732173
7	1653	1	1492732178
7	1654	1	1492732183
7	1655	1	1492732189
7	1656	1	1492732194
7	1657	1	1492732198
7	1658	1	1492732204
7	1659	1	1492732209
7	1660	1	1492732214
7	1661	1	1492732219
7	1662	1	1492732224
7	1663	1	1492732229
7	1664	1	1492732234
7	1665	1	1492732238
7	1666	1	1492732243
7	1667	1	1492732248
7	1668	1	1492732253
7	1669	1	1492732258
7	1670	1	1492732263
7	1671	1	1492732268
7	1672	1	1492732274
7	1673	1	1492732279
7	1674	1	1492732284
7	1675	1	1492732289
7	1676	1	1492732294
7	1677	1	1492732299
7	1678	1	1492732304
7	1679	1	1492732309
7	1680	1	1492732314
7	1681	1	1492732319
7	1682	1	1492732325
7	1683	1	1492732330
7	1684	1	1492732334
7	1685	1	1492732340
7	1686	1	1492732345
7	1687	1	1492732350
7	1688	1	1492732355
7	1689	1	1492732360
7	1690	1	1492732365
7	1691	1	1492732370
7	1692	1	1492732375
7	1693	1	1492732380
7	1694	1	1492732385
7	1695	1	1492732391
7	1696	1	1492732397
7	1697	1	1492732401
7	1698	1	1492732406
7	1699	1	1492732411
7	1700	1	1492732416
7	1701	1	1492732421
7	1702	1	1492732426
7	1703	1	1492732431
7	1704	1	1492732435
7	1705	1	1492732439
7	1706	1	1492732444
7	1707	1	1492732448
7	1708	1	1492732454
7	1709	1	1492732458
7	1710	1	1492732463
7	1711	1	1492732467
7	1712	1	1492732472
7	1713	1	1492732477
7	1714	1	1492732482
7	1715	1	1492732487
7	1716	1	1492732492
7	1717	1	1492732497
7	1718	1	1492732502
7	1719	1	1492732507
7	1720	1	1492732511
7	1721	1	1492732515
7	1722	1	1492732520
7	1723	1	1492732524
7	1724	1	1492732529
7	1725	1	1492732534
7	1725	1	1492810886
7	1726	1	1492813410
7	1726	1	1492813513
7	1726	1	1492813603
7	1726	1	1492832105
7	1727	1	1492828549
7	1727	1	1492829650
7	1727	1	1492832057
7	1728	1	1492834072
7	1729	1	1492834075
7	1730	1	1492834078
7	1731	1	1492834081
7	1732	1	1492834084
7	1733	1	1492834087
7	1734	1	1492834090
7	1735	1	1492834093
7	1736	1	1492834096
7	1737	1	1492834099
7	1738	1	1492834102
7	1739	1	1492834105
7	1740	1	1492834108
7	1741	1	1492834111
7	1742	1	1492834114
7	1743	1	1492834117
7	1744	1	1492834121
7	1745	1	1492834124
7	1746	1	1492834127
7	1747	1	1492834130
7	1748	1	1492834133
7	1749	1	1492834136
7	1750	1	1492834139
7	1751	1	1492834142
7	1752	1	1492834145
7	1753	1	1492834148
7	1754	1	1492834151
7	1755	1	1492834154
7	1756	1	1492834157
7	1757	1	1492834160
7	1758	1	1492834163
7	1759	1	1492834166
7	1760	1	1492834169
7	1761	1	1492834172
7	1762	1	1492834175
7	1763	1	1492834178
7	1764	1	1492834181
7	1765	1	1492834184
7	1766	1	1492834187
7	1767	1	1492834191
7	1768	1	1492834193
7	1769	1	1492834197
7	1770	1	1492834200
7	1771	1	1492834203
7	1772	1	1492834206
7	1773	1	1492834209
7	1774	1	1492834212
7	1775	1	1492834215
7	1776	1	1492834218
7	1777	1	1492834222
7	1778	1	1492834225
7	1779	1	1492834228
7	1780	1	1492834231
7	1781	1	1492834234
7	1782	1	1492834237
7	1783	1	1492834240
7	1784	1	1492834295
7	1785	1	1492834298
7	1786	1	1492834301
7	1787	1	1492834304
7	1788	1	1492834307
7	1789	1	1492834310
7	1790	1	1492834313
7	1791	1	1492834316
7	1792	1	1492834319
7	1793	1	1492834322
7	1794	1	1492834325
7	1795	1	1492834328
7	1796	1	1492834331
7	1797	1	1492834335
7	1798	1	1492834338
7	1799	1	1492834341
7	1800	1	1492834344
7	1801	1	1492834347
7	1802	1	1492834350
7	1803	1	1492834353
7	1804	1	1492834356
7	1805	1	1492834359
7	1806	1	1492834362
7	1807	1	1492834365
7	1808	1	1492834368
7	1809	1	1492834371
7	1810	1	1492834374
7	1811	1	1492834377
7	1812	1	1492834380
7	1813	1	1492834383
7	1814	1	1492834386
7	1815	1	1492834389
7	1816	1	1492834392
7	1817	1	1492834395
7	1818	1	1492834399
7	1819	1	1492834401
7	1820	1	1492834404
7	1821	1	1492834408
7	1822	1	1492834411
7	1823	1	1492834414
7	1824	1	1492834417
7	1825	1	1492834420
7	1826	1	1492834423
7	1827	1	1492834426
7	1828	1	1492834432
7	1829	1	1492834435
7	1830	1	1492834438
7	1831	1	1492834441
7	1832	1	1492834444
7	1833	1	1492834447
7	1834	1	1492834451
7	1835	1	1492834454
7	1836	1	1492834457
7	1837	1	1492834460
7	1838	1	1492834463
7	1839	1	1492834466
7	1840	1	1492834469
7	1841	1	1492834472
7	1842	1	1492834475
7	1843	1	1492834478
7	1844	1	1492834482
7	1845	1	1492834485
7	1846	1	1492834487
7	1847	1	1492834491
7	1848	1	1492834494
7	1849	1	1492834497
7	1850	1	1492834500
7	1851	1	1492834503
7	1852	1	1492834506
7	1853	1	1492834509
7	1854	1	1492834512
7	1855	1	1492834515
7	1856	1	1492834518
7	1857	1	1492834521
7	1858	1	1492834524
7	1859	1	1492834527
7	1860	1	1492834530
7	1861	1	1492834533
7	1862	1	1492834536
7	1863	1	1492834539
7	1864	1	1492834542
7	1865	1	1492834545
7	1866	1	1492834549
7	1867	1	1492834551
7	1868	1	1492834554
7	1869	1	1492834558
7	1870	1	1492834561
7	1871	1	1492834564
7	1872	1	1492834567
7	1873	1	1492834570
7	1874	1	1492834573
7	1875	1	1492834576
7	1876	1	1492933638
7	1876	1	1493239243
7	1877	1	1492934170
7	1877	1	1493239345
7	1878	1	1492934424
7	1879	1	1492934525
7	1879	1	1492934940
7	1879	1	1492935140
7	1880	1	1492934560
7	1881	1	1492934615
7	1882	1	1493202561
7	1882	1	1493203702
7	1882	1	1493203727
7	1882	1	1493203741
7	1882	1	1493204247
7	1883	1	1493207830
7	1884	1	1493239318
7	1885	1	1493239366
7	1886	1	1493239414
7	1886	1	1493239502
7	1887	1	1493239549
7	1888	1	1493239565
7	1889	1	1493239591
7	1890	1	1493239607
7	1891	1	1493239659
7	1892	1	1493239669
7	1893	1	1493239708
7	1894	1	1493239752
7	1895	1	1493381708
7	1895	1	1493381722
7	1896	1	1493384304
7	1896	1	1493384955
7	1896	1	1493384991
7	1896	1	1493385035
7	1896	1	1493385082
7	1896	1	1493385284
7	1896	1	1493386996
7	1896	1	1493387077
7	1897	1	1493433361
7	1897	1	1493434160
7	1897	1	1493434208
7	1897	1	1493434510
7	1897	1	1493437133
7	1897	1	1493526809
7	1897	1	1493526827
7	1898	1	1493433387
7	1899	1	1493433440
7	1900	1	1493433842
7	1900	1	1493434950
7	1901	1	1493524461
7	1902	1	1493524907
7	1902	1	1493525127
7	1902	1	1493525171
7	1902	1	1493525205
7	1902	1	1493525218
7	1902	1	1493525245
7	1902	1	1493526715
7	1903	1	1493529434
7	1903	1	1493529452
7	1903	1	1493529462
7	1903	1	1493529855
7	1903	1	1493529930
7	1903	1	1493529953
7	1904	1	1493682259
7	1904	1	1493682747
7	1904	1	1493683041
7	1904	1	1493683063
7	1905	1	1493802616
7	1906	1	1493802643
7	1907	1	1493802949
7	1908	1	1493804971
7	1908	1	1493805001
7	1908	1	1493805461
7	1908	1	1493860024
7	1908	1	1493860223
7	1909	1	1493855234
7	1910	1	1493855469
7	1911	1	1493855709
7	1911	1	1493855744
7	1911	1	1493857466
7	1911	1	1493857502
7	1911	1	1493858202
7	1911	1	1493858868
7	1911	1	1493859072
7	1911	1	1493859567
7	1911	1	1493896233
7	1912	1	1493859093
7	1912	1	1493860560
7	1913	1	1493860046
7	1913	1	1493860196
7	1913	1	1493860468
7	1914	1	1493860243
7	1915	1	1493860258
7	1916	1	1493860391
7	1916	1	1493860424
7	1916	1	1493860445
7	1917	1	1493860578
7	1918	1	1494250411
7	1918	1	1494250663
7	1918	1	1494250677
7	1918	1	1494667644
7	1919	1	1494250663
7	1920	1	1494250716
7	1921	1	1494665511
7	1922	1	1494665516
7	1923	1	1494665524
7	1924	1	1494665530
7	1925	1	1494665536
7	1926	1	1494665542
7	1927	1	1494665548
7	1928	1	1494665556
7	1929	1	1494665564
7	1930	1	1494665569
7	1931	1	1494665576
7	1932	1	1494665582
7	1933	1	1494665590
7	1934	1	1494665597
7	1935	1	1494665604
7	1936	1	1494665610
7	1937	1	1494665617
7	1938	1	1494665623
7	1939	1	1494665629
7	1940	1	1494665638
7	1941	1	1494665644
7	1942	1	1494665652
7	1943	1	1494665659
7	1944	1	1494665665
7	1945	1	1494665672
7	1946	1	1494665679
7	1947	1	1494665685
7	1948	1	1494665694
7	1949	1	1494665700
7	1950	1	1494665708
7	1951	1	1494665715
7	1952	1	1494665721
7	1953	1	1494665728
7	1954	1	1494665736
7	1955	1	1494665743
7	1956	1	1494665751
7	1957	1	1494665759
7	1958	1	1494665766
7	1959	1	1494665772
7	1960	1	1494665778
7	1961	1	1494665786
7	1962	1	1494665792
7	1963	1	1494665799
7	1964	1	1494665807
7	1965	1	1494665813
7	1966	1	1494665819
7	1967	1	1494665826
7	1968	1	1494665832
7	1969	1	1494665838
7	1970	1	1494665844
7	1971	1	1494665850
7	1972	1	1494665856
7	1973	1	1494665862
7	1974	1	1494665868
7	1975	1	1494665874
7	1976	1	1494665881
7	1977	1	1494665888
7	1978	1	1494665895
7	1979	1	1494665902
7	1980	1	1494665912
7	1981	1	1494665918
7	1982	1	1494665924
7	1983	1	1494665931
7	1984	1	1494665938
7	1985	1	1494665944
7	1986	1	1494665952
7	1987	1	1494665960
7	1988	1	1494665966
7	1989	1	1494665972
7	1990	1	1494665981
7	1991	1	1494665987
7	1992	1	1494665993
7	1993	1	1494665999
7	1994	1	1494666006
7	1995	1	1494666012
7	1996	1	1494666018
7	1997	1	1494666025
7	1998	1	1494666033
7	1999	1	1494666037
7	2000	1	1494666042
7	2001	1	1494666046
7	2002	1	1494666050
7	2003	1	1494666054
7	2004	1	1494666058
7	2005	1	1494666063
7	2006	1	1494666067
7	2007	1	1494666073
7	2008	1	1494666077
7	2009	1	1494666082
7	2010	1	1494666086
7	2011	1	1494666092
7	2012	1	1494666096
7	2013	1	1494666100
7	2014	1	1494666104
7	2015	1	1494666108
7	2016	1	1494666112
7	2017	1	1494666116
7	2018	1	1494666120
7	2019	1	1494666124
7	2020	1	1494666129
7	2021	1	1494666135
7	2022	1	1494666139
7	2023	1	1494666143
7	2024	1	1494666147
7	2025	1	1494666151
7	2026	1	1494666157
7	2027	1	1494666160
7	2028	1	1494666165
7	2029	1	1494666169
7	2030	1	1494666173
7	2031	1	1494666177
7	2032	1	1494666181
7	2033	1	1494666185
7	2034	1	1494666189
7	2035	1	1494666194
7	2036	1	1494670166
7	2036	1	1494670740
7	2036	1	1494672721
7	2037	1	1494670431
7	2038	1	1494683065
7	2038	1	1494683198
7	2038	1	1494683219
7	2039	1	1494683219
80	2040	1	1497570295
