% bip positive
1	1	1	1134687660
1	1	1	1135304057
1	1	1	1135660038
2	1	1	1136456028
1	1	1	1136526986
1	1	1	1136597026
1	1	1	1137576020
3	1	1	1140656824
4	1	1	1144839870
4	1	1	1144839950
4	1	1	1144839985
4	1	1	1144840067
5	2	1	1114182011
5	2	1	1114188652
6	2	1	1429242335
7	3	1	1133507696
7	3	1	1133507889
8	3	1	1318496584
1	4	1	1135304049
1	4	1	1135660066
1	4	1	1136526991
1	4	1	1136597041
1	4	1	1137427029
1	4	1	1137576006
4	4	1	1144839933
4	4	1	1144840001
4	4	1	1144840082
9	5	1	1135910282
9	6	1	1135910432
2	7	1	1136455762
2	7	1	1195927131
2	8	1	1136455785
2	8	1	1195929050
2	8	1	1195930350
2	8	1	1195930818
10	9	1	1137766486
4	10	1	1144839871
11	10	1	1266043783
4	11	1	1144840016
4	11	1	1144840024
4	11	1	1144840085
4	12	1	1144840143
12	12	1	1235208645
12	12	1	1235208798
13	12	1	1243219221
4	13	1	1144840527
4	13	1	1144840590
4	13	1	1144840613
4	13	1	1144840686
4	13	1	1144840755
4	13	1	1144840768
4	13	1	1144841467
4	13	1	1144841484
4	13	1	1144841490
6	13	1	1429242335
4	14	1	1144841116
4	14	1	1144841220
14	14	1	1210834601
15	14	1	1279241775
15	14	1	1288721471
16	14	1	1338447990
4	15	1	1144841234
4	15	1	1144841261
16	15	1	1338447943
4	16	1	1144841384
17	16	1	1216672805
18	16	1	1251271474
15	16	1	1279160652
19	16	1	1323009445
20	16	1	1329690798
21	16	1	1342675137
21	16	1	1345405891
4	17	1	1144841414
14	17	1	1210843130
17	17	1	1216672908
17	17	1	1219163415
18	17	1	1253503459
22	17	1	1262289299
15	17	1	1279246202
15	17	1	1288617267
22	17	1	1293565316
16	17	1	1338447967
4	18	1	1144841418
16	18	1	1338447930
4	19	1	1144841437
6	19	1	1429242335
4	20	1	1144841505
4	21	1	1144841528
15	21	1	1279235674
15	21	1	1288698573
15	21	1	1288787229
20	21	1	1302901195
23	22	1	1151851052
24	22	1	1277174435
24	22	1	1277175952
25	23	1	1162213948
24	23	1	1225272983
26	24	1	1162392889
27	25	1	1190312746
12	26	1	1191312716
28	27	1	1193596823
16	27	1	1337723309
28	28	1	1193596864
28	28	1	1217597460
2	29	1	1195928853
2	30	1	1195928874
2	31	1	1195928894
12	32	1	1197277736
29	33	1	1198375534
29	34	1	1198375545
30	35	1	1198511942
31	35	1	1247992164
32	36	1	1201045825
33	38	1	1204513898
34	39	1	1204516436
34	40	1	1204516442
35	41	1	1206546054
36	41	1	1314727986
37	41	1	1338936001
35	42	1	1206546929
35	42	1	1206546952
37	42	1	1206612785
36	42	1	1314727986
37	42	1	1338935998
37	42	1	1338936772
37	43	1	1206581498
38	43	1	1218630196
39	43	1	1314916675
37	43	1	1338917198
37	44	1	1206581703
38	44	1	1218630196
37	44	1	1338917194
37	44	1	1338917877
37	45	1	1206581705
38	45	1	1218630196
40	46	1	1206614640
41	47	1	1210834409
42	48	1	1211746333
43	49	1	1212214573
44	50	1	1213748766
44	50	1	1213805678
44	50	1	1250589629
44	50	1	1293369584
44	50	1	1336427042
44	51	1	1214158933
45	52	1	1215115798
45	53	1	1215115810
45	54	1	1215115824
45	55	1	1215115880
45	55	1	1236161498
24	55	1	1236206735
24	55	1	1236207369
24	55	1	1236207377
24	55	1	1237669469
46	55	1	1269501982
47	55	1	1309693413
48	55	1	1309966119
47	55	1	1319682660
47	55	1	1324523487
47	55	1	1326645680
47	55	1	1329060239
47	55	1	1338600704
47	55	1	1338921976
47	55	1	1339835845
49	55	1	1340196536
49	55	1	1340196572
47	55	1	1342729872
47	55	1	1346897906
47	55	1	1347284643
38	56	1	1218630196
38	57	1	1218630196
38	58	1	1218630196
11	58	1	1266043794
39	58	1	1314916725
50	59	1	1223029117
20	61	1	1312316830
24	62	1	1225176839
24	63	1	1225351276
51	64	1	1225384232
51	65	1	1225387233
51	66	1	1225394715
51	66	1	1226324391
51	67	1	1225394917
24	68	1	1225418075
24	69	1	1225438177
51	70	1	1225447381
51	71	1	1225447635
51	72	1	1225467969
51	72	1	1225578976
51	72	1	1225593992
51	72	1	1225604450
51	72	1	1225664553
51	72	1	1225686836
51	72	1	1225738331
51	72	1	1225781246
51	72	1	1225846374
51	72	1	1225868215
51	72	1	1226020200
51	72	1	1226385518
51	72	1	1226506389
51	72	1	1227110968
51	72	1	1227884518
51	72	1	1229420982
51	72	1	1230240269
51	72	1	1230246170
51	72	1	1230774716
51	72	1	1231766221
51	72	1	1232075494
51	72	1	1232480519
51	72	1	1232487501
51	72	1	1233064376
51	72	1	1233105498
51	72	1	1233130766
51	72	1	1233217431
51	72	1	1233561149
51	72	1	1234458129
51	72	1	1234957555
51	72	1	1235332596
51	72	1	1235501537
51	72	1	1236132300
51	72	1	1237343998
51	72	1	1238052177
51	72	1	1238077692
51	72	1	1238724554
51	72	1	1240467826
24	73	1	1225533545
52	73	1	1234466129
24	74	1	1225588344
24	75	1	1225684854
24	76	1	1225775732
24	77	1	1225865086
51	78	1	1225937520
51	79	1	1225948416
51	80	1	1225967976
51	80	1	1226315339
51	81	1	1226245256
53	82	1	1226498229
24	83	1	1226548643
24	84	1	1227257014
24	85	1	1227888134
54	86	1	1233132566
24	87	1	1234153848
24	88	1	1234569300
24	89	1	1235278364
24	90	1	1235282198
55	91	1	1235930943
24	91	1	1236206779
39	91	1	1312034029
55	92	1	1235930974
24	93	1	1236206402
24	93	1	1329615148
24	94	1	1236206735
39	94	1	1312034041
24	95	1	1236206761
39	95	1	1312034051
56	96	1	1236437132
51	97	1	1237308241
24	98	1	1237618944
24	99	1	1237669519
39	99	1	1312034061
20	100	1	1238089036
20	100	1	1238108527
20	100	1	1265151230
20	100	1	1291846123
20	100	1	1293722934
24	101	1	1239509691
24	102	1	1239581536
24	103	1	1239585953
24	104	1	1240011285
24	105	1	1240018946
24	106	1	1240086879
24	107	1	1240090923
56	108	1	1240931759
57	109	1	1242747899
58	110	1	1242923384
11	110	1	1291926564
59	111	1	1246040608
36	111	1	1274372713
16	111	1	1334816080
16	111	1	1345407681
59	112	1	1246040614
60	112	1	1284204729
59	113	1	1246040619
60	113	1	1284204739
31	114	1	1246447915
31	114	1	1246453805
31	114	1	1246791859
31	114	1	1247991573
31	114	1	1249999284
31	114	1	1251541431
31	114	1	1257112039
31	114	1	1257790909
31	114	1	1258500562
31	114	1	1258755839
31	114	1	1259254160
31	114	1	1259773414
31	114	1	1259953729
31	114	1	1261928570
31	114	1	1272573839
31	114	1	1272576136
31	114	1	1287909876
31	114	1	1300943101
31	114	1	1305066461
31	114	1	1305135602
31	114	1	1314299333
31	114	1	1317454808
31	114	1	1323106480
31	114	1	1327387780
31	114	1	1327499921
31	114	1	1327507598
31	114	1	1328961862
31	114	1	1334075633
31	115	1	1246447929
31	115	1	1246452942
31	115	1	1246791539
31	115	1	1247992776
31	115	1	1249998842
31	115	1	1257111578
31	115	1	1257788609
31	115	1	1258500000
31	115	1	1259254469
31	115	1	1263036512
31	115	1	1272570515
31	115	1	1272576989
31	115	1	1299966473
31	115	1	1300999984
31	115	1	1305137102
31	115	1	1314301036
31	115	1	1317750545
31	115	1	1323101858
31	115	1	1327386459
31	115	1	1327497861
31	115	1	1327505438
31	115	1	1328974509
31	115	1	1334072177
61	116	1	1247317396
62	117	1	1248116700
24	118	1	1251841785
24	119	1	1252738511
24	120	1	1252747121
24	121	1	1252818635
63	122	1	1256687420
64	123	1	1256855103
11	124	1	1258044269
11	124	1	1291925891
65	125	1	1259169531
66	126	1	1260076613
67	127	1	1260441038
68	128	1	1260751679
68	128	1	1260751773
69	128	1	1333620971
70	128	1	1344247397
71	129	1	1262580868
24	130	1	1264238654
24	131	1	1264390626
40	132	1	1264418843
24	133	1	1264468742
24	134	1	1264474429
24	135	1	1264553300
72	136	1	1264655797
72	137	1	1264655881
72	137	1	1264655896
72	138	1	1264655909
15	138	1	1279240413
20	138	1	1303740548
19	138	1	1331046137
16	138	1	1338448097
72	139	1	1264656020
72	139	1	1264656045
11	139	1	1282809189
11	139	1	1287059763
20	139	1	1289954273
11	139	1	1303059451
11	139	1	1307730512
73	139	1	1331903365
16	139	1	1343909823
16	139	1	1346663545
16	139	1	1346676913
72	140	1	1264656145
15	140	1	1279246798
20	140	1	1314454172
20	140	1	1323160230
72	141	1	1264656338
15	141	1	1279247464
21	141	1	1336887638
21	141	1	1341655058
21	141	1	1342480700
72	142	1	1264656398
15	142	1	1279173205
20	142	1	1304908756
19	142	1	1319453092
24	143	1	1264722649
24	144	1	1264733394
24	145	1	1264920157
24	146	1	1264922684
24	147	1	1264924311
24	148	1	1266707512
24	148	1	1379474538
24	149	1	1266718522
74	150	1	1268443723
75	151	1	1268602195
76	152	1	1270105774
77	153	1	1270217265
77	154	1	1270405085
77	155	1	1270565211
24	156	1	1271128083
36	157	1	1274372798
36	157	1	1316861753
36	158	1	1274372837
16	161	1	1345618448
11	164	1	1277722552
22	164	1	1278627512
11	164	1	1282806188
20	164	1	1283292571
20	164	1	1283449265
22	164	1	1286136482
11	164	1	1291375428
11	164	1	1294784006
11	164	1	1298656151
11	164	1	1303034461
11	164	1	1311098895
11	164	1	1315136949
78	164	1	1331900270
73	164	1	1331903375
16	164	1	1338981341
16	164	1	1343284679
16	164	1	1343825402
16	164	1	1349096223
20	165	1	1283300524
20	165	1	1289169951
73	165	1	1331901698
15	167	1	1279234305
79	167	1	1324049830
80	167	1	1343574434
21	167	1	1347835104
15	168	1	1279141113
15	168	1	1280633340
15	168	1	1281146864
15	168	1	1281541895
15	168	1	1283483502
15	168	1	1285174726
15	168	1	1287202424
20	168	1	1304159127
19	168	1	1319042182
16	168	1	1322036900
19	168	1	1329656658
21	168	1	1348158832
15	171	1	1279246364
15	171	1	1281380690
81	171	1	1300005500
16	171	1	1306181099
19	171	1	1319041749
20	171	1	1319818549
16	171	1	1322117869
19	171	1	1330345087
21	171	1	1342594309
11	172	1	1277722597
11	172	1	1282806386
20	172	1	1283291054
20	172	1	1283448005
78	172	1	1286205021
20	172	1	1289089350
11	172	1	1294784682
11	172	1	1298656392
11	172	1	1303035002
16	172	1	1306138211
11	172	1	1311099319
11	172	1	1315137404
73	172	1	1331902172
16	172	1	1338981677
16	172	1	1349079380
16	172	1	1349097809
15	173	1	1279237283
20	173	1	1307159191
15	174	1	1279246931
15	174	1	1282865473
15	175	1	1279248039
15	175	1	1288777257
20	175	1	1293928180
11	175	1	1295638671
16	175	1	1306829873
20	175	1	1310228583
79	175	1	1322072636
15	176	1	1279245445
15	176	1	1285965932
20	176	1	1310623661
21	176	1	1336869112
82	178	1	1276236093
15	179	1	1279234846
15	179	1	1280740837
20	179	1	1299333096
16	179	1	1316517039
19	179	1	1320485419
19	179	1	1322599693
83	179	1	1337240332
15	180	1	1279236472
20	180	1	1329687196
83	180	1	1335745858
15	181	1	1279241575
15	181	1	1284212549
11	181	1	1290624336
20	181	1	1292092453
81	181	1	1300284906
16	181	1	1307347251
16	181	1	1316517112
19	181	1	1320485579
19	181	1	1322464447
20	181	1	1325393455
19	181	1	1327657600
16	181	1	1332495233
21	181	1	1336268528
21	181	1	1337456956
21	181	1	1349201165
15	182	1	1279247085
83	182	1	1335745917
21	182	1	1348288567
84	183	1	1302952673
20	183	1	1312323817
15	184	1	1279246427
15	184	1	1282912160
15	184	1	1285704369
16	184	1	1306916223
16	184	1	1313583091
19	184	1	1330170123
16	184	1	1344508732
15	185	1	1279145679
15	185	1	1279765624
15	185	1	1279968387
20	185	1	1291826978
79	185	1	1311795704
16	185	1	1313583265
19	185	1	1319515646
16	185	1	1343287207
15	186	1	1279176615
21	186	1	1336867636
20	187	1	1302770320
84	187	1	1302861414
15	188	1	1279146398
11	188	1	1290717410
20	188	1	1292307839
11	188	1	1298396722
16	188	1	1318850276
21	188	1	1340274937
15	189	1	1279243065
11	189	1	1298396764
19	189	1	1319374618
21	189	1	1348931604
15	190	1	1279236479
20	190	1	1297998565
20	190	1	1304678307
20	190	1	1323059348
16	190	1	1338448126
16	191	1	1334664263
16	191	1	1338985554
16	191	1	1341865151
16	191	1	1343287645
16	191	1	1344341086
16	191	1	1346657055
16	191	1	1349089689
16	191	1	1349090955
16	191	1	1349098811
15	192	1	1279233766
15	192	1	1287320533
15	192	1	1288748061
85	194	1	1277488364
15	194	1	1279234202
15	194	1	1288799733
19	194	1	1319089825
15	195	1	1279240794
20	195	1	1291818164
19	195	1	1336375859
19	195	1	1342280948
24	197	1	1276993255
24	198	1	1277067137
24	199	1	1277159874
24	200	1	1277168877
24	201	1	1277179787
24	202	1	1277181241
24	203	1	1277248257
85	204	1	1277488395
24	205	1	1277579868
24	205	1	1289088387
86	205	1	1308764437
86	205	1	1309107465
86	205	1	1322679319
15	206	1	1279242277
15	206	1	1284594866
20	206	1	1296693452
20	206	1	1304051085
20	206	1	1324345983
20	206	1	1325448507
15	207	1	1279250530
11	207	1	1294145317
81	207	1	1300807622
79	207	1	1304082426
79	207	1	1313994026
79	207	1	1323715904
20	207	1	1325488151
19	207	1	1329561177
83	207	1	1330735817
16	207	1	1338447125
16	207	1	1343728528
15	208	1	1279246560
84	208	1	1287685330
84	208	1	1296925189
20	208	1	1312320377
15	209	1	1279236233
15	209	1	1285187479
20	209	1	1304008687
19	209	1	1319151431
79	209	1	1322530663
16	209	1	1325771353
19	209	1	1330189726
19	209	1	1330481952
83	209	1	1336761820
21	209	1	1337913003
15	210	1	1279248796
15	210	1	1280141659
15	210	1	1281454861
15	210	1	1287288187
81	210	1	1299536457
20	210	1	1304207578
16	210	1	1307088109
20	210	1	1312480162
20	210	1	1319030293
19	210	1	1321368957
19	210	1	1322208239
21	210	1	1345043544
21	210	1	1345439482
15	211	1	1279245010
11	211	1	1294180352
20	211	1	1312320375
20	211	1	1323098998
21	211	1	1336884217
15	212	1	1279242099
15	212	1	1281465144
20	212	1	1304103569
20	212	1	1319825497
83	212	1	1332605593
83	212	1	1335559350
21	212	1	1345052801
15	213	1	1279240953
16	213	1	1338448031
15	214	1	1279240656
20	214	1	1291970161
84	214	1	1297507281
20	214	1	1304114806
20	214	1	1312323833
20	214	1	1325484866
20	214	1	1326489014
20	215	1	1312323818
15	216	1	1279237350
11	216	1	1294145764
20	216	1	1311277498
20	216	1	1317498709
20	216	1	1325712420
19	216	1	1330163081
21	216	1	1345062771
15	217	1	1279236485
20	217	1	1323109798
15	218	1	1279236824
15	218	1	1284100139
20	218	1	1296433329
81	218	1	1299691407
81	218	1	1300895821
20	218	1	1304116484
16	218	1	1319000718
79	218	1	1321900291
79	218	1	1322960629
83	218	1	1330739594
16	218	1	1332926557
19	218	1	1337884146
21	218	1	1342488227
80	218	1	1343614544
21	218	1	1346456173
15	219	1	1279161344
15	219	1	1279268688
15	219	1	1281452025
20	219	1	1295912740
20	219	1	1304219377
20	219	1	1309096047
19	219	1	1319104494
79	219	1	1321972404
16	219	1	1322816385
19	219	1	1330438685
19	219	1	1332417189
16	219	1	1343800752
21	219	1	1345045463
15	220	1	1279247499
20	220	1	1302017991
20	220	1	1303747807
16	220	1	1338448163
20	221	1	1312320253
15	222	1	1279176685
15	222	1	1280157677
15	222	1	1284573786
11	222	1	1290958380
79	222	1	1302952409
20	222	1	1303215520
19	222	1	1319090616
16	222	1	1322050956
19	222	1	1322886913
16	222	1	1333363674
15	223	1	1279235755
15	223	1	1281402506
20	223	1	1303090595
16	223	1	1306180242
19	223	1	1319266315
21	223	1	1342592968
15	224	1	1279236119
15	224	1	1286246725
20	224	1	1304125978
21	224	1	1336860552
21	224	1	1342459850
15	225	1	1279247268
22	225	1	1294948662
79	225	1	1303533167
19	225	1	1319136160
79	225	1	1324032628
21	225	1	1340215284
21	225	1	1344301011
15	226	1	1279240670
15	226	1	1285785783
15	226	1	1287180234
20	226	1	1296084183
20	226	1	1301725611
20	226	1	1312188653
20	226	1	1313656355
19	226	1	1330161092
83	226	1	1336063604
21	226	1	1338296011
15	227	1	1279240055
15	227	1	1282391453
79	227	1	1322318292
16	227	1	1323765769
21	227	1	1338377046
15	228	1	1279212238
20	228	1	1313674271
20	228	1	1333210931
21	228	1	1342455384
84	229	1	1284641129
20	229	1	1292794625
84	229	1	1296923774
20	229	1	1302770319
15	230	1	1279191184
15	230	1	1279815022
15	230	1	1282009127
16	230	1	1312463161
19	230	1	1318964803
19	230	1	1326144636
19	230	1	1329967564
16	230	1	1345291272
15	231	1	1279245592
15	231	1	1281369108
15	231	1	1281992116
15	231	1	1288793043
16	231	1	1345290658
84	232	1	1284641213
84	232	1	1296924040
15	233	1	1279239446
15	233	1	1284990078
20	233	1	1291816068
79	233	1	1312376113
16	233	1	1313494021
19	233	1	1323157502
19	233	1	1328249164
19	233	1	1333987256
16	233	1	1344496785
16	233	1	1345401731
15	234	1	1279247289
15	234	1	1281449436
15	234	1	1284467703
20	234	1	1293296858
20	234	1	1304208904
79	234	1	1311756814
19	234	1	1318991614
83	234	1	1333416761
16	234	1	1338794486
16	234	1	1345235193
15	235	1	1279245060
15	236	1	1279245613
20	236	1	1323062962
84	237	1	1284641334
84	237	1	1284641517
84	237	1	1284641826
15	237	1	1284703103
15	238	1	1279192583
20	238	1	1292105525
20	238	1	1293346438
16	238	1	1313483405
19	238	1	1328237372
19	238	1	1332779300
83	238	1	1335563865
16	238	1	1344492434
16	238	1	1345401898
15	239	1	1279247156
21	239	1	1336868642
15	242	1	1279246189
20	242	1	1310228624
19	242	1	1324150695
20	242	1	1334491688
11	243	1	1311100301
11	243	1	1315137975
87	243	1	1324357612
73	243	1	1331902037
16	243	1	1334661212
16	243	1	1345543285
16	243	1	1349079872
16	243	1	1349094660
15	244	1	1279242297
16	244	1	1313408118
19	244	1	1319025561
19	244	1	1331402480
19	244	1	1334640844
16	244	1	1345300691
15	245	1	1279234899
20	245	1	1303321800
79	245	1	1307726469
20	245	1	1313001990
16	245	1	1314258535
19	245	1	1331602403
16	245	1	1338446107
16	245	1	1345550785
15	246	1	1279240435
15	246	1	1281288924
79	246	1	1312054410
19	246	1	1321684581
19	246	1	1328253845
19	246	1	1337712788
16	246	1	1345309398
15	247	1	1279237775
20	247	1	1293362901
20	247	1	1312994669
19	247	1	1319047572
16	247	1	1345322318
15	248	1	1279241146
15	248	1	1281534564
81	248	1	1301152895
79	248	1	1312896087
19	248	1	1319031475
19	248	1	1334667492
16	248	1	1345307843
15	249	1	1279246791
20	249	1	1304776772
20	249	1	1307372284
79	249	1	1309989199
79	249	1	1311717975
19	249	1	1329346082
19	249	1	1334626642
16	249	1	1345297573
84	250	1	1284640997
20	250	1	1302770316
20	250	1	1312316844
19	250	1	1323846573
15	251	1	1279242168
15	251	1	1279815444
84	251	1	1284641019
31	251	1	1305407330
16	251	1	1308815728
16	251	1	1312206921
19	251	1	1318957712
19	251	1	1326117596
16	251	1	1343289073
16	251	1	1345238756
16	251	1	1347212593
15	252	1	1279241657
11	252	1	1289940684
79	252	1	1307623171
83	252	1	1334244389
16	252	1	1345238652
15	253	1	1279245852
15	253	1	1280492572
15	253	1	1288767991
16	253	1	1306828022
16	253	1	1345238694
15	254	1	1279246917
20	254	1	1303600187
20	254	1	1307518762
15	255	1	1279141104
19	255	1	1322962490
78	256	1	1279287413
15	256	1	1279305990
15	256	1	1284545276
20	256	1	1291736746
16	256	1	1312185650
19	256	1	1318968459
19	256	1	1334536345
16	256	1	1345235695
84	257	1	1280225899
84	257	1	1280226745
15	257	1	1280319944
15	257	1	1280348314
84	257	1	1281864665
84	257	1	1297506940
84	257	1	1297507351
20	257	1	1312323841
84	258	1	1280226122
84	258	1	1281865462
84	259	1	1280226146
15	259	1	1280319801
84	259	1	1281865238
15	259	1	1287195911
11	259	1	1295380523
79	259	1	1304690063
19	259	1	1319155289
83	259	1	1322139478
19	259	1	1324262052
19	259	1	1330493554
21	259	1	1342381280
84	260	1	1280226325
15	260	1	1280321779
11	260	1	1290355803
81	260	1	1299473728
20	260	1	1301279940
20	260	1	1304044814
20	260	1	1308547206
19	260	1	1319180665
83	260	1	1321047496
79	260	1	1322617050
20	260	1	1334998896
16	260	1	1343652428
84	261	1	1280226344
15	261	1	1280319837
15	261	1	1280636834
15	261	1	1284014130
81	261	1	1296994029
81	261	1	1299788155
16	261	1	1317645763
19	261	1	1320802003
79	261	1	1326298177
84	262	1	1280226365
15	262	1	1280319772
15	262	1	1283822101
15	262	1	1284420065
31	262	1	1300300459
79	262	1	1304883861
19	262	1	1319206102
19	262	1	1322471592
21	262	1	1344979952
16	262	1	1345118139
84	263	1	1280226416
15	263	1	1280319447
20	263	1	1303744228
21	263	1	1336877787
84	264	1	1280226563
15	264	1	1280319333
16	264	1	1307015143
16	264	1	1308827293
79	264	1	1312471749
83	264	1	1320156720
79	264	1	1322447850
19	264	1	1330006771
84	265	1	1280226590
15	265	1	1280319253
15	265	1	1281450279
20	265	1	1300906934
16	265	1	1307708453
19	265	1	1319327706
79	265	1	1322175458
19	265	1	1330095612
19	265	1	1332409035
21	265	1	1347866881
21	265	1	1348492838
84	266	1	1280226616
15	266	1	1280337072
15	266	1	1288479241
11	266	1	1291110725
81	266	1	1300268566
79	266	1	1305275806
20	266	1	1307132168
20	266	1	1308617729
20	266	1	1315651558
19	266	1	1319074595
19	266	1	1320598240
19	266	1	1322588273
19	266	1	1330023857
83	266	1	1330945266
19	266	1	1332118275
16	266	1	1332504082
16	266	1	1343634093
84	267	1	1280226785
15	267	1	1280319788
15	267	1	1280348451
15	267	1	1288480659
21	267	1	1336885334
84	268	1	1280227258
84	268	1	1282914507
84	268	1	1284640732
84	268	1	1287685879
84	268	1	1287686236
84	269	1	1280227798
15	269	1	1280329677
84	269	1	1282914155
84	269	1	1284640904
13	269	1	1284697074
13	269	1	1284697584
84	269	1	1287685754
84	269	1	1287686252
20	269	1	1312320281
84	270	1	1280227874
15	270	1	1280337860
15	270	1	1288883258
79	270	1	1312471576
19	270	1	1337972044
84	271	1	1280227893
15	271	1	1280323834
15	271	1	1286286884
19	271	1	1319042133
19	271	1	1321408902
84	272	1	1280227911
15	272	1	1280324338
20	272	1	1295987669
81	272	1	1300041720
79	272	1	1314695291
79	272	1	1322699597
19	272	1	1322980241
16	272	1	1328530704
20	272	1	1329140144
21	272	1	1342575881
16	272	1	1343636035
84	273	1	1280227954
15	273	1	1280318901
20	273	1	1304912367
16	273	1	1338448035
84	274	1	1280228009
15	274	1	1280319799
84	275	1	1280228055
15	275	1	1280333106
84	276	1	1280228191
15	276	1	1280323344
11	276	1	1289898784
20	276	1	1292110037
79	276	1	1307795708
16	276	1	1314338313
19	276	1	1318977164
19	276	1	1323233093
19	276	1	1328418701
83	276	1	1336849387
84	277	1	1280228231
15	277	1	1280320345
81	277	1	1300041199
16	277	1	1307603858
19	277	1	1319300145
19	277	1	1323537812
16	277	1	1343819838
21	277	1	1348455823
84	278	1	1280228251
15	278	1	1280320115
15	278	1	1282512507
11	278	1	1290982958
81	278	1	1300584150
20	278	1	1307875041
16	278	1	1317376143
19	278	1	1322795419
16	278	1	1332747546
16	278	1	1343637097
84	279	1	1280228279
15	279	1	1280319423
20	279	1	1303747873
20	279	1	1312320279
79	279	1	1322711374
21	279	1	1336876553
24	280	1	1280796767
24	281	1	1280800701
88	282	1	1280960916
88	282	1	1281006846
88	283	1	1281097910
24	284	1	1281150373
24	285	1	1281154229
24	286	1	1281155787
24	287	1	1281159187
88	288	1	1281183560
24	288	1	1289146342
86	288	1	1308800744
86	288	1	1309111216
24	289	1	1281233575
24	290	1	1281235319
88	291	1	1281259140
84	292	1	1281314939
15	292	1	1281341792
84	292	1	1281655165
84	292	1	1281863766
84	292	1	1289664124
84	292	1	1296924982
84	293	1	1281655227
15	293	1	1281679774
20	293	1	1292619083
81	293	1	1300718843
79	293	1	1309596073
20	293	1	1318151459
19	293	1	1322010147
79	293	1	1322747940
19	293	1	1331908611
19	293	1	1333998559
80	293	1	1346414296
84	294	1	1281655249
15	294	1	1281679977
15	294	1	1283055553
20	294	1	1292284600
16	294	1	1305796258
79	294	1	1310508154
16	294	1	1317986098
79	294	1	1322751221
83	294	1	1331417742
83	294	1	1332541942
21	294	1	1341729658
21	294	1	1346037744
80	294	1	1346967271
21	294	1	1348670363
84	295	1	1281655270
15	295	1	1281680236
15	295	1	1285069385
11	295	1	1290364609
20	295	1	1296197066
81	295	1	1299336890
81	295	1	1299859375
81	295	1	1299878002
19	295	1	1318966082
79	295	1	1322679058
20	295	1	1324693430
19	295	1	1330622245
83	295	1	1332689501
21	295	1	1342563877
84	296	1	1281655308
15	296	1	1281678723
20	296	1	1303639730
11	296	1	1321109700
20	296	1	1323005460
83	296	1	1335716842
80	296	1	1346163840
84	297	1	1281863849
84	297	1	1281863869
84	297	1	1281863911
84	297	1	1281865508
84	298	1	1281864339
84	298	1	1281864769
84	299	1	1281864746
84	300	1	1281865279
84	301	1	1281865632
89	302	1	1281987722
89	303	1	1281987733
90	304	1	1282087120
91	304	1	1422986796
90	305	1	1282087130
91	305	1	1422986797
84	306	1	1282914221
84	306	1	1287685713
84	306	1	1287685738
84	307	1	1282914560
84	307	1	1287685839
84	307	1	1287685858
24	308	1	1283021534
24	309	1	1283394191
92	310	1	1283396418
92	310	1	1284617977
93	310	1	1408317608
92	311	1	1283411002
84	312	1	1284638671
15	312	1	1284700067
11	312	1	1289859288
21	312	1	1342854566
21	312	1	1347991021
84	313	1	1284640674
84	314	1	1284640752
84	315	1	1284640825
20	315	1	1289084723
11	315	1	1294787015
11	315	1	1303038181
11	315	1	1307648477
11	315	1	1311102014
11	315	1	1315139182
11	315	1	1315149713
73	315	1	1331903045
16	315	1	1346669112
16	315	1	1349080829
84	316	1	1284640941
15	316	1	1284685225
16	316	1	1307436548
16	316	1	1317979041
19	316	1	1328123491
19	316	1	1332192523
21	316	1	1340332096
84	317	1	1284641154
15	317	1	1284685198
78	317	1	1292517609
20	317	1	1293329260
81	317	1	1300654848
19	317	1	1328168172
84	318	1	1284641262
15	318	1	1284685616
20	318	1	1291649401
11	318	1	1298238475
20	318	1	1304232730
79	318	1	1307468039
16	318	1	1312185468
19	318	1	1318984656
79	318	1	1322069429
19	318	1	1333978804
16	318	1	1345235607
84	319	1	1284641362
15	319	1	1284686789
20	319	1	1293346330
79	319	1	1305494434
19	319	1	1328236924
19	319	1	1329980300
16	319	1	1345308126
84	320	1	1284641571
13	321	1	1284697124
94	322	1	1285022400
92	323	1	1285795723
15	324	1	1286058740
16	324	1	1314091943
20	324	1	1326124094
16	324	1	1346615719
84	325	1	1287685258
84	325	1	1287685366
92	326	1	1287791542
72	327	1	1287797710
15	327	1	1287863063
20	327	1	1304419208
20	327	1	1323012759
83	327	1	1334243095
72	328	1	1287797736
15	328	1	1287863089
20	328	1	1303567744
21	328	1	1336858084
21	328	1	1340030016
72	329	1	1287797759
72	330	1	1287797936
72	330	1	1287797952
15	330	1	1287863154
20	330	1	1303582184
72	331	1	1287797974
15	331	1	1287863253
21	331	1	1342481671
72	332	1	1287797999
15	332	1	1287863586
20	332	1	1303582269
19	332	1	1319225191
83	332	1	1320603667
21	332	1	1336871792
72	333	1	1287798047
15	333	1	1287863726
20	333	1	1303044033
20	333	1	1323009012
72	334	1	1287798094
15	334	1	1287863617
20	334	1	1305436119
83	334	1	1335706050
72	335	1	1287798145
72	336	1	1287798172
15	336	1	1287863242
20	336	1	1303657698
16	336	1	1338448058
72	337	1	1287798194
15	337	1	1287863049
72	338	1	1287798230
15	338	1	1287863083
20	338	1	1302154774
20	338	1	1303585888
20	338	1	1323134966
16	338	1	1338448138
72	339	1	1287798277
15	339	1	1287863330
20	339	1	1296858912
83	339	1	1320604007
21	339	1	1347210914
72	340	1	1287798319
15	340	1	1287863580
20	340	1	1302003643
20	340	1	1303654315
79	340	1	1322787298
21	340	1	1347194442
72	341	1	1287798494
15	341	1	1287863283
20	341	1	1300301955
72	342	1	1287798534
72	343	1	1287798577
15	343	1	1287863995
21	343	1	1336898636
21	343	1	1348892576
72	344	1	1287798602
15	344	1	1287863717
20	344	1	1293660996
21	344	1	1336905347
21	344	1	1348899325
72	345	1	1287798629
15	345	1	1287863500
72	346	1	1287798660
15	346	1	1287863247
72	347	1	1287798683
15	347	1	1287863857
72	348	1	1287798705
15	348	1	1287863006
16	348	1	1338447996
72	349	1	1287798726
15	349	1	1287863187
72	350	1	1287798751
15	350	1	1287863692
20	350	1	1303790964
72	351	1	1287798815
15	351	1	1287863423
21	351	1	1336900704
72	352	1	1287798856
15	352	1	1287863123
79	352	1	1305435678
21	352	1	1348899255
72	353	1	1287798881
72	354	1	1287798903
72	355	1	1287798930
15	355	1	1287863818
15	355	1	1288401173
20	355	1	1302007121
20	355	1	1303654303
21	355	1	1336856644
72	356	1	1287799032
15	356	1	1287863277
21	356	1	1336903473
16	356	1	1338448019
84	357	1	1288812969
11	357	1	1303059069
11	357	1	1307729813
73	357	1	1331902046
16	357	1	1349166495
24	358	1	1289160988
24	359	1	1289173892
84	360	1	1289664187
92	361	1	1289956239
92	361	1	1291480822
92	361	1	1295309669
95	361	1	1327097429
96	361	1	1337665373
96	361	1	1342549277
96	361	1	1349131844
96	361	1	1360201137
97	362	1	1290880003
97	362	1	1290881261
97	362	1	1291150916
97	362	1	1296209891
97	362	1	1296212981
97	362	1	1296489054
31	362	1	1301001467
89	363	1	1293735625
98	364	1	1294092865
79	365	1	1296205393
24	366	1	1296443481
24	366	1	1333239146
24	367	1	1296449411
24	368	1	1296529907
24	369	1	1296618078
81	370	1	1296649494
24	371	1	1296784924
84	372	1	1296922749
84	372	1	1296923033
71	372	1	1296925914
84	372	1	1297505853
84	373	1	1296923279
81	373	1	1300586625
16	373	1	1338448142
84	374	1	1296923648
84	375	1	1296923813
19	375	1	1323801838
84	376	1	1296923924
11	376	1	1303059178
11	376	1	1307656588
16	376	1	1349166967
84	377	1	1296924119
79	377	1	1304375997
84	378	1	1296924644
84	378	1	1296924678
99	378	1	1296929170
84	378	1	1297506084
84	379	1	1296925038
19	379	1	1319075115
84	380	1	1296925241
84	381	1	1297506992
19	381	1	1322843319
21	381	1	1348137988
84	382	1	1297507321
81	382	1	1301026491
19	382	1	1319108538
20	382	1	1324753908
100	383	1	1298102253
100	383	1	1331647231
24	384	1	1298436401
24	385	1	1301870695
92	386	1	1302758252
84	387	1	1302861490
79	387	1	1305493492
19	387	1	1319032594
16	387	1	1347265405
84	388	1	1302861582
16	388	1	1338447070
84	389	1	1302952745
19	389	1	1319044323
24	390	1	1302978904
89	390	1	1331481697
24	391	1	1302983291
24	392	1	1302995137
24	393	1	1303351978
24	394	1	1305157814
24	394	1	1333912782
92	395	1	1306450088
92	396	1	1306522268
101	397	1	1307398270
102	397	1	1332359463
103	398	1	1308098423
86	399	1	1308810598
86	399	1	1308814933
86	400	1	1308814897
48	401	1	1309510530
16	401	1	1338447980
48	402	1	1309510584
48	402	1	1309510731
48	403	1	1309510664
79	403	1	1323352661
104	404	1	1309523238
86	405	1	1309540655
86	406	1	1309542742
24	407	1	1309571303
24	408	1	1309579859
24	409	1	1309583865
24	410	1	1309623874
24	411	1	1309632814
48	412	1	1309966119
105	413	1	1313796849
106	414	1	1313857985
24	415	1	1314242889
24	415	1	1422213597
107	416	1	1314550776
36	417	1	1314727986
36	418	1	1314727986
24	419	1	1315764258
24	420	1	1315765320
24	421	1	1315768689
24	422	1	1315773207
102	423	1	1318459613
108	424	1	1318949622
108	425	1	1318949647
24	426	1	1318984507
92	427	1	1319842757
92	427	1	1429212129
109	428	1	1319998976
91	428	1	1497570943
110	429	1	1320841691
110	430	1	1320841765
111	431	1	1321040292
111	432	1	1321204920
111	433	1	1321204921
111	433	1	1321205152
112	434	1	1321628947
24	435	1	1321748353
24	436	1	1321763871
24	437	1	1321849184
24	438	1	1321920209
24	439	1	1321923831
24	439	1	1322093864
24	440	1	1321928013
24	440	1	1322095525
86	441	1	1322001563
16	441	1	1334815709
16	441	1	1345407976
24	442	1	1322097514
24	443	1	1322098738
24	444	1	1322100008
24	445	1	1323016821
24	446	1	1323047205
24	447	1	1323050819
24	448	1	1323134030
102	449	1	1325969540
24	450	1	1326050075
92	451	1	1326330435
102	452	1	1328132762
24	453	1	1329081519
24	454	1	1329096544
89	455	1	1329729454
102	456	1	1329747943
102	457	1	1329761942
86	458	1	1329834790
86	459	1	1329839168
113	460	1	1330234732
24	460	1	1346640220
89	461	1	1330672398
89	462	1	1330705766
24	463	1	1332041419
20	464	1	1332362059
19	465	1	1332694919
19	465	1	1334575551
16	466	1	1332405444
21	466	1	1335530211
21	466	1	1348489084
83	467	1	1332408172
83	467	1	1333235820
83	467	1	1333500822
16	467	1	1343650468
20	469	1	1332362046
83	470	1	1334568243
83	471	1	1332407631
21	473	1	1336874146
21	473	1	1347207178
24	474	1	1333244855
24	475	1	1333420239
24	476	1	1333501069
24	476	1	1333583231
24	477	1	1333588149
24	478	1	1333906146
24	479	1	1333908248
102	480	1	1334115501
24	481	1	1334510752
75	482	1	1335652816
24	483	1	1336324315
24	484	1	1336328205
102	485	1	1338323384
114	486	1	1338437662
114	486	1	1338440639
114	486	1	1342490177
24	487	1	1338650635
24	488	1	1338656777
24	489	1	1338661579
24	490	1	1339380464
24	491	1	1339993900
115	492	1	1340568649
16	492	1	1340608075
16	493	1	1340604636
16	493	1	1340608900
16	493	1	1340708875
102	494	1	1340669370
24	495	1	1341260210
24	495	1	1344111207
24	496	1	1341262713
70	497	1	1344085285
24	498	1	1344112641
24	499	1	1344220320
24	500	1	1344380898
116	503	1	1344781995
117	504	1	1346363419
117	505	1	1346434822
83	505	1	1347173072
83	506	1	1346449018
24	507	1	1346628762
24	508	1	1346633965
24	509	1	1346638312
93	510	1	1348918069
93	510	1	1348918087
116	510	1	1410432314
118	511	1	1348936571
89	512	1	1351193454
89	513	1	1351241540
89	514	1	1351251683
89	515	1	1351251695
24	516	1	1355092763
24	517	1	1355113793
24	518	1	1360032030
119	518	1	1417132188
119	518	1	1487254027
24	519	1	1361156536
24	520	1	1370218883
24	521	1	1380160675
24	522	1	1380164849
24	523	1	1390255130
24	524	1	1393571892
93	525	1	1408317609
119	526	1	1417132188
119	527	1	1417132189
24	528	1	1421020896
91	529	1	1422986796
91	530	1	1422986797
24	531	1	1423709735
24	532	1	1424394784
91	532	1	1438202272
24	533	1	1424584480
91	533	1	1438202208
24	534	1	1424586548
24	535	1	1426644041
120	536	1	1426841152
6	536	1	1429242335
120	536	1	1429245802
120	537	1	1426841153
6	537	1	1429242335
120	537	1	1429245803
120	538	1	1426841153
120	539	1	1426841163
120	540	1	1426841165
6	540	1	1429242335
120	540	1	1429245803
120	541	1	1426841165
6	541	1	1429242335
120	541	1	1429245803
92	542	1	1429212130
91	543	1	1438202208
91	544	1	1438202272
121	545	1	1438645232
122	546	1	1442444744
122	547	1	1442444745
122	548	1	1442444745
122	549	1	1442444745
122	550	1	1442444745
121	551	1	1443817010
121	552	1	1443817010
121	553	1	1443817010
121	554	1	1443817010
121	555	1	1443817011
121	556	1	1443817011
121	557	1	1443817011
91	558	1	1462390815
119	559	1	1487254027
91	560	1	1497570944
