% bip positive
1	1	1	1101815509
1	1	1	1141252010
2	2	1	1112625414
3	3	1	1112696584
3	3	1	1113680549
4	3	1	1429229463
5	4	1	1118216675
4	4	1	1429229458
6	5	1	1125346131
6	5	1	1125346176
6	5	1	1133314200
7	6	1	1125571860
4	6	1	1429229458
8	7	1	1127790461
4	7	1	1429229460
9	8	1	1130063539
9	8	1	1148578108
9	8	1	1148578472
10	9	1	1130853803
11	9	1	1132624807
11	9	1	1134682923
12	9	1	1189091062
13	9	1	1191812792
14	9	1	1194018581
15	9	1	1201246582
16	9	1	1201570668
17	9	1	1202509069
18	9	1	1214519463
19	9	1	1220464666
20	9	1	1228933146
21	9	1	1232457902
21	9	1	1233048896
21	9	1	1238509483
21	9	1	1238510528
22	9	1	1241986323
23	9	1	1242647284
24	9	1	1248681027
25	9	1	1260060588
25	9	1	1260114863
25	9	1	1260116270
26	9	1	1260235134
27	9	1	1269501798
28	10	1	1130954059
28	10	1	1130955093
28	10	1	1130955115
6	11	1	1131174845
6	11	1	1133314515
29	12	1	1131904801
11	13	1	1131924004
30	14	1	1132099268
11	14	1	1132099426
11	14	1	1132099448
11	14	1	1132099458
11	14	1	1132099469
11	14	1	1132099477
31	14	1	1145334937
11	15	1	1132099554
32	15	1	1132218550
15	15	1	1169975992
21	15	1	1175067477
33	15	1	1175083520
33	15	1	1175158951
34	15	1	1176223946
15	15	1	1177959872
35	15	1	1179654394
35	15	1	1179838114
35	15	1	1180355317
35	15	1	1180517867
33	15	1	1183176344
36	15	1	1188747305
37	15	1	1191324333
13	15	1	1191812734
38	15	1	1191971785
37	15	1	1193172704
36	15	1	1193430887
37	15	1	1196733828
37	15	1	1197171619
36	15	1	1199827836
36	15	1	1200234233
39	15	1	1201119664
40	15	1	1201243222
15	15	1	1201246436
35	15	1	1201659977
41	15	1	1201693754
37	15	1	1202258049
14	15	1	1203593449
17	15	1	1204986444
36	15	1	1205518858
37	15	1	1207171313
14	15	1	1208204397
6	15	1	1208317698
14	15	1	1208622481
42	15	1	1209120255
43	15	1	1209317772
44	15	1	1209317965
14	15	1	1209732173
37	15	1	1210153162
37	15	1	1211124663
21	15	1	1211789075
45	15	1	1212219818
42	15	1	1213154756
33	15	1	1214027983
35	15	1	1214507119
39	15	1	1217289572
21	15	1	1217840427
37	15	1	1218374234
33	15	1	1218726817
37	15	1	1221381159
37	15	1	1222983104
37	15	1	1224290701
45	15	1	1228347377
21	15	1	1229057688
21	15	1	1229576299
21	15	1	1230241232
42	15	1	1231776734
21	15	1	1233172080
33	15	1	1233400432
46	15	1	1237643313
33	15	1	1238116261
47	15	1	1238803352
37	15	1	1240015474
37	15	1	1241663879
48	15	1	1243287349
37	15	1	1243549558
45	15	1	1246480414
49	15	1	1248448194
50	15	1	1250280828
37	15	1	1250384385
21	15	1	1255954422
48	15	1	1256120050
48	15	1	1256238095
33	15	1	1256366526
48	15	1	1256549031
48	15	1	1256622334
37	15	1	1257506086
48	15	1	1257557266
48	15	1	1258493311
48	15	1	1258630875
51	15	1	1263089742
11	16	1	1132099588
32	16	1	1132218281
52	16	1	1136597409
53	16	1	1155465298
35	16	1	1169162505
35	16	1	1169291542
33	16	1	1169519728
15	16	1	1169976181
35	16	1	1170456289
33	16	1	1170627304
33	16	1	1170797685
33	16	1	1172732258
33	16	1	1174161113
21	16	1	1175071913
54	16	1	1175429279
33	16	1	1175864595
33	16	1	1176651072
33	16	1	1178499744
33	16	1	1179148881
35	16	1	1179654074
35	16	1	1179672977
53	16	1	1180294840
35	16	1	1180517770
21	16	1	1188504530
36	16	1	1189644570
37	16	1	1189995964
55	16	1	1190665620
55	16	1	1190665673
13	16	1	1191812691
53	16	1	1192807278
41	16	1	1193058029
21	16	1	1194722473
37	16	1	1194769722
38	16	1	1196108688
38	16	1	1196109772
38	16	1	1196110658
53	16	1	1197222651
38	16	1	1197334421
36	16	1	1197423017
42	16	1	1198526869
36	16	1	1198606055
36	16	1	1198621366
36	16	1	1199570717
14	16	1	1200512137
36	16	1	1200850617
37	16	1	1201169955
15	16	1	1201246497
14	16	1	1201616520
41	16	1	1201693831
37	16	1	1202577049
14	16	1	1202604579
41	16	1	1202672024
14	16	1	1204048693
14	16	1	1204805295
14	16	1	1205163881
37	16	1	1205696316
14	16	1	1205922665
14	16	1	1207342632
37	16	1	1208097878
6	16	1	1208317746
14	16	1	1208636717
43	16	1	1209317837
44	16	1	1209317983
21	16	1	1211790899
33	16	1	1212462100
37	16	1	1213672323
44	16	1	1213692201
14	16	1	1213998176
35	16	1	1214219445
14	16	1	1214681586
14	16	1	1214771268
14	16	1	1214929107
56	16	1	1216268127
56	16	1	1216268151
57	16	1	1216323275
33	16	1	1216869710
39	16	1	1217289564
56	16	1	1217609537
37	16	1	1218160177
33	16	1	1218281349
37	16	1	1219264987
35	16	1	1219894030
37	16	1	1220533876
37	16	1	1221175626
37	16	1	1222000263
53	16	1	1223685049
37	16	1	1224347630
21	16	1	1225275697
51	16	1	1226505253
21	16	1	1227880838
21	16	1	1228479973
21	16	1	1231932337
47	16	1	1232413306
21	16	1	1232540863
47	16	1	1234670418
47	16	1	1237096390
45	16	1	1238852555
47	16	1	1239502924
37	16	1	1241195255
46	16	1	1241710593
21	16	1	1244110054
37	16	1	1244182959
37	16	1	1245170406
37	16	1	1245292514
37	16	1	1247194922
37	16	1	1249721645
58	16	1	1250285299
37	16	1	1250381474
37	16	1	1250445256
37	16	1	1250576938
48	16	1	1250774363
48	16	1	1251648473
45	16	1	1251819529
37	16	1	1252750387
48	16	1	1254157018
48	16	1	1259113554
26	16	1	1260123490
59	16	1	1262860678
11	17	1	1134682831
11	18	1	1134682954
21	18	1	1175070212
53	18	1	1180476117
35	18	1	1180609138
33	18	1	1183026412
33	18	1	1183312535
36	18	1	1188747040
36	18	1	1189534830
36	18	1	1189613802
36	18	1	1189682706
37	18	1	1191191922
13	18	1	1191812702
36	18	1	1191955005
36	18	1	1191957246
37	18	1	1192012395
37	18	1	1192479340
38	18	1	1192829015
37	18	1	1193180142
38	18	1	1193385769
36	18	1	1193428859
38	18	1	1193638710
38	18	1	1193703715
37	18	1	1193962079
36	18	1	1195997851
37	18	1	1196038316
37	18	1	1197186948
36	18	1	1197418956
14	18	1	1199827448
37	18	1	1200543033
39	18	1	1201119673
15	18	1	1201246558
41	18	1	1201693606
14	18	1	1202325668
14	18	1	1205584501
14	18	1	1207671190
37	18	1	1208145547
6	18	1	1208317677
14	18	1	1210593836
14	18	1	1212234576
45	18	1	1212276459
21	18	1	1213190589
14	18	1	1214817373
37	18	1	1215390890
39	18	1	1217289572
60	18	1	1217433892
37	18	1	1217879512
37	18	1	1221617098
37	18	1	1223164166
37	18	1	1225523379
21	18	1	1230724888
21	18	1	1232019587
17	18	1	1232251763
47	18	1	1232819019
33	18	1	1233193498
33	18	1	1233408666
46	18	1	1234474473
47	18	1	1234594993
37	18	1	1236479580
46	18	1	1237537700
33	18	1	1237665138
37	18	1	1240952356
46	18	1	1241229340
45	18	1	1242688707
48	18	1	1244062951
37	18	1	1247006148
61	18	1	1249354200
37	18	1	1250397492
48	18	1	1252192014
37	18	1	1252783467
48	18	1	1253364544
33	18	1	1258108096
37	18	1	1260492095
48	18	1	1261943806
35	18	1	1264666321
11	19	1	1134682995
11	20	1	1134683019
62	21	1	1135002143
62	21	1	1135002188
63	22	1	1135317985
11	23	1	1136407756
64	23	1	1136623859
65	23	1	1145272189
66	23	1	1160821013
66	23	1	1165763708
15	23	1	1169932325
15	23	1	1169978991
15	23	1	1169979083
15	23	1	1169979275
15	23	1	1169987038
67	23	1	1171239910
15	23	1	1173424452
15	23	1	1174671738
68	23	1	1213741151
68	23	1	1218839065
68	23	1	1219793125
41	23	1	1220741209
68	23	1	1223342603
56	23	1	1224673802
56	23	1	1224674066
56	23	1	1224758886
56	23	1	1224767512
52	24	1	1136596524
69	25	1	1136596866
69	26	1	1136596886
70	27	1	1136706481
70	28	1	1136706523
71	29	1	1137530932
4	29	1	1429229460
72	30	1	1138119077
73	31	1	1138290113
4	31	1	1429229458
74	32	1	1141533023
74	33	1	1141533088
65	34	1	1143808514
65	34	1	1143885701
75	34	1	1212270580
31	35	1	1145334497
42	36	1	1152435425
42	36	1	1152917377
42	36	1	1153676659
42	36	1	1155403628
42	36	1	1157520767
42	36	1	1160164210
42	36	1	1162558592
42	36	1	1165772483
42	36	1	1166872338
42	36	1	1170775568
42	36	1	1170794897
53	36	1	1173019138
33	36	1	1174350775
21	36	1	1175064866
35	36	1	1175621899
53	36	1	1183034774
36	36	1	1188748107
36	36	1	1189029751
36	36	1	1189891192
36	36	1	1190442703
36	36	1	1190993350
13	36	1	1191812723
37	36	1	1194138332
38	36	1	1194674776
37	36	1	1195184095
38	36	1	1195769947
42	36	1	1196011348
41	36	1	1197887300
37	36	1	1200162681
15	36	1	1201246406
35	36	1	1201455108
41	36	1	1201693798
37	36	1	1201742254
53	36	1	1204677793
37	36	1	1208131829
37	36	1	1208231690
6	36	1	1208317025
43	36	1	1209317753
44	36	1	1209317962
21	36	1	1215193233
35	36	1	1217329212
60	36	1	1217433907
33	36	1	1218961447
37	36	1	1221333049
37	36	1	1222988327
37	36	1	1225198855
35	36	1	1226544484
21	36	1	1227001961
21	36	1	1227629140
45	36	1	1227983223
17	36	1	1228656530
33	36	1	1229700847
21	36	1	1230024765
42	36	1	1232805143
46	36	1	1235131729
46	36	1	1235456441
47	36	1	1236982426
33	36	1	1237626279
47	36	1	1238793400
47	36	1	1239399158
33	36	1	1240250892
45	36	1	1242333857
45	36	1	1242483296
48	36	1	1243701010
45	36	1	1244827383
37	36	1	1245285710
48	36	1	1247271455
37	36	1	1250383684
33	36	1	1250425005
48	36	1	1250451483
45	36	1	1250973661
21	36	1	1252919948
21	36	1	1263802245
21	36	1	1263803073
37	36	1	1264074378
35	36	1	1264341766
33	36	1	1265444231
48	36	1	1266118347
9	37	1	1148578763
76	38	1	1155476064
4	38	1	1429229467
77	39	1	1155477168
78	40	1	1177533808
79	41	1	1159611689
80	42	1	1160275435
80	42	1	1177958520
80	42	1	1178021130
66	43	1	1160820868
66	44	1	1160820877
81	45	1	1163618450
42	45	1	1163620622
42	45	1	1167673258
42	45	1	1169408340
42	45	1	1170832109
42	45	1	1172214444
42	45	1	1173548366
42	45	1	1173599374
42	45	1	1173629434
42	45	1	1173641078
42	45	1	1173644478
42	45	1	1173733281
42	45	1	1174240718
42	45	1	1174246278
42	45	1	1178346646
42	45	1	1178397224
42	45	1	1179044077
42	45	1	1190053414
42	45	1	1194691267
42	45	1	1198503593
42	45	1	1198585782
42	45	1	1201464768
42	45	1	1204295924
42	45	1	1207688594
42	45	1	1212177014
42	45	1	1212436304
42	45	1	1213083647
42	45	1	1213207925
42	45	1	1231833903
81	46	1	1163618459
82	47	1	1166283039
37	47	1	1200150193
82	47	1	1201932576
82	47	1	1212336194
48	47	1	1252180185
83	48	1	1166474727
35	49	1	1168799518
35	49	1	1207845580
35	49	1	1210803836
35	49	1	1211536117
33	50	1	1169312001
33	50	1	1209293141
33	50	1	1212349531
33	50	1	1212483517
33	50	1	1214205783
33	50	1	1220282608
33	50	1	1222414152
33	50	1	1238970846
33	50	1	1259836429
15	51	1	1169556860
15	51	1	1170343357
67	52	1	1170405277
67	53	1	1170405325
15	54	1	1170515242
15	54	1	1170515265
15	54	1	1170669634
15	54	1	1172958346
15	54	1	1173342162
15	54	1	1174809493
15	54	1	1175544477
15	54	1	1175544511
15	54	1	1176586803
15	54	1	1176586820
78	55	1	1171239985
84	55	1	1225270969
85	56	1	1171595801
85	56	1	1182295540
85	56	1	1193911742
85	56	1	1194135295
86	57	1	1172453665
86	58	1	1172453711
86	58	1	1175980604
86	58	1	1176642845
86	58	1	1177680253
86	58	1	1178510230
86	59	1	1172453741
86	59	1	1172453799
86	60	1	1172453751
86	61	1	1172453758
42	62	1	1173606905
42	62	1	1173632431
42	62	1	1173637673
42	62	1	1173644478
42	62	1	1173687266
42	62	1	1173733285
42	62	1	1174240714
42	62	1	1174246277
42	62	1	1178356382
42	62	1	1178387506
42	62	1	1179049087
42	62	1	1190053405
42	62	1	1194698847
42	62	1	1198513787
42	62	1	1198585769
42	62	1	1201499060
42	62	1	1204297852
42	62	1	1207688595
42	62	1	1212967042
42	62	1	1213083637
42	62	1	1213249365
42	62	1	1231878916
42	63	1	1173606914
87	64	1	1174578771
15	65	1	1174671762
88	65	1	1205170043
44	65	1	1205272521
56	65	1	1223204883
68	65	1	1223342689
68	65	1	1223342755
68	65	1	1223342908
89	65	1	1242052699
25	65	1	1260363062
26	65	1	1263269250
21	66	1	1175064853
21	66	1	1181932976
21	66	1	1200261121
21	66	1	1200262371
21	66	1	1200263415
21	66	1	1200339978
21	66	1	1207837841
21	66	1	1223895261
21	66	1	1265103414
54	67	1	1175429171
90	67	1	1209628576
54	68	1	1175429360
21	68	1	1229012355
21	68	1	1230093202
21	68	1	1232610569
47	68	1	1232939119
21	68	1	1233234421
21	68	1	1234443858
46	68	1	1236232280
46	68	1	1236839270
47	68	1	1243386679
47	68	1	1244395955
46	68	1	1245877021
47	68	1	1246217210
47	68	1	1249386175
47	68	1	1251627866
47	68	1	1253462522
33	68	1	1259622714
33	68	1	1264584675
33	68	1	1264597835
33	68	1	1264617350
33	68	1	1265373047
33	68	1	1265461656
15	69	1	1175544477
86	70	1	1175980610
86	71	1	1175981150
86	71	1	1176642833
86	71	1	1177680247
86	71	1	1178510224
86	72	1	1176642852
86	73	1	1177680259
80	74	1	1177958449
91	74	1	1426650987
86	75	1	1178510235
13	76	1	1191812750
82	76	1	1199115519
38	76	1	1199203394
36	76	1	1200763410
39	76	1	1201119737
15	76	1	1201246595
41	76	1	1201693684
36	76	1	1202062410
35	76	1	1206477724
35	76	1	1208067141
6	76	1	1208317734
37	76	1	1210157591
14	76	1	1211656219
33	76	1	1212087708
14	76	1	1214665750
35	76	1	1215209383
39	76	1	1217289573
60	76	1	1217434082
33	76	1	1219001487
37	76	1	1220309114
92	76	1	1221084684
39	76	1	1221084704
37	76	1	1222218130
21	76	1	1225272973
21	76	1	1226654077
21	76	1	1227861818
33	76	1	1228891422
21	76	1	1230486746
21	76	1	1231508562
21	76	1	1232785146
47	76	1	1233979935
46	76	1	1234421174
47	76	1	1235190556
33	76	1	1237582521
33	76	1	1238603470
21	76	1	1240229250
37	76	1	1241549446
46	76	1	1244905371
37	76	1	1245991448
37	76	1	1247384277
93	76	1	1250276435
37	76	1	1255645292
48	76	1	1255678964
51	76	1	1258650000
33	76	1	1260441000
37	76	1	1262252449
48	76	1	1264328124
94	76	1	1264883853
33	76	1	1266345521
57	76	1	1266693365
95	77	1	1183016133
96	78	1	1183404831
97	79	1	1184555766
97	79	1	1184555958
97	79	1	1184561902
97	79	1	1187784702
98	80	1	1184764689
97	81	1	1187784756
97	81	1	1187784770
97	82	1	1187784801
99	83	1	1188038559
12	84	1	1188145077
38	84	1	1188149204
38	84	1	1197041759
38	84	1	1197051204
38	85	1	1188145846
38	85	1	1188151284
38	85	1	1197038676
38	85	1	1197057343
38	86	1	1188145851
38	86	1	1188146562
38	87	1	1188146562
36	89	1	1188594738
36	89	1	1189951345
36	89	1	1195328415
36	89	1	1198440879
36	89	1	1200222589
36	89	1	1200340689
36	89	1	1200417206
36	89	1	1206209814
36	89	1	1212323205
36	89	1	1212519697
36	89	1	1212831659
18	92	1	1189934360
37	92	1	1189939818
37	92	1	1196036415
37	92	1	1200135144
37	92	1	1200251743
37	92	1	1236464486
37	92	1	1236465471
18	93	1	1189935625
37	93	1	1189946945
37	93	1	1196036615
37	93	1	1200134993
37	93	1	1200251606
37	93	1	1211834000
37	93	1	1236464482
37	93	1	1236465566
18	94	1	1189936129
64	95	1	1191607711
42	95	1	1235326141
64	96	1	1191607729
60	97	1	1191679576
60	97	1	1217434080
60	98	1	1191679705
60	98	1	1191679713
100	99	1	1192916890
84	100	1	1193063169
84	100	1	1329624025
41	101	1	1193121725
41	102	1	1193121737
14	103	1	1193420324
14	104	1	1193420432
14	104	1	1193928279
14	104	1	1194022393
14	104	1	1194026240
14	104	1	1194121221
14	104	1	1197123422
14	104	1	1197739812
14	104	1	1201277130
14	104	1	1201611624
14	104	1	1201790335
14	104	1	1212489328
14	104	1	1213388127
14	104	1	1213444975
14	104	1	1213446417
85	105	1	1194135305
85	106	1	1194135315
17	106	1	1225697404
17	106	1	1227533517
38	106	1	1227885588
101	106	1	1228517921
17	106	1	1228742328
47	106	1	1232391326
47	106	1	1237171016
46	106	1	1238594745
47	106	1	1243381492
45	106	1	1248846094
33	106	1	1249624111
17	106	1	1250499910
21	106	1	1255953668
102	106	1	1257367026
85	107	1	1194135329
17	107	1	1222869406
17	107	1	1225704173
17	107	1	1226603341
17	107	1	1227541714
38	107	1	1227885606
47	107	1	1232391233
103	107	1	1235921972
47	107	1	1236565024
46	107	1	1236833942
33	107	1	1238390444
33	107	1	1239981522
47	107	1	1243379519
33	107	1	1249623572
17	107	1	1250501114
47	107	1	1253462246
44	108	1	1194638978
44	108	1	1217588798
104	109	1	1195239579
104	110	1	1195241166
60	110	1	1195790321
104	110	1	1195841253
104	111	1	1195583025
105	112	1	1195745741
4	112	1	1429229463
16	113	1	1196737192
106	114	1	1198268820
107	115	1	1198416537
39	116	1	1201120618
39	116	1	1229199504
108	117	1	1201222734
103	117	1	1201224038
103	117	1	1201226948
103	117	1	1201366384
17	117	1	1212229847
103	117	1	1234644796
103	117	1	1234660088
103	117	1	1234932662
103	117	1	1236462622
103	117	1	1253391716
103	117	1	1263361524
84	117	1	1264916273
103	117	1	1264921780
103	118	1	1201223679
103	118	1	1201225552
103	118	1	1234660307
103	118	1	1234929177
103	118	1	1236046391
103	118	1	1236049695
103	118	1	1236366076
103	118	1	1236463129
103	118	1	1253392323
103	118	1	1253393482
57	119	1	1201343314
57	119	1	1201348886
57	119	1	1201721886
57	119	1	1202687446
57	119	1	1211367906
57	119	1	1212357972
57	119	1	1212378047
57	120	1	1201345849
57	121	1	1201356000
109	122	1	1201365839
109	122	1	1201370805
110	122	1	1259434657
109	123	1	1201370810
42	123	1	1241347852
42	123	1	1249582383
42	123	1	1250698894
42	123	1	1250703559
111	123	1	1252091097
112	123	1	1264620673
17	124	1	1202507809
91	124	1	1426650987
17	125	1	1202507831
17	125	1	1202511162
17	125	1	1202638037
17	125	1	1202766838
17	125	1	1202795023
17	125	1	1202933676
17	125	1	1203093347
17	125	1	1203159371
17	125	1	1203296664
17	125	1	1203390395
17	125	1	1203743275
17	125	1	1203744405
17	125	1	1203746757
17	125	1	1204548531
17	125	1	1205613742
17	125	1	1211916154
17	125	1	1227741031
17	125	1	1237286327
17	125	1	1237298023
17	125	1	1237332760
17	125	1	1237337977
17	125	1	1237350215
17	125	1	1243249045
17	125	1	1247263459
17	125	1	1247265628
17	125	1	1247388911
17	125	1	1247534004
17	125	1	1250431999
17	125	1	1251294062
57	126	1	1203523959
51	127	1	1231524200
37	127	1	1241413826
42	127	1	1249804257
113	127	1	1256635377
44	128	1	1205440710
44	128	1	1205443141
55	129	1	1205658906
4	129	1	1429229460
114	130	1	1206259177
115	131	1	1206296065
115	132	1	1206296070
116	133	1	1206421311
117	134	1	1206557069
118	135	1	1207118233
4	135	1	1429229463
45	136	1	1207302525
45	136	1	1207302701
45	136	1	1207524971
119	136	1	1216657861
45	137	1	1207302764
119	137	1	1216661262
21	137	1	1232448892
21	137	1	1232989992
120	137	1	1261783383
121	138	1	1207776988
6	138	1	1208317040
43	138	1	1209317781
44	138	1	1209317970
39	138	1	1217289574
56	138	1	1222583563
21	138	1	1225272346
33	138	1	1244560325
48	138	1	1244699839
48	138	1	1244777347
48	138	1	1257432172
122	138	1	1259277389
25	138	1	1260060475
123	138	1	1260115757
48	138	1	1260667941
124	139	1	1209597086
125	140	1	1212163633
75	141	1	1212235451
75	141	1	1212238305
126	142	1	1212275527
127	143	1	1212342482
127	143	1	1212342659
128	144	1	1212510483
129	145	1	1213234233
130	146	1	1213253427
90	146	1	1238887022
131	147	1	1213283706
132	148	1	1213722817
132	148	1	1220757117
133	149	1	1213733877
133	150	1	1213733882
134	151	1	1213751674
134	151	1	1213817827
134	151	1	1245890276
134	151	1	1250586177
134	151	1	1261696658
134	151	1	1261937024
135	152	1	1213802879
134	153	1	1214153015
136	154	1	1214227904
137	155	1	1214966386
138	156	1	1215218189
138	157	1	1215218277
139	158	1	1215346032
138	159	1	1215608826
138	160	1	1215609644
45	161	1	1215648907
140	162	1	1216305044
141	163	1	1216322410
141	163	1	1217363772
141	164	1	1216322530
141	164	1	1217368959
60	164	1	1217433879
45	165	1	1216394060
45	166	1	1216394067
45	167	1	1216394077
45	168	1	1216394083
142	174	1	1217587915
56	175	1	1217611870
143	176	1	1217704776
144	177	1	1218114392
144	177	1	1243462326
39	178	1	1218234875
68	179	1	1218888202
145	180	1	1219052610
68	181	1	1219586260
68	182	1	1219586318
68	182	1	1219586348
68	183	1	1219586400
68	184	1	1219586481
68	185	1	1219586504
21	185	1	1232456866
21	185	1	1232984046
21	185	1	1238419741
48	185	1	1252103643
48	185	1	1252544811
49	185	1	1253720147
49	185	1	1255907401
111	185	1	1256457923
146	185	1	1263774349
68	186	1	1219586570
21	186	1	1232455212
147	187	1	1220094436
33	187	1	1220095187
33	187	1	1220118729
33	187	1	1220120431
33	187	1	1238974153
33	187	1	1259836684
111	188	1	1220212713
111	188	1	1258762219
111	188	1	1262207706
111	188	1	1262210974
19	189	1	1220394816
19	190	1	1220395006
148	191	1	1220459460
148	192	1	1220459473
148	193	1	1220459474
149	194	1	1220553526
150	195	1	1220743217
41	199	1	1221509075
68	199	1	1221770804
56	200	1	1221269201
56	200	1	1221269351
56	200	1	1221269395
68	200	1	1221770972
56	200	1	1222947263
21	200	1	1232449611
21	200	1	1232542692
21	200	1	1232634360
21	200	1	1238656784
49	200	1	1255792236
49	200	1	1258338890
49	200	1	1260492847
49	200	1	1261967348
146	200	1	1263775518
48	200	1	1265564912
48	200	1	1265961768
115	201	1	1221622054
151	202	1	1221906099
152	203	1	1222192211
51	204	1	1222379753
51	204	1	1222384531
51	204	1	1222463474
51	204	1	1222508485
51	204	1	1222551564
51	204	1	1222673257
51	204	1	1222901611
51	204	1	1223362891
51	204	1	1223401945
51	204	1	1223580979
51	204	1	1224012746
51	204	1	1224885673
51	204	1	1225492065
51	204	1	1226170443
51	204	1	1229231773
51	204	1	1231188420
51	204	1	1231918304
51	204	1	1236713415
51	204	1	1243377042
51	204	1	1263415654
153	205	1	1222404899
154	206	1	1222524408
56	207	1	1222583896
56	207	1	1222583927
37	207	1	1222726048
37	207	1	1223089859
51	207	1	1224287268
37	207	1	1224794957
35	207	1	1226570915
21	207	1	1227016694
21	207	1	1227708882
14	207	1	1227963406
21	207	1	1228399200
21	207	1	1228803489
21	207	1	1229994730
21	207	1	1232019536
47	207	1	1232848615
46	207	1	1234592074
47	207	1	1237045381
33	207	1	1237608050
45	207	1	1239653137
37	207	1	1240439388
37	207	1	1241108928
37	207	1	1241347014
37	207	1	1242761589
48	207	1	1242843678
48	207	1	1243110379
48	207	1	1243341515
37	207	1	1243993131
33	207	1	1244117815
48	207	1	1244416455
37	207	1	1245218399
102	207	1	1245760915
37	207	1	1245976355
45	207	1	1247640531
21	207	1	1248083052
155	207	1	1248595877
46	207	1	1249192058
37	207	1	1249960513
37	207	1	1250409497
37	207	1	1250682626
45	207	1	1251838705
48	207	1	1252224260
37	207	1	1252278136
37	207	1	1252787686
48	207	1	1253155596
37	207	1	1254528466
53	207	1	1254732395
21	207	1	1254820642
37	207	1	1255404455
51	207	1	1257879184
113	207	1	1258564209
48	207	1	1261940121
155	207	1	1262101162
102	207	1	1263278666
37	207	1	1265692768
48	207	1	1265967768
46	207	1	1266747895
56	208	1	1222866120
56	208	1	1222866246
68	208	1	1223408072
68	208	1	1223473759
21	208	1	1225271468
21	208	1	1225282540
21	208	1	1225285928
21	208	1	1226659548
21	208	1	1226672765
21	208	1	1230131479
21	208	1	1230723755
21	208	1	1232301266
21	208	1	1233057483
33	208	1	1236424506
51	208	1	1239649813
45	208	1	1240312834
45	208	1	1241143165
21	208	1	1243856887
102	208	1	1253322439
37	208	1	1253519450
155	208	1	1256225417
45	208	1	1256231316
21	208	1	1257347179
33	208	1	1260564988
48	208	1	1260811257
37	208	1	1266822422
56	209	1	1222866349
156	209	1	1224282916
21	209	1	1260542151
21	209	1	1260807106
56	210	1	1222866404
56	210	1	1222866474
56	211	1	1222866435
21	211	1	1232453374
46	211	1	1234213395
157	211	1	1245161757
17	211	1	1247507384
102	211	1	1251577476
58	211	1	1252947749
157	211	1	1253815441
49	211	1	1254346487
49	211	1	1255352157
48	211	1	1256677724
58	211	1	1258298902
48	211	1	1260729228
48	211	1	1261000523
48	211	1	1265895249
56	212	1	1222866553
158	213	1	1222884731
68	214	1	1223342908
68	215	1	1223408073
56	215	1	1224860777
21	215	1	1225269441
21	215	1	1225281763
21	215	1	1225285542
35	215	1	1226449231
21	215	1	1229756091
21	215	1	1231540302
46	215	1	1233704703
46	215	1	1234675738
46	215	1	1240353257
37	215	1	1244893109
51	215	1	1245533707
37	215	1	1246188777
45	215	1	1256231533
48	215	1	1260811576
33	215	1	1266707027
68	216	1	1223473843
21	216	1	1232444050
21	216	1	1232591845
47	216	1	1232939740
46	216	1	1233753392
47	216	1	1234154677
21	216	1	1234433992
21	216	1	1235468937
46	216	1	1235617822
47	216	1	1236568734
46	216	1	1239148353
21	216	1	1242805311
57	216	1	1244685674
38	216	1	1244919240
47	216	1	1245253137
46	216	1	1245845990
159	216	1	1246335071
98	216	1	1247336665
57	216	1	1247388191
57	216	1	1247447493
111	216	1	1250545924
111	216	1	1251589741
111	216	1	1251592774
111	216	1	1251828935
111	216	1	1251845576
49	216	1	1252855045
111	216	1	1253052606
111	216	1	1253129917
103	216	1	1253432909
111	216	1	1253737732
33	216	1	1254141563
111	216	1	1255035850
111	216	1	1255374459
111	216	1	1256513447
21	216	1	1256556766
111	216	1	1256848433
49	216	1	1256875858
33	216	1	1257939151
111	216	1	1258661822
111	216	1	1258765092
111	216	1	1258894848
49	216	1	1258911590
160	216	1	1258982931
33	216	1	1259579215
111	216	1	1259615265
57	216	1	1259681850
33	216	1	1259696785
33	216	1	1259719562
33	216	1	1261149573
111	216	1	1261155439
111	216	1	1261166951
111	216	1	1262208947
161	217	1	1223476687
53	218	1	1224050133
45	218	1	1227664218
21	218	1	1230005360
21	218	1	1231375188
51	218	1	1232373239
21	218	1	1233651700
33	218	1	1234288783
17	218	1	1234913205
21	218	1	1236242865
103	218	1	1236342754
37	218	1	1236473509
21	218	1	1237283889
17	218	1	1238171389
37	218	1	1240748323
46	218	1	1241143146
37	218	1	1243246250
47	218	1	1243620301
37	218	1	1245005733
37	218	1	1245277903
37	218	1	1245361382
45	218	1	1247642481
37	218	1	1249936943
37	218	1	1250280500
37	218	1	1250419975
37	218	1	1250421038
37	218	1	1250460655
45	218	1	1251611795
37	218	1	1252946447
37	218	1	1254797516
45	218	1	1255356909
37	218	1	1255390910
45	218	1	1255534911
37	218	1	1255553542
48	218	1	1263497654
21	219	1	1232444459
21	219	1	1233109041
21	219	1	1233668262
21	219	1	1233926879
103	219	1	1234924576
103	219	1	1235196371
21	219	1	1235469013
103	219	1	1236598651
103	219	1	1236746604
47	219	1	1237150610
103	219	1	1237402220
47	219	1	1238370451
103	219	1	1238383099
47	219	1	1240759164
46	219	1	1240913273
45	219	1	1241036700
37	219	1	1241231164
47	219	1	1243777287
162	219	1	1245780546
46	219	1	1247031529
46	219	1	1251936789
113	219	1	1254474701
160	219	1	1258123980
160	219	1	1258983828
47	219	1	1260628740
160	219	1	1263414774
21	220	1	1225274279
21	220	1	1228671904
42	220	1	1231804677
47	220	1	1232358922
21	220	1	1233436975
21	220	1	1233658386
21	220	1	1235560427
21	220	1	1237906260
157	220	1	1238769809
46	220	1	1239002218
37	220	1	1241646555
45	220	1	1242587336
45	220	1	1242684551
37	220	1	1245120680
33	220	1	1245302976
21	220	1	1246976572
45	220	1	1247222745
46	220	1	1247638572
46	220	1	1248857753
37	220	1	1250792700
111	220	1	1253049193
37	220	1	1254846190
48	220	1	1254897746
37	220	1	1255320075
33	220	1	1255635040
33	220	1	1255814363
37	220	1	1255899681
48	220	1	1260832567
26	220	1	1265769916
26	221	1	1261265020
156	222	1	1224282450
21	223	1	1225268307
21	223	1	1226652255
21	223	1	1235558350
33	223	1	1239672109
51	223	1	1241078008
37	223	1	1242448632
37	223	1	1244334706
33	223	1	1247006682
33	223	1	1250044051
46	223	1	1259795211
33	223	1	1266261929
21	225	1	1225274810
21	225	1	1227704990
45	225	1	1228368564
21	225	1	1230447314
21	225	1	1231126781
42	225	1	1231830006
21	225	1	1232019744
47	225	1	1232397885
21	225	1	1232755650
42	225	1	1233072184
46	225	1	1235226164
46	225	1	1236102523
103	225	1	1236469031
47	225	1	1236470641
51	225	1	1237650888
47	225	1	1237766077
46	225	1	1238080711
46	225	1	1239769545
21	225	1	1243859943
37	225	1	1244004179
21	225	1	1245683822
21	225	1	1246978583
21	225	1	1247061134
45	225	1	1247225098
37	225	1	1250689538
37	225	1	1250806918
47	225	1	1251525771
21	225	1	1252073065
45	225	1	1252801396
37	225	1	1253437112
46	225	1	1253781122
21	225	1	1255442163
113	225	1	1255731795
61	225	1	1256108034
37	225	1	1256675367
33	225	1	1257239636
49	225	1	1258329452
37	225	1	1259370626
48	225	1	1261249203
37	225	1	1261319378
37	225	1	1261397729
48	225	1	1262796206
21	227	1	1226655066
33	227	1	1231795273
21	227	1	1231840047
21	227	1	1235986969
47	227	1	1240698853
46	227	1	1244768445
37	227	1	1246942521
37	227	1	1250373799
48	227	1	1251677566
58	227	1	1255543385
37	227	1	1259801319
37	227	1	1261035189
56	228	1	1224767453
56	228	1	1224860983
56	228	1	1224944740
21	228	1	1225267889
56	228	1	1225371718
56	228	1	1225372490
163	228	1	1228803252
164	228	1	1232120846
165	228	1	1232633028
166	228	1	1235547344
167	228	1	1239723897
98	228	1	1247315165
26	228	1	1257432529
122	228	1	1259277412
25	228	1	1260060276
168	228	1	1260091913
25	228	1	1260116064
169	228	1	1260213838
122	228	1	1265504500
170	229	1	1224797584
170	230	1	1224797812
56	231	1	1224861068
56	232	1	1224944059
21	232	1	1225271933
21	232	1	1230699055
47	232	1	1235803169
33	232	1	1236117081
47	232	1	1240038145
47	232	1	1241831371
33	232	1	1244226468
33	232	1	1249640742
45	232	1	1253650208
45	232	1	1255673859
48	232	1	1256520704
33	232	1	1257187687
33	232	1	1258065160
48	232	1	1258362833
48	232	1	1258496809
47	232	1	1259746884
33	232	1	1266264328
171	233	1	1224991276
68	234	1	1225755870
84	235	1	1225173790
172	236	1	1225322803
172	237	1	1225326428
84	238	1	1225341084
84	239	1	1225357384
172	240	1	1225381270
172	241	1	1225382496
172	241	1	1226322326
172	242	1	1225400004
172	243	1	1225400041
172	244	1	1225461936
172	244	1	1225574019
172	244	1	1225590441
172	244	1	1225601922
172	244	1	1225659192
172	244	1	1225684608
172	244	1	1225732968
172	244	1	1225777745
172	244	1	1225841683
172	244	1	1225864443
172	244	1	1226016109
172	244	1	1226382175
172	244	1	1226502860
172	244	1	1226606909
172	244	1	1226923849
172	244	1	1227106517
172	244	1	1227498981
172	244	1	1227880692
172	244	1	1228113897
172	244	1	1228770271
172	244	1	1229416362
172	244	1	1229951987
172	244	1	1230233937
172	244	1	1230242926
172	244	1	1230591211
172	244	1	1230771267
172	244	1	1231217607
172	244	1	1231591355
172	244	1	1231776667
172	244	1	1232071876
172	244	1	1232385116
172	244	1	1232476005
172	244	1	1232484970
172	244	1	1233044443
172	244	1	1233051909
172	244	1	1233060585
172	244	1	1233101699
172	244	1	1233126741
172	244	1	1233213056
172	244	1	1233545873
172	244	1	1233558587
172	244	1	1234180422
172	244	1	1234454455
172	244	1	1234757484
172	244	1	1234953534
172	244	1	1235330313
172	244	1	1235372890
172	244	1	1235499150
172	244	1	1235962417
172	244	1	1236130240
172	244	1	1236574432
172	244	1	1237341880
172	244	1	1237864410
172	244	1	1238048244
172	244	1	1238533679
172	244	1	1238720986
172	244	1	1239066622
172	244	1	1239683551
172	244	1	1240344512
172	244	1	1240465304
84	245	1	1225531426
90	245	1	1234466277
84	246	1	1225585648
84	247	1	1225681269
84	248	1	1225772839
84	249	1	1225862204
172	250	1	1225934983
172	251	1	1225946568
172	252	1	1225963843
172	252	1	1226313258
172	253	1	1226240975
119	254	1	1226485388
119	255	1	1226496186
84	256	1	1226543921
84	257	1	1227251249
84	258	1	1227885535
173	259	1	1228668141
173	259	1	1246030923
173	260	1	1228668144
173	260	1	1246030927
157	261	1	1228753511
157	261	1	1228755301
157	261	1	1229100957
157	261	1	1229103187
174	262	1	1228754170
157	262	1	1229104280
20	263	1	1228921635
20	264	1	1228921680
20	265	1	1228921703
20	266	1	1228921709
175	267	1	1230302131
176	269	1	1230399711
51	269	1	1230401717
51	269	1	1230402821
177	270	1	1230418388
177	270	1	1276623477
178	271	1	1231147677
179	272	1	1231926776
180	273	1	1232713057
180	273	1	1233059628
180	274	1	1232721781
21	274	1	1241520360
21	274	1	1241522144
46	274	1	1259068657
180	275	1	1232721819
21	275	1	1233159306
46	275	1	1233761669
103	275	1	1236462944
47	275	1	1239122785
45	275	1	1242255941
37	275	1	1242493224
46	275	1	1243165576
33	275	1	1249573585
17	275	1	1250439617
21	275	1	1255953741
33	275	1	1256562181
57	275	1	1259192923
57	275	1	1266085059
181	276	1	1232945268
182	277	1	1233347660
46	278	1	1233697435
84	279	1	1234151391
84	280	1	1234566584
183	281	1	1234732258
84	282	1	1235211228
84	283	1	1235276858
84	284	1	1235280754
172	285	1	1237304484
26	286	1	1237307356
26	286	1	1242167513
26	287	1	1237307364
26	287	1	1257552712
22	288	1	1237500259
58	288	1	1245261685
58	288	1	1245276041
58	288	1	1246098321
58	288	1	1246513355
58	288	1	1248032639
58	288	1	1249757621
58	288	1	1250361247
58	288	1	1254550894
58	288	1	1259781491
84	289	1	1237617441
184	290	1	1238063663
84	291	1	1239507040
84	292	1	1239580112
84	293	1	1239583587
84	294	1	1240008913
84	295	1	1240016702
84	296	1	1240080077
84	297	1	1240089472
45	298	1	1241876153
45	298	1	1242658880
37	298	1	1244499125
45	298	1	1244821130
45	298	1	1246788846
111	298	1	1251840238
37	298	1	1252132831
37	298	1	1252516634
37	298	1	1254026611
111	298	1	1257905020
37	298	1	1260948091
33	298	1	1261945224
37	298	1	1262092051
185	299	1	1240948374
185	299	1	1240948729
186	300	1	1241637038
186	300	1	1241866478
186	300	1	1241866821
186	300	1	1241866841
186	300	1	1241867544
186	301	1	1241866746
33	301	1	1244668813
49	301	1	1246139714
21	301	1	1255517827
45	301	1	1258553629
33	301	1	1259854299
169	301	1	1260184876
186	302	1	1241867383
186	302	1	1241867576
186	303	1	1241867513
80	303	1	1250305073
17	303	1	1250334511
17	303	1	1250400999
111	303	1	1251413670
111	303	1	1252094727
160	303	1	1255865640
21	303	1	1255953753
33	303	1	1256562866
113	303	1	1256645658
57	303	1	1259193896
57	303	1	1261009841
33	303	1	1264696980
57	303	1	1266092596
164	304	1	1241937037
187	305	1	1242006143
162	305	1	1244133877
162	305	1	1244868658
162	305	1	1246600024
162	305	1	1249401148
162	305	1	1253121470
84	305	1	1264653132
162	305	1	1266202632
23	306	1	1242647198
23	306	1	1242647210
188	307	1	1242760186
188	307	1	1243166029
188	308	1	1242760265
162	309	1	1242829609
162	309	1	1244125704
162	309	1	1244867522
162	309	1	1246594576
162	309	1	1247067969
162	309	1	1249395828
162	309	1	1252699253
162	309	1	1266202084
162	309	1	1266251985
189	310	1	1242835554
189	311	1	1242835608
190	312	1	1244125459
190	313	1	1244125494
159	314	1	1244172301
159	314	1	1244173592
159	314	1	1247023550
159	314	1	1249739823
159	314	1	1253542818
159	315	1	1244172339
49	316	1	1244332780
49	316	1	1254234166
49	317	1	1244332799
191	318	1	1245605374
173	319	1	1246030915
192	320	1	1246367001
192	320	1	1250572471
193	321	1	1246747979
193	322	1	1246748036
194	323	1	1246817989
195	324	1	1247087013
196	325	1	1247367816
196	325	1	1247368745
197	326	1	1248044550
197	327	1	1248044560
198	328	1	1248098487
199	329	1	1249505727
175	330	1	1249588448
84	331	1	1251838202
160	332	1	1252057415
160	333	1	1252270420
200	334	1	1252478439
201	335	1	1252498440
84	336	1	1252736409
84	337	1	1252745256
84	338	1	1252816862
202	339	1	1252967424
203	340	1	1253106791
113	340	1	1253108195
113	340	1	1255270071
122	341	1	1255696934
204	341	1	1473311050
122	342	1	1255697052
48	342	1	1255705454
33	342	1	1263735036
57	342	1	1264938925
33	342	1	1265328014
122	343	1	1255699254
197	343	1	1255706737
33	343	1	1255728080
45	343	1	1255789007
33	343	1	1255805695
48	343	1	1255813171
197	343	1	1255817108
33	343	1	1255820462
48	343	1	1255898485
49	343	1	1255904049
21	343	1	1256050542
48	343	1	1256589928
113	343	1	1256984220
61	343	1	1257739730
45	343	1	1258460137
33	343	1	1258925965
48	343	1	1259207362
48	343	1	1259365841
47	343	1	1259533486
61	343	1	1260038746
33	343	1	1260045576
169	343	1	1260185011
48	343	1	1261207852
33	343	1	1261251808
57	343	1	1261289635
48	343	1	1263840754
48	343	1	1266358642
205	344	1	1256329250
26	345	1	1256727432
26	346	1	1258120472
206	347	1	1258389021
122	348	1	1259276630
122	348	1	1259277204
122	348	1	1259277318
25	348	1	1260060474
207	348	1	1260115826
110	349	1	1259434679
25	350	1	1260060627
208	350	1	1260236303
209	351	1	1260061343
25	352	1	1260115358
25	352	1	1260116049
25	352	1	1260232429
207	353	1	1260115683
25	354	1	1260116247
25	355	1	1260228118
169	355	1	1260474542
25	355	1	1260565645
169	355	1	1260751963
25	356	1	1260232436
25	357	1	1260232453
25	358	1	1260232526
25	359	1	1260232552
25	360	1	1260232572
210	361	1	1261148842
211	362	1	1262252114
212	363	1	1262303056
213	364	1	1263137505
214	365	1	1263404669
215	366	1	1263935710
216	367	1	1264180720
84	368	1	1264237897
84	369	1	1264292482
84	370	1	1264308890
84	371	1	1264389853
117	372	1	1264395094
84	373	1	1264467877
84	374	1	1264473776
84	375	1	1264552490
84	376	1	1264721783
217	377	1	1264725553
217	378	1	1264725564
84	379	1	1264732555
4	379	1	1429229463
94	380	1	1264883876
84	381	1	1264919501
84	382	1	1264921977
84	383	1	1264923650
218	384	1	1265754621
94	385	1	1265916362
219	386	1	1265922840
190	387	1	1266509836
94	387	1	1266511656
190	387	1	1266601344
190	388	1	1266651362
33	388	1	1266744182
84	389	1	1266706887
84	390	1	1266717839
84	391	1	1269962690
84	391	1	1269962714
220	391	1	1410430613
84	392	1	1421018737
84	393	1	1423708755
84	394	1	1426642631
91	395	1	1426650973
4	395	1	1429229458
91	395	1	1429245668
91	396	1	1426650974
4	396	1	1429229458
91	396	1	1429245668
91	397	1	1426650974
4	397	1	1429229458
91	397	1	1429245668
91	398	1	1426650974
4	398	1	1429229458
91	398	1	1429245668
91	399	1	1426650974
4	399	1	1429229458
91	399	1	1429245668
91	400	1	1426650974
4	400	1	1429229458
91	400	1	1429245668
91	401	1	1426650974
4	401	1	1429229458
91	401	1	1429245669
91	402	1	1426650974
4	402	1	1429229458
91	402	1	1429245674
91	403	1	1426650974
4	403	1	1429229457
91	403	1	1429245674
91	404	1	1426650974
4	404	1	1429229460
91	404	1	1429245674
91	405	1	1426650974
4	405	1	1429229460
91	405	1	1429245674
91	406	1	1426650974
4	406	1	1429229460
91	406	1	1429245675
91	407	1	1426650974
4	407	1	1429229458
91	407	1	1429245668
91	408	1	1426650974
4	408	1	1429229460
91	408	1	1429245676
91	409	1	1426650974
4	409	1	1429229460
91	409	1	1429245675
91	410	1	1426650974
4	410	1	1429229460
91	410	1	1429245676
91	411	1	1426650974
4	411	1	1429229460
91	411	1	1429245676
91	412	1	1426650974
4	412	1	1429229460
91	412	1	1429245677
91	413	1	1426650974
4	413	1	1429229460
91	413	1	1429245677
91	414	1	1426650975
4	414	1	1429229460
91	414	1	1429245678
91	415	1	1426650975
4	415	1	1429229463
91	415	1	1429245678
91	416	1	1426650975
4	416	1	1429229463
91	416	1	1429245679
91	417	1	1426650975
91	418	1	1426650975
91	419	1	1426650975
4	419	1	1429229463
91	419	1	1429245681
91	420	1	1426650975
4	420	1	1429229463
91	420	1	1429245681
91	421	1	1426650984
4	421	1	1429229463
91	421	1	1429245682
91	422	1	1426650985
4	422	1	1429229463
91	422	1	1429245682
91	423	1	1426650985
4	423	1	1429229463
91	423	1	1429245682
91	424	1	1426650988
4	424	1	1429229463
91	424	1	1429245682
91	425	1	1426650988
4	425	1	1429229463
91	425	1	1429245683
91	426	1	1426650988
4	426	1	1429229467
91	426	1	1429245683
91	427	1	1426650988
4	427	1	1429229467
91	427	1	1429245683
91	428	1	1426650988
4	428	1	1429229467
91	428	1	1429245683
91	429	1	1426650988
4	429	1	1429229467
91	429	1	1429245683
91	430	1	1426650988
4	430	1	1429229467
91	430	1	1429245683
91	431	1	1426650988
4	431	1	1429229467
91	431	1	1429245683
91	432	1	1426650988
4	432	1	1429229467
91	432	1	1429245683
91	433	1	1426650995
4	433	1	1429229467
91	433	1	1429245687
221	434	1	1438644963
221	435	1	1443816432
221	436	1	1443816432
221	437	1	1443816432
221	438	1	1443816432
221	439	1	1443816433
221	440	1	1443816433
221	441	1	1443816433
204	442	1	1473311050
