% bip positive
1	1	1	1134179422
2	2	1	1134173193
2	2	1	1151779485
2	2	1	1157048452
3	2	1	1160313839
4	2	1	1344598769
4	2	1	1344598910
4	2	1	1344598943
2	3	1	1134173194
3	3	1	1160315816
2	4	1	1134173194
2	4	1	1140918143
2	4	1	1151779486
3	4	1	1160316912
3	4	1	1162244626
2	5	1	1134173194
3	5	1	1160313705
2	6	1	1134173196
3	6	1	1160313883
2	7	1	1134173196
3	7	1	1160314932
2	8	1	1134173197
3	8	1	1160314092
2	9	1	1134173197
3	9	1	1160314135
2	10	1	1134173197
3	10	1	1160314561
5	10	1	1289950930
5	10	1	1291479634
5	10	1	1295308481
6	10	1	1330132766
7	10	1	1337664691
7	10	1	1342549043
7	10	1	1349131654
7	10	1	1360200941
2	11	1	1134173197
3	11	1	1160314241
2	12	1	1134173198
3	12	1	1160315477
1	13	1	1090428770
1	13	1	1090428831
1	13	1	1134180938
3	13	1	1188593650
8	13	1	1219698777
9	13	1	1315721990
9	13	1	1315721991
10	14	1	1094327546
3	14	1	1131759317
1	14	1	1134181985
3	14	1	1159278078
1	15	1	1134183223
1	16	1	1124669842
3	16	1	1131759262
1	16	1	1134179867
3	16	1	1159277851
8	16	1	1219700735
8	16	1	1219701169
1	17	1	1090502761
3	17	1	1131759299
1	17	1	1134180170
1	17	1	1134180757
1	17	1	1134180804
11	17	1	1151262162
11	17	1	1151265443
12	17	1	1199537028
9	17	1	1313289171
9	17	1	1315726341
9	17	1	1315726347
13	17	1	1315727396
14	17	1	1332437186
15	17	1	1379115507
3	18	1	1131759330
1	18	1	1134183254
1	19	1	1090175345
1	19	1	1090175528
1	19	1	1090503690
16	19	1	1095530655
16	19	1	1095530725
3	19	1	1109308306
1	19	1	1124564877
1	19	1	1124669515
1	19	1	1124669895
3	19	1	1131759450
17	19	1	1131918435
18	19	1	1134173360
1	19	1	1134175080
1	19	1	1134176968
1	19	1	1134179386
1	19	1	1134183840
1	19	1	1134235702
1	19	1	1134341559
19	19	1	1147031408
19	19	1	1148734866
19	19	1	1148810962
19	19	1	1148900642
19	19	1	1148900679
19	19	1	1151272914
3	19	1	1159138978
3	19	1	1159197263
3	19	1	1159277838
3	19	1	1159278251
3	19	1	1159278760
3	19	1	1159287682
3	19	1	1159337899
3	19	1	1159380597
3	19	1	1159384332
3	19	1	1159384502
3	19	1	1159387361
3	19	1	1159387723
3	19	1	1159470224
3	19	1	1167668770
3	19	1	1167669031
8	19	1	1219652268
8	19	1	1219652792
8	19	1	1219652812
8	19	1	1219654807
8	19	1	1219654831
8	19	1	1219654863
8	19	1	1219654904
8	19	1	1219655489
8	19	1	1219655597
8	19	1	1219656066
8	19	1	1219656140
8	19	1	1219656162
8	19	1	1219656656
8	19	1	1219657676
8	19	1	1219696546
8	19	1	1219697201
8	19	1	1219697547
8	19	1	1219697812
8	19	1	1219698372
8	19	1	1219698673
8	19	1	1219698989
8	19	1	1219699775
8	19	1	1219699895
8	19	1	1219792162
8	19	1	1219792218
8	19	1	1219792340
8	19	1	1222238557
8	19	1	1222238591
3	19	1	1226741842
3	19	1	1236963114
20	19	1	1253708420
21	19	1	1267964018
21	19	1	1267970549
3	19	1	1267976115
3	19	1	1306216172
22	19	1	1320513123
22	19	1	1320513167
3	19	1	1331641904
8	19	1	1346469814
8	19	1	1346469978
8	19	1	1354812857
8	19	1	1354813108
23	19	1	1357143679
8	19	1	1357754327
3	19	1	1357763634
3	19	1	1359672336
8	19	1	1378684275
8	19	1	1378754775
8	19	1	1378762285
8	19	1	1378762381
8	19	1	1378762698
11	19	1	1379195640
8	19	1	1387755095
8	19	1	1387756255
8	19	1	1387790382
8	19	1	1389173217
8	19	1	1389173550
1	20	1	1124669012
1	20	1	1124669568
3	20	1	1131759312
1	20	1	1134179814
3	20	1	1159278110
8	20	1	1219700975
8	20	1	1219701359
1	21	1	1124668975
1	21	1	1124669605
3	21	1	1131759271
1	21	1	1134179626
1	21	1	1134179669
1	21	1	1134179689
3	21	1	1159277875
8	21	1	1219701443
24	21	1	1492779728
3	22	1	1109307692
3	22	1	1159138885
3	22	1	1159140185
3	22	1	1159277152
3	22	1	1317932701
3	23	1	1131759351
3	23	1	1159275843
1	24	1	1090176363
10	24	1	1094327659
3	24	1	1131759378
1	24	1	1134181904
3	25	1	1131759362
1	25	1	1134180096
3	25	1	1159277823
1	26	1	1090175607
1	26	1	1090176384
1	26	1	1090176580
1	26	1	1090503056
1	26	1	1124669472
1	26	1	1134180895
1	26	1	1134181057
1	26	1	1134182430
1	26	1	1134183782
3	28	1	1159275910
3	29	1	1109308456
3	29	1	1159140708
1	30	1	1090175082
1	30	1	1090176068
1	30	1	1090382263
10	30	1	1094327603
3	30	1	1131759399
1	30	1	1134181953
1	30	1	1134182167
1	31	1	1124564828
3	31	1	1131759284
1	31	1	1134179732
1	31	1	1134179753
1	31	1	1134182208
3	31	1	1159277912
1	32	1	1089826361
1	32	1	1089827646
1	32	1	1090382284
10	32	1	1094327492
3	32	1	1131759390
1	32	1	1134182017
1	32	1	1134182247
25	32	1	1176980449
3	32	1	1177148841
26	33	1	1123975650
27	33	1	1124239026
3	33	1	1131759291
1	33	1	1134237942
1	33	1	1134237961
1	33	1	1134238073
1	33	1	1134238098
1	33	1	1134238207
12	33	1	1166637224
12	33	1	1182293505
3	33	1	1192470033
3	33	1	1192687659
8	33	1	1219699331
28	33	1	1267607657
29	33	1	1286787461
9	33	1	1313289242
9	33	1	1314543274
15	33	1	1379114796
8	33	1	1387790101
18	35	1	1134173360
3	35	1	1159278903
1	36	1	1134176968
1	37	1	1134179530
1	37	1	1134179917
1	37	1	1134180331
1	37	1	1134181031
3	37	1	1159379937
1	38	1	1134179948
1	38	1	1134235725
15	38	1	1379107474
1	39	1	1134180218
1	39	1	1134180271
1	39	1	1134180303
1	40	1	1134180954
1	40	1	1134180964
1	40	1	1134180978
1	40	1	1134180989
1	40	1	1134181005
15	40	1	1379107941
8	40	1	1387789630
1	41	1	1134182104
1	41	1	1134182141
1	41	1	1134238309
3	41	1	1229724332
3	41	1	1229724374
1	42	1	1134183321
15	42	1	1378843438
1	43	1	1134183521
1	43	1	1134183557
1	43	1	1134183632
3	43	1	1159380028
19	44	1	1147031675
3	44	1	1159138954
30	44	1	1222148087
3	44	1	1331644316
11	44	1	1379197431
11	44	1	1379197771
11	44	1	1379197939
8	44	1	1387785857
31	44	1	1415291481
1	45	1	1134252047
1	45	1	1134252086
1	45	1	1134252694
1	45	1	1134252735
1	45	1	1134264141
1	45	1	1134264411
3	45	1	1159285897
3	45	1	1159286031
3	45	1	1181143301
1	46	1	1134252230
15	46	1	1379108918
15	46	1	1379109099
32	47	1	1135825295
32	47	1	1211730865
32	48	1	1135825375
32	48	1	1211730919
33	49	1	1137125532
33	50	1	1137125569
34	51	1	1137334369
34	52	1	1137334380
35	53	1	1139189750
36	53	1	1429224191
3	54	1	1139258818
3	54	1	1139258835
3	54	1	1139258859
3	54	1	1139258913
3	54	1	1143376978
3	54	1	1149925893
3	54	1	1159082533
3	54	1	1159613418
3	54	1	1193377324
3	54	1	1193377382
3	54	1	1193851593
3	54	1	1308747651
3	54	1	1388924241
3	54	1	1390653370
3	55	1	1139258928
37	55	1	1205691088
3	55	1	1205826887
3	55	1	1205827251
8	55	1	1216544344
8	55	1	1216544401
3	55	1	1216566817
30	55	1	1222153224
3	55	1	1222162150
8	55	1	1357753583
8	55	1	1357754280
11	55	1	1357995205
38	55	1	1359661159
11	55	1	1378672416
8	55	1	1450169849
3	56	1	1159140263
3	56	1	1159140719
3	56	1	1159277165
3	56	1	1317659594
3	56	1	1317932752
3	57	1	1159277279
39	57	1	1161517332
3	57	1	1194107695
40	57	1	1290707684
40	57	1	1290707703
15	57	1	1379110784
33	58	1	1147278687
3	58	1	1331644412
24	58	1	1492858459
24	58	1	1492858534
24	58	1	1492858579
24	58	1	1492859242
19	59	1	1148753470
3	59	1	1159277422
3	59	1	1159277720
8	59	1	1354812416
11	60	1	1151265704
41	61	1	1151852334
42	61	1	1277174027
42	61	1	1277175413
3	62	1	1159275966
3	63	1	1159277111
43	63	1	1168191164
43	63	1	1168191231
15	63	1	1379107638
3	64	1	1159277180
44	64	1	1217860939
44	64	1	1217860956
44	64	1	1217861136
44	64	1	1217861202
3	64	1	1217867146
15	64	1	1379108210
3	65	1	1159277296
15	65	1	1379110608
3	66	1	1159277693
3	67	1	1159287285
3	67	1	1159379731
15	67	1	1379111151
15	67	1	1379111205
3	68	1	1159287648
3	68	1	1159379772
3	69	1	1159289515
3	69	1	1159289885
3	69	1	1159379759
3	70	1	1159289867
3	70	1	1159379750
3	71	1	1159380308
3	71	1	1159380327
3	72	1	1159380327
3	73	1	1159380552
3	74	1	1159383983
3	75	1	1159384302
3	76	1	1159469375
3	77	1	1159469546
3	78	1	1159470041
3	79	1	1159470176
3	80	1	1159611587
3	81	1	1159611934
3	81	1	1159613347
11	81	1	1159614640
1	81	1	1159634387
3	81	1	1159712401
19	81	1	1159725821
19	81	1	1159725996
45	81	1	1160237000
39	81	1	1161516811
12	81	1	1216269120
46	81	1	1216269717
3	81	1	1216458881
8	81	1	1216542801
3	81	1	1216566947
8	81	1	1219657018
8	81	1	1219657058
47	81	1	1228134455
3	81	1	1237296115
48	81	1	1261807189
49	81	1	1269502114
50	81	1	1294651388
51	81	1	1309682056
51	81	1	1319675894
14	81	1	1320497040
3	81	1	1321048644
51	81	1	1324472027
51	81	1	1326585803
51	81	1	1326662159
52	81	1	1329050158
51	81	1	1329058518
53	81	1	1329397546
54	81	1	1331146308
55	81	1	1331156715
51	81	1	1338598243
51	81	1	1338919836
51	81	1	1339835217
51	81	1	1342727908
51	81	1	1346896334
51	81	1	1347282778
56	81	1	1347488987
56	81	1	1347489004
48	81	1	1347541997
3	81	1	1347567155
56	81	1	1347832537
48	81	1	1348106914
3	81	1	1348321415
51	81	1	1350355692
51	81	1	1350492788
51	81	1	1357677973
51	81	1	1358608175
51	81	1	1359576969
51	81	1	1361322050
51	81	1	1363201554
51	81	1	1366777772
51	81	1	1367024162
57	81	1	1367028082
51	81	1	1367292455
51	81	1	1367345852
51	81	1	1369081475
51	81	1	1370308978
51	81	1	1371961093
51	81	1	1372940292
58	81	1	1372946851
51	81	1	1374584605
59	81	1	1374596521
51	81	1	1377024909
24	81	1	1378402685
24	81	1	1378402867
11	81	1	1378672342
11	81	1	1378674246
11	81	1	1378675065
11	81	1	1378675811
8	81	1	1378683889
15	81	1	1378840214
11	81	1	1379188863
11	81	1	1379190723
11	81	1	1379190784
11	81	1	1379195306
11	81	1	1379335240
15	81	1	1379374902
15	81	1	1379375244
11	81	1	1379446591
11	81	1	1379448952
11	81	1	1379449042
11	81	1	1379449841
11	81	1	1379451747
11	81	1	1379452433
11	81	1	1379454057
15	81	1	1379631348
3	81	1	1379939728
3	81	1	1379939887
51	81	1	1379988847
51	81	1	1380910978
11	81	1	1381101018
51	81	1	1381262070
51	81	1	1383680603
8	81	1	1384010338
8	81	1	1384040512
3	81	1	1384041208
60	81	1	1384160909
15	81	1	1384561043
15	81	1	1384561166
15	81	1	1384561227
51	81	1	1384816364
11	81	1	1387885690
61	81	1	1388345709
61	81	1	1389733676
61	81	1	1389854816
61	81	1	1390830714
61	81	1	1392813027
61	81	1	1393020024
61	81	1	1393358073
61	81	1	1393616682
61	81	1	1394747756
61	81	1	1396307098
61	81	1	1399964344
61	81	1	1400531921
61	81	1	1400880565
61	81	1	1403214865
61	81	1	1408642508
61	81	1	1408659318
61	81	1	1409676738
61	81	1	1414346728
61	81	1	1415986492
61	81	1	1425249165
61	81	1	1425499365
61	81	1	1426275935
61	81	1	1428682324
61	81	1	1429592828
61	81	1	1430711365
61	81	1	1431530370
61	81	1	1431883695
61	81	1	1431887511
61	81	1	1433167805
61	81	1	1433533549
61	81	1	1433546569
61	81	1	1434751236
61	81	1	1434771674
62	81	1	1436763913
62	81	1	1436764004
24	81	1	1437683857
61	81	1	1437714473
61	81	1	1438386173
61	81	1	1438398505
61	81	1	1439939331
63	81	1	1439944449
61	81	1	1439944711
61	81	1	1441217559
61	81	1	1441221696
61	81	1	1441399974
61	81	1	1441404014
61	81	1	1442955670
61	81	1	1442962836
61	81	1	1443459379
61	81	1	1443466935
64	81	1	1445459257
64	81	1	1445459273
61	81	1	1447106303
61	81	1	1447152457
61	81	1	1447796577
61	81	1	1448488151
61	81	1	1448980694
61	81	1	1450472288
61	81	1	1450475889
61	81	1	1451958594
61	81	1	1453143999
61	81	1	1459442879
61	81	1	1460927308
24	81	1	1463612556
61	81	1	1467732315
61	81	1	1470765787
61	81	1	1473692216
61	81	1	1475266289
61	81	1	1475717687
61	81	1	1479081564
61	81	1	1479082303
61	81	1	1481743914
61	81	1	1487190683
61	81	1	1489088602
61	81	1	1489813777
61	81	1	1491536229
61	81	1	1491932025
24	81	1	1492779825
24	81	1	1492779865
24	81	1	1492779903
24	81	1	1492779929
61	81	1	1493838953
24	81	1	1493893302
61	81	1	1494253746
61	81	1	1494945556
61	81	1	1494968915
61	81	1	1495573607
65	81	1	1496339900
11	82	1	1159618869
3	82	1	1159621772
43	82	1	1166707137
3	82	1	1167665179
3	82	1	1167668538
43	82	1	1170069563
11	82	1	1180392631
66	82	1	1183018950
67	82	1	1190906012
11	82	1	1217618198
11	82	1	1217621089
11	82	1	1217621233
3	82	1	1217624276
3	82	1	1217624365
8	82	1	1219657849
8	82	1	1222238405
3	82	1	1222246363
3	82	1	1235718898
21	82	1	1267976516
21	82	1	1267976551
3	82	1	1268038654
3	82	1	1268038688
11	82	1	1378672556
8	82	1	1384040633
8	82	1	1388375915
3	82	1	1388399551
3	82	1	1388650107
8	82	1	1389197625
3	82	1	1389200101
3	82	1	1389200231
68	82	1	1422902290
69	82	1	1452193295
3	82	1	1452203812
3	82	1	1456206006
3	83	1	1159712426
3	84	1	1160313977
3	85	1	1160314829
36	85	1	1414524371
11	86	1	1160428996
43	87	1	1166814625
8	87	1	1216541762
8	87	1	1219700471
3	87	1	1219828484
43	88	1	1166814776
3	88	1	1167665352
43	89	1	1166815068
8	89	1	1219700532
3	89	1	1219828777
43	90	1	1166815277
8	90	1	1219700496
3	90	1	1219828766
8	90	1	1378706596
43	91	1	1166815489
43	91	1	1166881892
8	91	1	1219700575
3	91	1	1219828787
43	92	1	1166820658
43	94	1	1166874181
8	94	1	1219698620
43	95	1	1166875046
15	95	1	1379108824
43	96	1	1166875771
43	96	1	1166894799
43	96	1	1167240015
15	96	1	1378843335
43	97	1	1166878955
43	98	1	1166879457
43	99	1	1166880913
3	99	1	1167665800
8	99	1	1219701002
8	99	1	1219701035
43	100	1	1166881322
8	100	1	1219700881
8	100	1	1219701287
43	101	1	1166881892
43	102	1	1166894624
15	102	1	1378843198
43	103	1	1166895610
3	103	1	1317932800
3	103	1	1388674761
43	104	1	1166896405
43	105	1	1166897070
43	106	1	1166897683
43	107	1	1166898383
3	107	1	1169152840
43	108	1	1166899048
43	108	1	1167156302
8	108	1	1219699133
43	109	1	1166907683
43	109	1	1167151797
43	109	1	1167156256
43	109	1	1167156335
43	110	1	1167151998
43	111	1	1167152149
15	111	1	1378842743
43	112	1	1167152447
8	112	1	1219700327
3	112	1	1219828569
43	113	1	1167152541
15	113	1	1378842874
43	114	1	1167155705
43	114	1	1167156090
43	115	1	1167155927
8	115	1	1219700389
3	115	1	1219828545
43	116	1	1167156006
15	116	1	1379110063
43	117	1	1167226072
43	118	1	1167226272
43	118	1	1167226351
15	118	1	1378843099
43	119	1	1167226925
43	120	1	1167235943
15	120	1	1379109421
8	120	1	1387790052
43	121	1	1167236072
15	121	1	1379109174
8	121	1	1387789991
43	122	1	1167236428
15	122	1	1379109231
8	122	1	1387790009
43	123	1	1167236858
15	123	1	1379109371
8	123	1	1387790030
43	124	1	1167237651
43	124	1	1167402975
43	125	1	1167238023
15	125	1	1378840582
15	125	1	1379113315
43	126	1	1167238244
43	126	1	1167238275
15	126	1	1379113619
8	126	1	1387790164
43	127	1	1167238398
15	127	1	1379113664
8	127	1	1387790215
43	128	1	1167238661
15	128	1	1379113404
8	128	1	1387789856
43	129	1	1167238850
15	129	1	1379113866
15	129	1	1379114026
8	129	1	1387790254
43	130	1	1167239622
43	131	1	1167239756
15	131	1	1378843504
43	132	1	1167315941
43	133	1	1167316049
43	134	1	1167316203
43	135	1	1167316437
43	136	1	1167316633
15	136	1	1378843532
43	137	1	1167317117
43	138	1	1167317261
43	139	1	1167317662
43	140	1	1167317756
43	142	1	1167330424
15	142	1	1379115021
8	142	1	1387789973
43	143	1	1167330983
43	144	1	1167331137
43	145	1	1167331512
3	145	1	1167667915
43	146	1	1167331710
43	147	1	1167402931
15	147	1	1379113740
15	147	1	1379113788
8	147	1	1387790234
43	148	1	1167403208
15	148	1	1379113489
15	148	1	1379114402
8	148	1	1387789877
43	149	1	1167403762
43	149	1	1167492182
15	149	1	1379114329
15	149	1	1379114372
43	150	1	1167416671
43	150	1	1168000415
8	150	1	1219699047
15	150	1	1379113251
8	150	1	1387789915
43	151	1	1167416975
3	151	1	1167667896
43	152	1	1167426074
43	153	1	1167426378
24	153	1	1492779775
43	154	1	1167426593
15	154	1	1378843391
43	155	1	1167492251
15	155	1	1379109943
43	156	1	1167582234
43	157	1	1167582333
43	158	1	1167582456
43	159	1	1167582968
3	159	1	1169152819
3	159	1	1169152968
43	160	1	1167583306
8	160	1	1346470261
15	160	1	1379110200
8	160	1	1387790074
43	161	1	1167589771
8	161	1	1346470328
8	161	1	1346470481
43	162	1	1167589940
3	163	1	1167665800
3	164	1	1167666843
3	164	1	1167669108
61	164	1	1426631445
36	164	1	1429224192
61	164	1	1429245537
43	165	1	1167666943
3	166	1	1167667896
3	167	1	1167667915
3	167	1	1167668051
3	168	1	1167668391
43	169	1	1167668542
15	169	1	1379108672
8	169	1	1387790201
43	170	1	1167668811
15	170	1	1379108415
43	171	1	1167750211
8	171	1	1219698457
43	172	1	1167750299
15	172	1	1378842810
15	172	1	1379109646
43	173	1	1167772132
8	173	1	1219793049
43	174	1	1167772551
8	174	1	1219792752
43	175	1	1167772930
8	175	1	1219793003
43	176	1	1167773062
43	177	1	1167775026
43	178	1	1167775131
43	179	1	1167927806
70	179	1	1245255440
15	179	1	1384558890
15	179	1	1384558991
43	180	1	1167927886
15	180	1	1384560037
43	181	1	1167928212
15	181	1	1384559885
43	182	1	1167928330
15	182	1	1384559369
43	183	1	1167928496
8	183	1	1384333474
15	183	1	1384558372
15	183	1	1384560081
43	184	1	1167928808
15	184	1	1384558604
15	184	1	1384560275
43	185	1	1167928954
15	185	1	1384560006
43	186	1	1167999457
15	186	1	1379108540
8	186	1	1387789895
43	187	1	1168000559
8	187	1	1219699429
15	187	1	1379114932
8	187	1	1387790138
43	188	1	1168000702
43	188	1	1168003638
8	188	1	1219700232
3	188	1	1219828580
43	189	1	1168000819
15	189	1	1378842844
43	190	1	1168001038
43	191	1	1168001252
43	192	1	1168017565
43	193	1	1168017793
15	193	1	1379108989
8	193	1	1387790182
43	194	1	1168017875
43	195	1	1168191064
43	195	1	1168191284
15	195	1	1384559798
3	196	1	1169152890
15	196	1	1378843472
43	197	1	1169310770
43	197	1	1169310794
8	197	1	1219699628
43	198	1	1169310893
15	198	1	1378842679
43	199	1	1169394347
43	199	1	1170069422
43	200	1	1169410526
8	200	1	1219700627
8	200	1	1219701087
15	202	1	1378843000
43	203	1	1169749070
8	203	1	1219700760
8	203	1	1219701195
15	203	1	1385600775
43	204	1	1169749232
8	204	1	1219700810
8	204	1	1219701245
8	204	1	1343990901
8	204	1	1354812170
43	205	1	1169749967
8	205	1	1219792566
43	206	1	1169750102
15	206	1	1378842957
43	207	1	1169753112
43	208	1	1169753190
15	208	1	1383599724
43	209	1	1169768957
43	210	1	1169840026
43	211	1	1169840116
43	212	1	1169842488
8	212	1	1219700784
8	212	1	1219701218
43	213	1	1169842904
8	213	1	1219700691
8	213	1	1219701138
43	214	1	1170005128
8	214	1	1219792485
43	215	1	1170005245
15	215	1	1378842928
15	215	1	1379109706
43	216	1	1170068748
43	217	1	1170069129
15	217	1	1378843063
43	218	1	1170069983
43	219	1	1170070134
43	220	1	1170102355
8	220	1	1219700848
8	220	1	1219701267
43	221	1	1170102543
8	221	1	1219701482
43	222	1	1170151675
8	222	1	1219700929
8	222	1	1219701327
43	223	1	1170167368
43	224	1	1170167488
15	224	1	1378843577
43	225	1	1170182870
3	225	1	1208014705
43	226	1	1170507992
43	227	1	1170508206
43	228	1	1170521879
43	229	1	1170596257
43	230	1	1170596372
43	231	1	1170597987
43	232	1	1170598554
43	233	1	1170598636
3	233	1	1184771915
43	234	1	1170600612
43	234	1	1170615472
43	235	1	1170600710
43	236	1	1170600982
43	237	1	1170601052
15	237	1	1378843033
43	238	1	1170601235
8	238	1	1219700191
3	238	1	1219828405
43	239	1	1170601322
15	239	1	1378842773
43	240	1	1170617465
8	240	1	1219700123
39	241	1	1171034221
8	241	1	1219699219
43	242	1	1171798974
43	242	1	1171799020
43	243	1	1171820144
43	244	1	1171821557
43	246	1	1171830812
8	246	1	1219701399
43	247	1	1171831912
71	248	1	1171997983
71	249	1	1171998060
43	250	1	1172409486
43	251	1	1172414317
8	251	1	1219699996
43	252	1	1172414449
15	252	1	1378842710
43	253	1	1172932639
8	253	1	1219701506
8	253	1	1493886318
43	254	1	1172932955
8	254	1	1219700430
3	254	1	1219828531
43	255	1	1172934564
43	256	1	1174415982
43	257	1	1174416104
43	258	1	1174756613
8	258	1	1219699575
43	259	1	1175872378
43	260	1	1177686255
43	261	1	1178134739
43	262	1	1178298751
43	263	1	1178371408
3	264	1	1183007140
3	264	1	1183007166
3	264	1	1183144787
3	264	1	1183269731
3	264	1	1183526348
3	264	1	1187849552
72	265	1	1185471482
3	265	1	1186058259
72	266	1	1185472009
43	267	1	1187534180
43	268	1	1187534342
8	268	1	1219700660
8	268	1	1219701111
3	270	1	1188593929
8	270	1	1219699487
3	270	1	1330381222
67	271	1	1190689757
67	271	1	1190689772
3	271	1	1190732154
3	271	1	1191055558
3	272	1	1190732208
67	273	1	1190906028
73	274	1	1190975197
73	275	1	1191583974
42	276	1	1191966119
42	276	1	1329595592
74	277	1	1193179444
74	277	1	1199485965
75	278	1	1193518300
36	278	1	1429224195
75	279	1	1193519628
75	280	1	1193519771
3	280	1	1193773461
76	281	1	1194947264
3	281	1	1317932984
3	281	1	1317933034
3	281	1	1317933061
64	281	1	1445459061
76	282	1	1194831322
36	282	1	1429224195
76	283	1	1194947264
77	284	1	1196579868
78	285	1	1197396876
79	286	1	1198415036
3	287	1	1200134269
3	288	1	1200135012
3	288	1	1200135028
3	288	1	1200135054
3	288	1	1200135201
3	288	1	1331644276
8	288	1	1387786523
3	289	1	1200135054
3	290	1	1200135264
80	291	1	1200865399
80	292	1	1200865432
81	293	1	1204596877
81	294	1	1204596884
37	295	1	1205616032
82	295	1	1205624628
82	295	1	1205974872
29	295	1	1314729250
82	295	1	1338934095
82	295	1	1338935046
37	296	1	1205616955
29	296	1	1314729250
82	296	1	1338934099
37	297	1	1205620154
82	297	1	1205622762
82	297	1	1205629070
82	297	1	1205632064
82	297	1	1206138380
83	297	1	1218623739
82	297	1	1338915079
82	297	1	1338916208
82	298	1	1205623287
83	298	1	1218623739
9	298	1	1316539144
82	298	1	1338915084
61	298	1	1426631445
82	299	1	1206065445
83	299	1	1218623739
84	300	1	1206650371
3	301	1	1208014684
81	302	1	1208531865
81	302	1	1210098525
42	302	1	1225432687
85	303	1	1210203892
86	304	1	1212301130
87	305	1	1212355614
87	305	1	1212376555
88	306	1	1212388004
88	306	1	1283623665
88	306	1	1319745662
89	307	1	1212428434
90	308	1	1212891983
90	308	1	1217311937
90	308	1	1349135773
90	308	1	1349165526
90	308	1	1350138936
3	309	1	1213442662
91	310	1	1213727636
91	310	1	1213728762
91	310	1	1293281712
91	310	1	1310241967
91	310	1	1336424665
91	310	1	1372513911
91	311	1	1214147078
83	312	1	1218623739
83	312	1	1218623869
36	312	1	1429224192
83	313	1	1218623739
83	313	1	1218623886
36	313	1	1429224192
8	314	1	1219697610
8	314	1	1354812204
8	314	1	1354812242
8	315	1	1219697894
8	315	1	1354812317
15	315	1	1379109761
8	316	1	1219698491
8	317	1	1219698804
8	318	1	1219699247
8	319	1	1219791982
8	319	1	1346470194
8	320	1	1219792011
8	320	1	1346470055
8	320	1	1346470425
8	321	1	1219792859
8	322	1	1470641189
3	323	1	1220735524
8	323	1	1354811889
15	323	1	1379110668
92	324	1	1221858831
92	325	1	1221858848
30	326	1	1222147213
93	326	1	1245147423
30	327	1	1222152189
3	327	1	1222266092
3	327	1	1331644016
8	327	1	1387787038
8	327	1	1387787481
94	327	1	1389844348
30	328	1	1222154243
3	328	1	1331642658
8	328	1	1387785741
30	329	1	1222160670
3	329	1	1222266011
92	329	1	1223618750
3	329	1	1331642802
3	329	1	1331643957
8	329	1	1387787122
3	330	1	1222162556
8	330	1	1387743237
30	331	1	1222171729
3	332	1	1222266012
30	333	1	1222252884
3	334	1	1222266011
3	335	1	1222266012
3	336	1	1222266055
3	337	1	1222266092
42	338	1	1225174782
42	339	1	1225271855
95	340	1	1225308686
95	341	1	1225313338
95	342	1	1225317647
42	343	1	1225344472
95	344	1	1225364405
95	344	1	1226319629
95	345	1	1225379544
95	346	1	1225379599
42	347	1	1225408571
95	348	1	1225454336
95	348	1	1225477181
95	348	1	1225585256
95	348	1	1225599120
95	348	1	1225652124
95	348	1	1225681791
95	348	1	1225725755
95	348	1	1225774124
95	348	1	1225833536
95	348	1	1225860175
95	348	1	1225877827
95	348	1	1226009398
95	348	1	1226378465
95	348	1	1226486108
95	348	1	1226498383
95	348	1	1227102544
95	348	1	1227876632
95	348	1	1229410662
95	348	1	1230225722
95	348	1	1230238693
95	348	1	1230767428
95	348	1	1231584847
95	348	1	1232067568
95	348	1	1232470903
95	348	1	1232479298
95	348	1	1233056157
95	348	1	1233097075
95	348	1	1233122296
95	348	1	1233208651
95	348	1	1233555868
95	348	1	1234448310
95	348	1	1234948275
95	348	1	1235326285
95	348	1	1235494695
95	348	1	1236127638
95	348	1	1237338948
95	348	1	1238043664
95	348	1	1238716832
95	348	1	1240462273
42	349	1	1225532346
42	350	1	1225586882
42	351	1	1225682759
42	352	1	1225774242
42	353	1	1225863733
96	353	1	1384033470
95	354	1	1225928701
95	355	1	1225941141
95	356	1	1225957911
95	356	1	1226309438
95	357	1	1226226998
97	358	1	1226491683
97	359	1	1226503412
42	360	1	1226547311
42	361	1	1227253900
42	362	1	1227886637
98	363	1	1230029099
39	364	1	1233676376
39	364	1	1233676624
3	364	1	1233861570
9	364	1	1314546708
15	364	1	1379110323
39	365	1	1233676977
3	365	1	1233861586
9	365	1	1314546725
9	365	1	1315554287
9	365	1	1323397472
15	365	1	1379110479
42	366	1	1234152566
42	367	1	1234567502
42	368	1	1235277571
42	369	1	1235281425
3	370	1	1236961354
3	370	1	1236961396
3	370	1	1236961422
28	370	1	1263287787
3	370	1	1331641659
3	371	1	1236961454
3	371	1	1236962875
3	371	1	1236963266
3	371	1	1237241602
3	371	1	1237242663
3	371	1	1237243534
3	371	1	1237289177
3	371	1	1237300428
3	371	1	1306686815
3	371	1	1306687398
3	371	1	1306688853
3	371	1	1306689074
3	371	1	1306689171
3	371	1	1306704875
3	371	1	1307205211
3	371	1	1307205575
3	371	1	1307208400
3	371	1	1308737609
3	371	1	1308737968
3	371	1	1308741046
3	371	1	1308753509
3	371	1	1308775292
3	371	1	1310816075
3	371	1	1316687285
3	371	1	1325358905
3	371	1	1325930934
3	371	1	1326454312
3	371	1	1326475138
3	371	1	1327440977
3	371	1	1328434246
3	371	1	1328434389
3	371	1	1328801828
3	371	1	1328801970
3	371	1	1329341262
3	371	1	1329341311
3	371	1	1329344054
3	371	1	1330380267
3	371	1	1330880383
3	371	1	1330896296
3	371	1	1330896429
3	371	1	1331636445
3	371	1	1331636507
3	371	1	1331637557
3	371	1	1331659060
3	371	1	1331659154
3	371	1	1333200647
3	371	1	1333203072
3	371	1	1333294821
3	371	1	1333297880
3	371	1	1345758164
3	371	1	1346099688
3	371	1	1346099758
3	371	1	1348087186
3	371	1	1357059057
3	371	1	1361625396
3	371	1	1361625580
3	371	1	1384710019
3	371	1	1384710074
3	371	1	1388229499
3	371	1	1388401654
3	371	1	1388402215
3	371	1	1388402816
3	371	1	1388403042
3	371	1	1388738702
3	371	1	1388738744
3	371	1	1388925583
3	371	1	1388999724
3	371	1	1389000139
3	371	1	1389110198
3	371	1	1389110453
3	371	1	1389710922
3	371	1	1390132510
3	371	1	1390132601
3	371	1	1390146531
3	371	1	1390146643
3	371	1	1390146800
3	371	1	1390146871
3	371	1	1390147039
3	371	1	1390147207
3	371	1	1390147283
3	371	1	1390147409
3	371	1	1390147507
3	371	1	1390148247
3	371	1	1390148413
3	371	1	1390148667
3	371	1	1390148758
3	371	1	1390148881
3	371	1	1390149002
3	371	1	1390149101
3	371	1	1390149187
3	371	1	1390149283
3	371	1	1390149418
3	371	1	1390238341
3	372	1	1236962650
3	372	1	1236962720
3	372	1	1236962797
3	372	1	1236963563
3	372	1	1236964547
3	372	1	1236964652
3	372	1	1236964814
3	372	1	1236965356
3	372	1	1236966493
3	372	1	1236966630
3	372	1	1236966705
3	372	1	1236966917
3	372	1	1236967113
3	372	1	1236968001
3	372	1	1236968316
3	372	1	1236968433
3	372	1	1236968522
3	372	1	1236968645
3	372	1	1236968964
3	372	1	1236969131
3	372	1	1236969236
3	372	1	1236969423
3	372	1	1236969522
3	372	1	1236969776
3	372	1	1236969884
3	372	1	1236970011
3	372	1	1236970203
3	372	1	1236970292
3	372	1	1236970754
3	372	1	1236970859
3	372	1	1236971002
3	372	1	1236971067
3	372	1	1236971925
3	372	1	1236972178
3	372	1	1236972346
3	372	1	1236972554
3	372	1	1236972717
3	372	1	1236972819
3	372	1	1236974159
3	372	1	1236975525
3	372	1	1236977714
3	372	1	1236977862
3	372	1	1236978196
3	372	1	1236978355
3	372	1	1236978546
3	372	1	1236978816
3	372	1	1236979056
3	372	1	1236979379
3	372	1	1236980356
3	372	1	1236980516
3	372	1	1236980667
3	372	1	1236980871
3	372	1	1236981375
3	372	1	1236981566
3	372	1	1236981727
3	372	1	1236981901
3	372	1	1236982143
3	372	1	1236982286
3	372	1	1236982652
3	372	1	1236983076
3	372	1	1236983600
3	372	1	1237020705
3	372	1	1237049749
3	372	1	1237050227
3	372	1	1237051180
3	372	1	1237291657
3	372	1	1306686813
3	372	1	1306687132
3	372	1	1306688973
3	372	1	1306694020
3	372	1	1307210802
3	372	1	1307222160
3	372	1	1308737455
3	372	1	1308740400
3	372	1	1308750769
3	372	1	1345757844
3	372	1	1348087226
3	373	1	1236962746
3	373	1	1237291676
15	373	1	1379111061
15	373	1	1379111078
3	374	1	1236963034
3	374	1	1236963062
3	374	1	1237287765
3	374	1	1306686817
3	374	1	1306687336
3	375	1	1236963589
3	375	1	1237311501
3	375	1	1306686815
3	375	1	1306689203
3	375	1	1306698886
3	376	1	1236964581
3	376	1	1237313084
3	376	1	1306686816
3	376	1	1306689242
3	376	1	1306698900
3	377	1	1236964740
3	377	1	1306686817
3	377	1	1306689292
3	378	1	1236964875
3	378	1	1306686815
3	378	1	1306689332
3	379	1	1236965501
3	379	1	1306686816
3	379	1	1306690648
3	380	1	1236966547
3	380	1	1306686815
3	380	1	1306690669
3	381	1	1236966648
3	381	1	1306686817
3	381	1	1306690685
3	382	1	1236966756
3	382	1	1306686814
3	382	1	1306690706
3	383	1	1236966835
3	383	1	1306686814
3	383	1	1306690727
3	384	1	1236967172
3	384	1	1306686814
3	384	1	1306690813
3	385	1	1236967346
3	385	1	1306686814
3	385	1	1306692255
3	386	1	1236967796
3	386	1	1306686813
3	386	1	1306690755
3	387	1	1236967870
3	387	1	1306686814
3	387	1	1306690775
3	388	1	1236968147
3	388	1	1306686815
3	388	1	1306692271
3	389	1	1236968387
3	389	1	1306686817
3	389	1	1306692292
3	390	1	1236968488
3	390	1	1306686815
3	390	1	1306692308
3	391	1	1236968597
3	391	1	1306686816
3	391	1	1306692326
3	392	1	1236968739
3	392	1	1306686817
3	392	1	1306692347
3	393	1	1236969023
3	393	1	1306686815
3	393	1	1306692366
3	394	1	1236969188
3	394	1	1306686817
3	394	1	1306692381
3	395	1	1236969306
3	395	1	1306686815
3	395	1	1306692404
3	395	1	1306692450
3	396	1	1236969473
3	396	1	1306686815
3	396	1	1306692429
3	397	1	1236969574
3	397	1	1306686816
3	397	1	1306692848
3	398	1	1236969814
3	398	1	1306686815
3	398	1	1306692868
3	399	1	1236969933
3	399	1	1306686815
3	399	1	1306692892
3	400	1	1236970063
3	400	1	1306686815
3	400	1	1306692920
3	401	1	1236970252
3	401	1	1306686816
3	401	1	1306692936
3	402	1	1236970707
3	402	1	1306686816
3	402	1	1306692953
3	403	1	1236970807
3	403	1	1306686815
3	403	1	1306692986
3	404	1	1236970905
3	404	1	1306686817
3	404	1	1306693004
3	405	1	1236971030
3	405	1	1306686816
3	405	1	1306693244
3	406	1	1236971135
3	406	1	1306686816
3	406	1	1306693263
3	407	1	1236972119
3	407	1	1306686816
3	407	1	1306693309
3	408	1	1236972256
3	408	1	1306686816
3	408	1	1306693348
3	409	1	1236972468
3	409	1	1306686817
3	409	1	1306693381
3	410	1	1236972655
3	410	1	1306686816
3	410	1	1306693480
3	411	1	1236972772
3	411	1	1306686817
3	411	1	1306693677
3	412	1	1236972861
3	412	1	1306686816
3	412	1	1306693704
3	413	1	1236974358
3	413	1	1236980895
3	413	1	1306686814
3	413	1	1306694135
3	414	1	1236974483
3	414	1	1236980909
3	414	1	1306686814
3	414	1	1306694177
3	415	1	1236974553
3	415	1	1306686817
3	415	1	1306694199
3	416	1	1236974627
3	416	1	1306686816
3	416	1	1306694216
3	417	1	1236974711
3	417	1	1306686817
3	417	1	1306694663
3	418	1	1236974932
3	418	1	1306686815
3	418	1	1306694687
3	419	1	1236975067
3	419	1	1306686815
3	419	1	1306694708
3	420	1	1236975232
3	420	1	1306686815
3	420	1	1306694733
3	421	1	1236975654
3	421	1	1306686815
3	421	1	1306694752
3	422	1	1236975797
3	422	1	1306686816
3	422	1	1306694787
3	422	1	1306694800
3	423	1	1236977120
3	423	1	1306686816
3	423	1	1306694821
3	424	1	1236977236
3	424	1	1306686815
3	424	1	1306694878
3	425	1	1236977413
3	425	1	1236980922
3	425	1	1306686814
3	425	1	1306694901
3	426	1	1236977523
3	426	1	1236980934
3	426	1	1306686814
3	426	1	1306694920
3	427	1	1236977810
3	427	1	1237131331
3	427	1	1306686817
3	427	1	1306694939
99	427	1	1415251129
3	428	1	1236977924
3	428	1	1306686817
3	428	1	1306694956
99	428	1	1415334906
99	428	1	1415334977
3	429	1	1236978283
100	429	1	1278329736
3	429	1	1306686817
3	429	1	1306695072
3	430	1	1236978424
3	430	1	1306686817
3	430	1	1306695099
3	431	1	1236978655
3	431	1	1236978698
3	431	1	1243716513
3	431	1	1306686814
3	431	1	1306695115
3	432	1	1236978902
3	432	1	1306686817
3	432	1	1306695143
3	432	1	1306696847
3	433	1	1236979131
3	433	1	1306686813
3	433	1	1306695168
3	434	1	1236979224
3	434	1	1306686814
3	434	1	1306695275
3	435	1	1236980294
3	435	1	1306686815
3	435	1	1306695302
3	436	1	1236980445
3	436	1	1306686815
3	436	1	1306695959
3	437	1	1236980572
3	437	1	1306686817
3	437	1	1306695977
3	437	1	1306696808
3	438	1	1236980747
3	438	1	1306686815
3	438	1	1306696007
3	439	1	1236981148
3	439	1	1306686814
3	439	1	1306696029
3	439	1	1306696904
3	440	1	1236981220
3	440	1	1306686814
3	440	1	1306696046
3	440	1	1306696895
3	441	1	1236981445
3	441	1	1306686814
3	441	1	1306696114
3	442	1	1236981502
3	442	1	1306686814
3	442	1	1306696134
3	443	1	1236981676
3	443	1	1306686817
3	443	1	1306696153
3	444	1	1236981846
3	444	1	1306686817
3	444	1	1306696174
3	444	1	1306696799
3	445	1	1236982043
3	445	1	1306686816
3	445	1	1306696213
3	446	1	1236982226
3	446	1	1306686816
3	446	1	1306696230
3	447	1	1236982356
3	447	1	1306686814
3	447	1	1306696252
3	448	1	1236982464
3	448	1	1306686814
3	448	1	1306696271
3	449	1	1236982750
3	449	1	1306686814
3	449	1	1306696291
3	450	1	1236982874
3	450	1	1306686814
3	450	1	1306696309
3	451	1	1236982973
3	451	1	1306686814
3	451	1	1306696334
3	452	1	1236983259
3	452	1	1306686816
3	452	1	1306696587
3	453	1	1236983713
3	453	1	1306686815
3	453	1	1306696624
3	454	1	1237048750
3	454	1	1237061328
3	454	1	1237291165
3	454	1	1237291468
3	454	1	1237291576
3	454	1	1240834397
3	454	1	1306686815
3	454	1	1306686958
3	454	1	1306696998
3	454	1	1306698914
3	454	1	1307187527
3	454	1	1330348881
3	454	1	1345758672
3	454	1	1345758750
3	454	1	1348087257
3	455	1	1237051167
3	455	1	1331644144
3	456	1	1237057014
3	456	1	1237299879
3	456	1	1237300294
3	456	1	1306686815
3	456	1	1306687004
3	456	1	1306697016
3	456	1	1306698932
3	456	1	1330349346
3	456	1	1345758786
3	456	1	1348087217
3	457	1	1237061168
3	457	1	1237100512
3	457	1	1237134702
3	457	1	1237154136
3	457	1	1237300396
3	457	1	1306686816
3	457	1	1306687024
3	457	1	1306697036
3	457	1	1306698948
3	457	1	1330349525
3	457	1	1345758816
3	457	1	1348087194
3	458	1	1237288911
3	458	1	1237289607
3	458	1	1237289887
3	458	1	1237290058
3	458	1	1237291046
3	458	1	1237291558
3	458	1	1237299793
3	458	1	1237300243
101	458	1	1318926675
3	458	1	1331642290
52	458	1	1347758906
52	458	1	1347760797
102	458	1	1428570475
103	458	1	1498149161
103	458	1	1498149179
3	459	1	1237291635
3	459	1	1237291868
15	459	1	1379111343
95	460	1	1237300141
42	461	1	1237618134
104	462	1	1238744468
104	463	1	1238744478
42	464	1	1239507751
42	465	1	1239580749
42	466	1	1239584274
39	467	1	1239728557
39	467	1	1239728853
3	467	1	1239817064
3	468	1	1239817047
42	469	1	1240009879
42	470	1	1240017459
42	471	1	1240082537
42	472	1	1240090153
93	473	1	1245147423
70	474	1	1245255672
105	475	1	1246084115
3	475	1	1331644236
8	475	1	1387786779
106	475	1	1444829766
105	476	1	1246084122
105	477	1	1246084126
107	478	1	1246610949
36	478	1	1429224194
108	479	1	1248104264
39	480	1	1250167133
39	481	1	1250191427
39	482	1	1250191716
39	483	1	1250194865
39	483	1	1250194911
39	484	1	1250196853
39	485	1	1250199867
42	486	1	1251839652
42	487	1	1252737377
42	488	1	1252746129
42	489	1	1252817669
109	490	1	1257177656
110	491	1	1258982124
110	491	1	1258982134
110	491	1	1416984039
111	492	1	1259868055
3	493	1	1261983599
3	494	1	1261983650
3	495	1	1261984402
3	495	1	1261984449
42	496	1	1264238245
42	497	1	1264292799
84	498	1	1264343456
42	499	1	1264390228
42	500	1	1264468260
42	501	1	1264470064
42	502	1	1264474084
42	503	1	1264552868
42	504	1	1264722103
42	505	1	1264733058
112	506	1	1264789641
42	507	1	1264919821
42	508	1	1264922321
42	509	1	1264923965
42	510	1	1266707163
42	510	1	1379474134
42	511	1	1266718165
21	512	1	1267977006
113	513	1	1268601015
114	514	1	1269813209
94	515	1	1270162175
94	515	1	1379158515
94	516	1	1270472196
94	516	1	1379158518
94	517	1	1270662575
94	517	1	1379158522
42	518	1	1271127563
115	519	1	1272534265
116	520	1	1274180337
117	521	1	1274869076
118	522	1	1276237666
42	523	1	1276992977
42	524	1	1277053823
42	525	1	1277055917
65	525	1	1292012327
65	525	1	1293682110
42	526	1	1277066795
42	527	1	1277159544
42	528	1	1277168528
42	529	1	1277179483
42	530	1	1277180956
42	531	1	1277247925
42	532	1	1277579550
42	532	1	1289087980
119	532	1	1308758692
119	532	1	1309106050
119	532	1	1322674314
119	532	1	1356642093
119	532	1	1356692890
100	534	1	1278262617
14	535	1	1279021742
42	536	1	1280796372
42	537	1	1280800360
120	538	1	1280960573
120	538	1	1281006417
120	539	1	1281097509
42	540	1	1281149770
42	541	1	1281153861
42	542	1	1281155449
42	543	1	1281158843
120	544	1	1281183155
42	544	1	1289145870
119	544	1	1308798628
119	544	1	1309109813
119	544	1	1356642077
42	545	1	1281233230
42	546	1	1281234996
120	547	1	1281258823
94	548	1	1281406616
94	549	1	1281406626
121	550	1	1281992160
121	551	1	1281992171
122	552	1	1282091794
123	552	1	1422986726
122	553	1	1282091805
123	553	1	1422986726
124	554	1	1282496621
42	555	1	1283021245
42	556	1	1283393809
5	557	1	1283395825
5	557	1	1284616825
96	557	1	1408317614
5	558	1	1283410208
125	559	1	1285019973
125	559	1	1355043295
125	559	1	1355127413
125	559	1	1355127425
5	560	1	1285794535
29	561	1	1286787775
29	561	1	1316859964
29	562	1	1286787791
42	563	1	1287262040
5	564	1	1287790408
42	565	1	1289158843
42	566	1	1289173511
100	567	1	1293279530
100	567	1	1293280662
100	567	1	1293281211
100	567	1	1293284070
100	567	1	1293284090
121	568	1	1293738035
126	569	1	1294089125
42	570	1	1296443116
42	570	1	1333238429
127	570	1	1390289167
42	571	1	1296449151
42	572	1	1296529512
42	573	1	1296784526
48	574	1	1297860713
128	575	1	1297882046
128	576	1	1297882303
128	577	1	1297882541
128	578	1	1297882604
42	579	1	1298436104
42	580	1	1301870347
5	581	1	1302757214
42	582	1	1302978536
121	582	1	1331471444
42	583	1	1302982979
42	584	1	1302994831
42	585	1	1303351529
42	586	1	1305157482
42	586	1	1333912301
3	587	1	1306216099
3	587	1	1306216143
100	588	1	1306153824
3	588	1	1306215833
3	589	1	1306216143
129	590	1	1306228952
129	590	1	1314529747
5	591	1	1306448906
5	592	1	1306521083
130	593	1	1306622805
3	594	1	1306686813
3	594	1	1306686859
131	594	1	1353533818
131	594	1	1353533844
131	594	1	1353533866
132	594	1	1363543285
46	594	1	1389747674
3	595	1	1306686813
3	596	1	1306686813
3	597	1	1306686814
3	598	1	1306686814
3	599	1	1306686814
3	600	1	1306686814
3	601	1	1306686814
3	602	1	1306686814
3	603	1	1306686814
3	604	1	1306686814
3	605	1	1306686814
3	606	1	1306686814
3	607	1	1306686814
3	608	1	1306686814
3	609	1	1306686814
3	610	1	1306686814
3	611	1	1306686814
3	612	1	1306686814
3	613	1	1306686814
3	614	1	1306686814
3	615	1	1306686814
3	616	1	1306686814
3	617	1	1306686815
3	618	1	1306686815
3	619	1	1306686815
3	620	1	1306686815
3	621	1	1306686815
3	622	1	1306686815
82	622	1	1313700720
3	623	1	1306686815
82	623	1	1313700755
3	624	1	1306686815
3	625	1	1306686815
3	626	1	1306686815
3	627	1	1306686815
3	628	1	1306686815
3	629	1	1306686815
3	630	1	1306686815
3	631	1	1306686815
3	632	1	1306686815
3	633	1	1306686815
3	634	1	1306686815
3	635	1	1306686815
3	636	1	1306686815
3	637	1	1306686815
3	638	1	1306686815
3	639	1	1306686815
3	640	1	1306686815
3	641	1	1306686816
3	642	1	1306686816
3	643	1	1306686816
3	644	1	1306686816
3	645	1	1306686816
3	646	1	1306686816
3	647	1	1306686816
3	648	1	1306686816
3	649	1	1306686816
3	650	1	1306686816
3	651	1	1306686816
3	652	1	1306686816
3	653	1	1306686816
3	654	1	1306686816
3	655	1	1306686816
3	656	1	1306686816
82	656	1	1313700790
3	657	1	1306686816
3	658	1	1306686816
3	659	1	1306686816
3	660	1	1306686817
3	661	1	1306686817
3	662	1	1306686817
3	663	1	1306686817
3	664	1	1306686817
3	665	1	1306686817
3	666	1	1306686817
3	667	1	1306686817
3	668	1	1306686817
3	669	1	1306686817
3	670	1	1306686817
3	671	1	1306686817
3	672	1	1306686817
3	673	1	1306686817
3	674	1	1306686817
3	675	1	1306686817
3	676	1	1306686817
3	677	1	1306686817
3	678	1	1306686817
3	679	1	1306686958
3	680	1	1306687004
3	681	1	1306687024
3	682	1	1306687124
3	682	1	1306689010
3	682	1	1306693727
3	682	1	1306693966
3	682	1	1307187433
3	682	1	1307187476
3	682	1	1307187674
3	682	1	1330348529
3	682	1	1331644172
3	683	1	1306687327
3	683	1	1307556748
3	683	1	1326474125
3	684	1	1306688432
3	684	1	1306688601
3	684	1	1306688634
3	684	1	1306689084
3	684	1	1306689181
3	684	1	1306698662
3	684	1	1306864971
3	684	1	1306865649
3	684	1	1306876329
3	684	1	1306876400
3	684	1	1307199684
3	684	1	1307199735
3	684	1	1307199803
3	684	1	1307204592
3	684	1	1307205697
3	684	1	1308772268
3	684	1	1310829494
3	684	1	1310833758
3	684	1	1310840676
3	684	1	1310847590
3	684	1	1316729148
3	684	1	1316729181
3	684	1	1316766192
3	684	1	1316766230
3	684	1	1316766914
3	684	1	1322993118
3	684	1	1322993593
3	684	1	1322994131
3	684	1	1322997664
3	684	1	1322998225
3	684	1	1322999659
3	684	1	1323000493
3	684	1	1323029978
3	684	1	1323030870
3	684	1	1325340212
3	684	1	1325347867
3	684	1	1325348868
3	684	1	1325349253
3	684	1	1325355503
3	684	1	1326501998
3	684	1	1326502130
3	684	1	1326502228
3	684	1	1326502340
3	684	1	1326502412
3	684	1	1326502478
3	684	1	1326502561
3	684	1	1326502630
3	684	1	1326502827
3	684	1	1326502904
3	684	1	1326503122
3	684	1	1326503514
3	684	1	1326503646
3	684	1	1327439502
3	684	1	1328296061
3	684	1	1328785032
3	684	1	1328788496
3	684	1	1328809733
3	684	1	1328816145
3	684	1	1330351673
3	684	1	1330353138
3	684	1	1330886279
3	684	1	1330890746
3	684	1	1330899299
3	684	1	1331628605
3	684	1	1331650261
3	684	1	1331658888
3	684	1	1331670283
3	684	1	1345759023
3	684	1	1346096734
3	684	1	1348087157
3	684	1	1348321680
3	684	1	1357059663
3	684	1	1374008952
3	684	1	1387993247
3	684	1	1388341410
3	684	1	1388341681
3	684	1	1388675597
3	684	1	1388675692
3	684	1	1388913243
3	684	1	1388913350
3	684	1	1388995617
3	684	1	1388995748
3	684	1	1389288410
3	684	1	1389288756
3	684	1	1389970240
3	684	1	1390150300
3	684	1	1390150371
3	684	1	1390150406
3	684	1	1390150584
3	684	1	1390150664
3	684	1	1390150821
3	684	1	1390150902
3	684	1	1390151054
3	684	1	1390151260
3	684	1	1390151284
3	684	1	1390151399
3	684	1	1390151534
3	684	1	1390151674
3	684	1	1390151721
3	684	1	1390151809
3	684	1	1390151891
3	684	1	1390151985
3	684	1	1390152197
3	684	1	1390152315
3	684	1	1390152386
3	684	1	1390152535
3	684	1	1390152589
3	684	1	1390238521
3	685	1	1306689023
3	686	1	1306689107
3	687	1	1307203750
133	688	1	1307361879
133	688	1	1328926834
133	688	1	1328927606
133	688	1	1400721965
133	688	1	1423197706
134	689	1	1307396461
135	689	1	1332351202
3	690	1	1308169984
3	690	1	1310566843
3	690	1	1310566904
3	690	1	1331644115
3	691	1	1308738560
3	692	1	1308738638
3	692	1	1331642542
3	693	1	1308738680
3	693	1	1331644052
8	693	1	1387785778
3	694	1	1308739020
3	694	1	1308740328
3	694	1	1310817013
3	694	1	1310917953
3	694	1	1326476822
3	694	1	1344194268
3	694	1	1344194308
3	695	1	1308739062
3	695	1	1310921642
3	695	1	1388226906
3	695	1	1388226919
3	696	1	1308739132
3	696	1	1310921588
3	696	1	1388226958
3	696	1	1388226967
3	697	1	1308739160
3	697	1	1310919530
3	697	1	1388226980
3	697	1	1388226988
3	698	1	1308739180
3	698	1	1310919450
3	698	1	1388227000
3	698	1	1388227008
3	699	1	1308739211
3	699	1	1310919425
3	699	1	1388227061
3	699	1	1388227070
3	700	1	1308739265
3	700	1	1310919290
3	700	1	1388227082
3	700	1	1388227091
3	701	1	1308739292
3	701	1	1310919020
3	701	1	1388227105
3	701	1	1388227113
3	702	1	1308739323
3	702	1	1310918999
3	702	1	1388227130
3	702	1	1388227138
3	703	1	1308739488
3	703	1	1310918957
3	703	1	1388227338
3	704	1	1308739520
3	704	1	1310918534
3	705	1	1308739699
3	705	1	1308739718
3	705	1	1308752162
3	705	1	1308752215
3	705	1	1310918254
3	705	1	1388227596
3	706	1	1308739780
3	706	1	1310918158
3	707	1	1308739820
3	707	1	1310918110
3	707	1	1326476079
3	707	1	1330365109
3	707	1	1330367558
3	707	1	1331641142
3	708	1	1308739874
3	708	1	1308752769
3	708	1	1308753490
3	708	1	1310918068
3	708	1	1325930682
3	708	1	1326476343
3	708	1	1330367628
3	708	1	1330367915
3	708	1	1331641180
3	708	1	1388227642
3	709	1	1308740447
3	710	1	1308740585
3	710	1	1310921730
3	711	1	1308740864
3	711	1	1310921772
3	712	1	1308740989
3	712	1	1310921785
3	713	1	1308741294
3	713	1	1310922030
3	714	1	1308741402
3	714	1	1310921745
3	715	1	1308741420
3	715	1	1310921758
3	716	1	1308752411
3	716	1	1308770256
3	716	1	1310918040
3	716	1	1326477299
3	716	1	1330367681
3	716	1	1330367894
3	716	1	1331641219
3	716	1	1388227670
3	717	1	1308774740
3	717	1	1310829811
3	717	1	1310917870
3	717	1	1326477876
3	717	1	1330367723
3	717	1	1330367876
3	717	1	1331641251
3	717	1	1388227681
119	718	1	1308808752
119	718	1	1308812628
119	719	1	1308812434
136	720	1	1309518902
136	721	1	1309529736
119	722	1	1309539509
119	723	1	1309541674
42	724	1	1309570865
42	725	1	1309579514
42	726	1	1309583534
42	727	1	1309623542
42	728	1	1309632480
3	729	1	1310815903
3	729	1	1310918012
3	729	1	1325930771
3	729	1	1326479571
3	729	1	1330367761
3	729	1	1330367848
3	729	1	1331641286
3	730	1	1310917457
6	730	1	1330132748
4	730	1	1344757144
4	730	1	1344757243
4	730	1	1344757283
4	730	1	1344757455
3	731	1	1310917578
3	731	1	1310917596
3	732	1	1310917657
3	733	1	1310917870
3	734	1	1310918012
3	735	1	1310918040
3	736	1	1310918068
3	737	1	1310918110
3	738	1	1310918158
3	739	1	1310918254
3	740	1	1310918534
3	741	1	1310918957
3	742	1	1310918999
3	743	1	1310919020
3	744	1	1310919290
3	745	1	1310919425
3	746	1	1310919450
3	747	1	1310919530
3	748	1	1310921588
3	749	1	1310921642
3	750	1	1310921730
137	751	1	1311110536
137	751	1	1311111406
138	752	1	1313793099
42	753	1	1314242427
42	753	1	1422212758
139	754	1	1314250246
22	755	1	1314432169
9	755	1	1314432906
9	755	1	1315144782
9	755	1	1315145068
9	755	1	1344723965
9	755	1	1344724166
22	756	1	1314714137
3	756	1	1331644090
8	756	1	1387785802
29	757	1	1314729250
29	758	1	1314729250
140	759	1	1315059110
13	760	1	1315727477
135	760	1	1338317564
42	761	1	1315763853
42	762	1	1315768319
42	763	1	1315772812
3	764	1	1316645810
22	764	1	1320452862
22	764	1	1321975587
6	764	1	1330132764
4	764	1	1344599012
4	764	1	1344599156
4	764	1	1344599250
4	764	1	1344599401
4	764	1	1344624626
4	764	1	1344624732
4	764	1	1344624806
4	764	1	1344624959
4	764	1	1344625326
4	764	1	1344626093
4	764	1	1344626650
4	764	1	1344626929
4	764	1	1344626979
4	764	1	1344627060
4	764	1	1344627150
4	764	1	1344627377
4	764	1	1344628414
4	764	1	1344628527
4	764	1	1344684466
4	764	1	1344685242
4	764	1	1344685514
4	764	1	1344685596
4	764	1	1344685619
4	764	1	1344686036
4	764	1	1344686540
4	764	1	1344686887
4	764	1	1344687006
4	764	1	1344687314
4	764	1	1344687514
4	764	1	1344687559
4	764	1	1344687603
4	764	1	1344688311
4	764	1	1344688468
4	764	1	1344688930
4	764	1	1344697527
4	764	1	1344697629
4	764	1	1344697810
4	764	1	1344698142
4	764	1	1344699429
4	764	1	1344700485
4	764	1	1344700554
4	764	1	1344700643
4	764	1	1344700926
4	764	1	1344701015
4	764	1	1344701083
4	764	1	1344701152
4	764	1	1344701274
4	764	1	1344701458
4	764	1	1344701562
4	764	1	1344701668
4	764	1	1344701814
4	764	1	1344701991
4	764	1	1344702327
4	764	1	1344702456
4	764	1	1344702640
4	764	1	1344702799
4	764	1	1344702893
4	764	1	1344703563
4	764	1	1344703969
4	764	1	1344704330
4	764	1	1344704418
4	764	1	1344704670
4	764	1	1344704839
4	764	1	1344705002
4	764	1	1344705157
4	764	1	1344706434
4	764	1	1344706633
4	764	1	1344710067
4	764	1	1344710271
4	764	1	1344711130
4	764	1	1344711228
4	764	1	1344711454
4	764	1	1344711619
4	764	1	1344712095
4	764	1	1344712154
4	764	1	1344712239
4	764	1	1344712359
4	764	1	1344712671
4	764	1	1344712757
4	764	1	1344712920
4	764	1	1344754013
4	764	1	1344754089
4	764	1	1344754163
4	764	1	1344754317
4	764	1	1344754877
4	764	1	1344755105
4	764	1	1344755191
4	764	1	1344755252
4	764	1	1344755669
4	764	1	1344755816
4	764	1	1344756070
4	764	1	1344756323
4	764	1	1344756488
4	764	1	1344756841
4	764	1	1344756883
4	764	1	1344757183
4	764	1	1344757380
4	764	1	1344757843
4	764	1	1344931107
4	764	1	1344931217
4	764	1	1344931574
4	764	1	1344932313
4	764	1	1344932425
4	764	1	1344932888
4	764	1	1344932969
4	764	1	1344933082
4	764	1	1383411860
4	764	1	1383411947
4	764	1	1383412342
4	764	1	1383412596
141	764	1	1465398353
141	764	1	1465398402
3	765	1	1316687266
3	765	1	1316697665
3	765	1	1316728547
3	765	1	1326490438
3	765	1	1330367975
3	765	1	1331647333
3	765	1	1388228079
3	766	1	1317933076
42	767	1	1318378886
135	768	1	1318458500
42	769	1	1318982536
5	770	1	1319842023
5	770	1	1429211995
142	771	1	1319977499
143	771	1	1497567882
144	772	1	1320400195
42	772	1	1346639805
22	773	1	1320521877
22	774	1	1320522753
22	775	1	1320527773
9	775	1	1320528444
145	776	1	1320779980
145	776	1	1320780208
145	776	1	1320780241
145	777	1	1320780247
146	778	1	1321042155
146	779	1	1321205435
146	780	1	1321205436
146	780	1	1321205439
42	781	1	1321763474
42	782	1	1321848829
42	783	1	1321919847
42	784	1	1321923500
42	784	1	1322093480
42	785	1	1321927702
42	785	1	1322095156
119	786	1	1321986354
119	787	1	1321992210
3	787	1	1322938014
3	787	1	1322939032
100	787	1	1322993302
40	787	1	1323019136
3	787	1	1331643073
119	788	1	1322029895
42	789	1	1322097206
42	790	1	1322098425
42	791	1	1322099676
147	792	1	1322262554
42	793	1	1323016398
42	794	1	1323046843
42	795	1	1323050494
3	796	1	1325358622
3	796	1	1326493581
3	796	1	1330368052
3	796	1	1331647365
135	797	1	1325893560
135	797	1	1325964771
3	798	1	1325929319
3	798	1	1326477825
3	798	1	1326478729
3	798	1	1331642218
3	799	1	1325930586
3	799	1	1325930828
3	799	1	1326500748
3	799	1	1330372628
3	799	1	1331647395
5	800	1	1326329184
3	801	1	1326454293
3	801	1	1326501152
3	801	1	1330372731
3	801	1	1331647429
3	801	1	1388228118
3	802	1	1326474829
3	802	1	1326475664
3	802	1	1326501746
3	802	1	1330372829
3	802	1	1331647454
3	802	1	1388228131
3	803	1	1326475747
3	803	1	1326475758
3	803	1	1331642827
3	804	1	1326477825
3	805	1	1327440218
3	805	1	1327440937
3	805	1	1328294375
3	805	1	1328296248
3	805	1	1328431938
3	805	1	1330372915
3	805	1	1330380387
3	805	1	1331647482
135	806	1	1328127403
3	807	1	1328434225
3	807	1	1328434377
3	807	1	1328801576
3	807	1	1330373010
3	807	1	1330380426
3	807	1	1331647517
3	807	1	1388228176
3	808	1	1328801951
3	808	1	1328803336
3	808	1	1330373149
3	808	1	1330380451
3	808	1	1331647539
3	808	1	1388228226
42	809	1	1329081148
3	810	1	1329341326
3	810	1	1329344016
3	810	1	1330373356
3	810	1	1330380485
3	810	1	1330380507
3	810	1	1331647581
121	811	1	1329727506
135	812	1	1329743257
135	813	1	1329749249
6	813	1	1329752729
119	815	1	1329830155
119	816	1	1329834479
119	816	1	1356633806
3	817	1	1330348262
3	817	1	1330349029
3	818	1	1330348297
3	819	1	1330348445
3	819	1	1388228824
148	819	1	1419137147
3	820	1	1330348506
3	821	1	1330348650
3	821	1	1388228884
148	821	1	1419192296
148	821	1	1419192354
3	822	1	1330348727
3	822	1	1388925600
148	822	1	1419231161
3	823	1	1330348798
3	823	1	1388229006
3	823	1	1388925626
3	824	1	1330348837
3	825	1	1330349334
3	825	1	1388229044
3	826	1	1330349483
3	827	1	1330349812
3	827	1	1330360861
3	827	1	1330380677
3	827	1	1331647759
3	828	1	1330349947
3	828	1	1330349978
3	828	1	1330380762
3	828	1	1331647802
3	828	1	1388229177
3	829	1	1330350074
3	829	1	1330380829
3	829	1	1331647830
3	829	1	1388229188
3	830	1	1330350236
3	830	1	1330360910
3	830	1	1330380993
3	830	1	1331648251
3	831	1	1330350501
3	831	1	1330360940
3	831	1	1330381855
3	831	1	1331649670
3	831	1	1388925717
3	832	1	1330350606
3	832	1	1330360967
3	832	1	1330381991
3	832	1	1331649693
3	833	1	1330350761
3	833	1	1330382093
3	833	1	1331649725
3	833	1	1388229225
3	834	1	1330350892
3	834	1	1330360996
3	834	1	1330382141
3	834	1	1331649756
3	835	1	1330351323
3	835	1	1330361039
3	835	1	1330382210
3	835	1	1331649784
3	836	1	1330351405
3	836	1	1330361065
3	836	1	1330382291
3	836	1	1331649811
3	837	1	1330351554
3	837	1	1330352831
3	837	1	1330352890
3	837	1	1330382449
3	837	1	1331649848
3	838	1	1330353124
3	838	1	1330363031
3	838	1	1330382504
3	838	1	1331649872
3	839	1	1330380186
3	839	1	1331640929
113	840	1	1330559389
121	841	1	1330621047
121	842	1	1330702590
3	843	1	1330886094
3	843	1	1330890373
3	843	1	1388228345
3	844	1	1330890535
3	844	1	1330890592
3	844	1	1331649896
3	845	1	1330896287
3	845	1	1330897778
3	845	1	1331647652
3	845	1	1388228377
3	845	1	1388925308
3	846	1	1330899292
3	846	1	1331629262
3	846	1	1331636324
3	846	1	1331649930
3	847	1	1331636495
3	847	1	1331644919
3	847	1	1331645142
3	847	1	1331647687
3	847	1	1331650126
3	847	1	1388228390
3	847	1	1388925320
3	848	1	1331640918
3	848	1	1331641429
3	848	1	1331641689
3	849	1	1331641064
3	849	1	1331641372
3	849	1	1331641706
3	850	1	1331641724
3	851	1	1331642047
15	851	1	1388337816
3	852	1	1331642105
3	853	1	1331642133
11	853	1	1379435873
3	854	1	1331642394
3	854	1	1331642448
3	854	1	1331642463
3	855	1	1331642678
8	855	1	1387785707
3	856	1	1331643097
8	856	1	1387786844
3	857	1	1331643974
8	857	1	1387787011
3	858	1	1331654946
3	858	1	1331655117
3	858	1	1331655381
3	858	1	1331655750
3	858	1	1331656783
3	858	1	1331658631
3	858	1	1331658843
3	858	1	1388925822
3	859	1	1331659054
3	859	1	1331659145
3	859	1	1331661709
3	859	1	1331662144
3	859	1	1331664167
3	859	1	1331664615
3	859	1	1333200531
3	859	1	1388228402
3	860	1	1331670295
3	860	1	1331672904
3	860	1	1331672955
3	860	1	1331725751
3	860	1	1388229323
3	860	1	1388925832
42	861	1	1332040401
3	862	1	1333203052
3	862	1	1333294649
3	862	1	1388228415
42	863	1	1333244495
3	864	1	1333294995
3	864	1	1333305406
3	864	1	1346102022
42	865	1	1333419856
42	866	1	1333500704
42	866	1	1333582824
42	867	1	1333587779
42	868	1	1333905636
42	869	1	1333907716
135	870	1	1334110713
42	871	1	1334510360
149	872	1	1336171704
15	872	1	1379115205
15	872	1	1379115237
8	872	1	1387789940
42	873	1	1336323944
42	874	1	1336326301
150	874	1	1446462748
151	875	1	1338438193
151	875	1	1338441175
151	875	1	1342490827
42	876	1	1338650190
42	877	1	1338656376
42	878	1	1338660915
42	879	1	1339379992
42	880	1	1339993538
135	881	1	1340664404
42	882	1	1341259845
42	882	1	1344110766
8	883	1	1343991098
8	883	1	1392022399
8	883	1	1392031771
42	884	1	1344112281
152	885	1	1344148267
3	886	1	1344194312
42	887	1	1344219805
153	888	1	1344338251
42	889	1	1344380512
4	890	1	1344624148
4	890	1	1344624277
4	890	1	1344624360
4	890	1	1344624403
4	890	1	1344626596
4	890	1	1344627277
4	890	1	1344687923
4	890	1	1344688359
4	890	1	1344689501
4	890	1	1344697120
4	890	1	1344697348
4	890	1	1344703825
4	890	1	1344703903
154	891	1	1345765379
3	892	1	1346099469
3	892	1	1388229333
3	893	1	1346099754
3	893	1	1346102058
3	893	1	1388228455
53	894	1	1346361252
53	895	1	1346432685
52	895	1	1347170783
52	896	1	1346446899
8	897	1	1346470093
15	897	1	1379109847
8	898	1	1346470217
8	899	1	1346470380
42	900	1	1346628330
42	901	1	1346633606
42	902	1	1346637790
3	903	1	1348324986
3	903	1	1348346092
155	904	1	1348942860
90	905	1	1350139019
121	906	1	1351191040
121	907	1	1351239814
121	908	1	1351244136
121	909	1	1351244145
51	910	1	1354612776
51	911	1	1354743441
8	912	1	1354811310
8	913	1	1354811577
8	913	1	1354811665
8	914	1	1354812505
42	915	1	1355088584
42	916	1	1355092351
42	917	1	1355113425
156	918	1	1355252233
157	919	1	1355725241
65	919	1	1491304141
3	920	1	1357058195
3	920	1	1357058352
3	920	1	1357058536
3	920	1	1357058817
3	920	1	1357058964
3	920	1	1388925128
3	921	1	1357059627
3	921	1	1357059958
3	921	1	1357060468
3	921	1	1357062702
3	921	1	1361625230
3	921	1	1361634565
135	922	1	1359579031
135	923	1	1359579172
135	924	1	1359903889
135	925	1	1359906890
156	926	1	1359909786
42	927	1	1360031509
158	927	1	1417132144
158	927	1	1487247235
42	928	1	1360035812
42	929	1	1361150482
42	930	1	1361156105
135	931	1	1361231575
3	932	1	1361625837
3	932	1	1361637551
3	932	1	1384717250
3	932	1	1384717276
3	932	1	1388925144
159	933	1	1362163509
159	934	1	1362163541
160	935	1	1363869021
160	935	1	1363869086
160	935	1	1363869675
160	935	1	1363869995
160	936	1	1363870361
135	937	1	1364090856
42	938	1	1364135934
42	939	1	1364143258
42	940	1	1364147229
42	941	1	1364173725
42	942	1	1364175515
150	942	1	1451502269
161	943	1	1366078114
135	944	1	1367172460
162	945	1	1367352508
150	945	1	1451505782
163	946	1	1368719671
164	947	1	1369322869
164	947	1	1376234425
42	947	1	1381707297
164	947	1	1384697493
164	947	1	1408419273
42	948	1	1370218367
164	949	1	1370606894
164	949	1	1376312114
164	949	1	1382846597
164	949	1	1382860450
165	950	1	1371895904
42	951	1	1372734471
42	952	1	1372821533
166	953	1	1373567994
166	953	1	1388836620
166	953	1	1424686500
167	954	1	1373871145
42	954	1	1381682995
3	955	1	1374009148
3	955	1	1383829962
3	955	1	1383844757
3	955	1	1383850285
168	956	1	1374244643
164	957	1	1376237689
164	957	1	1382877651
164	957	1	1382931582
169	958	1	1376680806
169	959	1	1377990486
11	960	1	1378673181
11	960	1	1378674054
11	961	1	1378673516
11	961	1	1378675901
11	962	1	1378674074
11	962	1	1378675301
11	963	1	1378674883
11	963	1	1379195292
15	964	1	1378842126
15	965	1	1378842215
15	966	1	1378843236
15	967	1	1379107552
15	968	1	1379107689
15	969	1	1379108046
8	969	1	1387788163
15	970	1	1379108111
8	970	1	1387788109
15	971	1	1379108319
15	972	1	1379108478
15	973	1	1379109050
15	974	1	1379110378
15	975	1	1379110551
15	976	1	1379110837
15	977	1	1379113116
15	978	1	1379113788
15	979	1	1379114026
15	980	1	1379114329
15	981	1	1379115335
15	982	1	1379115432
42	983	1	1379282939
42	984	1	1379303195
150	984	1	1451505782
42	985	1	1379464637
42	986	1	1379561488
42	987	1	1379563048
42	988	1	1379564373
42	989	1	1379898018
42	990	1	1379899617
42	991	1	1380160316
42	992	1	1380164517
42	993	1	1380396607
42	994	1	1380397976
42	995	1	1380401564
170	995	1	1385795368
170	995	1	1388051302
170	995	1	1391246551
42	995	1	1408627944
171	995	1	1411917953
172	995	1	1411919413
42	995	1	1413774056
42	995	1	1438466285
42	996	1	1380408106
170	996	1	1385473212
170	996	1	1386741955
170	996	1	1391654261
170	996	1	1393934356
171	996	1	1411917954
172	996	1	1411919414
42	996	1	1414901928
173	997	1	1381439539
173	997	1	1384800521
42	998	1	1381684570
42	999	1	1381723886
123	999	1	1450286618
160	1000	1	1382134077
8	1000	1	1384332381
8	1000	1	1384333358
8	1000	1	1384333390
174	1001	1	1382941081
15	1002	1	1383599725
60	1003	1	1384160802
15	1004	1	1384558991
15	1005	1	1384559104
15	1006	1	1384559666
15	1007	1	1384560647
175	1008	1	1384698362
3	1009	1	1384710594
3	1009	1	1384717064
176	1009	1	1439562996
177	1010	1	1384748016
178	1010	1	1384785224
179	1011	1	1385383439
15	1012	1	1385600775
51	1013	1	1386838375
180	1014	1	1387293153
8	1015	1	1387743200
8	1016	1	1387746156
8	1017	1	1387753284
8	1017	1	1387786396
8	1017	1	1394773160
8	1018	1	1387754927
8	1018	1	1389173498
8	1019	1	1387757276
8	1019	1	1387757329
8	1020	1	1387784852
8	1021	1	1387785192
8	1022	1	1387785263
8	1023	1	1387785335
8	1024	1	1387785395
181	1024	1	1487147785
8	1025	1	1387785994
8	1026	1	1387786038
8	1026	1	1387786628
8	1027	1	1387786092
8	1028	1	1387786144
8	1029	1	1387786188
8	1030	1	1387786588
8	1031	1	1387786669
8	1032	1	1387787094
8	1033	1	1387789695
8	1034	1	1387789736
3	1035	1	1387994662
3	1035	1	1387999847
3	1035	1	1388065904
3	1035	1	1388925913
3	1036	1	1388229817
3	1036	1	1388236542
3	1036	1	1388236632
3	1037	1	1388341688
3	1037	1	1388344559
3	1037	1	1388345084
3	1037	1	1388349102
3	1037	1	1388925940
3	1038	1	1388401641
3	1038	1	1388402200
3	1038	1	1388404910
3	1038	1	1388422182
3	1039	1	1388402805
3	1039	1	1388403030
3	1039	1	1388427191
3	1040	1	1388674268
3	1040	1	1388674601
3	1040	1	1388674804
3	1041	1	1388676077
3	1041	1	1388678858
3	1041	1	1388683649
3	1041	1	1388925964
3	1042	1	1388739225
3	1042	1	1388740087
3	1042	1	1388740595
3	1042	1	1388742251
3	1043	1	1388913912
3	1043	1	1388916582
3	1043	1	1388923674
3	1044	1	1388924837
46	1044	1	1389984608
46	1044	1	1389985355
46	1044	1	1389986816
3	1045	1	1388924841
46	1045	1	1389986794
3	1046	1	1388924854
3	1047	1	1388924871
3	1048	1	1388926315
3	1048	1	1388931781
3	1048	1	1388999910
3	1049	1	1388996187
3	1049	1	1388996529
3	1049	1	1388997210
3	1049	1	1388999268
3	1050	1	1389000363
3	1050	1	1389001550
3	1050	1	1389002517
3	1050	1	1389010618
3	1051	1	1389110427
3	1051	1	1389110964
3	1051	1	1389111933
8	1052	1	1389172132
8	1053	1	1389173122
8	1054	1	1389194916
3	1055	1	1389288733
3	1055	1	1389291014
3	1055	1	1389297913
3	1056	1	1389711228
3	1056	1	1389712458
3	1056	1	1389713154
21	1057	1	1267964693
21	1057	1	1267964795
21	1057	1	1267965401
21	1057	1	1267965504
21	1057	1	1267970325
3	1057	1	1389878998
182	1057	1	1424007811
62	1057	1	1455947622
3	1058	1	1389879180
3	1058	1	1389879356
3	1059	1	1389970904
3	1059	1	1389979209
3	1059	1	1389991162
3	1060	1	1390132501
3	1060	1	1390133452
3	1060	1	1390146326
3	1061	1	1390146557
3	1061	1	1390146681
3	1061	1	1390235408
3	1061	1	1390238066
3	1062	1	1390146717
3	1062	1	1390146735
3	1062	1	1390335093
3	1063	1	1390146838
3	1063	1	1390423286
3	1064	1	1390146919
3	1064	1	1390485656
3	1064	1	1390486344
3	1065	1	1390147019
3	1065	1	1390660647
3	1066	1	1390147112
3	1066	1	1390147158
3	1066	1	1390816356
3	1066	1	1390817726
3	1067	1	1390147251
3	1067	1	1390996742
3	1067	1	1391003954
3	1067	1	1391073477
3	1067	1	1391074532
3	1068	1	1390147344
3	1069	1	1390147444
3	1070	1	1390147585
3	1071	1	1390147630
3	1072	1	1390148376
3	1072	1	1390148393
3	1073	1	1390148444
3	1074	1	1390148508
3	1075	1	1390148724
3	1076	1	1390148835
3	1077	1	1390148953
3	1078	1	1390149041
3	1079	1	1390149082
3	1080	1	1390149165
3	1081	1	1390149242
3	1082	1	1390149335
3	1083	1	1390149615
3	1083	1	1390150146
3	1084	1	1390150064
3	1085	1	1390150340
3	1085	1	1390229687
3	1085	1	1390234410
3	1086	1	1390150501
3	1086	1	1390329932
3	1086	1	1390330298
3	1086	1	1390333225
3	1087	1	1390150644
3	1087	1	1390478951
3	1087	1	1390483379
3	1088	1	1390150753
3	1088	1	1390652649
3	1088	1	1390655259
3	1089	1	1390150868
3	1089	1	1390809905
3	1089	1	1390811744
3	1090	1	1390150984
3	1090	1	1390991296
3	1090	1	1390996344
3	1091	1	1390151214
3	1092	1	1390151339
3	1093	1	1390151374
3	1094	1	1390151465
3	1095	1	1390151627
3	1096	1	1390151702
3	1097	1	1390151783
3	1098	1	1390151855
3	1099	1	1390151955
3	1100	1	1390152065
3	1100	1	1390152093
3	1101	1	1390152281
3	1102	1	1390152353
3	1103	1	1390152470
3	1103	1	1390152566
42	1104	1	1390175745
183	1104	1	1487198268
42	1105	1	1390254789
42	1106	1	1390265939
184	1107	1	1390299565
185	1108	1	1392387904
185	1109	1	1392393391
186	1110	1	1392676456
186	1110	1	1399902253
42	1111	1	1393564338
42	1112	1	1393571597
178	1113	1	1394756617
187	1114	1	1395183829
187	1114	1	1395426052
187	1114	1	1396576783
188	1115	1	1396562493
189	1116	1	1396596542
190	1117	1	1396956682
61	1118	1	1400531922
191	1119	1	1406811917
96	1120	1	1408317614
42	1121	1	1408641848
192	1121	1	1461694888
42	1122	1	1408758159
42	1123	1	1409110164
42	1124	1	1410625268
193	1124	1	1447384113
42	1125	1	1410711247
42	1126	1	1411005703
193	1126	1	1447384222
171	1127	1	1411917953
82	1127	1	1415701069
42	1127	1	1420954760
171	1128	1	1411917954
82	1128	1	1415701085
42	1128	1	1420961425
172	1129	1	1411919414
172	1130	1	1411919414
194	1131	1	1413447193
194	1131	1	1447343589
194	1131	1	1447743617
42	1132	1	1416715635
123	1132	1	1472036100
123	1132	1	1472122044
42	1133	1	1416723064
123	1133	1	1472036100
123	1133	1	1472122045
158	1134	1	1417132143
158	1135	1	1417132144
42	1136	1	1417324258
195	1137	1	1418650137
148	1138	1	1419136872
148	1138	1	1419191663
148	1138	1	1419191808
148	1139	1	1419137190
148	1140	1	1419137208
148	1141	1	1419137225
148	1142	1	1419190427
148	1142	1	1481687943
148	1143	1	1419191523
148	1144	1	1419192220
42	1145	1	1421019434
42	1146	1	1421112936
42	1147	1	1421116925
42	1148	1	1421120913
42	1148	1	1423375742
48	1148	1	1424432174
196	1149	1	1422758331
196	1149	1	1422826018
196	1149	1	1422897499
196	1149	1	1423090052
196	1149	1	1423247862
196	1149	1	1423491385
196	1149	1	1423911585
196	1149	1	1423911622
196	1149	1	1435163940
123	1150	1	1422986726
123	1151	1	1422986726
42	1152	1	1423371290
42	1153	1	1423377992
48	1153	1	1424432174
42	1154	1	1423709067
42	1155	1	1423941757
42	1156	1	1424393996
123	1156	1	1438202362
48	1157	1	1424432174
48	1158	1	1424432174
42	1159	1	1424583745
123	1159	1	1438202271
42	1160	1	1424585840
82	1160	1	1438408127
197	1161	1	1425753436
61	1162	1	1426631444
36	1162	1	1429224191
61	1162	1	1429245537
61	1163	1	1426631444
61	1164	1	1426631444
36	1164	1	1429224192
61	1164	1	1429245537
61	1165	1	1426631445
36	1165	1	1429224191
61	1165	1	1429245537
61	1166	1	1426631445
36	1166	1	1429224192
61	1166	1	1429245537
61	1167	1	1426631445
36	1167	1	1429224191
61	1167	1	1429245537
61	1168	1	1426631445
36	1168	1	1429224192
61	1168	1	1429245537
61	1169	1	1426631445
36	1169	1	1429224190
61	1169	1	1429245537
61	1170	1	1426631445
61	1171	1	1426631445
36	1171	1	1429224192
61	1171	1	1429245537
61	1172	1	1426631445
61	1173	1	1426631445
36	1173	1	1429224195
61	1173	1	1429245537
61	1174	1	1426631445
36	1174	1	1429224195
61	1174	1	1429245537
61	1175	1	1426631445
36	1175	1	1429224195
61	1175	1	1429245537
61	1176	1	1426631455
36	1176	1	1429224195
61	1176	1	1429245537
42	1177	1	1426643109
196	1178	1	1427734580
196	1178	1	1428149251
102	1179	1	1428851135
5	1180	1	1429211996
62	1181	1	1436762199
62	1182	1	1436762723
62	1183	1	1436763013
62	1184	1	1436763228
62	1184	1	1436763281
62	1185	1	1436764060
62	1186	1	1436764332
62	1186	1	1436764395
62	1187	1	1436765175
62	1187	1	1469337476
62	1188	1	1436765612
62	1188	1	1436768384
62	1189	1	1436765679
62	1190	1	1436766706
62	1190	1	1436769164
62	1191	1	1436767588
62	1191	1	1436767830
62	1191	1	1436768333
62	1192	1	1436844004
62	1193	1	1436844025
62	1193	1	1455936328
62	1193	1	1455941203
123	1194	1	1438202272
123	1195	1	1438202362
198	1196	1	1438644667
199	1197	1	1442044302
106	1198	1	1442628475
200	1199	1	1442628747
200	1199	1	1442644813
201	1200	1	1442628887
201	1200	1	1442629118
198	1201	1	1443815783
198	1202	1	1443815783
198	1203	1	1443815784
198	1204	1	1443815784
198	1205	1	1443815784
198	1206	1	1443815784
198	1207	1	1443815784
64	1208	1	1445459061
64	1208	1	1445459090
64	1209	1	1445459106
150	1210	1	1446462748
123	1211	1	1450286618
123	1212	1	1450290222
150	1213	1	1451502269
150	1214	1	1451505782
150	1215	1	1451505783
3	1216	1	1452203678
14	1217	1	1454426754
62	1218	1	1455935628
62	1219	1	1455936766
62	1220	1	1455936940
62	1221	1	1455937426
62	1222	1	1455937702
62	1223	1	1455937879
62	1224	1	1455938227
62	1225	1	1455938414
62	1226	1	1455939335
62	1227	1	1455939497
62	1228	1	1455940090
62	1229	1	1455940297
62	1230	1	1455940577
62	1231	1	1455940970
62	1232	1	1455941807
62	1233	1	1455941910
62	1234	1	1455942152
62	1234	1	1455942177
62	1234	1	1455942196
62	1235	1	1455942417
62	1236	1	1455942462
62	1237	1	1455942640
62	1237	1	1455942711
62	1238	1	1455942711
62	1239	1	1455943166
62	1240	1	1455943680
62	1241	1	1455943909
62	1242	1	1455944047
62	1243	1	1455944270
62	1244	1	1455944514
62	1245	1	1455945150
62	1246	1	1455945265
62	1246	1	1455945283
62	1247	1	1455945478
62	1248	1	1455945675
62	1249	1	1455949026
62	1250	1	1455949595
62	1251	1	1455949838
62	1252	1	1455950345
62	1252	1	1455950731
128	1253	1	1461100708
128	1253	1	1461100979
128	1254	1	1461101006
192	1255	1	1461695587
62	1256	1	1462343808
62	1256	1	1462344258
150	1257	1	1462383624
202	1258	1	1463819630
8	1260	1	1470639279
8	1260	1	1470639434
8	1260	1	1470639485
8	1260	1	1470639639
8	1261	1	1470639532
8	1261	1	1470639664
8	1261	1	1470639687
8	1262	1	1470639566
8	1262	1	1470641056
8	1262	1	1470641071
8	1263	1	1470639664
8	1264	1	1470639698
123	1265	1	1472122044
123	1266	1	1472122045
203	1267	1	1473114889
203	1267	1	1473114959
203	1267	1	1473115009
203	1267	1	1473115212
203	1267	1	1473115392
203	1267	1	1473191766
203	1267	1	1473193014
203	1268	1	1473115313
203	1269	1	1473115650
203	1269	1	1473191863
203	1269	1	1473193163
203	1270	1	1473116443
203	1270	1	1473191714
203	1270	1	1473193084
203	1271	1	1473117649
203	1271	1	1473117671
203	1271	1	1473191835
203	1271	1	1473193139
203	1272	1	1473118526
203	1272	1	1473191631
203	1272	1	1473193111
203	1273	1	1473191516
203	1273	1	1473191663
203	1273	1	1473192953
203	1274	1	1473192229
203	1274	1	1473193193
203	1275	1	1473192508
203	1275	1	1473192819
203	1275	1	1473192888
203	1276	1	1475429982
203	1276	1	1475446938
203	1276	1	1475446995
203	1276	1	1475447383
203	1276	1	1475447612
203	1276	1	1475450048
204	1277	1	1480688053
205	1278	1	1481242500
61	1280	1	1484342791
61	1280	1	1487924602
183	1281	1	1487198268
158	1282	1	1487247235
206	1283	1	1491432769
206	1283	1	1491432896
143	1305	1	1497567882
