% bip positive
1	1	1	1185396897
1	1	1	1185397172
1	1	1	1185430045
1	1	1	1185430553
1	1	1	1185452679
2	1	1	1185525585
3	2	1	1134264116
3	3	1	1134264129
4	4	1	1135311145
4	4	1	1136530459
4	4	1	1137567495
5	4	1	1177339585
6	4	1	1184574685
2	4	1	1185525546
1	4	1	1196407193
1	4	1	1196407238
1	4	1	1196407480
1	4	1	1212311538
7	4	1	1262709957
8	4	1	1297450664
8	4	1	1297450704
9	4	1	1299351853
9	4	1	1299353090
9	4	1	1299354242
9	4	1	1299354602
9	4	1	1299354917
9	4	1	1299355352
9	4	1	1299356435
9	4	1	1299400563
9	4	1	1299400938
9	4	1	1299400952
9	4	1	1299402401
9	4	1	1299404894
9	4	1	1299405142
9	4	1	1299405738
9	4	1	1299405760
9	4	1	1299410501
10	4	1	1314098460
10	4	1	1314170348
10	4	1	1314172432
10	4	1	1314174051
10	4	1	1314198995
10	4	1	1340621714
11	4	1	1397218212
12	4	1	1418838049
13	4	1	1419224847
13	4	1	1419226265
14	4	1	1448525216
15	4	1	1478237389
16	4	1	1487946217
12	4	1	1495221119
17	5	1	1142013910
17	5	1	1443460108
4	6	1	1165363234
4	7	1	1165363264
18	8	1	1171347516
18	9	1	1171347908
5	10	1	1177339585
19	10	1	1211977228
20	10	1	1254181976
20	10	1	1255553428
21	10	1	1269974534
22	10	1	1351941685
23	10	1	1424805286
23	10	1	1429430256
23	10	1	1457898760
15	10	1	1467977062
23	10	1	1490117294
24	11	1	1174772568
5	12	1	1177339585
5	13	1	1177339585
5	14	1	1177339954
14	14	1	1434368873
25	14	1	1484076212
26	14	1	1499365438
26	14	1	1499426038
26	14	1	1499427065
26	14	1	1499454320
26	14	1	1499917663
6	15	1	1179431586
14	15	1	1434369182
27	15	1	1499922391
1	16	1	1185396701
1	16	1	1185452729
1	16	1	1185452893
1	16	1	1185452962
8	16	1	1269419710
15	16	1	1486631599
1	17	1	1185452620
28	17	1	1378195748
29	17	1	1445253017
26	17	1	1499707991
5	18	1	1185523151
30	18	1	1229636640
30	18	1	1256565559
30	18	1	1256802931
30	18	1	1288790396
31	18	1	1299966499
30	18	1	1308840067
30	18	1	1330422556
32	18	1	1397547863
33	18	1	1445242521
29	18	1	1445258695
5	19	1	1185523359
30	19	1	1229633910
30	19	1	1254170830
30	19	1	1288561866
30	19	1	1308840341
30	19	1	1319765802
34	19	1	1323949267
34	19	1	1323949824
35	19	1	1327794626
36	19	1	1343339537
37	19	1	1357116802
30	19	1	1370204167
28	19	1	1378195670
32	19	1	1397373481
29	19	1	1445252102
5	20	1	1185523614
30	20	1	1229639897
30	20	1	1254178762
38	20	1	1277691742
27	20	1	1315355637
37	20	1	1333280622
39	20	1	1376768672
32	20	1	1397562812
25	20	1	1484400641
5	21	1	1185523907
1	21	1	1185696575
1	21	1	1186126020
30	21	1	1229644015
30	21	1	1256469882
30	21	1	1256635153
30	21	1	1256803011
37	21	1	1271870704
30	21	1	1300367971
27	21	1	1310346338
37	21	1	1357116772
30	21	1	1359450388
40	21	1	1439034777
29	21	1	1445258144
15	21	1	1486627720
1	22	1	1185695161
5	22	1	1205791668
1	22	1	1218298808
7	22	1	1262709860
8	22	1	1268157959
10	22	1	1314174199
41	22	1	1332932025
10	22	1	1367789638
42	22	1	1415290558
43	22	1	1442338885
43	22	1	1442338998
44	22	1	1467547313
14	22	1	1468394560
14	22	1	1476284114
25	22	1	1484073237
25	22	1	1484075837
5	23	1	1185782990
9	23	1	1299355936
10	23	1	1340620240
10	23	1	1340620903
10	23	1	1357117401
33	23	1	1361226639
33	23	1	1364746174
25	23	1	1486050623
5	24	1	1185783078
9	24	1	1299410350
10	24	1	1357122394
10	24	1	1357122439
29	24	1	1445246682
25	24	1	1486050527
5	25	1	1185783264
30	25	1	1229644535
30	25	1	1256469972
38	25	1	1325425001
30	25	1	1370204079
32	25	1	1397418985
29	25	1	1445257199
15	25	1	1486627473
5	26	1	1185798867
30	26	1	1300349636
45	26	1	1329054601
45	26	1	1329058609
37	26	1	1335812381
40	26	1	1439034786
46	26	1	1439865936
46	26	1	1439866016
29	26	1	1445264894
47	26	1	1484125280
25	26	1	1486052183
5	27	1	1185800321
28	27	1	1378195508
29	27	1	1445251787
5	28	1	1185800648
5	28	1	1186570428
5	28	1	1186571324
45	28	1	1329137244
45	28	1	1329137613
10	28	1	1357115526
10	28	1	1357115649
33	28	1	1361226482
14	28	1	1434368924
25	28	1	1486052120
5	29	1	1185801105
28	29	1	1378195204
29	29	1	1445250388
29	29	1	1445261334
5	30	1	1185801249
9	30	1	1299356068
9	30	1	1299356224
9	30	1	1299356298
31	30	1	1299929022
10	30	1	1357119803
48	30	1	1417431634
40	30	1	1439034796
29	30	1	1470411071
25	30	1	1485023398
14	30	1	1486388794
5	31	1	1185801498
28	31	1	1378195591
29	31	1	1445252562
5	32	1	1185824715
2	32	1	1185914086
30	32	1	1229648977
30	32	1	1254226470
30	32	1	1265051746
30	32	1	1265106826
30	32	1	1279128088
30	32	1	1288561666
30	32	1	1291575006
10	32	1	1314174942
10	32	1	1314175166
10	32	1	1314175471
10	32	1	1314180365
37	32	1	1333279357
10	32	1	1357123321
30	32	1	1359445108
40	32	1	1439034807
29	32	1	1445262041
5	33	1	1185824923
5	33	1	1185825014
28	33	1	1378195400
29	33	1	1445250761
25	33	1	1484399546
47	33	1	1484402908
5	34	1	1185826757
2	34	1	1185913992
30	34	1	1229633703
49	34	1	1238134667
30	34	1	1254170540
30	34	1	1256490245
30	34	1	1256528561
7	34	1	1262710305
30	34	1	1279123517
50	34	1	1299255508
9	34	1	1299406397
9	34	1	1299502064
9	34	1	1299502110
9	34	1	1299502144
10	34	1	1314180767
10	34	1	1314196028
30	34	1	1319763222
51	34	1	1322343315
35	34	1	1327794057
33	34	1	1361225948
52	34	1	1362996628
32	34	1	1397005645
53	34	1	1458760673
25	34	1	1484072224
25	34	1	1484135890
5	35	1	1185875270
10	35	1	1340609364
10	35	1	1340609800
10	35	1	1340610910
10	35	1	1357120892
33	35	1	1361226587
40	35	1	1439034817
1	36	1	1186122324
15	36	1	1486631674
5	37	1	1186125084
5	37	1	1186568445
29	37	1	1445264243
15	37	1	1486630623
1	38	1	1186127669
2	38	1	1186462563
30	38	1	1256471167
54	38	1	1258153400
30	38	1	1272202639
30	38	1	1294912374
30	38	1	1297681107
37	38	1	1336927412
37	38	1	1341147238
37	38	1	1351436604
39	38	1	1376769627
32	38	1	1397507249
29	38	1	1445257487
25	38	1	1484398917
1	39	1	1186341409
45	39	1	1329136910
10	39	1	1357115072
33	39	1	1361226367
25	39	1	1486050830
12	39	1	1486240075
16	39	1	1487950399
1	40	1	1186341791
29	40	1	1445263056
15	40	1	1486630402
1	41	1	1186434516
2	41	1	1186436040
30	41	1	1256470343
30	41	1	1281037310
30	41	1	1288790803
30	41	1	1291574865
27	41	1	1315270208
34	41	1	1321004624
37	41	1	1334597751
36	41	1	1346751582
30	41	1	1370204217
30	41	1	1378760525
55	41	1	1397253220
15	41	1	1486631120
1	42	1	1186559621
1	42	1	1186578817
1	42	1	1194209183
10	42	1	1314174721
10	42	1	1314174759
10	42	1	1357122246
40	42	1	1439034827
29	42	1	1445261832
1	43	1	1186560115
28	43	1	1378196014
29	43	1	1445254763
5	44	1	1186568284
2	44	1	1191574183
30	44	1	1229643103
30	44	1	1262752279
27	44	1	1310423902
56	44	1	1317419606
37	44	1	1345285204
32	44	1	1397515159
29	44	1	1445256562
15	44	1	1486627309
5	45	1	1186568597
29	45	1	1445253102
29	45	1	1445253384
15	45	1	1486626083
26	45	1	1499831745
5	46	1	1186568782
29	46	1	1445259404
25	46	1	1484400262
5	47	1	1186569193
9	47	1	1299413302
9	47	1	1299413383
9	47	1	1299502412
9	47	1	1299502427
9	47	1	1299502606
30	47	1	1300268693
45	47	1	1329136508
10	47	1	1357117026
33	47	1	1361226252
57	47	1	1414532249
40	47	1	1439034837
14	47	1	1446046468
25	47	1	1486050778
5	48	1	1186569286
29	48	1	1445256256
25	48	1	1484397559
26	48	1	1499787980
26	48	1	1499788507
5	49	1	1186569452
2	49	1	1228679455
30	49	1	1256470063
30	49	1	1288593325
30	49	1	1288782937
27	49	1	1310340577
35	49	1	1327798018
37	49	1	1339330334
37	49	1	1341653785
37	49	1	1346487319
37	49	1	1351439425
30	49	1	1370204105
28	49	1	1378195127
32	49	1	1397522291
33	49	1	1445242855
29	49	1	1445249938
29	49	1	1445250947
58	49	1	1456437638
5	50	1	1186569544
28	50	1	1378197488
40	50	1	1439034847
29	50	1	1445255977
5	51	1	1186569655
29	51	1	1445258520
15	51	1	1486628560
26	51	1	1499615495
26	51	1	1499793451
26	51	1	1499793850
26	51	1	1499793918
5	52	1	1186569938
30	52	1	1319763726
30	52	1	1330423007
37	52	1	1333279989
37	52	1	1339165048
37	52	1	1345280552
37	52	1	1351439806
40	52	1	1439034857
33	52	1	1445242304
33	52	1	1445242356
29	52	1	1445263984
5	53	1	1186571813
29	53	1	1445263698
15	53	1	1486630515
26	53	1	1499609315
26	53	1	1499609368
26	53	1	1499609406
26	53	1	1499774850
26	53	1	1499774986
26	53	1	1499775396
26	53	1	1499775756
26	53	1	1499775969
26	53	1	1499776001
26	53	1	1499777497
5	54	1	1186571863
30	54	1	1319763622
36	54	1	1343365361
40	54	1	1439034867
29	54	1	1445258317
15	54	1	1486628305
26	54	1	1499613210
26	54	1	1499613522
26	54	1	1499613584
26	54	1	1499613973
5	55	1	1186571918
29	55	1	1445258881
25	55	1	1484420512
25	55	1	1484421090
1	56	1	1186662122
15	56	1	1486630948
26	56	1	1499707692
5	57	1	1186993236
14	57	1	1434364343
29	57	1	1445260215
15	57	1	1486629483
26	57	1	1499618522
26	57	1	1499618678
26	57	1	1499792378
26	57	1	1499792746
5	58	1	1187252957
29	58	1	1445259689
15	58	1	1486629408
16	58	1	1487947948
5	59	1	1187687139
9	59	1	1299413594
9	59	1	1299413605
9	59	1	1299502783
30	59	1	1300268064
37	59	1	1341738537
10	59	1	1357122005
33	59	1	1361226296
30	59	1	1370204208
12	59	1	1418835998
40	59	1	1439034877
29	59	1	1470410509
12	59	1	1483791724
12	59	1	1483791760
47	59	1	1483957274
12	59	1	1490908159
26	59	1	1499772903
1	60	1	1187874839
29	60	1	1445259965
15	60	1	1486629461
1	61	1	1187875371
59	62	1	1188508368
1	63	1	1189533935
15	63	1	1486631570
60	64	1	1191383118
61	64	1	1279804366
60	65	1	1191383207
60	65	1	1191383353
59	66	1	1191396382
21	67	1	1191952143
21	67	1	1329539133
62	68	1	1192819234
62	68	1	1192819371
62	68	1	1199454737
1	69	1	1194208568
1	69	1	1194208728
1	69	1	1194208946
10	69	1	1314174396
1	70	1	1194512791
28	70	1	1378196194
32	70	1	1397560694
33	70	1	1445242867
29	70	1	1445254930
1	71	1	1194965505
9	71	1	1299502987
9	71	1	1299503513
9	71	1	1299503569
36	71	1	1343681951
37	71	1	1351439246
33	71	1	1361226333
30	71	1	1370219761
32	71	1	1397510187
63	71	1	1420306307
15	71	1	1486627654
15	71	1	1486631276
15	71	1	1486733117
1	72	1	1195318764
29	72	1	1445255728
15	72	1	1486626977
26	72	1	1499617684
26	72	1	1499791333
26	72	1	1499791725
26	72	1	1499792928
1	73	1	1196028864
1	73	1	1196407036
64	74	1	1196574427
1	75	1	1196841087
15	75	1	1486629643
1	76	1	1196841088
15	76	1	1486629635
26	76	1	1499608828
26	76	1	1499608878
26	76	1	1499613297
26	76	1	1499614133
26	76	1	1499617239
26	76	1	1499617347
26	76	1	1499760436
26	76	1	1499760653
1	77	1	1197413177
25	77	1	1484397949
15	77	1	1486629379
1	78	1	1197413868
15	78	1	1486629328
26	78	1	1499614923
26	78	1	1499618167
26	78	1	1499851835
26	78	1	1499851881
26	78	1	1499852376
1	79	1	1197445240
1	79	1	1197445504
1	79	1	1197445604
25	79	1	1484421305
26	79	1	1499614663
26	79	1	1499616652
26	79	1	1499753214
26	79	1	1499753726
26	79	1	1499754192
26	79	1	1499759163
26	79	1	1499762254
26	79	1	1499773717
1	80	1	1197445502
1	81	1	1198270247
1	81	1	1198270544
14	81	1	1448030035
15	81	1	1486629580
26	81	1	1499613751
26	81	1	1499616348
1	82	1	1198270435
30	82	1	1256471537
30	82	1	1256511338
37	82	1	1267820420
30	82	1	1300307700
50	82	1	1300765005
27	82	1	1310313268
27	82	1	1314571994
30	82	1	1330422784
37	82	1	1357115282
32	82	1	1397006527
14	82	1	1448030061
15	82	1	1486629541
26	82	1	1499617915
26	82	1	1499779727
26	82	1	1499779871
26	82	1	1499780224
65	83	1	1198412186
1	84	1	1199277934
1	84	1	1199278271
30	84	1	1229653505
37	84	1	1357561643
28	84	1	1378197017
32	84	1	1397522776
26	84	1	1499790320
26	84	1	1499790383
26	84	1	1499836316
26	84	1	1499836975
26	84	1	1499837086
1	85	1	1199278204
66	86	1	1200433710
66	87	1	1200433718
1	88	1	1200643984
15	88	1	1486628811
26	88	1	1499616066
26	88	1	1499618920
26	88	1	1499787174
26	88	1	1499787513
26	88	1	1499787731
1	89	1	1200644701
1	89	1	1200645076
1	90	1	1200667417
14	90	1	1446479521
15	90	1	1486631192
26	90	1	1499790034
26	90	1	1499835498
26	90	1	1499835871
26	90	1	1499835955
1	91	1	1200667895
15	91	1	1486631371
67	92	1	1200942666
67	93	1	1200942673
1	94	1	1202318237
28	94	1	1378194623
26	94	1	1499616955
26	94	1	1499617049
26	94	1	1499618278
1	95	1	1202318555
15	95	1	1486620121
1	96	1	1202543363
2	96	1	1228679639
30	96	1	1256470488
30	96	1	1256488242
30	96	1	1256524798
30	96	1	1265047972
30	96	1	1279120424
30	96	1	1280990840
27	96	1	1310358278
38	96	1	1325425126
37	96	1	1334166120
32	96	1	1397532575
68	96	1	1412882807
68	96	1	1412882830
14	96	1	1448029641
15	96	1	1486629067
26	96	1	1499778042
26	96	1	1499778460
26	96	1	1499778706
1	97	1	1202543774
1	97	1	1202544503
14	97	1	1448029546
15	97	1	1486629147
1	98	1	1202726734
1	98	1	1202727392
1	98	1	1202728404
1	98	1	1202728502
28	98	1	1378194735
43	98	1	1442336985
1	99	1	1205999895
15	99	1	1486627267
26	99	1	1499614319
26	99	1	1499614509
26	99	1	1499761057
26	99	1	1499761440
26	99	1	1499774370
1	100	1	1206000032
14	100	1	1462356069
69	100	1	1477058092
15	100	1	1486627356
26	100	1	1499615213
70	101	1	1206470244
70	102	1	1206470388
71	103	1	1206637728
67	104	1	1208482605
67	104	1	1210096989
21	104	1	1225432251
5	105	1	1209805056
5	105	1	1209805072
15	105	1	1486630458
72	106	1	1250509636
15	106	1	1486629015
73	107	1	1211739655
73	108	1	1211739723
74	109	1	1212089255
21	109	1	1277173892
21	109	1	1277175286
75	110	1	1212303770
75	110	1	1250283055
76	111	1	1212353892
77	112	1	1212797410
77	112	1	1217283089
77	112	1	1349134000
77	112	1	1349163961
77	112	1	1349680106
78	113	1	1213740414
78	113	1	1213784420
71	113	1	1254903130
78	113	1	1261739232
78	113	1	1264523548
78	113	1	1293285342
78	113	1	1372514674
5	114	1	1214062477
29	114	1	1445260496
29	114	1	1445260511
25	114	1	1484399818
78	115	1	1214146177
79	116	1	1218480567
80	117	1	1219244219
1	118	1	1219592098
10	118	1	1314194313
10	118	1	1357119957
10	118	1	1357120182
40	118	1	1439034887
26	118	1	1499836444
26	118	1	1499837372
1	119	1	1219592102
10	119	1	1314194253
10	119	1	1357118805
26	119	1	1500127605
26	119	1	1500128009
1	120	1	1219592219
1	121	1	1219925290
10	121	1	1314194282
10	121	1	1357119131
26	121	1	1499790933
26	121	1	1499790974
26	121	1	1499834932
26	121	1	1499835267
1	122	1	1219925504
15	122	1	1486628489
29	123	1	1445246898
81	125	1	1223550703
1	126	1	1223751451
1	126	1	1223752442
1	126	1	1224252101
1	126	1	1224262684
1	126	1	1224262958
1	126	1	1224263177
1	126	1	1224264067
1	126	1	1239179821
25	126	1	1486052561
1	127	1	1224251406
1	127	1	1224263221
1	127	1	1239179583
1	127	1	1239179910
1	127	1	1295252818
15	127	1	1486629780
1	128	1	1224251536
1	128	1	1224263295
25	128	1	1484422143
25	128	1	1484422182
15	128	1	1486629804
1	129	1	1224251633
1	129	1	1224263304
25	129	1	1484422777
15	129	1	1486629830
1	130	1	1224251675
1	130	1	1224251694
1	130	1	1224263308
25	130	1	1484421988
15	130	1	1486629882
1	131	1	1224251826
1	131	1	1224263316
25	131	1	1484422826
15	131	1	1486629905
1	132	1	1224260622
1	132	1	1224263323
25	132	1	1484422107
15	132	1	1486629931
1	133	1	1224260963
1	133	1	1224263326
25	133	1	1484422888
15	133	1	1486629959
1	134	1	1224261098
1	134	1	1224263333
25	134	1	1484422923
15	134	1	1486629975
1	135	1	1224261211
15	135	1	1486629994
1	136	1	1224261262
25	136	1	1484419906
15	136	1	1486630014
1	137	1	1224261310
15	137	1	1486630035
1	138	1	1224261383
15	138	1	1486630057
1	139	1	1224261591
1	139	1	1224261660
15	139	1	1486630091
1	140	1	1224261808
1	140	1	1224261947
15	140	1	1486630112
1	141	1	1224261981
15	141	1	1486630134
1	142	1	1224262037
15	142	1	1486630164
1	143	1	1224262136
15	143	1	1486630185
1	144	1	1224262207
15	144	1	1486630213
1	145	1	1224262289
1	145	1	1295252917
25	145	1	1484421351
15	145	1	1486630244
1	146	1	1224262342
25	146	1	1484419853
25	146	1	1484419874
15	146	1	1486630268
1	147	1	1224262406
15	147	1	1486630309
1	148	1	1224262946
15	148	1	1486630329
1	149	1	1224263221
1	150	1	1224263295
1	151	1	1224263304
1	152	1	1224263308
1	153	1	1224263316
1	154	1	1224263323
1	155	1	1224263326
1	156	1	1224263333
21	157	1	1225174390
21	158	1	1225271463
82	159	1	1225305680
82	160	1	1225310529
82	161	1	1225314490
21	162	1	1225342828
82	163	1	1225362309
82	163	1	1226319058
82	164	1	1225371571
82	165	1	1225375897
21	166	1	1225407911
82	167	1	1225452864
82	167	1	1225475687
82	167	1	1225583905
82	167	1	1225598472
82	167	1	1225650632
82	167	1	1225681191
82	167	1	1225724227
82	167	1	1225773343
82	167	1	1225832294
82	167	1	1225859470
82	167	1	1225876698
82	167	1	1226007939
82	167	1	1226377454
82	167	1	1226403735
82	167	1	1226484983
82	167	1	1226497412
82	167	1	1227101908
82	167	1	1227875955
82	167	1	1229409751
82	167	1	1230223772
82	167	1	1230237791
82	167	1	1230766816
82	167	1	1231583608
82	167	1	1232066549
82	167	1	1232469875
82	167	1	1232478212
82	167	1	1233055229
82	167	1	1233096171
82	167	1	1233121414
82	167	1	1233207764
82	167	1	1233555255
82	167	1	1234446865
82	167	1	1234946942
82	167	1	1235324947
82	167	1	1235493817
82	167	1	1236127068
82	167	1	1237333737
82	167	1	1237338328
82	167	1	1238042679
82	167	1	1238715823
82	167	1	1240461611
21	168	1	1225531914
21	169	1	1225586322
21	170	1	1225682184
21	171	1	1225773665
1	172	1	1225820239
12	172	1	1485460448
25	172	1	1486052509
21	173	1	1225863187
82	174	1	1225927490
82	175	1	1225939812
82	175	1	1225942122
82	176	1	1225956877
82	176	1	1226308909
82	177	1	1226226243
83	178	1	1226491183
83	179	1	1226502679
21	180	1	1226545218
21	181	1	1227251714
29	182	1	1445265255
15	182	1	1486630912
29	183	1	1470412704
15	183	1	1486631470
21	184	1	1227886175
30	185	1	1256470961
30	185	1	1256494434
84	185	1	1258047735
37	185	1	1267814281
30	185	1	1280987282
9	185	1	1299413065
9	185	1	1299413086
9	185	1	1299501538
30	185	1	1300344913
27	185	1	1310492307
10	185	1	1314180994
85	185	1	1327752430
35	185	1	1327938483
10	185	1	1357116918
37	185	1	1357124917
33	185	1	1361226201
30	185	1	1370333285
36	185	1	1371243567
39	185	1	1376765776
32	185	1	1397509127
16	185	1	1487946038
16	185	1	1487946099
16	185	1	1491825999
26	185	1	1499451504
26	185	1	1499451604
26	185	1	1499451710
5	186	1	1228646244
9	186	1	1299413926
31	186	1	1299930096
30	186	1	1300269217
30	186	1	1300283590
30	186	1	1319856749
35	186	1	1327795483
37	186	1	1334594680
10	186	1	1357122840
33	186	1	1361226554
30	186	1	1370334864
32	186	1	1397524794
25	186	1	1484074558
5	187	1	1228828452
15	187	1	1486628607
5	188	1	1228829178
14	188	1	1415594714
15	188	1	1486626569
5	189	1	1228829461
5	189	1	1228829478
15	189	1	1486626624
20	190	1	1229701201
20	191	1	1229701510
86	192	1	1229951294
21	193	1	1234152059
21	194	1	1234567112
21	195	1	1235277270
21	196	1	1235281136
82	197	1	1237294782
21	198	1	1237617836
87	199	1	1238741420
87	200	1	1238741430
21	201	1	1239507444
21	202	1	1239580448
21	203	1	1239583985
21	204	1	1240009470
21	205	1	1240017142
21	206	1	1240080504
21	207	1	1240089865
5	208	1	1241001869
5	208	1	1241087506
15	208	1	1486631004
5	209	1	1241002291
88	209	1	1428396037
88	209	1	1470730443
15	209	1	1486631037
5	210	1	1241087693
15	210	1	1486630977
5	211	1	1241087876
15	211	1	1486631018
89	212	1	1242468731
9	212	1	1299405491
90	212	1	1490083482
91	213	1	1242926169
92	214	1	1243064295
9	214	1	1299406632
15	214	1	1479882508
26	214	1	1499932916
93	215	1	1243474379
93	216	1	1243474382
94	217	1	1244733416
95	218	1	1245910048
96	219	1	1246046188
10	219	1	1314174307
28	219	1	1378194490
97	219	1	1444778382
96	220	1	1246046196
96	221	1	1246046202
98	222	1	1248103410
99	223	1	1251730875
21	224	1	1251839034
21	225	1	1252736931
21	226	1	1252745762
21	227	1	1252817319
20	229	1	1255553440
28	229	1	1308225275
26	229	1	1499683491
100	230	1	1257083132
101	231	1	1257288412
84	232	1	1258042439
84	232	1	1291927271
102	233	1	1259862630
103	233	1	1334638332
104	234	1	1261207892
104	234	1	1261207921
104	234	1	1261211171
36	234	1	1343654494
29	234	1	1445262761
15	234	1	1486630367
26	234	1	1499780857
26	234	1	1499781272
26	234	1	1499781327
26	234	1	1499781570
26	234	1	1499786730
21	235	1	1264238098
21	236	1	1264292661
71	237	1	1264310173
21	238	1	1264468101
21	239	1	1264473954
21	240	1	1264552700
21	241	1	1264721970
21	242	1	1264732801
21	243	1	1264919689
21	244	1	1264922187
21	245	1	1264923835
21	246	1	1266707035
21	246	1	1379474000
21	247	1	1266718029
105	248	1	1268600851
106	249	1	1268671906
106	249	1	1268672075
106	249	1	1268672142
106	249	1	1270632303
106	249	1	1270632343
106	249	1	1270632386
106	249	1	1270632406
106	249	1	1270632437
106	249	1	1270632464
8	250	1	1269419946
28	250	1	1378196438
29	250	1	1445255541
107	251	1	1269710260
21	252	1	1269974520
108	252	1	1332583115
109	252	1	1415986489
43	252	1	1442336833
43	252	1	1442336922
29	252	1	1445263381
15	252	1	1456753940
33	252	1	1457168579
109	252	1	1466776917
109	252	1	1467087697
26	252	1	1499589209
26	252	1	1499855110
26	252	1	1499855732
26	252	1	1499856102
21	253	1	1269974555
15	253	1	1466664786
12	253	1	1486236952
110	254	1	1270034154
111	255	1	1270195967
111	255	1	1379156036
111	256	1	1270471024
111	256	1	1379156039
111	257	1	1270660137
111	257	1	1379156042
112	258	1	1270821072
112	258	1	1270821099
112	258	1	1270821124
112	258	1	1270821148
112	258	1	1270821203
112	258	1	1270821255
112	258	1	1270821291
21	259	1	1271127429
21	260	1	1276992871
21	261	1	1277066667
21	262	1	1277159415
21	263	1	1277168402
21	264	1	1277179369
21	265	1	1277180849
21	266	1	1277247793
21	267	1	1277579422
21	267	1	1289087776
113	267	1	1308757957
113	267	1	1309105884
113	267	1	1322673723
113	267	1	1356641517
113	267	1	1356692309
61	268	1	1279804366
21	269	1	1280796218
21	270	1	1280800231
114	271	1	1280960442
114	271	1	1281006269
114	272	1	1281097364
21	273	1	1281149628
21	274	1	1281153721
21	275	1	1281155323
21	276	1	1281158716
114	277	1	1281182986
21	277	1	1289145654
113	277	1	1308798341
113	277	1	1309109648
113	277	1	1356641498
21	278	1	1281233100
21	279	1	1281234876
114	280	1	1281258707
115	281	1	1282432935
21	282	1	1283021137
21	283	1	1283393662
116	284	1	1283395610
116	284	1	1284616399
117	284	1	1408317661
116	285	1	1283412510
118	286	1	1284221048
119	287	1	1285019784
116	288	1	1285794067
9	289	1	1299349836
9	289	1	1299349919
9	289	1	1299350015
9	289	1	1299350120
9	289	1	1299350267
9	289	1	1299405178
9	289	1	1299410376
31	289	1	1299929678
30	289	1	1300268724
37	289	1	1351438674
10	289	1	1357123471
33	289	1	1361226534
32	289	1	1397540146
14	289	1	1448029818
14	289	1	1448029892
14	289	1	1448029944
25	289	1	1484135838
116	290	1	1286351029
21	291	1	1289158719
21	292	1	1289173377
116	293	1	1289955345
116	293	1	1291479202
116	293	1	1295308049
120	293	1	1327764724
121	293	1	1337664321
121	293	1	1342549122
121	293	1	1349131749
121	293	1	1360201004
7	294	1	1290626812
122	295	1	1291889121
123	296	1	1291890359
124	297	1	1294088132
125	298	1	1294636721
125	298	1	1294637249
125	298	1	1294637440
125	298	1	1294637641
125	298	1	1294637726
125	298	1	1294637909
125	298	1	1294638085
125	298	1	1294638383
125	298	1	1294638554
30	298	1	1294874430
87	298	1	1295102401
126	298	1	1296598585
37	298	1	1357561670
28	298	1	1378194225
28	298	1	1378194601
29	298	1	1445247248
40	298	1	1456588162
127	298	1	1481307400
127	298	1	1491597956
14	299	1	1295524500
14	299	1	1295527546
128	299	1	1319356049
30	299	1	1319763686
30	299	1	1319764408
30	299	1	1330422887
37	299	1	1333278696
58	299	1	1344170180
32	299	1	1397536839
58	299	1	1468029488
25	299	1	1484396308
25	299	1	1484396592
25	299	1	1484396627
14	300	1	1295527536
14	301	1	1295530007
14	301	1	1314212908
19	302	1	1295784897
15	302	1	1486620430
21	303	1	1296442964
21	303	1	1333238170
129	303	1	1390288756
21	304	1	1296449020
21	305	1	1296529192
126	306	1	1296598613
126	307	1	1296598643
21	308	1	1296617554
50	309	1	1296648830
21	310	1	1296784380
130	311	1	1298413080
130	311	1	1330304582
26	311	1	1500037153
21	312	1	1298435992
9	313	1	1299354388
9	313	1	1299354496
9	313	1	1299355117
36	313	1	1346740570
35	313	1	1365972018
40	313	1	1439034897
40	313	1	1471547530
15	313	1	1491569144
12	313	1	1498328410
9	314	1	1299354527
9	314	1	1299354650
87	314	1	1302882632
87	314	1	1310752270
27	314	1	1315314099
27	314	1	1315348424
30	314	1	1320078714
37	314	1	1333645931
40	314	1	1439034907
9	315	1	1299354698
31	315	1	1299929066
10	315	1	1314188418
36	315	1	1343405414
36	315	1	1343408054
15	315	1	1498544188
9	316	1	1299354841
87	316	1	1302882548
87	316	1	1308147030
27	316	1	1315314649
36	316	1	1349829001
37	316	1	1357207814
40	316	1	1439034917
9	317	1	1299354998
31	317	1	1299929210
50	317	1	1300908025
30	317	1	1320083884
35	317	1	1327878287
36	317	1	1346806007
40	317	1	1439034927
9	318	1	1299355052
31	318	1	1299929262
87	318	1	1302882571
36	318	1	1343384080
16	318	1	1487946058
15	318	1	1491572479
16	318	1	1491826040
26	318	1	1499451826
9	319	1	1299355092
87	319	1	1302882652
27	319	1	1315316389
27	319	1	1315350964
85	319	1	1322390311
30	319	1	1330343349
40	319	1	1439034937
15	319	1	1491572659
9	320	1	1299355243
31	320	1	1299929545
31	320	1	1299929629
50	320	1	1299929854
27	320	1	1315318241
27	320	1	1315354885
131	320	1	1315359761
131	320	1	1315365500
30	320	1	1320084640
30	320	1	1330336329
40	320	1	1439034947
15	320	1	1491572733
9	321	1	1299355264
31	321	1	1299929311
50	321	1	1301054492
35	321	1	1327878037
36	321	1	1343339502
40	321	1	1439034957
9	322	1	1299355301
31	322	1	1299928849
35	322	1	1327881819
35	322	1	1365957733
40	322	1	1439034967
15	322	1	1491572771
9	323	1	1299355303
31	323	1	1299929397
50	323	1	1301048024
87	323	1	1308146829
87	323	1	1310752196
35	323	1	1365949783
40	323	1	1439034977
15	323	1	1491572805
9	324	1	1299355306
31	324	1	1299928809
87	324	1	1302882612
27	324	1	1315317689
27	324	1	1315353658
40	324	1	1439034987
25	324	1	1484135964
15	324	1	1491572843
9	325	1	1299355453
9	326	1	1299355524
10	326	1	1314188371
36	326	1	1343655182
15	326	1	1498543958
9	327	1	1299355636
9	328	1	1299355640
9	329	1	1299355643
9	330	1	1299355648
9	331	1	1299355658
9	332	1	1299355683
9	333	1	1299355686
9	334	1	1299355692
9	335	1	1299355696
9	336	1	1299355702
9	337	1	1299355706
9	338	1	1299355713
9	339	1	1299355717
9	340	1	1299355743
9	341	1	1299355777
9	342	1	1299355781
9	343	1	1299355785
9	344	1	1299355790
9	345	1	1299355795
9	346	1	1299355799
9	347	1	1299355804
9	348	1	1299355808
9	349	1	1299355812
9	350	1	1299355818
9	351	1	1299355822
9	352	1	1299355826
9	353	1	1299355831
9	354	1	1299355835
9	355	1	1299356405
31	355	1	1299928760
87	355	1	1302882595
27	355	1	1315318601
27	355	1	1315352337
131	355	1	1315360645
131	355	1	1315365501
30	355	1	1320083930
30	355	1	1320084724
40	355	1	1439034997
9	356	1	1299405358
9	356	1	1299405530
9	356	1	1299405586
9	356	1	1299412861
9	356	1	1299486355
9	356	1	1299486461
9	356	1	1299487220
9	356	1	1299487284
9	356	1	1299487886
9	356	1	1299487928
9	356	1	1299487966
9	356	1	1299488068
9	356	1	1299488224
9	356	1	1299488678
9	356	1	1299488717
9	356	1	1299489153
30	356	1	1300268360
14	356	1	1314179798
14	356	1	1314180276
14	356	1	1314180482
14	356	1	1314180770
14	356	1	1314181478
14	356	1	1314182338
14	356	1	1314183431
14	356	1	1314183665
37	356	1	1333275757
10	356	1	1357119275
37	356	1	1357306075
33	356	1	1361226157
8	356	1	1361948129
36	356	1	1371243505
14	356	1	1377069221
47	356	1	1396207652
32	356	1	1397291475
14	356	1	1438765692
14	356	1	1438765770
33	356	1	1457191674
16	356	1	1487923376
16	356	1	1487948051
16	356	1	1487948792
47	356	1	1496321894
9	357	1	1299406615
14	357	1	1308579246
10	357	1	1314199064
10	357	1	1314202191
30	357	1	1359375044
33	357	1	1361227015
132	357	1	1364842540
40	357	1	1439035007
25	357	1	1484072679
9	358	1	1299406764
9	358	1	1299406787
9	358	1	1299489310
10	358	1	1314199422
35	358	1	1326807058
30	358	1	1330450225
37	358	1	1343429260
37	358	1	1351439644
33	358	1	1361227068
40	358	1	1439035017
9	359	1	1299410811
9	359	1	1299411266
9	359	1	1299412810
9	359	1	1299502253
9	359	1	1299502376
50	359	1	1299502805
87	359	1	1302882528
27	359	1	1313106339
10	359	1	1314181145
30	359	1	1319760011
37	359	1	1342107980
36	359	1	1343669501
10	359	1	1357115876
33	359	1	1361226039
35	359	1	1365977486
30	359	1	1370204923
39	359	1	1376772736
32	359	1	1397279651
33	359	1	1457191651
25	359	1	1486049537
25	359	1	1486049696
26	359	1	1499830860
26	359	1	1499842468
9	360	1	1299487385
9	360	1	1299487463
9	360	1	1299487598
9	360	1	1299487775
9	360	1	1299487843
9	360	1	1299488196
9	360	1	1299502812
10	360	1	1314174346
10	360	1	1314180088
10	360	1	1314180579
10	360	1	1314180668
10	360	1	1314181384
14	360	1	1448030149
47	360	1	1487253019
9	361	1	1299501437
14	362	1	1299874193
29	362	1	1445256932
14	362	1	1448526071
12	362	1	1479557193
12	362	1	1479557270
25	362	1	1484073941
25	362	1	1484074164
16	362	1	1487947677
21	363	1	1301870221
21	364	1	1302978400
133	364	1	1331470217
21	365	1	1302982864
21	366	1	1302994719
21	367	1	1303351380
26	368	1	1499669698
21	369	1	1305157360
21	369	1	1333912110
33	370	1	1306166056
33	370	1	1361224271
33	370	1	1455191358
134	371	1	1306225540
134	371	1	1314528101
116	372	1	1306448486
116	373	1	1306520660
135	374	1	1307396235
136	374	1	1332350263
137	375	1	1308065683
137	375	1	1331360290
137	375	1	1331361405
137	375	1	1400724935
137	375	1	1423196432
26	375	1	1500038669
137	375	1	1500130038
28	376	1	1308225253
28	376	1	1316862198
113	377	1	1308808553
113	377	1	1308812418
113	378	1	1308811851
113	378	1	1308812171
138	379	1	1309518572
138	380	1	1309529208
113	381	1	1309539365
113	382	1	1309541534
21	383	1	1309570708
21	384	1	1309579388
21	385	1	1309583412
21	386	1	1309623405
21	387	1	1309632345
131	388	1	1310367949
139	389	1	1311111222
140	390	1	1313252386
140	391	1	1313254047
10	392	1	1314097147
10	392	1	1314098018
10	392	1	1314098332
10	392	1	1314098667
10	392	1	1314170663
10	392	1	1357117439
10	392	1	1357117532
33	392	1	1361226685
33	392	1	1379569118
40	392	1	1439035027
25	392	1	1486050313
25	392	1	1486050400
10	393	1	1314170274
10	393	1	1314171125
34	393	1	1321260584
10	393	1	1357117381
10	393	1	1357117659
33	393	1	1361226715
40	393	1	1439035038
25	393	1	1484420282
25	393	1	1486050599
10	394	1	1314171960
10	395	1	1314172032
10	396	1	1314172364
10	396	1	1314173992
10	396	1	1314174154
14	396	1	1448029845
12	396	1	1487535993
12	396	1	1495220912
12	396	1	1495220973
12	396	1	1495221061
12	396	1	1495286950
16	396	1	1495818195
12	396	1	1497105743
12	396	1	1498328520
12	396	1	1499014548
10	397	1	1314173363
26	397	1	1499402368
26	397	1	1499402420
10	398	1	1314173692
14	398	1	1314211006
36	398	1	1343340480
36	398	1	1346967135
36	398	1	1347119328
36	398	1	1347150598
36	398	1	1347204804
36	398	1	1347216500
36	398	1	1347625549
35	398	1	1365975065
36	398	1	1371244578
141	398	1	1403621308
10	399	1	1314175050
10	400	1	1314188284
14	400	1	1448030958
10	401	1	1314193891
10	402	1	1314193997
10	403	1	1314194094
10	404	1	1314194584
10	405	1	1314194631
10	406	1	1314194702
10	407	1	1314195278
10	408	1	1314195488
12	408	1	1497117897
26	408	1	1499427824
142	409	1	1314202831
10	409	1	1314203069
10	409	1	1314203183
142	409	1	1314203457
10	409	1	1314203596
142	409	1	1314204732
142	409	1	1314206587
142	409	1	1314207035
142	409	1	1314208541
143	409	1	1334953471
10	409	1	1357119458
30	409	1	1370204241
40	409	1	1439035047
29	409	1	1470411147
16	409	1	1487947320
16	409	1	1487948765
14	410	1	1314211055
14	410	1	1314212866
14	410	1	1314212974
14	410	1	1314213329
36	410	1	1343666529
36	410	1	1343706101
36	410	1	1371244918
144	410	1	1416062822
144	410	1	1416063022
26	410	1	1499663799
26	410	1	1499663864
26	410	1	1499664921
26	410	1	1499665933
26	410	1	1499666122
26	410	1	1499668780
26	410	1	1499669104
26	410	1	1499671185
26	410	1	1499672531
26	410	1	1499672767
26	410	1	1499672910
26	410	1	1499673146
26	410	1	1499673241
26	410	1	1499673486
26	410	1	1499690372
26	410	1	1499690568
26	410	1	1499690856
26	410	1	1499691150
26	410	1	1499691425
26	410	1	1499691561
26	410	1	1499692616
26	410	1	1499692725
26	410	1	1499693043
26	410	1	1499693192
26	410	1	1499694086
26	410	1	1499694207
26	410	1	1499694394
26	410	1	1499694521
26	410	1	1499694656
26	410	1	1499694722
26	410	1	1500192487
14	411	1	1314213221
41	411	1	1329216552
14	412	1	1314213285
27	412	1	1315269662
35	412	1	1327877708
40	412	1	1439035058
15	412	1	1498546029
26	412	1	1499596668
21	413	1	1314242273
21	413	1	1422212463
55	414	1	1314251958
10	415	1	1314776360
21	416	1	1315763708
21	417	1	1315768170
21	418	1	1315772664
145	419	1	1318205521
136	420	1	1318459795
21	421	1	1318981826
116	423	1	1319841808
116	423	1	1429211994
146	424	1	1319976264
103	424	1	1334640329
147	424	1	1497567535
148	425	1	1320398660
21	425	1	1346639660
149	426	1	1320781812
149	427	1	1320781896
150	428	1	1321041953
150	429	1	1321205169
150	430	1	1321205170
150	430	1	1321205288
21	431	1	1321763302
21	432	1	1321848683
21	433	1	1321919723
21	434	1	1321923386
21	434	1	1322093334
21	435	1	1321927580
21	435	1	1322095018
113	436	1	1321985799
113	437	1	1321991696
151	437	1	1343328631
113	438	1	1322029338
21	439	1	1322097086
21	440	1	1322098310
21	441	1	1322099557
152	442	1	1322262004
21	443	1	1323016203
21	444	1	1323046715
21	445	1	1323050361
136	446	1	1325892995
136	446	1	1325964198
116	447	1	1326328712
153	448	1	1326800497
35	448	1	1326801747
35	448	1	1326808723
35	448	1	1326907318
35	448	1	1326913930
35	448	1	1326964890
35	448	1	1327004978
35	448	1	1360344968
35	448	1	1368046963
35	449	1	1327000773
35	449	1	1327006020
35	449	1	1360344162
136	450	1	1328126785
21	451	1	1329081004
45	452	1	1329138421
15	452	1	1480190768
47	452	1	1483956831
15	452	1	1486732598
41	453	1	1329216227
41	453	1	1329216630
41	454	1	1329216552
41	454	1	1329216577
26	454	1	1499680773
133	455	1	1329307586
133	456	1	1329307596
133	457	1	1329726722
136	458	1	1329742680
136	459	1	1329748689
120	459	1	1329752276
113	460	1	1329829604
113	461	1	1329833925
113	461	1	1356633149
105	462	1	1330559062
133	463	1	1330620056
133	464	1	1330702298
21	465	1	1332040240
108	466	1	1332583129
108	467	1	1332583156
21	468	1	1333244375
21	469	1	1333419718
21	470	1	1333500569
21	470	1	1333582665
21	471	1	1333587632
21	472	1	1333905444
21	473	1	1333907522
136	474	1	1334110139
7	475	1	1341614385
21	476	1	1334510223
21	477	1	1336323812
136	478	1	1338316966
154	479	1	1338437378
154	479	1	1338440385
154	479	1	1342489861
21	480	1	1338650023
21	481	1	1338656241
21	482	1	1338660682
90	483	1	1338843207
90	483	1	1338915023
90	484	1	1338843208
90	485	1	1338932851
90	485	1	1338933913
90	486	1	1338932852
155	487	1	1339244955
136	488	1	1339329391
21	489	1	1339379481
21	490	1	1339993411
156	491	1	1340570501
136	492	1	1340663813
21	493	1	1341259713
21	493	1	1344110611
21	494	1	1341262358
157	495	1	1342104040
157	495	1	1342104157
151	496	1	1343328662
151	497	1	1343328704
21	498	1	1344112154
21	499	1	1344219660
158	500	1	1344323120
21	501	1	1344380377
159	502	1	1345585524
160	503	1	1346360449
160	504	1	1346431884
103	504	1	1347117038
103	504	1	1360799316
103	505	1	1346446119
21	506	1	1346628180
21	507	1	1346633480
21	508	1	1346637600
161	509	1	1348305246
161	509	1	1348307752
161	509	1	1348308168
161	509	1	1348315259
161	509	1	1348578207
161	509	1	1348661631
161	509	1	1348934267
161	509	1	1348934606
161	509	1	1357861779
161	509	1	1357861826
30	509	1	1359493040
40	509	1	1439035068
25	509	1	1484164531
15	509	1	1486628415
161	510	1	1348476220
161	510	1	1348661700
40	510	1	1439035078
25	510	1	1484421704
15	510	1	1486620267
161	511	1	1348477675
161	511	1	1348491435
161	511	1	1348491659
161	511	1	1348491864
161	511	1	1348493708
161	511	1	1348499474
161	511	1	1348579163
161	511	1	1348581298
161	511	1	1348581368
161	511	1	1348581944
161	511	1	1348644259
161	511	1	1348645394
161	511	1	1348646188
161	511	1	1348647405
161	511	1	1348650669
161	511	1	1348651644
161	511	1	1348653811
161	511	1	1348655262
161	511	1	1348655838
161	511	1	1348656046
161	511	1	1348656733
161	511	1	1348657236
161	511	1	1348659257
161	511	1	1348660378
161	511	1	1348660535
161	511	1	1348660565
161	511	1	1348663809
161	511	1	1357862009
161	511	1	1357862065
35	511	1	1366003607
30	511	1	1370207550
39	511	1	1376765876
32	511	1	1397500819
14	511	1	1446479370
14	511	1	1449476804
25	511	1	1484076909
25	511	1	1484077265
25	511	1	1484139125
25	511	1	1484164600
15	511	1	1486626377
161	512	1	1348659961
161	512	1	1349257348
161	512	1	1349267326
161	512	1	1349683859
161	512	1	1349788836
161	512	1	1357063354
161	512	1	1357066972
161	512	1	1357846374
161	512	1	1357861241
161	512	1	1358008894
161	512	1	1360053381
161	512	1	1361896778
161	513	1	1348660494
161	513	1	1348665942
161	513	1	1348934736
40	513	1	1439035088
162	513	1	1446485429
15	513	1	1486628864
163	514	1	1348944391
77	515	1	1349680231
133	516	1	1351190765
133	517	1	1351239621
133	518	1	1351243287
133	519	1	1351243298
21	520	1	1355088434
21	521	1	1355092210
21	522	1	1355113304
43	523	1	1355251938
164	524	1	1355724920
58	524	1	1491282527
10	525	1	1357115114
12	525	1	1486240177
10	526	1	1357115578
10	527	1	1357115602
10	528	1	1357115624
10	529	1	1357115666
14	529	1	1434368739
10	530	1	1357115920
10	531	1	1357119517
10	532	1	1357119874
10	533	1	1357122089
10	534	1	1357122898
10	535	1	1357122956
10	536	1	1357122972
10	537	1	1357123348
10	538	1	1357123460
161	539	1	1357862416
161	539	1	1357862521
161	539	1	1357862533
15	539	1	1486630650
136	540	1	1359578412
136	541	1	1359578567
136	542	1	1359903266
136	543	1	1359906244
43	544	1	1359909440
21	545	1	1360031338
165	545	1	1417131907
165	545	1	1487246570
21	546	1	1360035655
166	547	1	1360343850
166	547	1	1360437064
166	547	1	1360498134
166	547	1	1360504391
166	547	1	1360836843
166	548	1	1360763830
33	549	1	1361101568
87	549	1	1361104637
33	549	1	1361225232
40	549	1	1439035098
25	549	1	1484076079
33	550	1	1361101710
26	550	1	1499577363
26	550	1	1499577884
33	551	1	1361101860
33	552	1	1361101897
33	553	1	1361101921
26	553	1	1499518539
26	553	1	1499518613
26	553	1	1499518941
26	553	1	1499519315
26	553	1	1499519452
26	553	1	1499520701
26	553	1	1499530021
26	553	1	1499530090
26	553	1	1499530180
26	553	1	1499530601
26	553	1	1499574417
26	553	1	1499844365
26	553	1	1499844891
26	553	1	1499917446
21	554	1	1361150327
21	555	1	1361155964
33	556	1	1361225101
33	556	1	1361225191
33	556	1	1361225315
16	556	1	1487946448
136	557	1	1361230966
21	558	1	1364143093
21	559	1	1364147093
21	560	1	1364161918
21	561	1	1364173588
21	562	1	1364175380
167	562	1	1451502304
168	564	1	1365247069
169	565	1	1366077060
136	566	1	1367171839
170	567	1	1367265588
171	568	1	1367352267
167	568	1	1451505901
172	570	1	1369321365
172	570	1	1376141406
21	570	1	1381707171
172	570	1	1384697265
172	570	1	1408418984
21	571	1	1370218203
172	572	1	1370605731
172	572	1	1376139757
172	572	1	1382846389
172	572	1	1382860272
173	573	1	1370874621
173	574	1	1370874625
21	575	1	1372734316
21	576	1	1372821390
174	577	1	1373856720
21	577	1	1381682880
175	578	1	1374243565
142	579	1	1374531668
142	579	1	1374531721
28	579	1	1378194924
40	579	1	1439035118
29	579	1	1445249536
172	580	1	1376142191
172	580	1	1382877484
172	580	1	1382931417
176	581	1	1376680297
177	582	1	1377985754
176	583	1	1377989699
28	584	1	1378195106
28	585	1	1378195364
40	585	1	1442393352
15	585	1	1498545392
28	586	1	1378197008
43	586	1	1442334196
111	587	1	1379156828
111	587	1	1379156885
111	588	1	1379156830
111	588	1	1379156887
21	589	1	1379282802
21	590	1	1379303068
167	590	1	1451505901
21	591	1	1379464499
21	592	1	1379468124
21	593	1	1379561367
21	594	1	1379562947
21	595	1	1379564273
21	596	1	1379897884
21	597	1	1379899515
21	598	1	1380160201
21	599	1	1380164406
21	600	1	1380396496
21	601	1	1380397863
21	602	1	1380401460
178	602	1	1385795196
178	602	1	1388051133
178	602	1	1391246257
21	602	1	1408627793
179	602	1	1411917871
180	602	1	1411919451
21	602	1	1413773590
21	602	1	1438466094
21	603	1	1380408006
178	603	1	1385473013
178	603	1	1386741737
178	603	1	1391654072
178	603	1	1393934172
178	603	1	1396082005
179	603	1	1411917872
180	603	1	1411919451
21	603	1	1414900972
21	604	1	1381684444
21	605	1	1381723784
181	605	1	1450290310
182	606	1	1382940373
183	607	1	1383339877
184	608	1	1384140988
184	608	1	1384141019
184	608	1	1384141080
25	608	1	1484396225
25	608	1	1484396666
16	608	1	1487948701
16	608	1	1487948749
184	609	1	1384141459
184	609	1	1384142469
43	609	1	1442334104
185	609	1	1482433094
25	609	1	1484074485
184	610	1	1384141527
26	610	1	1499487204
184	611	1	1384141606
184	611	1	1384141616
184	612	1	1384141725
26	612	1	1493476016
184	613	1	1384141808
26	613	1	1493475664
184	614	1	1384142396
184	614	1	1384142432
14	614	1	1434363998
43	614	1	1442334025
25	614	1	1484074341
25	614	1	1484399430
184	615	1	1384509380
25	615	1	1484397362
25	615	1	1484397392
25	615	1	1484397414
25	615	1	1484399091
25	615	1	1484399104
184	616	1	1384633691
43	616	1	1442333481
25	616	1	1484401858
12	616	1	1485460108
14	616	1	1487765702
186	617	1	1384698272
187	618	1	1384747750
188	618	1	1384785149
184	619	1	1384876421
189	620	1	1385383345
190	621	1	1387293086
21	622	1	1390175594
191	622	1	1487197577
21	623	1	1390248792
14	623	1	1434364320
21	624	1	1390254679
21	625	1	1390265826
192	626	1	1390299457
193	627	1	1390758807
14	628	1	1391099024
194	628	1	1395790624
194	628	1	1395790653
194	628	1	1395790714
15	628	1	1486626306
195	629	1	1392384248
195	630	1	1392391403
21	631	1	1393564214
21	632	1	1393571497
196	633	1	1394153460
188	634	1	1394756488
197	635	1	1395183550
197	635	1	1395425281
197	635	1	1395425858
197	635	1	1396576182
198	636	1	1396562411
199	637	1	1396596437
200	638	1	1396955987
130	639	1	1397063360
109	640	1	1400531913
26	640	1	1499855576
26	640	1	1499856102
201	641	1	1403101224
201	641	1	1499681729
201	642	1	1403101255
117	643	1	1408317661
21	644	1	1408641503
202	644	1	1461691338
21	645	1	1409109986
21	646	1	1410624843
203	646	1	1447384036
21	647	1	1410710838
204	648	1	1410797318
21	649	1	1411005295
203	649	1	1447384037
179	650	1	1411917872
90	650	1	1415698006
21	650	1	1420954317
179	651	1	1411917872
90	651	1	1415698020
21	651	1	1420961027
180	652	1	1411919451
180	653	1	1411919451
205	654	1	1413476212
205	654	1	1447340704
205	654	1	1447741455
206	655	1	1414062405
144	656	1	1416061699
144	656	1	1416061902
144	656	1	1416061959
144	656	1	1416062287
144	656	1	1416063139
144	656	1	1416063418
144	656	1	1416063497
144	657	1	1416062310
144	657	1	1416062384
144	657	1	1416064809
26	657	1	1499622219
26	657	1	1499622416
144	658	1	1416062404
144	658	1	1416063575
144	658	1	1416063633
26	658	1	1499661339
144	659	1	1416062458
144	659	1	1416063070
144	660	1	1416063766
26	660	1	1499661597
26	660	1	1499680307
26	660	1	1499680391
144	661	1	1416063798
26	661	1	1499662773
26	661	1	1499662830
26	661	1	1499676882
144	662	1	1416063839
144	663	1	1416063914
144	663	1	1416064231
26	663	1	1499592166
144	664	1	1416064248
14	664	1	1448030984
144	665	1	1416064874
26	665	1	1499623497
26	665	1	1499623528
144	666	1	1416065011
144	667	1	1416065050
26	667	1	1499589922
144	668	1	1416065170
144	668	1	1416065194
144	668	1	1416065223
26	668	1	1499596136
26	668	1	1499620597
144	669	1	1416065286
26	669	1	1499596264
26	669	1	1499620695
144	670	1	1416065354
26	670	1	1499596405
26	670	1	1499620809
144	671	1	1416065393
26	671	1	1499597025
26	671	1	1499932945
144	672	1	1416065429
26	672	1	1499619997
26	672	1	1499620912
144	673	1	1416065465
26	673	1	1499620076
26	673	1	1499621004
144	674	1	1416065527
26	674	1	1499596532
26	674	1	1499621094
144	675	1	1416065551
144	676	1	1416066060
26	676	1	1499674243
144	677	1	1416066142
26	677	1	1499674361
144	678	1	1416066214
26	678	1	1499674476
144	679	1	1416066242
26	679	1	1499674573
144	680	1	1416066291
26	680	1	1499674706
144	681	1	1416066339
26	681	1	1499675036
144	682	1	1416066374
26	682	1	1499675146
144	683	1	1416066403
144	684	1	1416066807
144	684	1	1416066820
26	684	1	1499622542
144	685	1	1416068700
26	685	1	1499622673
144	686	1	1416068734
26	686	1	1499622799
144	687	1	1416068768
26	687	1	1499622922
144	688	1	1416068837
26	688	1	1499623060
144	689	1	1416068881
26	689	1	1499623234
144	690	1	1416068913
26	690	1	1499675273
144	691	1	1416068935
26	691	1	1499623735
144	692	1	1416068964
144	693	1	1416068982
144	694	1	1416069008
144	695	1	1416069018
144	696	1	1416069029
144	697	1	1416069041
144	698	1	1416069081
144	699	1	1416069131
144	700	1	1416069160
144	701	1	1416069169
144	702	1	1416069178
144	703	1	1416069188
144	704	1	1416069196
144	705	1	1416069206
144	706	1	1416069235
26	706	1	1499704912
144	707	1	1416069264
144	708	1	1416069273
144	709	1	1416069282
144	710	1	1416069290
26	710	1	1499484763
144	711	1	1416069298
144	712	1	1416069309
144	713	1	1416069319
144	714	1	1416069335
26	714	1	1499585259
144	715	1	1416069410
26	715	1	1499660586
144	716	1	1416069541
26	716	1	1499660876
144	717	1	1416069580
144	718	1	1416069594
26	718	1	1499593340
144	719	1	1416069737
26	719	1	1499675765
144	720	1	1416069754
26	720	1	1499676046
144	721	1	1416069771
144	722	1	1416069788
144	723	1	1416069857
26	723	1	1499620192
26	723	1	1499621296
144	724	1	1416069871
26	724	1	1499657091
144	725	1	1416069948
144	726	1	1416069962
26	726	1	1499681244
26	726	1	1499681363
144	727	1	1416070032
26	727	1	1499620316
26	727	1	1499621404
144	728	1	1416070090
26	728	1	1499657298
144	729	1	1416070183
26	729	1	1499657473
144	730	1	1416070200
26	730	1	1499657640
26	730	1	1499657677
144	731	1	1416070216
144	732	1	1416070242
26	732	1	1499682332
144	733	1	1416070309
26	733	1	1499657912
144	734	1	1416070427
26	734	1	1499658282
144	735	1	1416070444
144	736	1	1416070461
26	736	1	1499705863
144	737	1	1416070521
26	737	1	1499673943
144	738	1	1416070543
26	738	1	1499674078
144	739	1	1416070605
26	739	1	1499676180
144	740	1	1416070619
26	740	1	1499676338
144	741	1	1416070634
144	742	1	1416070647
144	743	1	1416070758
144	744	1	1416070774
26	744	1	1499681844
144	745	1	1416071055
144	746	1	1416071067
144	747	1	1416074219
26	747	1	1499662403
144	748	1	1416074258
144	748	1	1416074268
144	749	1	1416074286
26	749	1	1499662567
144	750	1	1416074310
144	751	1	1416074322
144	752	1	1416074392
26	752	1	1499658080
144	753	1	1416074409
144	754	1	1416074554
26	754	1	1499658808
26	754	1	1499658844
144	755	1	1416074566
26	755	1	1499659177
144	756	1	1416074590
144	757	1	1416074602
26	757	1	1500009117
26	757	1	1500009159
144	758	1	1416074674
26	758	1	1499659829
144	759	1	1416074688
26	759	1	1499660066
26	759	1	1499660130
144	760	1	1416074708
144	761	1	1416074738
26	761	1	1500035726
144	762	1	1416074829
144	762	1	1416074876
26	762	1	1499676605
144	763	1	1416074900
26	763	1	1499676707
144	764	1	1416074926
144	765	1	1416074948
26	765	1	1499676828
144	766	1	1416074964
144	767	1	1416075018
144	768	1	1416075050
144	769	1	1416075194
26	769	1	1499659387
144	770	1	1416075211
26	770	1	1499659607
144	771	1	1416075288
144	772	1	1416075330
144	773	1	1416075343
26	773	1	1500009762
144	774	1	1416075488
26	774	1	1499620472
26	774	1	1499621537
144	775	1	1416075519
144	776	1	1416075541
144	777	1	1416075728
26	777	1	1499659005
144	778	1	1416075820
144	779	1	1416078067
144	780	1	1416078176
26	780	1	1499675893
144	781	1	1416078200
144	782	1	1416078251
26	782	1	1499661167
144	783	1	1416078265
144	784	1	1416078324
26	784	1	1499661031
144	785	1	1416078379
26	785	1	1499658458
144	786	1	1416078397
26	786	1	1499658630
144	787	1	1416078419
144	788	1	1416078433
26	788	1	1499706443
144	789	1	1416078520
144	790	1	1416078578
26	790	1	1499660403
144	791	1	1416078604
144	792	1	1416078749
26	792	1	1499661983
144	793	1	1416078794
26	793	1	1499662210
144	794	1	1416078816
144	795	1	1416078825
144	796	1	1416078851
26	796	1	1500036268
144	797	1	1416078890
144	798	1	1416078967
26	798	1	1499661752
144	799	1	1416079043
26	799	1	1499676445
144	800	1	1416079063
144	801	1	1416079169
26	801	1	1499675486
144	802	1	1416079183
26	802	1	1499675605
26	802	1	1499675635
144	803	1	1416079202
144	804	1	1416079219
26	804	1	1499594906
26	804	1	1499594952
144	805	1	1416079258
26	805	1	1499595811
26	805	1	1499621188
144	806	1	1416079271
26	806	1	1499621902
26	806	1	1499622002
26	806	1	1499622053
26	806	1	1499622294
144	807	1	1416079285
144	808	1	1416079310
26	808	1	1499584810
26	808	1	1499584990
26	808	1	1499585084
26	808	1	1499585126
21	809	1	1416715195
181	809	1	1472035407
181	809	1	1472119705
21	810	1	1416722622
181	810	1	1472035407
181	810	1	1472119705
12	811	1	1416848042
12	811	1	1416848402
12	811	1	1416848877
12	811	1	1416849052
12	811	1	1416849303
12	811	1	1416849336
14	811	1	1448029675
47	811	1	1483194343
47	811	1	1483194952
12	811	1	1483790867
47	811	1	1483957343
47	811	1	1483957417
25	811	1	1484075386
12	812	1	1416849177
12	813	1	1416849224
165	814	1	1417131906
27	814	1	1499407571
165	815	1	1417131908
21	816	1	1417323411
207	817	1	1418657188
12	818	1	1418836543
12	818	1	1418836635
208	818	1	1425554387
208	818	1	1425554444
12	818	1	1483791239
47	818	1	1483957435
25	818	1	1484074809
12	819	1	1418837804
12	819	1	1418837846
12	819	1	1418837934
29	819	1	1445264345
12	820	1	1419018560
29	820	1	1445254541
25	820	1	1484074691
12	821	1	1419018356
13	822	1	1419226769
13	822	1	1419241968
13	822	1	1419270854
13	822	1	1419272329
13	822	1	1419328775
33	822	1	1445242885
29	822	1	1445259199
25	822	1	1484072873
63	823	1	1420324846
21	824	1	1421018903
21	825	1	1421112536
21	826	1	1421116535
21	827	1	1421120550
21	827	1	1423375507
155	827	1	1424432110
47	828	1	1422447751
47	828	1	1422448214
47	829	1	1422447825
14	829	1	1462366316
25	829	1	1484402511
47	830	1	1422448156
26	830	1	1499575278
26	830	1	1499575397
26	830	1	1499576515
21	831	1	1423371072
21	832	1	1423377784
155	832	1	1424432110
21	833	1	1423708823
21	834	1	1423941497
21	835	1	1424393706
181	835	1	1438202361
155	836	1	1424432110
155	837	1	1424432110
21	838	1	1424583475
181	838	1	1438202326
21	839	1	1424585578
90	839	1	1438321819
16	840	1	1425152298
16	840	1	1425152315
16	840	1	1437241758
209	841	1	1425802791
109	842	1	1426619235
210	842	1	1429223110
109	842	1	1429245507
109	843	1	1426619235
210	843	1	1429223128
109	843	1	1429245507
109	844	1	1426619235
210	844	1	1429223111
109	844	1	1429245507
109	845	1	1426619235
210	845	1	1429223128
109	845	1	1429245507
109	846	1	1426619235
210	846	1	1429223128
109	846	1	1429245507
109	847	1	1426619235
210	847	1	1429223110
109	847	1	1429245507
109	848	1	1426619236
109	849	1	1426619236
109	850	1	1426619239
210	850	1	1429223128
109	850	1	1429245507
109	851	1	1426619239
210	851	1	1429223111
109	851	1	1429245507
109	852	1	1426619239
210	852	1	1429223128
109	852	1	1429245507
21	853	1	1426642744
116	855	1	1429211995
109	856	1	1430057169
211	857	1	1431066449
211	857	1	1431080678
211	857	1	1431080742
211	857	1	1431921943
211	857	1	1434556046
211	857	1	1434556099
211	857	1	1434709991
211	857	1	1434785136
211	857	1	1435948090
211	857	1	1443704089
211	857	1	1443704122
211	857	1	1443704169
211	857	1	1445230105
211	857	1	1445230452
29	857	1	1445261262
211	857	1	1446209125
211	857	1	1446209154
211	857	1	1446659808
211	857	1	1447344311
211	857	1	1448095429
211	857	1	1449145801
14	857	1	1449467633
211	857	1	1452354109
211	857	1	1453027559
211	857	1	1455008162
211	857	1	1455008192
33	857	1	1455104534
33	857	1	1455104566
211	857	1	1455210924
14	857	1	1458073081
211	857	1	1459326256
14	857	1	1459498781
211	857	1	1459765243
211	857	1	1459765604
211	857	1	1459930372
211	857	1	1460704522
211	857	1	1460704584
211	857	1	1460736554
211	857	1	1461045422
211	857	1	1461583864
211	857	1	1461584037
211	857	1	1461584748
211	857	1	1461654429
211	857	1	1461751859
14	857	1	1462356329
29	857	1	1470410900
25	857	1	1484402801
16	857	1	1487948586
212	858	1	1431960538
14	859	1	1434364240
14	860	1	1434368366
14	861	1	1434368703
29	861	1	1445255132
25	861	1	1484136329
181	862	1	1438202327
181	863	1	1438202361
213	864	1	1438644596
46	865	1	1439857009
46	865	1	1439857025
46	865	1	1439870158
29	865	1	1445253662
29	865	1	1445253917
46	865	1	1445278294
46	865	1	1445278398
46	866	1	1440911341
29	866	1	1445249270
97	867	1	1441522167
97	867	1	1444565546
214	868	1	1441533415
214	868	1	1441570775
214	868	1	1444565471
215	869	1	1441537951
215	869	1	1443012235
15	870	1	1442061826
15	870	1	1453798087
15	870	1	1461448344
15	870	1	1465544829
15	870	1	1468821119
15	870	1	1469009478
15	870	1	1469009838
15	870	1	1469083489
15	870	1	1469789152
15	870	1	1469988789
15	870	1	1470299536
15	870	1	1473429469
15	870	1	1473854080
15	870	1	1475044026
15	870	1	1475684670
15	870	1	1475744712
15	870	1	1475753399
15	870	1	1475771924
15	870	1	1475782490
15	870	1	1475822619
15	870	1	1476083677
15	870	1	1476095184
15	870	1	1476429971
15	870	1	1476434239
15	870	1	1476650107
15	870	1	1477387320
15	870	1	1479734107
15	870	1	1479882370
15	870	1	1480071819
43	871	1	1442332623
43	871	1	1442332651
213	872	1	1443815635
213	873	1	1443815635
213	874	1	1443815635
213	875	1	1443815635
213	876	1	1443815636
213	877	1	1443815636
213	878	1	1443815636
33	879	1	1445241697
33	879	1	1445242549
33	880	1	1445242648
33	880	1	1445242753
33	881	1	1445242666
29	882	1	1445253102
29	883	1	1445253662
46	884	1	1445278661
33	885	1	1445280858
216	886	1	1446773310
14	887	1	1448029546
14	888	1	1448029818
14	889	1	1448030035
14	890	1	1448030277
26	890	1	1499574771
14	891	1	1448030649
14	892	1	1448030850
14	893	1	1448031152
25	893	1	1484402194
14	894	1	1448031226
26	894	1	1499537580
181	895	1	1450290310
181	896	1	1450290310
185	897	1	1450558331
26	897	1	1499712548
167	898	1	1451502304
167	899	1	1451505901
167	900	1	1451505901
15	901	1	1453798016
15	901	1	1469009214
15	901	1	1470231720
15	901	1	1475093258
15	901	1	1476710300
15	901	1	1476796611
15	901	1	1476967522
15	901	1	1480579098
15	901	1	1483799374
47	901	1	1483957487
15	901	1	1485941694
15	901	1	1485941732
15	901	1	1493722111
15	901	1	1493879779
33	902	1	1455102217
25	902	1	1484139335
33	903	1	1455102617
26	903	1	1499573174
33	904	1	1455102633
33	905	1	1455103241
33	905	1	1455103336
33	905	1	1455103642
33	906	1	1455103901
33	906	1	1455104024
33	907	1	1455192260
33	907	1	1455192681
29	907	1	1484389596
16	907	1	1487947024
16	907	1	1488014069
16	907	1	1488014109
12	907	1	1495220402
16	907	1	1495393436
33	908	1	1457169281
16	908	1	1487946843
15	909	1	1459778089
15	909	1	1469009173
15	909	1	1469109362
15	909	1	1470053263
15	909	1	1470231791
15	909	1	1475093398
15	909	1	1476784355
15	909	1	1476796527
15	909	1	1476864508
15	909	1	1482132088
15	909	1	1483953413
47	909	1	1483957528
15	909	1	1485941764
15	909	1	1485941801
15	909	1	1493722201
15	909	1	1493817836
15	910	1	1460702019
15	910	1	1469009098
15	910	1	1470053377
15	910	1	1470231846
15	910	1	1475093512
15	910	1	1476797383
15	910	1	1480672680
15	910	1	1485941964
16	910	1	1487948678
15	910	1	1493722278
15	910	1	1493724636
15	910	1	1493817975
15	911	1	1460709712
15	911	1	1469008968
15	911	1	1469009424
15	911	1	1470053447
15	911	1	1470231894
15	911	1	1475093605
15	911	1	1476856984
15	911	1	1480672906
15	911	1	1481634760
15	911	1	1485942075
15	911	1	1493722313
15	911	1	1493724710
15	911	1	1493818117
58	911	1	1495137707
15	912	1	1460710546
15	912	1	1469008911
15	912	1	1469009421
15	912	1	1470053707
15	912	1	1475093689
15	912	1	1476863607
15	912	1	1476864661
15	912	1	1476947525
15	912	1	1476968696
15	912	1	1485942162
15	912	1	1485943902
15	912	1	1493722404
15	912	1	1493904063
202	913	1	1461695658
14	914	1	1462356069
14	915	1	1462366075
25	915	1	1484076523
26	915	1	1499533876
167	916	1	1462387281
15	917	1	1486561759
217	918	1	1463819013
218	919	1	1464444353
29	919	1	1470410764
211	920	1	1468170409
211	920	1	1468170518
211	920	1	1468331341
211	920	1	1468485764
211	920	1	1468486074
211	920	1	1468486152
211	920	1	1469769300
211	920	1	1470158971
29	920	1	1470410571
211	920	1	1471075685
12	920	1	1483791447
47	920	1	1483957555
26	920	1	1499773050
15	921	1	1468820948
15	921	1	1469008845
15	921	1	1469009276
15	921	1	1469083273
15	921	1	1470053795
29	921	1	1470411292
15	921	1	1470480204
15	921	1	1475093758
15	921	1	1476867202
15	921	1	1476968276
15	921	1	1476970004
15	921	1	1480920323
15	921	1	1485942301
15	921	1	1493722463
15	921	1	1493724826
15	921	1	1493903847
15	922	1	1469008753
15	922	1	1469008799
15	922	1	1469009562
15	922	1	1469083152
15	922	1	1470054119
15	922	1	1475093862
15	922	1	1476878752
15	922	1	1482738933
15	922	1	1485942487
15	922	1	1493722520
15	923	1	1469083328
15	924	1	1469083334
15	925	1	1469788681
15	925	1	1470054195
15	925	1	1470232052
15	925	1	1475093938
15	925	1	1476711259
15	925	1	1482738983
15	925	1	1485942701
15	925	1	1493722684
15	925	1	1494855294
15	926	1	1469988626
15	926	1	1470054256
15	926	1	1470232179
15	926	1	1475094056
15	926	1	1482739045
15	926	1	1485942815
15	926	1	1493722721
15	926	1	1494855375
219	926	1	1499630769
15	927	1	1469988721
15	928	1	1470299423
19	929	1	1470567771
8	929	1	1470595520
8	929	1	1470595600
181	930	1	1472119705
181	931	1	1472119705
220	932	1	1472679138
220	932	1	1472681344
220	932	1	1472730486
220	932	1	1472731801
220	932	1	1472741665
220	932	1	1473021978
15	932	1	1486627141
15	933	1	1473429378
15	933	1	1475094143
15	933	1	1476947334
15	933	1	1482739123
15	933	1	1485942954
15	933	1	1493722747
15	933	1	1494855478
15	934	1	1473429416
15	935	1	1473853932
15	935	1	1475094307
15	935	1	1476949653
15	935	1	1476967910
15	935	1	1482739174
15	935	1	1485943137
16	935	1	1487948025
15	935	1	1493722817
15	935	1	1494855542
15	936	1	1473853963
15	937	1	1475043863
15	937	1	1482739214
15	937	1	1485943632
15	937	1	1486458882
16	937	1	1487947081
15	937	1	1493722869
15	937	1	1494855631
15	938	1	1475043913
15	939	1	1475684349
15	939	1	1482739272
25	939	1	1484421859
15	939	1	1485943742
15	939	1	1493722915
15	939	1	1494855697
15	940	1	1475684424
15	941	1	1475684498
15	942	1	1475744054
15	942	1	1476964321
15	942	1	1480578977
15	942	1	1485946659
15	942	1	1493723078
15	943	1	1475751920
15	943	1	1476964762
15	943	1	1476968896
15	943	1	1480940414
15	943	1	1480940801
15	943	1	1485946745
15	943	1	1493723142
15	943	1	1493723194
15	944	1	1475752651
15	944	1	1476965127
15	944	1	1480940355
15	944	1	1485946866
15	944	1	1493723258
15	945	1	1475752687
15	946	1	1475769927
15	946	1	1476996729
15	946	1	1482739338
15	946	1	1485946962
15	946	1	1493723318
15	947	1	1475770147
15	948	1	1475771477
15	948	1	1482133795
15	948	1	1485947049
14	948	1	1488872060
15	948	1	1493723370
15	949	1	1475782094
15	949	1	1477036269
15	949	1	1482133852
15	949	1	1485947139
15	949	1	1492672556
15	949	1	1493723463
15	950	1	1475822137
15	950	1	1477039107
15	950	1	1482739389
15	950	1	1485947247
15	950	1	1493723553
15	950	1	1493723584
15	951	1	1475822248
15	952	1	1476082178
15	952	1	1476082650
15	952	1	1477041874
15	952	1	1477047116
15	952	1	1481622953
15	952	1	1485947433
15	952	1	1493723720
15	953	1	1476083392
15	953	1	1476085279
15	953	1	1477048828
15	953	1	1477048942
15	953	1	1480665024
15	953	1	1482739448
15	953	1	1485947529
16	953	1	1487946270
15	953	1	1493723798
15	954	1	1476086478
15	954	1	1476086682
15	954	1	1477049578
15	954	1	1482739498
15	954	1	1485947636
15	954	1	1486105768
15	954	1	1493723871
15	955	1	1476366862
15	955	1	1476428639
15	955	1	1480168432
15	955	1	1480673357
25	955	1	1484135554
15	955	1	1485947745
15	955	1	1493723944
15	956	1	1476367275
15	956	1	1480672617
15	956	1	1481263011
15	956	1	1481263139
15	956	1	1485948262
16	956	1	1487948604
15	956	1	1493723995
15	957	1	1476423716
15	958	1	1476425770
15	958	1	1482739595
15	958	1	1485948386
15	958	1	1493724014
15	959	1	1476426068
15	960	1	1476429481
15	960	1	1477053955
15	960	1	1480599610
15	960	1	1480663086
25	960	1	1484135700
15	960	1	1485948509
15	960	1	1493724038
15	961	1	1476429515
15	962	1	1476433405
15	962	1	1482739648
15	962	1	1485948637
15	962	1	1493724065
15	963	1	1476645345
15	963	1	1476647823
15	963	1	1482739680
15	963	1	1485948790
15	963	1	1493724114
15	964	1	1476646913
15	964	1	1482739715
15	964	1	1485948924
15	964	1	1493724143
15	965	1	1476646946
15	966	1	1476649575
15	966	1	1477057945
15	966	1	1480672780
15	966	1	1485949108
15	966	1	1493724187
15	967	1	1476649619
15	968	1	1477313229
15	968	1	1477387182
15	968	1	1485949233
15	968	1	1493724232
15	969	1	1477313284
15	970	1	1478725781
15	970	1	1479125000
15	970	1	1485949314
15	970	1	1493724285
15	971	1	1479115387
15	972	1	1479115686
25	972	1	1484074375
15	973	1	1479115966
12	974	1	1479557327
12	975	1	1479557434
12	976	1	1479557552
12	977	1	1479558162
12	977	1	1479558469
12	977	1	1479558651
12	977	1	1479558684
15	977	1	1479708257
15	977	1	1479731354
15	977	1	1480187911
15	977	1	1482178091
25	977	1	1484398654
25	977	1	1484846604
25	977	1	1484846675
15	977	1	1484851436
15	977	1	1484894133
25	977	1	1485022611
15	977	1	1485073871
25	977	1	1485279734
12	977	1	1485457371
12	977	1	1485459957
12	977	1	1485619876
12	977	1	1485620010
15	977	1	1485943449
15	977	1	1486101755
15	977	1	1486101979
25	977	1	1490879620
25	977	1	1490879881
12	977	1	1490908845
25	977	1	1496669630
15	977	1	1496674595
15	977	1	1496674653
15	977	1	1497854859
15	977	1	1498651099
26	977	1	1499365851
26	977	1	1499597362
26	977	1	1499603422
26	977	1	1499932796
26	977	1	1499933854
26	977	1	1499935915
15	977	1	1499939680
26	977	1	1499942316
26	977	1	1499942556
26	977	1	1499942598
15	977	1	1499951279
12	978	1	1479558252
12	978	1	1479558360
26	978	1	1499600073
15	979	1	1480168833
15	980	1	1480171136
15	980	1	1485953057
15	980	1	1493724377
15	981	1	1480172608
15	981	1	1485953288
15	981	1	1493724444
15	982	1	1480172641
15	983	1	1480174405
15	983	1	1481262407
15	983	1	1485953391
16	983	1	1487922718
15	983	1	1487931513
16	983	1	1487948332
15	983	1	1493724979
15	984	1	1480189301
15	984	1	1485953500
12	984	1	1486240100
15	984	1	1493725028
15	985	1	1480189363
15	986	1	1480190435
15	986	1	1480190524
15	986	1	1485953757
15	986	1	1493725067
15	987	1	1480191413
15	987	1	1480191886
15	987	1	1480193892
15	987	1	1480194035
15	987	1	1485954605
15	987	1	1493725109
15	988	1	1480191459
15	989	1	1480192227
15	989	1	1480193959
15	989	1	1480194042
15	989	1	1485954730
15	989	1	1493725134
15	990	1	1480193630
15	990	1	1480194010
15	990	1	1485954816
15	990	1	1493725238
15	990	1	1493725268
15	990	1	1493725292
15	990	1	1493725332
15	990	1	1493725486
15	991	1	1480197463
15	991	1	1485954970
15	991	1	1493726008
15	992	1	1480321932
15	992	1	1485955058
15	992	1	1493726142
15	993	1	1480322575
15	993	1	1480327854
15	993	1	1485955134
15	993	1	1493726162
15	994	1	1480323404
15	994	1	1485955275
15	994	1	1493726182
15	995	1	1480329231
15	995	1	1485955375
15	995	1	1493726203
15	996	1	1480329291
15	997	1	1480578899
15	997	1	1480580365
25	997	1	1484139728
15	997	1	1485955480
15	997	1	1493726258
15	998	1	1480578920
15	998	1	1480580367
25	998	1	1484139816
15	998	1	1485955542
15	998	1	1493726282
15	999	1	1480578931
15	999	1	1480580362
25	999	1	1484422244
15	999	1	1485955627
15	999	1	1493726299
15	1000	1	1480599561
15	1000	1	1480600930
25	1000	1	1484398704
15	1000	1	1485955706
15	1000	1	1493726368
15	1001	1	1480599563
15	1001	1	1480600934
15	1001	1	1485955794
15	1001	1	1493726444
15	1002	1	1480599565
15	1002	1	1480600517
15	1002	1	1485955875
15	1002	1	1493726474
15	1003	1	1480599913
15	1004	1	1480600032
15	1005	1	1480601449
15	1005	1	1480673260
15	1005	1	1485955930
15	1005	1	1493726496
15	1006	1	1480601610
15	1006	1	1480673912
15	1006	1	1485956205
15	1006	1	1485956234
15	1006	1	1493726558
15	1007	1	1480601653
15	1008	1	1480601683
221	1009	1	1480624428
15	1010	1	1480662426
15	1010	1	1485956364
15	1010	1	1493726600
15	1011	1	1480664061
15	1011	1	1485956427
15	1011	1	1492203322
15	1012	1	1480667637
15	1012	1	1485956492
15	1012	1	1492203338
15	1013	1	1480667638
15	1013	1	1485956521
15	1013	1	1492203061
15	1014	1	1480681501
15	1014	1	1480710252
15	1014	1	1485956604
15	1014	1	1493726656
15	1015	1	1480681503
15	1015	1	1480684952
15	1015	1	1480685043
16	1015	1	1480685295
16	1015	1	1480685329
15	1015	1	1480685534
15	1015	1	1485956692
15	1015	1	1493726763
15	1016	1	1480681897
15	1017	1	1480682076
15	1018	1	1480711349
15	1018	1	1485956805
15	1018	1	1493726829
15	1019	1	1480920176
15	1019	1	1485956875
16	1019	1	1487947497
15	1019	1	1493726926
15	1020	1	1480942105
15	1020	1	1485956998
16	1020	1	1487947790
15	1020	1	1493726979
15	1021	1	1480942162
15	1022	1	1480943354
15	1022	1	1485957085
15	1022	1	1492203265
15	1023	1	1481542954
15	1023	1	1485957172
15	1023	1	1493727058
15	1024	1	1481545418
15	1024	1	1492203262
15	1025	1	1481546498
15	1025	1	1481622847
15	1025	1	1485957309
15	1025	1	1493727116
15	1026	1	1481621132
15	1026	1	1485957388
15	1026	1	1493727139
15	1027	1	1481621213
15	1028	1	1481622866
15	1028	1	1485957487
15	1028	1	1493727197
15	1029	1	1481623028
15	1030	1	1481714217
15	1030	1	1485957546
15	1030	1	1493727245
15	1031	1	1482131969
15	1031	1	1485957647
15	1031	1	1493727287
15	1032	1	1482133727
15	1032	1	1485957725
12	1032	1	1485992759
12	1032	1	1485992814
15	1032	1	1493727359
15	1032	1	1493727386
15	1033	1	1482138571
15	1034	1	1482138633
15	1035	1	1482138682
26	1035	1	1499536009
15	1036	1	1482138748
15	1037	1	1482142523
25	1037	1	1486050274
15	1038	1	1482142588
15	1039	1	1482142630
26	1039	1	1499538203
15	1040	1	1482142664
26	1040	1	1499602688
15	1041	1	1482142728
26	1041	1	1499488906
15	1042	1	1482142780
15	1043	1	1482142826
15	1044	1	1482142882
26	1044	1	1499709897
15	1045	1	1482142912
15	1046	1	1482142976
15	1047	1	1482143533
26	1047	1	1499367569
15	1048	1	1482143537
26	1048	1	1499496102
15	1049	1	1482143617
26	1049	1	1499401703
15	1050	1	1482143672
15	1051	1	1482143708
15	1051	1	1482746218
15	1052	1	1482143712
15	1052	1	1482745948
15	1053	1	1482143715
15	1053	1	1482743896
15	1054	1	1482143730
15	1055	1	1482143770
15	1056	1	1482143773
15	1057	1	1482143834
15	1058	1	1482143873
15	1059	1	1482143913
15	1060	1	1482143948
15	1061	1	1482143981
15	1062	1	1482144029
15	1063	1	1482144086
26	1063	1	1499401199
15	1064	1	1482144090
15	1065	1	1482144129
15	1066	1	1482144189
15	1067	1	1482144191
15	1068	1	1482144231
15	1069	1	1482144256
25	1069	1	1484074200
15	1070	1	1482144280
25	1070	1	1484074389
15	1071	1	1482144383
25	1071	1	1484074219
25	1071	1	1484074268
15	1072	1	1482144431
25	1072	1	1484074500
15	1073	1	1482144457
15	1074	1	1482144532
15	1075	1	1482144539
15	1076	1	1482144545
15	1077	1	1482144551
15	1078	1	1482144556
15	1079	1	1482144565
15	1080	1	1482144571
185	1081	1	1482175850
185	1081	1	1482346912
185	1081	1	1482515537
15	1082	1	1482220560
15	1083	1	1482220597
15	1084	1	1482220637
15	1085	1	1482220641
15	1086	1	1482220703
15	1087	1	1482220860
12	1087	1	1485460294
15	1088	1	1482328992
15	1088	1	1482388452
15	1088	1	1482734080
15	1088	1	1486022860
15	1088	1	1493727428
15	1089	1	1482329032
185	1090	1	1482348663
185	1090	1	1482432552
15	1091	1	1482734060
15	1091	1	1486022968
15	1091	1	1486023104
15	1091	1	1493727521
15	1092	1	1482933719
26	1092	1	1499538066
15	1092	1	1499666202
15	1093	1	1483131512
15	1093	1	1483735649
15	1093	1	1486023037
15	1093	1	1493727560
15	1094	1	1483131562
47	1095	1	1483181555
47	1095	1	1483181673
47	1096	1	1483182035
47	1096	1	1483182057
47	1096	1	1483188252
25	1096	1	1486050099
12	1096	1	1497117479
47	1097	1	1483182934
47	1098	1	1483183585
47	1098	1	1483183634
15	1099	1	1483185627
47	1100	1	1483188433
47	1101	1	1483189503
47	1102	1	1483190314
47	1102	1	1483190365
47	1103	1	1483191147
47	1103	1	1483191174
47	1104	1	1483191557
47	1104	1	1483193200
47	1105	1	1483192876
47	1105	1	1483193403
47	1106	1	1483194173
47	1106	1	1483194281
12	1106	1	1483791038
47	1106	1	1483957577
47	1107	1	1483194819
47	1107	1	1483194849
15	1108	1	1483375449
15	1109	1	1483375717
15	1110	1	1483707753
15	1110	1	1483735625
15	1110	1	1486023154
15	1110	1	1493727578
15	1111	1	1483707772
12	1112	1	1483789986
12	1112	1	1483790550
47	1112	1	1483957185
25	1112	1	1484074857
25	1112	1	1484074930
26	1112	1	1499746953
26	1112	1	1499753998
26	1112	1	1499755318
26	1112	1	1499757433
26	1112	1	1499758329
26	1112	1	1499758502
26	1112	1	1499759771
26	1112	1	1499759904
26	1112	1	1499760047
26	1112	1	1499770644
26	1112	1	1499770927
26	1112	1	1499771100
26	1112	1	1499771798
26	1112	1	1499772458
26	1112	1	1499773905
12	1113	1	1483790476
12	1113	1	1483972712
25	1113	1	1484073498
12	1114	1	1483971750
47	1114	1	1483975876
47	1114	1	1483976007
12	1114	1	1483984618
47	1114	1	1483986422
12	1114	1	1484000614
12	1114	1	1484067822
47	1115	1	1483977749
12	1115	1	1483985093
47	1115	1	1484399489
16	1115	1	1497781218
47	1116	1	1483978060
15	1117	1	1484048348
15	1118	1	1484050099
15	1118	1	1493727697
12	1119	1	1484069130
27	1119	1	1499607280
12	1120	1	1484069264
12	1120	1	1484070102
12	1120	1	1484070200
12	1120	1	1484070267
16	1120	1	1484071607
16	1120	1	1484071669
25	1120	1	1484072474
12	1120	1	1485459852
26	1120	1	1499602880
12	1121	1	1484069758
12	1121	1	1484070044
12	1121	1	1484070078
12	1121	1	1484070297
16	1121	1	1484071602
16	1121	1	1484071643
16	1121	1	1484071748
25	1121	1	1484072916
25	1121	1	1485279480
12	1121	1	1485458568
25	1121	1	1485606528
12	1121	1	1485619461
15	1121	1	1485944303
12	1121	1	1485992102
25	1121	1	1486044064
12	1121	1	1486074380
25	1121	1	1486076690
15	1121	1	1486101544
12	1121	1	1486236679
26	1121	1	1499600565
26	1121	1	1499859940
26	1121	1	1499962111
26	1121	1	1499962790
137	1121	1	1500426686
16	1122	1	1484071643
27	1122	1	1499601859
25	1123	1	1484074200
25	1124	1	1484074219
25	1125	1	1484074500
25	1126	1	1484076616
25	1127	1	1484076909
15	1128	1	1484132134
15	1129	1	1484132316
15	1129	1	1484133219
15	1129	1	1486023221
15	1129	1	1493727740
25	1130	1	1484135329
25	1131	1	1484139335
25	1132	1	1484396309
25	1133	1	1484396666
25	1134	1	1484397414
47	1135	1	1484398809
47	1135	1	1484399388
25	1136	1	1484401825
25	1137	1	1484402009
47	1138	1	1484402375
47	1138	1	1484402629
47	1138	1	1484402716
25	1139	1	1484404471
15	1140	1	1484851468
15	1140	1	1485256490
15	1141	1	1484917585
25	1141	1	1485022832
15	1141	1	1486023275
25	1141	1	1486055637
15	1141	1	1493727849
15	1142	1	1484919004
25	1142	1	1485022920
15	1142	1	1486023305
15	1142	1	1493727916
15	1143	1	1484982419
15	1144	1	1484982425
15	1145	1	1484982981
15	1146	1	1484983016
15	1147	1	1484983048
15	1148	1	1484983172
15	1149	1	1484983387
15	1150	1	1484983535
15	1151	1	1484983716
15	1152	1	1484983982
15	1153	1	1484984055
15	1154	1	1484984120
15	1155	1	1484984200
15	1156	1	1484984250
15	1157	1	1484989466
15	1157	1	1493727957
15	1158	1	1484993497
15	1159	1	1485074765
15	1159	1	1485075042
15	1159	1	1493727985
15	1160	1	1485262915
15	1161	1	1485263692
15	1161	1	1487054448
15	1161	1	1493728004
15	1162	1	1485264823
15	1163	1	1485265374
15	1163	1	1493728029
15	1164	1	1485332108
12	1164	1	1485458867
15	1164	1	1493728051
12	1165	1	1485459636
12	1165	1	1485459765
12	1165	1	1485459778
16	1165	1	1487946933
12	1165	1	1495287243
25	1165	1	1496669703
12	1166	1	1485460329
25	1167	1	1485605257
25	1167	1	1485605352
12	1167	1	1485619679
15	1168	1	1485781223
15	1168	1	1493728076
15	1169	1	1485781632
15	1169	1	1486026838
15	1169	1	1493728116
15	1169	1	1493728156
15	1170	1	1485863154
15	1170	1	1493728196
15	1171	1	1485865513
16	1171	1	1487948538
15	1171	1	1493728226
25	1172	1	1486050001
25	1173	1	1486058922
25	1173	1	1486059063
25	1173	1	1486059198
25	1173	1	1486059536
25	1173	1	1486060480
25	1173	1	1486060705
25	1174	1	1486063496
25	1174	1	1486063558
25	1174	1	1486063746
25	1174	1	1486063800
25	1175	1	1486067261
25	1175	1	1486067423
25	1176	1	1486141678
25	1176	1	1486142125
14	1176	1	1487758608
14	1176	1	1487759042
12	1177	1	1486236929
15	1177	1	1497852633
15	1177	1	1497858133
15	1177	1	1497873040
26	1177	1	1499919478
12	1178	1	1486239271
12	1178	1	1486239837
12	1178	1	1486319322
12	1178	1	1486319381
12	1178	1	1487281933
12	1178	1	1490908709
12	1178	1	1497105945
12	1178	1	1497117453
16	1178	1	1497269136
12	1178	1	1499014733
12	1179	1	1486239451
15	1180	1	1486457456
15	1180	1	1493728250
15	1181	1	1486993538
15	1182	1	1486993812
15	1182	1	1487054481
15	1182	1	1493728276
191	1183	1	1487197577
165	1184	1	1487246570
15	1185	1	1487246846
47	1185	1	1487252365
16	1185	1	1487947123
15	1186	1	1487247585
15	1187	1	1487247826
15	1188	1	1487248476
15	1189	1	1487249232
15	1190	1	1487249365
15	1191	1	1487249425
15	1192	1	1487250171
15	1192	1	1487315243
25	1192	1	1487710294
47	1193	1	1487253648
12	1193	1	1497117431
12	1194	1	1487282695
12	1194	1	1487282977
25	1194	1	1487627313
16	1194	1	1487948621
12	1194	1	1490908117
16	1194	1	1491373124
12	1195	1	1487282841
26	1196	1	1499606779
15	1197	1	1487319046
15	1197	1	1488268501
15	1198	1	1487319203
15	1199	1	1487320778
15	1199	1	1487328900
15	1200	1	1487320801
15	1200	1	1487331203
15	1201	1	1487320836
15	1202	1	1487320849
12	1203	1	1487533817
25	1203	1	1487627042
25	1203	1	1487627082
25	1203	1	1487628058
14	1203	1	1487758435
14	1203	1	1487759489
12	1204	1	1487534431
25	1204	1	1487627817
25	1204	1	1487627866
25	1204	1	1487628021
12	1204	1	1497104981
12	1205	1	1487535009
25	1205	1	1487626902
16	1205	1	1487946000
12	1206	1	1487535699
16	1206	1	1487536858
12	1207	1	1487535726
12	1208	1	1487621671
25	1209	1	1487628021
25	1210	1	1487628058
90	1210	1	1490083480
14	1211	1	1487758435
14	1212	1	1487758549
15	1213	1	1487837653
15	1214	1	1487838973
14	1215	1	1487918129
16	1216	1	1487946058
16	1216	1	1487946090
26	1216	1	1499367296
26	1216	1	1499451955
26	1216	1	1499453740
16	1217	1	1487946448
16	1218	1	1487948051
16	1219	1	1488014069
15	1220	1	1488053884
15	1220	1	1488054175
16	1220	1	1488204329
15	1220	1	1493908800
15	1220	1	1493909017
16	1221	1	1488204329
15	1222	1	1488268444
15	1222	1	1488268624
15	1223	1	1488376234
15	1223	1	1488452526
15	1223	1	1488821779
47	1223	1	1489484489
47	1223	1	1489484535
15	1224	1	1488376236
15	1224	1	1488452026
15	1225	1	1488376342
15	1226	1	1488785597
26	1226	1	1493478160
15	1227	1	1488785632
26	1227	1	1499367447
47	1228	1	1489484489
47	1229	1	1489484997
15	1230	1	1489498016
15	1231	1	1489845179
15	1231	1	1489846783
15	1232	1	1489845798
15	1232	1	1489847577
15	1233	1	1489846184
15	1233	1	1489848466
16	1233	1	1490247913
16	1234	1	1490247913
15	1235	1	1490540727
15	1235	1	1490616478
25	1235	1	1490712705
15	1236	1	1490604638
15	1236	1	1490616454
25	1236	1	1490712812
15	1237	1	1490613773
15	1238	1	1490614699
15	1238	1	1490616426
25	1238	1	1490712862
15	1239	1	1490615596
15	1239	1	1490616389
25	1239	1	1490713047
15	1240	1	1490616268
15	1240	1	1490616348
25	1240	1	1490713276
25	1240	1	1490713705
15	1241	1	1490617861
25	1241	1	1490713405
12	1241	1	1490907011
15	1241	1	1491067978
12	1242	1	1490906755
12	1242	1	1490906856
25	1242	1	1490972368
12	1243	1	1490907117
12	1243	1	1490907290
12	1244	1	1490907395
26	1244	1	1499600502
12	1245	1	1490908299
12	1245	1	1490908507
12	1245	1	1490908599
16	1245	1	1491373047
16	1245	1	1491373067
16	1245	1	1491373082
25	1246	1	1490971936
25	1246	1	1490972031
15	1247	1	1491076142
15	1247	1	1491076333
15	1247	1	1491076361
15	1247	1	1491161367
15	1247	1	1491162789
15	1248	1	1491565114
15	1249	1	1491566727
15	1249	1	1491908458
15	1250	1	1491566806
15	1251	1	1491568085
15	1252	1	1491568162
15	1253	1	1491568960
15	1254	1	1491569058
15	1255	1	1491571837
15	1255	1	1491767643
15	1255	1	1491767683
15	1256	1	1491571888
15	1257	1	1491770279
25	1257	1	1492032816
15	1258	1	1491907818
15	1258	1	1491908585
15	1258	1	1491908628
15	1259	1	1491907894
25	1260	1	1492032817
15	1261	1	1492203179
15	1262	1	1492428380
15	1262	1	1492428466
15	1262	1	1492432152
15	1263	1	1492947329
15	1264	1	1492947939
15	1264	1	1493729250
222	1265	1	1493373732
26	1266	1	1493478433
15	1267	1	1493708518
15	1267	1	1493709885
15	1268	1	1493709953
15	1269	1	1493710726
15	1270	1	1494248172
26	1270	1	1499683064
15	1271	1	1494409140
15	1271	1	1494409332
15	1271	1	1494421482
15	1272	1	1494420211
15	1272	1	1494420310
15	1272	1	1494421023
15	1272	1	1494421130
223	1272	1	1495278745
15	1273	1	1494493984
15	1274	1	1494795512
15	1274	1	1494827461
15	1274	1	1494827610
47	1275	1	1494868904
47	1275	1	1494869056
47	1275	1	1494869074
12	1276	1	1495219962
16	1276	1	1495393466
12	1277	1	1495220778
12	1277	1	1495282977
16	1277	1	1495393385
12	1278	1	1495283139
16	1278	1	1495393334
16	1278	1	1495393340
12	1279	1	1495283700
12	1279	1	1495283711
16	1279	1	1495393244
25	1279	1	1496669343
12	1280	1	1495284063
16	1280	1	1495393167
25	1280	1	1496669220
12	1281	1	1495285205
12	1281	1	1495287090
16	1281	1	1495392933
12	1282	1	1495285299
12	1283	1	1495286024
12	1283	1	1495286057
16	1283	1	1495392957
12	1284	1	1495299443
16	1284	1	1495392759
25	1284	1	1496669150
26	1284	1	1499603665
16	1285	1	1495393340
15	1286	1	1495489504
15	1286	1	1495489584
12	1286	1	1497117585
15	1287	1	1495666715
15	1287	1	1495710698
15	1288	1	1495666823
15	1289	1	1496052609
15	1289	1	1496052821
16	1289	1	1496134402
15	1289	1	1496143338
47	1290	1	1496321755
47	1290	1	1496322657
47	1290	1	1496322794
47	1290	1	1496322829
47	1290	1	1496323049
47	1290	1	1496326201
47	1290	1	1496326752
47	1290	1	1496326803
47	1290	1	1496326841
47	1290	1	1496326865
47	1290	1	1496328133
47	1291	1	1496323200
47	1292	1	1496323310
47	1293	1	1496325298
47	1293	1	1496326593
47	1293	1	1496326626
47	1293	1	1496327465
25	1294	1	1496669530
15	1294	1	1498651044
15	1295	1	1496860536
26	1295	1	1499494998
15	1296	1	1496860660
26	1296	1	1499366987
15	1297	1	1496860661
26	1297	1	1499603795
15	1298	1	1496860869
26	1298	1	1499484973
26	1298	1	1499485161
15	1299	1	1496860871
26	1299	1	1499485317
15	1300	1	1496861241
15	1301	1	1496861359
15	1302	1	1496861519
12	1303	1	1497105643
12	1303	1	1497105982
16	1303	1	1497269024
12	1304	1	1497117520
12	1304	1	1497117604
12	1305	1	1497117653
15	1306	1	1497436036
15	1306	1	1497436928
147	1307	1	1497567535
224	1308	1	1497662010
15	1309	1	1497778086
16	1310	1	1497781218
47	1311	1	1497788485
47	1311	1	1497789013
12	1311	1	1498327197
12	1311	1	1498327231
47	1311	1	1498823419
15	1312	1	1497854308
15	1312	1	1497854481
26	1312	1	1499428168
15	1313	1	1497854691
15	1313	1	1497854721
26	1313	1	1499428356
12	1314	1	1498327051
12	1314	1	1498327531
12	1314	1	1498328135
12	1315	1	1498327632
12	1316	1	1498327878
12	1317	1	1498327975
12	1318	1	1498328181
47	1319	1	1498563174
47	1319	1	1498565082
47	1319	1	1498822387
47	1319	1	1498993493
47	1320	1	1498563483
47	1321	1	1498822575
47	1321	1	1498822637
47	1322	1	1498823304
12	1322	1	1499012927
12	1322	1	1499013010
47	1323	1	1498823768
12	1324	1	1499014128
12	1324	1	1499014348
12	1325	1	1499014257
12	1326	1	1499014402
26	1327	1	1499402951
26	1328	1	1499414907
26	1329	1	1499426070
26	1330	1	1499426121
26	1331	1	1499426245
26	1331	1	1499426456
26	1332	1	1499426320
26	1332	1	1499512998
26	1332	1	1499513155
26	1333	1	1499426564
26	1334	1	1499426604
26	1335	1	1499426656
26	1336	1	1499426712
26	1337	1	1499426748
26	1338	1	1499426788
26	1338	1	1499426815
26	1338	1	1499488061
26	1339	1	1499426840
26	1340	1	1499426895
26	1341	1	1499427435
26	1341	1	1499488620
26	1341	1	1499488759
26	1342	1	1499427498
26	1343	1	1499427619
26	1344	1	1499427669
26	1345	1	1499427717
26	1346	1	1499427978
26	1346	1	1499427995
26	1346	1	1499603271
26	1346	1	1499603322
26	1347	1	1499428282
26	1348	1	1499428466
26	1349	1	1499428760
26	1349	1	1499428803
26	1349	1	1499533614
26	1349	1	1499535356
26	1350	1	1499428859
26	1351	1	1499429021
26	1352	1	1499450946
26	1352	1	1499762651
26	1353	1	1499451166
26	1354	1	1499452646
26	1354	1	1499453493
26	1354	1	1499454102
26	1354	1	1499454216
26	1354	1	1499455260
26	1354	1	1499455597
26	1354	1	1499484222
26	1354	1	1499484369
26	1354	1	1499512345
26	1354	1	1499512551
26	1354	1	1499513282
26	1354	1	1499704169
26	1354	1	1499704302
26	1355	1	1499454379
26	1356	1	1499485469
26	1357	1	1499486959
26	1358	1	1499488130
26	1359	1	1499496171
26	1360	1	1499510162
26	1360	1	1499511482
26	1360	1	1499511814
26	1361	1	1499510227
26	1361	1	1499510262
26	1362	1	1499511814
26	1363	1	1499516966
26	1364	1	1499520216
26	1364	1	1499522309
26	1364	1	1499522475
26	1364	1	1499522546
26	1364	1	1499530381
26	1364	1	1499845202
26	1364	1	1499845308
26	1365	1	1499520838
26	1366	1	1499522431
26	1367	1	1499537661
26	1368	1	1499584610
26	1369	1	1499585332
26	1370	1	1499586097
26	1371	1	1499588986
26	1371	1	1499600862
26	1372	1	1499596669
26	1372	1	1499677036
26	1373	1	1499600565
26	1374	1	1499601260
26	1374	1	1499601291
26	1374	1	1499601703
26	1374	1	1499602212
26	1374	1	1499602273
26	1374	1	1499602406
26	1374	1	1499602570
26	1375	1	1499602880
26	1376	1	1499603422
26	1377	1	1499603665
26	1378	1	1499605638
26	1379	1	1499613297
26	1380	1	1499618678
15	1381	1	1499667532
15	1381	1	1499782133
15	1382	1	1499667815
26	1383	1	1499670025
201	1383	1	1499681774
26	1384	1	1499671185
26	1385	1	1499671693
26	1385	1	1499672112
26	1385	1	1499672402
26	1385	1	1499673651
26	1386	1	1499697473
26	1386	1	1499698241
26	1386	1	1499698595
26	1386	1	1499698697
26	1386	1	1499698780
26	1386	1	1499698904
26	1386	1	1499699809
26	1386	1	1499699848
26	1386	1	1499699895
26	1386	1	1499700109
26	1387	1	1499704684
26	1388	1	1499747149
26	1389	1	1499754455
26	1389	1	1499755179
26	1389	1	1499758723
26	1389	1	1499758821
26	1389	1	1499780574
26	1390	1	1499761501
26	1391	1	1499761551
26	1391	1	1499762784
26	1392	1	1499762314
26	1393	1	1499762391
26	1393	1	1499762868
26	1393	1	1499762958
26	1394	1	1499762440
26	1395	1	1499770353
26	1395	1	1499770491
26	1395	1	1499770749
26	1396	1	1499776090
26	1396	1	1499776438
26	1397	1	1499776579
26	1398	1	1499778768
26	1399	1	1499778911
26	1400	1	1499788589
26	1401	1	1499788728
26	1402	1	1499793193
26	1403	1	1499831571
26	1403	1	1499843673
26	1404	1	1499832028
26	1404	1	1499832088
26	1405	1	1499832270
26	1405	1	1499844217
26	1405	1	1499853976
26	1405	1	1499854066
26	1405	1	1499854218
26	1406	1	1499833862
26	1406	1	1499833984
26	1407	1	1499834228
26	1408	1	1499842545
26	1409	1	1499842587
26	1409	1	1499842953
26	1410	1	1499842886
26	1410	1	1499842999
26	1411	1	1499842999
26	1411	1	1499843114
26	1412	1	1499844310
26	1413	1	1499844365
26	1414	1	1499844443
26	1415	1	1499844481
26	1416	1	1499844649
26	1417	1	1499844738
26	1417	1	1499844775
26	1418	1	1499844775
26	1419	1	1499844982
26	1420	1	1499845232
26	1421	1	1499856102
26	1421	1	1499859706
26	1421	1	1499861940
26	1421	1	1499862035
26	1421	1	1499862092
26	1421	1	1499862175
26	1421	1	1499862314
26	1421	1	1499862373
26	1421	1	1499862526
26	1421	1	1499863558
26	1421	1	1499863774
26	1421	1	1499863948
26	1421	1	1499918994
26	1421	1	1499919611
26	1421	1	1499921164
109	1421	1	1500319607
137	1421	1	1500426652
26	1422	1	1499856102
26	1423	1	1499863141
26	1423	1	1499863270
26	1423	1	1499863327
26	1423	1	1499918150
26	1423	1	1499918398
26	1423	1	1499918619
26	1423	1	1499918721
26	1423	1	1499918876
26	1423	1	1499919120
26	1424	1	1499917663
26	1424	1	1499933217
26	1424	1	1499933338
26	1425	1	1499920401
26	1425	1	1499920590
26	1425	1	1499920857
26	1425	1	1499921572
26	1425	1	1499921622
26	1425	1	1499927510
26	1426	1	1499932791
26	1426	1	1499933653
26	1427	1	1499933649
26	1428	1	1499961841
26	1428	1	1499961934
26	1428	1	1499962024
26	1428	1	1499962306
26	1428	1	1499962403
26	1429	1	1500037903
26	1429	1	1500038051
26	1429	1	1500038116
26	1429	1	1500038330
26	1430	1	1500038428
137	1431	1	1500130121
26	1431	1	1500192818
137	1431	1	1500283078
26	1432	1	1500281486
26	1432	1	1500281527
137	1432	1	1500283134
225	1433	1	1500425655
225	1433	1	1500448929
225	1433	1	1500454024
225	1433	1	1500458416
