% bip positive
1	1	1	1158181665
1	1	1	1158181994
1	1	1	1158281360
1	1	1	1158449972
1	1	1	1158450514
1	1	1	1159031823
1	1	1	1159649918
1	2	1	1158185370
1	2	1	1158450238
1	2	1	1158450292
1	2	1	1159648172
1	2	1	1159648295
1	2	1	1160259279
2	2	1	1197399893
2	2	1	1197400881
2	2	1	1197400949
2	2	1	1197402954
2	2	1	1197403049
2	2	1	1197403805
2	2	1	1197403904
2	2	1	1197404062
2	2	1	1197404341
2	2	1	1197404531
3	3	1	1158187123
1	4	1	1158193242
1	5	1	1158194886
1	5	1	1158261861
1	5	1	1158266491
1	5	1	1158445501
1	5	1	1161212247
1	6	1	1159649577
1	6	1	1160439380
4	7	1	1161196470
1	7	1	1161213910
1	8	1	1158445784
1	8	1	1160759922
1	8	1	1161213429
1	9	1	1158279702
1	9	1	1158279799
1	9	1	1158280369
1	9	1	1158445773
1	9	1	1161213109
1	10	1	1158279799
5	11	1	1158309665
5	11	1	1158309838
5	11	1	1158311076
1	11	1	1158390016
1	11	1	1158445638
1	11	1	1161212902
5	12	1	1158309838
1	13	1	1158352894
1	13	1	1158353347
1	13	1	1160526868
1	13	1	1160526891
1	14	1	1158356196
1	14	1	1158357602
1	14	1	1160360494
2	14	1	1197318863
1	15	1	1158357983
1	15	1	1158358078
1	15	1	1158361454
1	15	1	1158361570
2	15	1	1198228159
1	16	1	1158358198
1	16	1	1158358252
1	16	1	1160344574
2	16	1	1197480417
1	17	1	1158359558
1	17	1	1158359605
1	17	1	1160342410
1	17	1	1160343520
1	17	1	1160343873
2	17	1	1197314050
1	18	1	1158360510
1	18	1	1158360629
1	18	1	1158360875
1	18	1	1158361752
1	18	1	1158361872
1	18	1	1160459834
1	19	1	1158363061
1	19	1	1160083250
1	19	1	1160691321
1	19	1	1160691805
1	20	1	1158363846
1	20	1	1158364148
1	20	1	1158364586
1	20	1	1158364777
1	20	1	1158365573
1	20	1	1158366359
1	20	1	1158367168
1	20	1	1158367704
1	20	1	1158367948
1	20	1	1158368427
1	20	1	1158369033
1	20	1	1158369440
1	20	1	1158369720
1	20	1	1158370026
1	20	1	1158370349
1	20	1	1158370640
1	20	1	1158370784
1	20	1	1158370975
1	20	1	1158371177
1	20	1	1158371473
1	20	1	1158372047
1	20	1	1158372303
1	20	1	1158373170
1	20	1	1158373338
1	20	1	1158375050
1	20	1	1158375858
1	20	1	1158382699
1	20	1	1158397905
1	20	1	1158398163
1	20	1	1158399015
1	20	1	1158399898
1	20	1	1158438097
1	20	1	1158438298
1	20	1	1158438555
1	20	1	1158440001
1	20	1	1158440250
1	20	1	1158440727
1	20	1	1158441660
1	20	1	1158441838
1	20	1	1158441926
1	20	1	1158442021
1	20	1	1158442192
1	20	1	1158442969
1	20	1	1158443690
1	20	1	1158491914
1	20	1	1158645758
1	20	1	1158647703
1	20	1	1158695414
1	20	1	1158697924
1	20	1	1158698135
1	20	1	1158792690
1	20	1	1159207171
1	20	1	1159208493
1	20	1	1159284766
1	20	1	1159567283
1	20	1	1159568492
1	20	1	1159568678
1	20	1	1159569916
1	20	1	1159904122
1	20	1	1159906801
1	20	1	1159907375
1	20	1	1159909749
1	20	1	1159911407
1	20	1	1159913333
1	20	1	1159991228
1	20	1	1160249090
1	21	1	1158451563
1	21	1	1158451638
1	21	1	1159647536
1	21	1	1160259594
1	21	1	1160349278
2	21	1	1197321388
2	21	1	1197397820
2	21	1	1197397862
1	22	1	1158454046
1	23	1	1158455019
1	23	1	1160083746
6	23	1	1161121660
1	23	1	1161209716
1	23	1	1161290491
1	23	1	1161290587
1	24	1	1158455133
1	24	1	1160085234
6	24	1	1161121566
1	24	1	1161210372
1	24	1	1161291073
1	25	1	1158455168
1	25	1	1159030713
1	25	1	1160083570
6	25	1	1161122344
1	25	1	1161209938
1	25	1	1161290691
1	26	1	1158455198
1	26	1	1160084442
1	26	1	1161209955
1	26	1	1161290050
1	26	1	1161290816
1	27	1	1158455224
1	27	1	1160084556
1	27	1	1161209973
1	27	1	1161286353
1	27	1	1161290774
1	28	1	1158455283
1	28	1	1160084654
1	28	1	1161209994
1	28	1	1161286868
1	28	1	1161290857
1	29	1	1158455306
1	29	1	1160084721
6	29	1	1161122249
1	29	1	1161209991
1	29	1	1161290836
1	30	1	1158455317
1	30	1	1160084815
4	30	1	1161200944
1	30	1	1161210079
1	30	1	1161289133
1	30	1	1161290925
1	31	1	1158455330
1	31	1	1160084889
1	31	1	1161210100
1	31	1	1161287578
1	31	1	1161290937
1	32	1	1158455342
1	32	1	1160084975
7	32	1	1161141780
1	32	1	1161210114
1	32	1	1161210183
1	32	1	1161287371
1	32	1	1161290960
1	33	1	1158455373
1	33	1	1160084950
1	33	1	1161210130
1	33	1	1161289320
1	33	1	1161290994
1	34	1	1158455488
1	34	1	1160085223
1	34	1	1161210367
1	34	1	1161288618
1	34	1	1161291057
1	35	1	1158455500
1	35	1	1160085267
1	35	1	1161210396
1	35	1	1161288049
1	35	1	1161291091
1	36	1	1160733084
1	36	1	1161214003
1	37	1	1160525619
1	37	1	1160734328
1	37	1	1161213670
1	38	1	1158490305
1	38	1	1158492066
1	38	1	1158644729
1	38	1	1158647836
1	38	1	1158695349
1	38	1	1158698299
1	38	1	1158792748
1	38	1	1159207294
1	38	1	1159208557
1	38	1	1159284836
1	38	1	1159567067
1	38	1	1159570580
1	38	1	1159904030
1	39	1	1158492987
1	40	1	1158492988
1	41	1	1158493103
2	41	1	1198088496
1	42	1	1158493245
2	42	1	1198089476
1	43	1	1158493280
2	43	1	1198090025
1	44	1	1158493311
2	44	1	1197975611
2	45	1	1161162224
2	45	1	1161162236
2	45	1	1161162266
1	45	1	1161213066
1	46	1	1158495772
1	46	1	1160733905
1	46	1	1161213855
1	47	1	1158507630
1	47	1	1158507707
1	48	1	1158524975
1	49	1	1158530962
1	49	1	1158531093
1	49	1	1158531593
1	49	1	1158531825
1	49	1	1160867080
1	49	1	1160870357
1	49	1	1160870401
1	49	1	1167490507
1	50	1	1158532025
1	51	1	1158532292
1	51	1	1159293155
1	51	1	1159293213
1	51	1	1160870512
8	51	1	1161639568
1	53	1	1161212983
1	54	1	1158565762
9	54	1	1158645661
9	54	1	1158684049
1	54	1	1158711150
3	54	1	1159282452
3	54	1	1159282858
1	54	1	1159292793
3	54	1	1159305328
1	54	1	1159307159
3	54	1	1159393310
1	54	1	1159472663
3	54	1	1159894964
3	54	1	1159895786
1	54	1	1159913706
1	54	1	1160270024
2	54	1	1160315595
1	54	1	1160337600
1	54	1	1160337728
3	54	1	1162341695
1	54	1	1163666470
1	55	1	1158569730
1	55	1	1161213125
10	56	1	1158570493
1	56	1	1158585392
1	57	1	1158586407
1	57	1	1158586652
1	57	1	1158587211
1	57	1	1158587825
1	57	1	1158588724
1	57	1	1158589192
1	57	1	1158589710
1	57	1	1158590204
1	57	1	1158619293
1	57	1	1158619373
1	57	1	1158619573
1	57	1	1158619707
1	57	1	1159298376
1	57	1	1160082566
11	57	1	1160944368
1	57	1	1161034197
1	57	1	1161034273
1	57	1	1161034333
1	58	1	1158586653
1	59	1	1158592632
1	59	1	1158612454
1	59	1	1161212560
2	59	1	1197974906
1	61	1	1160428040
2	61	1	1160565261
1	62	1	1161034032
1	63	1	1158612581
1	63	1	1161212721
9	64	1	1158648931
1	65	1	1158654177
1	65	1	1158654994
1	65	1	1158656668
1	65	1	1158695488
1	65	1	1158698473
1	65	1	1158792801
1	65	1	1159207221
1	65	1	1159208547
1	65	1	1159284899
1	65	1	1159567454
1	65	1	1159570534
1	65	1	1159904012
1	66	1	1163669595
1	67	1	1161212094
1	68	1	1161213500
1	69	1	1161213102
1	70	1	1158787263
1	70	1	1158787349
1	70	1	1161211796
1	71	1	1158787349
1	72	1	1161211810
1	73	1	1158793491
12	73	1	1160359074
1	73	1	1161035161
1	74	1	1158793554
1	74	1	1163664896
1	74	1	1163665791
1	74	1	1163667428
4	74	1	1163697298
4	74	1	1163697490
8	74	1	1163704579
13	74	1	1163710048
14	74	1	1163784833
14	74	1	1163785139
15	74	1	1163841109
16	74	1	1163883374
5	74	1	1164060630
17	74	1	1164060949
17	74	1	1164061250
18	74	1	1164089333
19	74	1	1164232107
20	74	1	1167613837
1	75	1	1158794153
12	75	1	1160358911
1	75	1	1161032892
2	75	1	1161105264
2	75	1	1161105631
2	75	1	1161161594
21	76	1	1158876548
1	76	1	1161212274
1	77	1	1161212743
1	78	1	1161213427
1	79	1	1159030474
1	79	1	1161212724
1	80	1	1159030700
1	80	1	1160084357
1	80	1	1161209788
1	80	1	1161289052
1	80	1	1161290671
1	81	1	1159032444
1	81	1	1159032585
1	81	1	1161212705
1	82	1	1159126720
1	82	1	1159570141
1	82	1	1161212077
1	83	1	1161213492
1	84	1	1161213424
1	85	1	1161213275
1	86	1	1161211928
1	87	1	1161213071
12	88	1	1160359321
1	88	1	1161213370
1	89	1	1159301128
1	89	1	1159301269
1	89	1	1161212354
1	90	1	1159732392
1	90	1	1159732500
1	90	1	1159732637
1	91	1	1159375167
1	91	1	1159375264
1	91	1	1159375363
1	91	1	1161212277
1	92	1	1159375923
1	92	1	1161212351
1	93	1	1161212887
1	94	1	1159476939
1	94	1	1161213107
1	95	1	1159478408
1	95	1	1161212892
1	96	1	1159553698
1	96	1	1159553813
1	96	1	1161213344
1	97	1	1159561339
1	97	1	1159561472
1	97	1	1160732975
1	97	1	1161213816
1	98	1	1159650105
1	98	1	1159650248
1	98	1	1160085064
1	98	1	1161210326
1	98	1	1161288304
1	98	1	1161291191
1	99	1	1159650111
1	99	1	1159650264
1	99	1	1160085112
1	99	1	1161210335
1	99	1	1161288424
1	99	1	1161291174
1	100	1	1159650117
1	100	1	1159650269
1	100	1	1160085186
1	100	1	1161210339
1	100	1	1161288161
1	100	1	1161291158
1	101	1	1159650124
1	101	1	1159650274
1	101	1	1160085291
1	101	1	1161210399
1	101	1	1161287739
1	101	1	1161291103
1	102	1	1159651365
1	102	1	1159660845
1	102	1	1161212290
1	103	1	1159652059
1	103	1	1159660732
1	103	1	1161213438
1	104	1	1159660780
1	104	1	1161212586
1	105	1	1159660340
1	105	1	1159660445
1	105	1	1160594496
1	105	1	1160595656
1	105	1	1160597746
1	105	1	1160597808
1	105	1	1160597934
1	105	1	1160597987
1	105	1	1160602479
4	106	1	1159736950
1	106	1	1161213367
4	107	1	1159737876
1	107	1	1159738523
1	107	1	1159821715
1	107	1	1160611335
22	108	1	1159740270
1	108	1	1163669569
22	108	1	1214083937
5	109	1	1159818633
5	109	1	1159819015
1	109	1	1161212717
5	110	1	1159818896
5	110	1	1159819121
1	110	1	1159820959
1	110	1	1161212589
1	111	1	1159822954
23	111	1	1426838910
24	111	1	1429231057
23	111	1	1429245729
1	112	1	1159822958
1	112	1	1163669176
25	113	1	1159826583
1	114	1	1161211804
1	115	1	1159907762
1	115	1	1161212234
1	116	1	1161213489
26	117	1	1159995029
26	117	1	1159995504
1	117	1	1161211945
26	118	1	1159995051
1	118	1	1161212385
26	119	1	1159995783
26	119	1	1159996087
1	119	1	1161212390
1	120	1	1161212379
1	121	1	1161211974
4	122	1	1160077898
4	122	1	1160078804
1	122	1	1161212848
4	123	1	1160078464
1	124	1	1160081331
1	125	1	1160082381
1	125	1	1160083028
12	125	1	1160358413
12	125	1	1160358666
27	125	1	1160694081
27	125	1	1160694113
28	125	1	1160784515
17	125	1	1161277103
17	125	1	1161277172
29	125	1	1161468349
30	125	1	1161519559
13	125	1	1163198237
13	125	1	1163198353
1	125	1	1163358373
1	125	1	1165692423
1	125	1	1165692608
1	126	1	1160083175
1	127	1	1160087166
1	127	1	1161212531
1	128	1	1160088707
2	128	1	1197479568
1	129	1	1160089173
1	129	1	1160089556
2	129	1	1197312873
1	130	1	1160089247
1	130	1	1160089543
2	130	1	1197314834
1	131	1	1160089805
1	131	1	1160089888
1	131	1	1160156368
1	131	1	1160156453
1	131	1	1160520133
1	131	1	1160520324
1	131	1	1160520615
1	131	1	1160521005
1	131	1	1160521256
1	131	1	1160682341
2	131	1	1198089207
1	132	1	1160092200
2	132	1	1197318424
2	132	1	1197318439
1	133	1	1160092909
2	133	1	1198149466
1	134	1	1160094261
2	134	1	1198082802
1	135	1	1161211867
1	136	1	1160128402
1	136	1	1160161461
1	137	1	1160128495
1	137	1	1160128584
1	137	1	1160161676
1	138	1	1160128668
1	138	1	1160161624
1	139	1	1161212591
1	140	1	1160155006
1	140	1	1160155055
1	140	1	1160159875
1	140	1	1160427765
1	140	1	1160606008
2	140	1	1197316360
2	140	1	1197316624
1	141	1	1160155257
1	141	1	1160155382
1	142	1	1160155366
1	142	1	1160155569
2	142	1	1198086455
1	143	1	1160155505
1	144	1	1160156764
1	144	1	1160156834
2	144	1	1197917816
2	144	1	1197917906
2	144	1	1197917998
2	144	1	1197973716
2	144	1	1197973966
2	144	1	1197973983
31	144	1	1331931157
1	145	1	1160157383
1	145	1	1160159568
1	145	1	1160603322
2	145	1	1197311690
1	146	1	1160157661
1	146	1	1160157709
1	146	1	1160159495
1	147	1	1160161746
1	148	1	1160162163
2	148	1	1198150673
2	148	1	1198150695
1	149	1	1160165578
12	149	1	1160358657
12	149	1	1160358730
12	149	1	1160358828
28	149	1	1160784310
17	149	1	1161277116
29	149	1	1161468522
32	149	1	1162547295
6	149	1	1162583904
1	149	1	1163184904
13	149	1	1163197831
1	149	1	1163358733
1	149	1	1163358960
1	149	1	1163741444
1	149	1	1163741725
1	149	1	1163741884
33	149	1	1164587508
1	149	1	1165391052
1	149	1	1165391305
1	149	1	1165391739
1	149	1	1167134873
1	149	1	1167135175
1	149	1	1167606490
1	150	1	1160166252
1	150	1	1160610069
1	150	1	1160610692
1	151	1	1160166618
34	151	1	1160813366
34	151	1	1160813796
29	151	1	1161467998
32	151	1	1162547953
32	151	1	1162548248
16	151	1	1163884691
1	152	1	1160248716
1	152	1	1160611358
5	153	1	1160254146
1	153	1	1161213494
5	154	1	1160255101
1	154	1	1161213339
1	155	1	1161211862
1	156	1	1160259759
2	156	1	1197311962
1	157	1	1160259958
2	157	1	1197405420
1	158	1	1160260162
1	159	1	1160260386
2	159	1	1197913546
2	159	1	1197913654
2	159	1	1197913668
1	160	1	1160260761
2	160	1	1197315996
1	161	1	1160261002
2	161	1	1197479695
1	162	1	1160261015
2	162	1	1197911441
2	162	1	1197911483
1	163	1	1160261129
2	163	1	1197911548
1	164	1	1160261204
1	165	1	1160261300
2	165	1	1197913049
1	166	1	1160261386
2	166	1	1197912086
1	167	1	1160261430
2	167	1	1197911583
1	168	1	1160261500
1	169	1	1160261717
1	169	1	1160359972
2	169	1	1197912014
1	170	1	1160261947
1	171	1	1160262027
2	171	1	1198081938
1	172	1	1160262358
2	172	1	1197912062
1	173	1	1160262375
1	173	1	1160359981
2	173	1	1197912989
2	173	1	1197913016
1	174	1	1160262576
1	174	1	1160359992
2	174	1	1197912115
2	174	1	1197912211
1	175	1	1160262859
1	175	1	1160263007
1	176	1	1160262993
2	176	1	1198084957
1	177	1	1160263340
1	177	1	1160594209
1	178	1	1160263350
2	178	1	1198080108
2	178	1	1198080119
1	179	1	1160263741
1	179	1	1160361393
2	179	1	1197481373
1	180	1	1160263776
1	180	1	1160594254
2	180	1	1198081976
1	181	1	1160263994
2	181	1	1197318276
1	182	1	1160264000
2	182	1	1197480338
1	183	1	1160264081
1	183	1	1160360684
1	183	1	1161726588
1	183	1	1161726662
2	183	1	1197318295
1	184	1	1160267681
1	184	1	1160267709
1	184	1	1161213068
1	185	1	1160268501
1	185	1	1161212894
1	186	1	1160269769
1	186	1	1161212357
1	187	1	1160314915
1	187	1	1163667961
2	188	1	1160320332
1	188	1	1160336598
1	188	1	1160336810
1	188	1	1160336980
1	188	1	1160611473
1	189	1	1160336810
35	190	1	1160339199
1	190	1	1161213347
35	191	1	1160340364
1	191	1	1161213502
35	192	1	1160341279
1	192	1	1161212715
1	193	1	1160342047
2	193	1	1198090147
2	193	1	1198090316
1	194	1	1160342282
1	194	1	1160378255
1	194	1	1160457842
1	195	1	1160342491
2	195	1	1197313999
1	196	1	1160342865
1	196	1	1160343398
1	196	1	1160345258
1	196	1	1160345307
2	196	1	1197975484
1	197	1	1160349719
1	197	1	1160349869
1	197	1	1160350218
1	197	1	1160350271
1	197	1	1160350475
2	197	1	1160392334
2	197	1	1160392376
2	197	1	1160392418
1	197	1	1160424477
1	197	1	1160424982
1	197	1	1160527027
1	197	1	1160527067
1	197	1	1160527165
1	197	1	1160527785
1	197	1	1160596980
1	197	1	1160597413
1	197	1	1160870919
1	197	1	1161032243
1	197	1	1161032582
1	197	1	1161032650
1	197	1	1161299808
1	197	1	1161299935
1	197	1	1161300759
1	197	1	1161300937
1	197	1	1161415857
1	197	1	1161416907
1	197	1	1161463071
1	197	1	1161463285
1	197	1	1161465418
1	197	1	1161465472
1	197	1	1161465757
1	197	1	1161727235
1	197	1	1162807317
1	197	1	1163359304
1	197	1	1164793508
1	198	1	1160343998
1	199	1	1160344361
1	200	1	1160344463
2	200	1	1197311274
1	201	1	1160344743
2	201	1	1197317526
1	202	1	1160345021
2	202	1	1197314428
1	203	1	1160345098
2	203	1	1197313969
1	204	1	1160345340
2	204	1	1197316714
1	205	1	1160345645
1	205	1	1160345803
1	205	1	1160345964
2	205	1	1197312295
1	206	1	1160346016
2	206	1	1197312359
1	207	1	1160346076
2	207	1	1197312149
1	208	1	1160346198
2	208	1	1197318097
1	209	1	1160346259
1	210	1	1160346394
2	210	1	1197318081
1	211	1	1160346763
2	211	1	1197311196
1	212	1	1160346919
2	212	1	1197315122
1	213	1	1160347000
1	213	1	1160347075
2	213	1	1198151065
1	214	1	1160347151
1	214	1	1160347244
2	214	1	1197916521
1	215	1	1160347230
1	215	1	1160347313
2	215	1	1198089719
1	216	1	1160347303
1	216	1	1160347337
2	216	1	1197313718
1	217	1	1160347376
2	217	1	1197312851
1	218	1	1160347886
1	218	1	1160348161
2	218	1	1197316442
1	219	1	1160348265
12	220	1	1160358828
12	221	1	1160358911
12	222	1	1160359074
1	223	1	1160360275
2	223	1	1197407639
1	224	1	1160360480
2	224	1	1197318844
1	225	1	1160360523
2	225	1	1197318813
1	226	1	1160360539
2	226	1	1197318932
1	227	1	1160360583
1	227	1	1160360651
1	228	1	1160360871
2	228	1	1197480631
1	229	1	1160360879
2	229	1	1197317957
1	230	1	1160361035
1	230	1	1160361095
2	230	1	1197480108
2	230	1	1197480699
1	231	1	1160361083
1	232	1	1160361333
2	232	1	1197481284
1	233	1	1160361346
2	233	1	1197321035
1	234	1	1160361451
2	234	1	1197481425
1	235	1	1160361555
2	235	1	1197320965
1	236	1	1160361631
1	237	1	1160361785
2	237	1	1197481501
31	237	1	1331931243
5	238	1	1160372926
1	238	1	1161213336
5	239	1	1160375218
1	239	1	1161212073
1	240	1	1160377688
1	240	1	1160377743
1	240	1	1161212749
1	241	1	1160382816
2	241	1	1197911268
1	242	1	1160382923
2	242	1	1197479209
1	243	1	1160383049
2	243	1	1197315797
1	244	1	1160383166
1	245	1	1160383550
1	245	1	1160383829
1	245	1	1160383987
1	245	1	1160384121
1	246	1	1160383800
1	247	1	1160383919
2	247	1	1197479976
1	248	1	1160384250
2	248	1	1197479626
1	249	1	1160384546
1	249	1	1160384653
2	249	1	1198145602
1	250	1	1160384555
2	250	1	1197912356
1	251	1	1160384777
2	251	1	1198082030
1	252	1	1160385154
1	252	1	1160594347
2	252	1	1198080036
1	253	1	1160385243
2	253	1	1198081838
2	253	1	1198081861
1	254	1	1160385360
1	254	1	1160686752
1	254	1	1160686877
1	254	1	1160686908
1	255	1	1160385442
1	255	1	1160687128
1	256	1	1160385951
2	256	1	1198080164
2	256	1	1198080339
1	257	1	1160386223
2	257	1	1198080445
2	257	1	1198089643
1	258	1	1160386257
1	258	1	1160558038
1	258	1	1160558363
1	258	1	1160558538
1	258	1	1160558747
2	258	1	1198080487
1	259	1	1160386714
2	259	1	1198080617
1	260	1	1160386885
2	260	1	1197914151
2	260	1	1197914199
1	261	1	1160386938
2	261	1	1198081257
1	262	1	1160387246
2	262	1	1198081597
1	263	1	1160387257
2	263	1	1198081476
1	264	1	1160387355
2	264	1	1198081423
1	265	1	1160387606
2	265	1	1198081750
1	266	1	1160387821
2	266	1	1198085266
2	266	1	1198085294
1	267	1	1160387837
2	267	1	1197911109
2	267	1	1197911134
1	268	1	1160388004
2	268	1	1198082084
1	269	1	1160388203
2	269	1	1197911064
2	269	1	1197911196
2	270	1	1160392429
2	270	1	1160392451
2	270	1	1160392498
1	270	1	1160439344
1	270	1	1160439533
2	270	1	1197398696
1	271	1	1160422562
2	271	1	1197314858
1	272	1	1160422995
2	272	1	1197315677
1	273	1	1160423333
1	273	1	1160423639
1	273	1	1160423841
2	273	1	1197319357
1	274	1	1160423991
2	274	1	1197318885
1	275	1	1160424143
2	275	1	1198230408
1	276	1	1160424401
2	276	1	1197389443
1	277	1	1160425260
2	277	1	1197313212
1	278	1	1160425298
2	278	1	1197404926
1	279	1	1160425370
2	279	1	1198082159
1	280	1	1160425454
2	280	1	1197916591
1	281	1	1160425736
1	282	1	1160425804
2	282	1	1198150821
1	283	1	1160426119
2	283	1	1197316584
1	284	1	1160426124
2	284	1	1197315711
2	284	1	1197315751
1	285	1	1160426327
2	285	1	1197311134
1	286	1	1160426469
1	286	1	1160426508
1	287	1	1160426493
1	288	1	1160426635
1	289	1	1160426903
1	289	1	1160426944
1	289	1	1160427102
1	289	1	1160427454
1	289	1	1160429500
1	289	1	1160429610
1	289	1	1160431393
1	289	1	1160431987
2	289	1	1197389305
1	290	1	1160427258
1	290	1	1160431547
2	290	1	1197389080
1	291	1	1160427412
1	291	1	1160428172
1	291	1	1160428663
1	291	1	1160428788
1	291	1	1160428871
1	291	1	1160428929
1	291	1	1160428968
1	291	1	1160431369
1	291	1	1160605099
1	291	1	1160606167
1	292	1	1160428040
1	293	1	1160429337
1	293	1	1160429586
2	293	1	1197312945
1	294	1	1160429669
1	294	1	1160429943
2	294	1	1197975400
2	294	1	1197975458
1	295	1	1160429930
2	295	1	1197975761
1	296	1	1160430116
2	296	1	1198230281
1	297	1	1160430131
2	297	1	1197483873
1	298	1	1160430261
2	298	1	1197316665
1	299	1	1160430515
2	299	1	1197483935
1	300	1	1160430849
1	301	1	1160431150
2	301	1	1197313549
1	302	1	1160431164
2	302	1	1197482777
1	303	1	1160431900
2	303	1	1198085900
1	304	1	1160431910
2	304	1	1198085764
2	304	1	1198085779
1	305	1	1160432309
2	305	1	1198149655
1	306	1	1160432404
1	307	1	1160432863
1	308	1	1160432910
2	308	1	1198230134
1	309	1	1160432997
2	309	1	1197317443
2	309	1	1198228303
1	310	1	1160433066
1	311	1	1160433200
1	312	1	1160433419
1	313	1	1160433423
1	314	1	1160433499
2	314	1	1197317568
1	315	1	1160433738
1	316	1	1160433992
2	316	1	1198150855
1	317	1	1160434139
1	318	1	1160434338
2	318	1	1198082183
1	319	1	1160434563
1	319	1	1160434667
1	320	1	1160434943
2	320	1	1198085333
1	321	1	1160435236
1	322	1	1160435244
1	323	1	1160435456
2	323	1	1198152049
2	323	1	1198152059
2	323	1	1198152091
1	324	1	1160435470
2	324	1	1198087262
1	325	1	1160435657
1	325	1	1160435715
2	325	1	1198086254
1	326	1	1160435944
2	326	1	1198152709
1	327	1	1160436085
1	328	1	1160436931
1	328	1	1160437056
1	328	1	1160437155
1	328	1	1160437274
1	328	1	1160437412
1	328	1	1160437926
1	328	1	1160438106
1	329	1	1160436940
1	330	1	1160437672
1	330	1	1160437795
1	330	1	1160437835
1	330	1	1160437949
1	330	1	1160438120
2	330	1	1197313827
1	331	1	1160438580
2	331	1	1198151654
1	332	1	1160438621
2	332	1	1197408160
1	333	1	1160438736
2	333	1	1197315591
1	334	1	1160438843
2	334	1	1198146767
2	334	1	1198146787
1	335	1	1160438963
1	336	1	1160438983
1	337	1	1160439712
2	337	1	1198151047
1	338	1	1160457572
1	338	1	1160510815
2	338	1	1197315061
1	339	1	1160457818
2	339	1	1197320030
2	339	1	1197320043
1	340	1	1160458166
2	340	1	1197314221
2	340	1	1197314239
1	341	1	1160458581
2	341	1	1198089427
1	342	1	1160458708
2	342	1	1197313893
1	343	1	1160458811
2	343	1	1197312613
1	344	1	1160459156
2	344	1	1197916358
1	345	1	1160459509
1	345	1	1160508150
2	345	1	1197313375
1	346	1	1160459583
1	346	1	1160508159
2	346	1	1198230685
1	347	1	1160459626
1	347	1	1160508172
1	348	1	1160460411
2	348	1	1198086991
1	349	1	1160460591
1	350	1	1160460600
1	351	1	1160460976
2	351	1	1197319053
1	352	1	1160461326
2	352	1	1197407385
1	353	1	1160461637
1	354	1	1160461687
2	354	1	1197483230
1	355	1	1160461694
1	356	1	1160461839
2	356	1	1197317276
1	357	1	1160462011
2	357	1	1198087073
1	358	1	1160462236
2	358	1	1197313010
1	359	1	1160462293
2	359	1	1197916551
1	360	1	1160462488
2	360	1	1197483690
1	361	1	1160462556
2	361	1	1197483358
1	362	1	1160462607
1	362	1	1160462807
1	362	1	1160508486
1	363	1	1160462656
2	363	1	1197315485
1	364	1	1160462779
1	365	1	1160462859
2	366	1	1160464866
1	366	1	1160472736
4	367	1	1160467550
1	367	1	1161212046
4	368	1	1160468670
1	368	1	1161213433
1	369	1	1160471659
1	369	1	1160476208
1	369	1	1161212316
1	370	1	1160472015
1	370	1	1160472178
1	370	1	1161213000
1	371	1	1160473502
1	372	1	1160473703
1	373	1	1160473770
2	373	1	1198086475
1	374	1	1160474676
1	374	1	1160508583
1	374	1	1160508623
2	374	1	1198088458
1	375	1	1160475063
1	376	1	1160507846
1	376	1	1160507936
2	376	1	1197319084
1	377	1	1160508935
1	378	1	1160509248
1	379	1	1160509259
2	379	1	1197317933
1	380	1	1160509377
2	380	1	1197479080
1	381	1	1160509386
1	382	1	1160509849
2	382	1	1197405741
2	382	1	1197406139
2	382	1	1197479147
1	383	1	1160509919
2	383	1	1197317512
1	384	1	1160510211
2	384	1	1198150925
1	385	1	1160511431
2	385	1	1197912279
1	386	1	1160511526
1	387	1	1160511640
1	388	1	1160511788
1	389	1	1160511815
1	390	1	1160511885
1	390	1	1160511973
2	390	1	1197482795
1	391	1	1160512082
1	392	1	1160512113
1	393	1	1160512148
1	394	1	1160512180
1	395	1	1160512530
1	396	1	1160512705
1	396	1	1160513030
1	396	1	1161631441
1	396	1	1161632101
2	396	1	1198089968
1	397	1	1160512906
1	397	1	1160513026
1	397	1	1160600388
1	397	1	1160600555
1	397	1	1161631620
1	397	1	1161632131
2	397	1	1198150079
1	398	1	1160513237
1	399	1	1160513278
2	399	1	1198150000
1	400	1	1160513319
2	400	1	1197311299
2	400	1	1197311343
1	401	1	1160513338
1	402	1	1160513357
1	402	1	1160513575
2	402	1	1197406280
2	402	1	1197406311
1	403	1	1160513690
2	403	1	1197317645
1	404	1	1160513720
2	404	1	1198089531
1	405	1	1160513750
2	405	1	1198090090
1	406	1	1160514013
1	406	1	1160688662
2	406	1	1197314877
1	407	1	1160514038
1	408	1	1160514114
2	408	1	1197315106
1	409	1	1160514181
2	409	1	1198152006
1	410	1	1160514542
2	410	1	1198086210
1	411	1	1160514584
2	411	1	1198087295
1	412	1	1160514611
1	413	1	1160514643
1	414	1	1160514662
1	415	1	1160515108
1	415	1	1160515621
2	415	1	1197316768
1	416	1	1160515197
1	417	1	1160515227
2	417	1	1198082228
1	418	1	1160515300
1	419	1	1160515783
1	420	1	1160515821
1	421	1	1160515865
1	421	1	1160516542
2	421	1	1198089461
1	422	1	1160516268
2	422	1	1197975565
1	423	1	1160516655
1	424	1	1160517410
2	424	1	1197313592
1	425	1	1160517772
2	425	1	1197409253
1	426	1	1160518008
2	426	1	1197408918
1	427	1	1160518242
2	427	1	1197320076
1	428	1	1160518624
2	428	1	1198231335
1	429	1	1160518685
1	429	1	1160518796
2	429	1	1197318626
2	429	1	1197318663
1	430	1	1160519001
2	430	1	1197311513
1	431	1	1160519541
1	431	1	1160519615
1	431	1	1160519694
2	431	1	1197484081
1	432	1	1160519554
4	433	1	1160468036
1	433	1	1160521840
1	433	1	1161211865
1	434	1	1160524444
1	434	1	1160524891
1	434	1	1160524942
1	434	1	1161212980
1	435	1	1160525210
1	435	1	1160733336
1	435	1	1161213857
1	436	1	1160525218
1	436	1	1160525871
1	436	1	1160732055
1	436	1	1161213881
1	437	1	1160525325
1	437	1	1160733789
1	437	1	1161213673
1	438	1	1160525350
1	438	1	1160733722
1	438	1	1161213913
1	439	1	1160525420
1	439	1	1160733658
1	439	1	1161214055
1	440	1	1160525436
1	440	1	1160733501
1	440	1	1161213684
1	441	1	1160525479
1	441	1	1160733839
1	441	1	1161214012
1	442	1	1160525498
1	442	1	1160733913
1	442	1	1161214007
1	443	1	1160525556
1	443	1	1160525787
1	443	1	1160734047
1	443	1	1161213696
1	444	1	1160525596
1	444	1	1160734142
1	444	1	1161213915
1	445	1	1160525604
1	445	1	1160734249
1	445	1	1161213716
1	446	1	1160525629
1	446	1	1160734363
1	446	1	1161214002
1	447	1	1160525636
1	447	1	1160734402
1	447	1	1161213712
1	448	1	1160525706
1	448	1	1160525750
1	448	1	1160734296
1	448	1	1161214004
1	449	1	1160527464
1	449	1	1160527842
1	449	1	1160596729
1	449	1	1160596830
1	449	1	1160596929
1	450	1	1160558870
1	451	1	1160559047
1	452	1	1160559051
1	453	1	1160559175
2	453	1	1198088362
1	454	1	1160559276
1	455	1	1160559327
1	456	1	1160559479
2	456	1	1197314353
1	457	1	1160559699
1	458	1	1160559843
1	459	1	1160560085
2	459	1	1197405113
1	460	1	1160560147
1	461	1	1160560336
2	461	1	1197316518
1	462	1	1160560437
1	463	1	1160560536
2	463	1	1197479376
2	463	1	1197479395
2	463	1	1197479410
2	463	1	1197479439
1	464	1	1160560620
1	465	1	1160560855
1	466	1	1160560978
2	466	1	1198080528
1	467	1	1160561055
2	467	1	1198081511
36	468	1	1160588703
1	468	1	1161212322
36	469	1	1160589825
36	469	1	1160590639
2	469	1	1161162379
1	469	1	1161213278
36	470	1	1160590639
1	471	1	1160594772
1	472	1	1160596889
1	472	1	1160596906
1	472	1	1160597312
1	472	1	1160597487
1	473	1	1160598142
1	473	1	1160598316
1	473	1	1160598408
2	473	1	1198090625
2	473	1	1198090634
1	474	1	1160598733
2	474	1	1197915675
2	474	1	1197915752
1	475	1	1160598850
1	475	1	1160598883
1	475	1	1160599166
1	475	1	1160599666
2	475	1	1197975142
1	476	1	1160599576
2	476	1	1198146274
1	477	1	1160599727
1	478	1	1160599776
1	479	1	1160599928
2	479	1	1197313457
1	480	1	1160599996
2	480	1	1198231256
1	481	1	1160600036
2	481	1	1198152757
1	482	1	1160600161
2	482	1	1197311424
1	483	1	1160600245
2	483	1	1198086157
1	484	1	1160600756
2	484	1	1198228244
1	485	1	1160600786
2	485	1	1197975634
1	486	1	1160600937
2	486	1	1198152650
1	487	1	1160601052
2	487	1	1197312922
1	488	1	1160601116
2	488	1	1198085872
1	489	1	1160601281
1	490	1	1160601475
1	490	1	1160642523
2	490	1	1197314914
1	491	1	1160601488
2	491	1	1198090426
1	492	1	1160601500
2	492	1	1198149598
1	493	1	1160601514
2	493	1	1197314447
1	494	1	1160601533
2	494	1	1198151100
1	495	1	1160601551
2	495	1	1197312077
1	496	1	1160601851
1	497	1	1160601856
1	498	1	1160601971
2	498	1	1198150589
1	499	1	1160601978
2	499	1	1197916495
1	500	1	1160602126
1	501	1	1160602133
2	501	1	1197313093
1	502	1	1160602146
1	503	1	1160602233
1	503	1	1160602324
1	504	1	1160602295
2	504	1	1198152475
1	505	1	1160602360
1	506	1	1160602588
2	506	1	1198230341
1	507	1	1160602605
1	508	1	1160602652
1	509	1	1160602663
1	510	1	1160602783
1	511	1	1160602953
1	512	1	1160602976
1	513	1	1160603099
2	513	1	1198149945
1	514	1	1160603110
1	515	1	1160603969
2	515	1	1198084762
1	516	1	1160603978
1	517	1	1160604015
1	517	1	1161037050
1	517	1	1161037134
2	517	1	1197406493
1	518	1	1160604148
1	518	1	1160604234
2	518	1	1197911918
1	519	1	1160604163
2	519	1	1197913825
1	520	1	1160604279
1	521	1	1160604309
1	521	1	1160604353
2	521	1	1198084787
1	522	1	1160604415
1	522	1	1160604458
1	523	1	1160604431
2	523	1	1197912520
2	523	1	1197912549
1	524	1	1160604521
1	525	1	1160604670
2	525	1	1197912867
1	526	1	1160604687
1	527	1	1160604706
1	527	1	1161035548
2	527	1	1197911722
2	527	1	1197911812
2	527	1	1197911824
1	528	1	1160604766
1	529	1	1160604889
1	529	1	1160781590
2	529	1	1198081203
1	530	1	1160604900
2	530	1	1198081151
1	531	1	1160604911
1	531	1	1160781622
1	531	1	1160782018
2	531	1	1198082109
1	532	1	1160604930
1	532	1	1160605076
1	532	1	1160861785
2	532	1	1198146053
1	533	1	1160605225
2	533	1	1197311168
1	534	1	1160605230
1	534	1	1160605232
1	534	1	1160605435
2	534	1	1198082845
1	535	1	1160605274
1	536	1	1160605345
2	536	1	1198083054
2	536	1	1198083093
1	537	1	1160605363
2	537	1	1198085562
1	538	1	1160605400
1	538	1	1161036245
2	538	1	1197386708
1	539	1	1160605572
31	539	1	1331931124
1	540	1	1160605588
2	540	1	1197974987
1	541	1	1160605690
2	541	1	1197409856
1	542	1	1160605766
1	542	1	1160605863
1	543	1	1160605784
2	543	1	1198086032
1	544	1	1160605785
2	544	1	1197318599
1	545	1	1160605797
2	545	1	1198089672
1	546	1	1160605818
2	546	1	1198146619
1	547	1	1160607755
1	547	1	1161212318
1	548	1	1160608463
1	548	1	1160608635
1	548	1	1161212387
1	549	1	1160609526
1	549	1	1160611528
1	549	1	1161213441
1	550	1	1160611177
1	550	1	1160611197
4	551	1	1160636446
1	551	1	1161213104
4	552	1	1160637151
1	552	1	1161212896
37	553	1	1160639868
37	553	1	1160640073
37	553	1	1160640168
1	553	1	1161212842
37	554	1	1160640168
1	555	1	1160642678
1	555	1	1160642733
2	555	1	1197315021
1	556	1	1160643283
2	556	1	1198090058
1	557	1	1160643819
1	558	1	1160643991
2	558	1	1198152215
2	558	1	1198152418
1	559	1	1160644784
2	559	1	1197480562
1	560	1	1160644848
2	560	1	1197320187
2	560	1	1197320201
1	561	1	1160644929
1	562	1	1160644937
2	562	1	1197480262
1	563	1	1160644944
1	564	1	1160645007
2	564	1	1197480396
1	565	1	1160645041
2	565	1	1197481259
1	566	1	1160645066
2	566	1	1197312805
1	567	1	1160645099
2	567	1	1197312657
1	568	1	1160645110
2	568	1	1197481131
1	569	1	1160645122
2	569	1	1197318049
1	570	1	1160645169
2	570	1	1197312509
1	571	1	1160645192
1	572	1	1160645263
2	572	1	1197318180
1	573	1	1160645288
1	573	1	1160859892
2	573	1	1197481052
2	573	1	1197481070
1	574	1	1160645326
2	574	1	1197481343
1	575	1	1160645339
2	575	1	1197481310
1	576	1	1160645390
1	577	1	1160645428
1	578	1	1160645478
1	579	1	1160645487
1	580	1	1160645542
2	580	1	1197481745
1	581	1	1160645553
1	582	1	1160645561
2	582	1	1197320723
1	583	1	1160645645
2	583	1	1197481826
2	583	1	1197481862
2	583	1	1197481869
2	583	1	1197481879
1	584	1	1160645646
1	584	1	1161036462
2	584	1	1197317495
1	585	1	1160645691
2	585	1	1197320907
2	585	1	1197320923
1	586	1	1160645697
1	587	1	1160645737
1	587	1	1160688194
1	588	1	1160645750
2	588	1	1197483659
1	589	1	1160645823
2	589	1	1197483909
1	590	1	1160645828
2	590	1	1197483807
1	591	1	1160645836
1	592	1	1160645839
1	593	1	1160645952
2	593	1	1198228572
1	594	1	1160645958
2	594	1	1198228393
1	595	1	1160646015
1	596	1	1160646064
2	596	1	1198152341
1	597	1	1160646138
2	597	1	1198230030
1	598	1	1160646139
1	598	1	1160732460
1	598	1	1160732531
2	598	1	1198152544
1	599	1	1160646146
2	599	1	1198152523
1	600	1	1160646151
2	600	1	1198152157
1	601	1	1160646203
2	601	1	1198230820
1	602	1	1160646300
1	602	1	1160859058
2	602	1	1198151935
31	602	1	1331931207
1	603	1	1160646332
1	604	1	1160646367
2	604	1	1198231056
1	605	1	1160646374
1	606	1	1160646471
1	607	1	1160646507
1	607	1	1160646778
1	608	1	1160646794
2	608	1	1198230585
1	609	1	1160646832
2	609	1	1198151818
2	609	1	1198151829
2	609	1	1198151843
1	610	1	1160646879
2	610	1	1198151529
1	611	1	1160646990
2	611	1	1198151576
1	612	1	1160646999
1	613	1	1160647066
2	613	1	1198151763
2	613	1	1198151783
1	614	1	1160647066
2	614	1	1197317078
1	615	1	1160647088
2	615	1	1198151199
1	616	1	1160647094
1	616	1	1161036068
2	616	1	1198151487
1	617	1	1160647120
2	617	1	1197319961
1	618	1	1160647153
1	619	1	1160647167
1	620	1	1160647211
1	621	1	1160647217
1	622	1	1160684120
2	622	1	1161162681
2	622	1	1161162732
1	622	1	1161212491
1	623	1	1160685352
1	623	1	1161212241
1	624	1	1160686599
1	625	1	1160687997
2	625	1	1197483150
2	625	1	1197483168
1	626	1	1160688399
1	627	1	1160689032
1	627	1	1160689062
2	627	1	1198087381
1	628	1	1160689236
1	629	1	1160689284
1	630	1	1160689478
2	630	1	1197481905
1	631	1	1160689766
1	632	1	1160690362
2	632	1	1197318248
1	633	1	1160690587
1	633	1	1161035799
2	633	1	1197915629
1	634	1	1160690596
1	634	1	1161036617
2	634	1	1197315518
1	635	1	1160690721
2	635	1	1198087645
2	635	1	1198087735
1	636	1	1160690846
1	637	1	1160690902
1	638	1	1160691676
2	638	1	1198085140
31	638	1	1331931088
1	639	1	1160726647
1	639	1	1160726708
1	639	1	1161213328
1	640	1	1160726708
1	641	1	1160728063
1	641	1	1161211952
1	642	1	1160728723
1	642	1	1161212525
1	643	1	1160729680
2	643	1	1198081229
1	644	1	1160729764
2	644	1	1198089824
1	645	1	1160732578
2	645	1	1198231393
1	646	1	1160732745
2	646	1	1197913873
1	647	1	1160734640
1	647	1	1160734662
1	648	1	1160762796
1	648	1	1161212561
1	649	1	1160781163
2	649	1	1197319936
1	650	1	1160781440
2	650	1	1197911891
1	651	1	1160781852
1	652	1	1160781859
1	653	1	1160781889
1	654	1	1160781899
2	654	1	1198087483
1	655	1	1160781961
2	655	1	1198086406
1	656	1	1160781974
2	656	1	1198087111
2	656	1	1198087124
1	657	1	1160782083
1	658	1	1160782090
2	658	1	1198089790
1	659	1	1160782130
2	659	1	1198088114
1	660	1	1160782161
1	661	1	1160782168
2	661	1	1198089949
1	662	1	1160782257
1	663	1	1160782263
1	663	1	1160860972
2	663	1	1198089985
1	664	1	1160782288
1	664	1	1161034575
1	665	1	1160782295
2	665	1	1197314954
2	665	1	1197314970
1	666	1	1160782302
1	667	1	1160782350
2	667	1	1198089295
1	668	1	1160782357
2	668	1	1197975594
1	669	1	1160782380
2	669	1	1197975842
1	670	1	1160782450
2	670	1	1198090343
1	671	1	1160782559
2	671	1	1197317594
1	672	1	1160782591
2	672	1	1198146692
2	672	1	1198146701
1	673	1	1160782689
2	673	1	1198149733
1	674	1	1160782725
2	674	1	1198149551
1	675	1	1160782810
2	675	1	1198150621
1	676	1	1160782844
2	676	1	1198150053
2	676	1	1198150061
1	677	1	1160782854
1	678	1	1160783031
1	678	1	1160783102
2	678	1	1198150787
1	679	1	1160783039
2	679	1	1198150948
1	680	1	1160783049
2	680	1	1198150749
1	681	1	1160783056
2	681	1	1198151151
1	682	1	1160783062
2	682	1	1198150879
1	683	1	1160783071
2	683	1	1198230924
28	684	1	1160784060
24	684	1	1429231054
28	685	1	1160784231
34	686	1	1160813954
4	687	1	1160849571
4	687	1	1160849670
1	687	1	1161212746
4	688	1	1160853713
1	688	1	1161213344
4	689	1	1160854807
1	689	1	1161212382
1	690	1	1160855741
1	690	1	1163669968
1	691	1	1160855976
1	691	1	1163668223
23	691	1	1426838893
24	691	1	1429231054
23	691	1	1429245716
1	692	1	1160856172
2	692	1	1198228733
1	693	1	1160856258
1	694	1	1160856315
2	694	1	1198228505
1	695	1	1160856400
2	695	1	1198228764
1	696	1	1160856496
2	696	1	1198230053
1	697	1	1160856602
1	698	1	1160856676
2	698	1	1198231222
1	699	1	1160856924
1	700	1	1160857034
2	700	1	1197313515
2	700	1	1197389680
1	701	1	1160857129
1	702	1	1160857239
2	702	1	1197975672
2	702	1	1197975682
1	703	1	1160857332
2	703	1	1198089399
1	704	1	1160857495
2	704	1	1198087210
2	704	1	1198087220
1	705	1	1160857606
2	705	1	1198086144
1	706	1	1160857743
2	706	1	1197315281
1	707	1	1160857903
2	707	1	1198088299
1	708	1	1160857962
1	709	1	1160858094
1	710	1	1160858169
1	711	1	1160858366
1	712	1	1160859404
2	712	1	1198152507
1	713	1	1160859500
2	713	1	1197320099
1	714	1	1160860061
2	714	1	1197409771
1	715	1	1160860765
2	715	1	1198087956
1	716	1	1160860804
2	716	1	1198231285
1	717	1	1160860855
1	718	1	1160861849
2	718	1	1197317551
1	719	1	1160862267
2	719	1	1198081674
1	720	1	1160862309
1	721	1	1160862323
2	721	1	1198080544
1	722	1	1160863832
1	722	1	1161213435
1	723	1	1160864636
1	723	1	1161213280
4	724	1	1160909572
1	724	1	1161212260
4	725	1	1160910566
4	725	1	1160910633
1	725	1	1161213497
4	726	1	1160911131
1	726	1	1161212889
4	727	1	1160911659
1	727	1	1161213331
4	728	1	1160912644
1	728	1	1161213334
4	729	1	1160913265
1	729	1	1161212494
4	730	1	1160914365
4	730	1	1160914866
1	730	1	1161213283
6	731	1	1160939343
6	732	1	1160940978
6	732	1	1160941072
2	732	1	1161162540
2	732	1	1161162579
2	732	1	1161162640
1	732	1	1161212713
11	733	1	1160945749
1	734	1	1161024733
1	734	1	1161212489
1	735	1	1161025583
1	735	1	1161212115
1	736	1	1161026680
1	736	1	1161212708
1	737	1	1161027767
2	737	1	1161163115
2	737	1	1161163154
4	737	1	1161194456
1	737	1	1161212557
1	738	1	1161028376
2	738	1	1161163022
1	738	1	1161211525
1	738	1	1161213431
1	739	1	1161029024
1	739	1	1161213100
5	740	1	1161029840
1	740	1	1161212846
1	741	1	1161030962
1	741	1	1161031030
1	741	1	1161031464
1	741	1	1161031970
1	741	1	1161422282
1	741	1	1161422390
1	741	1	1161459280
1	741	1	1161551209
1	741	1	1161557980
1	741	1	1161558099
1	741	1	1161726925
1	741	1	1161888029
1	741	1	1161888305
1	742	1	1161032777
1	742	1	1161212998
1	743	1	1161033093
1	743	1	1161213997
1	744	1	1161033196
1	744	1	1161214059
1	745	1	1161033254
1	745	1	1161213821
1	746	1	1161033287
1	746	1	1161213884
1	747	1	1161033365
1	747	1	1161214056
1	748	1	1161033395
1	748	1	1161213996
1	749	1	1161033413
1	749	1	1161213738
1	750	1	1161033426
1	750	1	1161213734
1	751	1	1161033438
1	751	1	1161213731
1	752	1	1161033451
1	752	1	1161213819
1	753	1	1161033462
1	753	1	1161213853
1	754	1	1161033473
1	754	1	1161213885
1	755	1	1161033486
1	755	1	1161214009
1	756	1	1161034032
1	757	1	1161034244
2	757	1	1197317223
1	758	1	1161034699
1	758	1	1161034844
1	758	1	1161038261
1	759	1	1161034818
1	760	1	1161035975
2	760	1	1198150988
1	761	1	1161036213
2	761	1	1198090504
1	762	1	1161036414
2	762	1	1198089367
1	763	1	1161036567
2	763	1	1198088027
1	764	1	1161036969
1	765	1	1161037109
2	765	1	1197911627
1	766	1	1161037744
1	767	1	1161037776
2	767	1	1198088336
1	768	1	1161038132
2	768	1	1197916610
6	769	1	1161115407
1	769	1	1161211971
6	770	1	1161116206
1	770	1	1161212915
6	771	1	1161117281
2	771	1	1161162764
2	771	1	1161162817
4	771	1	1161196143
1	771	1	1161211925
6	772	1	1161118006
1	772	1	1161212121
6	773	1	1161118710
6	773	1	1161118765
2	773	1	1161162495
6	774	1	1161119465
2	774	1	1161162935
4	774	1	1161196120
1	774	1	1161212049
6	775	1	1161120240
6	775	1	1161120527
2	775	1	1161161800
2	775	1	1161161848
2	775	1	1161161872
1	775	1	1161212884
6	776	1	1161123439
2	776	1	1161161943
2	776	1	1161161985
2	776	1	1161162108
1	776	1	1161212528
6	777	1	1161124278
6	777	1	1161124355
6	777	1	1161124763
2	777	1	1161161655
2	777	1	1161161685
4	777	1	1161196027
1	777	1	1161211732
6	778	1	1161124355
4	779	1	1161195216
4	780	1	1161195930
4	780	1	1161196169
4	781	1	1161194456
4	782	1	1161196169
4	783	1	1161197408
4	783	1	1161197487
1	783	1	1161212899
4	784	1	1161198324
1	784	1	1161212118
4	785	1	1161201431
1	786	1	1161242069
1	787	1	1161236097
1	787	1	1161242115
1	788	1	1161236606
1	788	1	1161242115
1	789	1	1161237465
1	789	1	1161240320
1	790	1	1161239059
1	790	1	1161242162
1	791	1	1161239999
1	791	1	1161242162
1	792	1	1161240320
1	792	1	1161242154
4	793	1	1161248832
1	793	1	1161251408
4	794	1	1161249097
1	794	1	1161251318
4	795	1	1161249591
4	795	1	1161249728
1	795	1	1161251338
1	796	1	1161251145
1	796	1	1161251437
5	797	1	1161275941
5	798	1	1161272363
1	798	1	1161295459
5	799	1	1161272963
1	799	1	1161295509
5	800	1	1161273875
1	800	1	1161295517
5	801	1	1161274240
1	801	1	1161302942
5	802	1	1161275158
1	802	1	1161295521
1	802	1	1161299870
5	803	1	1161275251
5	804	1	1161276628
5	804	1	1161276691
1	805	1	1161291591
1	806	1	1161291687
1	807	1	1161291944
2	807	1	1197311626
1	808	1	1161292064
2	808	1	1197313044
1	809	1	1161292526
1	809	1	1161292557
2	809	1	1198228716
1	810	1	1161292534
2	810	1	1198230386
1	811	1	1161292940
1	811	1	1161293037
1	811	1	1161293166
1	811	1	1161293382
1	812	1	1161293969
1	812	1	1161294040
1	812	1	1161295550
1	812	1	1161332998
1	813	1	1161294601
1	813	1	1161295547
1	814	1	1161295268
1	814	1	1161295542
1	814	1	1161300851
1	815	1	1161324384
1	815	1	1161330130
1	816	1	1161330386
1	817	1	1161330409
1	818	1	1161330431
1	819	1	1161330446
1	820	1	1161331212
1	820	1	1161385599
1	821	1	1161332017
1	821	1	1161385611
1	822	1	1161332539
1	822	1	1161385637
1	823	1	1161333839
1	823	1	1161385689
1	824	1	1161334336
1	824	1	1161385693
4	825	1	1161335241
1	825	1	1161385695
4	826	1	1161336864
1	826	1	1161385698
4	827	1	1161373556
4	827	1	1161373756
1	827	1	1162243091
4	828	1	1161374394
1	828	1	1161413760
1	829	1	1161386577
1	830	1	1161387515
1	831	1	1161388505
1	832	1	1161413183
1	832	1	1161415122
1	832	1	1161415529
1	832	1	1161416716
1	832	1	1161417476
1	832	1	1161417583
1	832	1	1161609581
1	832	1	1162156495
1	832	1	1162498549
1	832	1	1163282769
1	832	1	1163333022
1	832	1	1163544979
1	832	1	1164794399
1	832	1	1165435688
1	832	1	1167510314
1	833	1	1161413697
1	833	1	1161413924
1	833	1	1161417886
1	834	1	1161417947
1	835	1	1161414402
1	835	1	1161417930
4	836	1	1161418742
4	837	1	1161420072
4	838	1	1161421443
1	839	1	1161423532
1	840	1	1161424150
1	841	1	1161460389
1	842	1	1161461599
1	843	1	1161462476
1	844	1	1161464289
1	845	1	1161465012
1	845	1	1161465065
1	845	1	1161465240
1	845	1	1162413970
1	845	1	1162415369
4	846	1	1161505882
4	847	1	1161507279
4	848	1	1161508468
4	849	1	1161509167
4	850	1	1161514431
1	851	1	1161522211
4	852	1	1161546388
4	853	1	1161547591
4	854	1	1161548242
4	855	1	1161549325
4	856	1	1161552774
38	857	1	1161567241
1	858	1	1161603410
1	859	1	1161602395
1	860	1	1161603501
1	861	1	1161603491
1	862	1	1161603562
1	863	1	1161603568
1	864	1	1161603618
1	865	1	1161603628
1	866	1	1161603638
1	867	1	1161603729
1	868	1	1161603753
1	869	1	1161603756
1	870	1	1161603798
1	871	1	1161603801
1	872	1	1161603808
1	873	1	1161603973
1	873	1	1161606388
1	873	1	1161606445
1	873	1	1161607336
1	873	1	1161607336
1	874	1	1161606335
1	874	1	1161607216
1	875	1	1161606588
1	875	1	1161607355
1	876	1	1161606691
1	876	1	1161607389
1	877	1	1161606845
1	877	1	1161607408
1	878	1	1161606892
1	878	1	1161607436
1	879	1	1161606933
1	879	1	1161607461
1	880	1	1161606970
1	880	1	1161607479
1	881	1	1161607025
1	881	1	1161607505
1	882	1	1161607070
1	882	1	1161607524
1	883	1	1161608402
1	884	1	1161603445
1	885	1	1161610795
1	886	1	1161613865
1	887	1	1161633062
1	888	1	1161634128
1	889	1	1161634731
8	890	1	1161638087
8	890	1	1161642585
8	891	1	1161640166
8	891	1	1161642214
8	892	1	1161641437
8	893	1	1161642092
8	893	1	1161642527
8	894	1	1161685062
8	895	1	1161686621
8	896	1	1161687227
8	897	1	1161687985
8	898	1	1161688713
8	899	1	1161689434
8	899	1	1161690263
8	899	1	1161690351
8	900	1	1161690976
1	901	1	1161692854
8	902	1	1161692241
1	903	1	1161692896
8	903	1	1161693336
1	903	1	1163670047
1	904	1	1161723287
1	905	1	1161724455
1	906	1	1161724986
1	907	1	1161725501
1	908	1	1161726738
1	909	1	1161726758
2	909	1	1198090410
1	910	1	1161728040
1	911	1	1161732187
1	912	1	1161805804
1	913	1	1161806518
1	913	1	1161806725
39	914	1	1161806521
1	914	1	1162411327
2	914	1	1197313162
39	915	1	1161806523
1	915	1	1165012241
2	915	1	1197317024
2	915	1	1197317033
39	916	1	1161806524
1	916	1	1164137017
2	916	1	1197916643
39	917	1	1161806524
1	917	1	1164136943
2	917	1	1197917225
39	918	1	1161806524
1	918	1	1163546242
2	918	1	1197915375
1	919	1	1161806725
1	920	1	1161808921
1	921	1	1161809843
1	922	1	1161810424
1	923	1	1161811680
1	924	1	1161813016
1	924	1	1161813057
1	924	1	1162055673
1	925	1	1161813057
40	925	1	1328178517
1	926	1	1161814182
1	926	1	1161887060
1	927	1	1161815687
1	928	1	1161816880
1	929	1	1161817869
1	930	1	1161819476
8	931	1	1161860059
8	932	1	1161861061
8	933	1	1161862402
8	934	1	1161863364
8	935	1	1161863844
8	936	1	1161864366
8	937	1	1161864919
8	938	1	1161872176
8	938	1	1161872334
1	938	1	1161887161
8	938	1	1161978973
8	938	1	1161978996
1	939	1	1161887770
1	939	1	1161887886
41	940	1	1161892054
41	941	1	1161895662
41	942	1	1161896149
41	942	1	1161896475
42	942	1	1198771805
1	943	1	1161936617
1	944	1	1161937263
1	945	1	1161938339
1	946	1	1161940880
8	947	1	1161978996
8	948	1	1161980260
8	948	1	1161980721
1	948	1	1162016609
8	950	1	1161982248
8	950	1	1161991439
8	951	1	1161982317
8	952	1	1161982411
8	953	1	1161982423
8	954	1	1161982427
8	955	1	1161982455
8	956	1	1161982465
8	957	1	1161982477
8	958	1	1161983709
8	958	1	1161983809
8	959	1	1161984326
8	959	1	1161991392
8	960	1	1161986059
8	960	1	1161991352
8	961	1	1161986694
8	962	1	1161987445
8	963	1	1161990559
8	964	1	1161990691
8	965	1	1161991069
8	965	1	1162063835
8	965	1	1162063865
8	965	1	1162063944
1	966	1	1162015073
1	967	1	1162015828
8	967	1	1162064261
8	967	1	1162064293
8	967	1	1162071237
8	967	1	1162071319
8	967	1	1162071413
8	967	1	1162072104
8	967	1	1162072152
8	967	1	1162072233
1	968	1	1162016807
1	969	1	1162018684
1	970	1	1162055673
1	971	1	1162056340
8	971	1	1162063114
8	971	1	1162064059
8	971	1	1162069867
8	972	1	1162063060
8	972	1	1162064039
8	973	1	1162063865
8	974	1	1162064293
40	974	1	1328178483
8	975	1	1162065540
8	976	1	1162069700
8	977	1	1162070521
8	978	1	1162071005
8	979	1	1162071413
40	979	1	1328178451
8	980	1	1162072152
8	981	1	1162074370
8	981	1	1162074427
8	982	1	1162074427
1	983	1	1162152838
1	984	1	1162153581
1	985	1	1162154068
1	986	1	1162154637
1	987	1	1162155262
1	988	1	1162156054
1	989	1	1162157585
1	990	1	1162158273
1	991	1	1162159047
1	992	1	1162159784
1	993	1	1162161711
1	994	1	1162235628
1	995	1	1162235888
1	996	1	1162236142
1	996	1	1162236297
1	996	1	1162244560
1	996	1	1162421585
1	997	1	1162236831
1	998	1	1162237812
1	998	1	1162237877
1	999	1	1162238638
1	1000	1	1162239073
1	1001	1	1162240025
1	1001	1	1162240160
1	1001	1	1162245471
1	1002	1	1162242932
1	1002	1	1162242981
1	1002	1	1162244711
1	1003	1	1162242859
1	1003	1	1162244646
1	1004	1	1162242957
1	1004	1	1162244675
1	1005	1	1162242981
1	1006	1	1162243173
1	1007	1	1162243665
1	1008	1	1162244147
1	1008	1	1162244271
1	1008	1	1162244348
1	1009	1	1162245285
1	1009	1	1162245359
1	1010	1	1162274798
1	1011	1	1162275092
1	1011	1	1162276510
1	1012	1	1162275857
1	1013	1	1163669560
8	1014	1	1162319166
1	1014	1	1163667968
23	1014	1	1426838882
24	1014	1	1429231052
23	1014	1	1429245714
8	1015	1	1162321132
1	1016	1	1162322473
1	1017	1	1162322479
1	1018	1	1162326756
1	1019	1	1162327223
1	1020	1	1162327379
1	1021	1	1162327579
1	1021	1	1162327663
1	1022	1	1162327744
1	1023	1	1162327806
1	1024	1	1162327820
1	1025	1	1162327866
1	1026	1	1162327880
1	1027	1	1162327902
1	1028	1	1162327919
1	1029	1	1162327938
1	1030	1	1162327964
1	1031	1	1162327983
1	1032	1	1162328009
1	1033	1	1162328032
1	1034	1	1162328044
1	1035	1	1162328073
1	1036	1	1162328084
1	1037	1	1162329126
1	1038	1	1162329173
1	1039	1	1162329190
1	1040	1	1162329209
1	1041	1	1162329246
1	1042	1	1162329267
1	1043	1	1162329281
1	1044	1	1162329302
1	1045	1	1162329321
1	1046	1	1162329353
1	1047	1	1162329389
1	1048	1	1162329402
1	1049	1	1162329421
1	1050	1	1162329453
1	1051	1	1162330393
1	1051	1	1162330455
1	1051	1	1162330520
1	1051	1	1162330577
1	1052	1	1162330520
1	1053	1	1162332301
43	1053	1	1280872063
1	1054	1	1162332708
1	1054	1	1162332760
1	1055	1	1162332760
1	1056	1	1162333313
1	1057	1	1162334725
8	1058	1	1162363326
8	1058	1	1162363466
8	1059	1	1162364147
8	1060	1	1162365601
8	1061	1	1162371441
8	1061	1	1162375446
8	1062	1	1162371866
8	1062	1	1162375384
8	1063	1	1162372958
8	1063	1	1162375506
8	1064	1	1162373917
8	1065	1	1162374542
8	1065	1	1162374594
8	1066	1	1162374594
8	1066	1	1162374651
8	1067	1	1162374651
44	1067	1	1207971113
8	1068	1	1162375296
8	1069	1	1162408204
8	1070	1	1162409028
8	1071	1	1162409563
8	1072	1	1162410301
8	1072	1	1162410379
8	1073	1	1162410379
8	1074	1	1162410523
1	1074	1	1162411180
8	1075	1	1162410553
1	1075	1	1162411165
1	1076	1	1162411395
1	1076	1	1162411422
1	1077	1	1162411407
1	1077	1	1162411434
1	1078	1	1162411469
1	1078	1	1162411505
1	1079	1	1162411488
1	1079	1	1162411515
1	1080	1	1162411554
1	1080	1	1162411585
1	1081	1	1162411572
1	1081	1	1162411596
1	1082	1	1162411643
1	1082	1	1162411686
1	1083	1	1162411646
1	1083	1	1162411679
1	1084	1	1162411731
1	1084	1	1162411758
1	1085	1	1162411742
1	1085	1	1162411768
1	1086	1	1162411793
1	1086	1	1162411832
1	1087	1	1162411833
1	1087	1	1162411873
1	1088	1	1162411862
1	1088	1	1162411885
1	1089	1	1162412243
1	1089	1	1162412258
1	1090	1	1162412279
1	1090	1	1162412306
1	1091	1	1162412303
1	1091	1	1162412360
1	1092	1	1162412402
1	1092	1	1162412423
1	1093	1	1162412419
1	1093	1	1162412441
1	1094	1	1162412591
1	1094	1	1162412618
1	1095	1	1162412598
1	1095	1	1162412629
1	1096	1	1162412625
1	1096	1	1162412645
1	1097	1	1162412653
1	1097	1	1162412682
1	1098	1	1162412660
1	1098	1	1162412685
1	1099	1	1162412678
1	1099	1	1162412700
1	1100	1	1162412708
1	1100	1	1162412736
1	1101	1	1162412714
1	1101	1	1162412740
1	1102	1	1162412730
1	1102	1	1162412773
1	1103	1	1162412757
1	1103	1	1162412777
1	1104	1	1162413471
1	1105	1	1162416265
1	1106	1	1162416760
1	1107	1	1162417610
13	1108	1	1162418972
1	1108	1	1162419272
4	1108	1	1162458923
4	1108	1	1162459078
4	1108	1	1162459420
1	1109	1	1162419806
1	1110	1	1162419780
1	1111	1	1162419799
1	1112	1	1162420144
1	1112	1	1163667804
1	1112	1	1163667903
23	1112	1	1426838882
24	1112	1	1429231052
23	1112	1	1429245713
4	1113	1	1162454833
4	1114	1	1162455275
4	1115	1	1162459078
4	1116	1	1162460704
4	1117	1	1162461184
1	1119	1	1162497526
1	1120	1	1162498410
1	1121	1	1162504056
1	1122	1	1162504441
1	1123	1	1162504492
1	1124	1	1162504768
1	1125	1	1162506134
1	1126	1	1162506741
1	1126	1	1162506759
8	1127	1	1162538130
8	1128	1	1162538870
1	1129	1	1162540227
1	1131	1	1162540809
1	1132	1	1162542987
1	1133	1	1162543011
32	1134	1	1162546442
6	1134	1	1162582559
45	1134	1	1163598585
46	1134	1	1191941095
32	1135	1	1162546733
1	1136	1	1162579827
1	1137	1	1162580076
1	1138	1	1162580553
1	1139	1	1162580846
1	1140	1	1162581227
6	1141	1	1162583000
1	1141	1	1163667816
23	1141	1	1426838878
24	1141	1	1429231052
23	1141	1	1429245709
6	1142	1	1162583306
1	1142	1	1163667975
46	1142	1	1191941020
6	1143	1	1162584992
6	1144	1	1162585601
6	1144	1	1162587018
6	1145	1	1162586937
1	1146	1	1162669757
1	1147	1	1162669913
1	1148	1	1162669947
1	1149	1	1162670470
1	1150	1	1162671148
1	1151	1	1162671651
1	1152	1	1162672258
1	1153	1	1162672817
1	1154	1	1162673393
1	1155	1	1162674027
13	1156	1	1162674448
1	1156	1	1162678226
1	1157	1	1162676936
1	1158	1	1162677289
1	1159	1	1162677899
1	1160	1	1162792782
1	1161	1	1162793474
1	1162	1	1162793932
1	1163	1	1162794476
1	1164	1	1162795123
1	1165	1	1162795656
1	1165	1	1162807908
1	1165	1	1162808237
1	1166	1	1162796258
1	1166	1	1162808230
1	1167	1	1162797194
1	1167	1	1162807994
1	1168	1	1162797991
1	1168	1	1162798045
1	1168	1	1162798236
1	1169	1	1162799553
1	1169	1	1162800110
1	1170	1	1162803896
1	1170	1	1162803911
1	1171	1	1162804503
1	1171	1	1162807886
1	1171	1	1162846472
1	1172	1	1162805247
1	1172	1	1162846390
1	1173	1	1162806892
1	1174	1	1162807701
23	1174	1	1426838911
24	1174	1	1429231057
23	1174	1	1429245730
1	1175	1	1162807710
1	1175	1	1163668137
1	1176	1	1162807886
44	1176	1	1207970841
1	1177	1	1162807908
44	1177	1	1207971206
1	1178	1	1162807994
1	1179	1	1162808230
1	1180	1	1162808237
1	1181	1	1162835872
1	1182	1	1162837597
1	1182	1	1162837778
1	1182	1	1162936589
1	1183	1	1162838966
1	1184	1	1162839924
1	1185	1	1162840665
1	1185	1	1162840828
1	1186	1	1162843087
1	1187	1	1162846003
1	1188	1	1162846472
1	1189	1	1162847253
1	1189	1	1162847294
1	1190	1	1162847294
1	1191	1	1162848164
1	1192	1	1162848791
5	1193	1	1162881676
5	1194	1	1162882594
5	1195	1	1162884402
5	1195	1	1162884504
5	1196	1	1162884504
5	1197	1	1162885785
5	1198	1	1162886022
1	1198	1	1162889683
5	1199	1	1162886878
5	1200	1	1162887982
1	1201	1	1162896195
1	1201	1	1162896287
1	1202	1	1162896287
1	1203	1	1162927147
1	1203	1	1163669185
1	1204	1	1162934696
1	1205	1	1162935064
1	1205	1	1162936705
1	1206	1	1162935358
1	1207	1	1162935755
1	1208	1	1162935999
1	1209	1	1162936347
1	1210	1	1162936705
4	1211	1	1162970388
1	1211	1	1163011901
1	1211	1	1163012174
1	1211	1	1163012294
1	1212	1	1163011661
1	1212	1	1163011864
1	1212	1	1163668514
23	1212	1	1426838898
24	1212	1	1429231054
23	1212	1	1429245716
1	1213	1	1163011901
1	1214	1	1163019361
1	1214	1	1163020761
1	1215	1	1163019555
1	1215	1	1163019566
1	1216	1	1163019770
1	1216	1	1163019817
1	1217	1	1163020027
1	1217	1	1163020119
1	1218	1	1163020518
1	1218	1	1163020527
1	1218	1	1163020639
1	1219	1	1163021887
1	1220	1	1163022811
1	1220	1	1163022926
1	1221	1	1163024718
1	1221	1	1163024854
1	1221	1	1163024992
1	1222	1	1163025786
1	1223	1	1163026089
1	1224	1	1163028723
2	1224	1	1163059163
1	1225	1	1163028684
1	1226	1	1163028675
1	1227	1	1163028298
1	1227	1	1163028518
1	1227	1	1163060388
1	1228	1	1163029734
1	1229	1	1163060364
1	1229	1	1163670038
1	1230	1	1163062969
1	1230	1	1163063359
1	1231	1	1163065427
1	1232	1	1163066454
1	1233	1	1163067574
1	1234	1	1163097929
1	1234	1	1163103260
1	1235	1	1163098975
1	1236	1	1163099567
1	1237	1	1163100402
1	1237	1	1163112966
1	1237	1	1163113616
1	1237	1	1163197083
1	1238	1	1163101735
1	1239	1	1163103065
1	1240	1	1163104700
1	1241	1	1163107603
1	1241	1	1163108468
1	1242	1	1163109780
1	1242	1	1163109856
1	1242	1	1163110025
1	1242	1	1163111221
1	1242	1	1163111303
1	1243	1	1163110873
1	1247	1	1163145170
1	1248	1	1163147378
1	1249	1	1163147411
1	1250	1	1163148670
1	1251	1	1163149163
1	1252	1	1163149731
1	1253	1	1163150914
1	1253	1	1163186852
1	1253	1	1163186926
1	1254	1	1163189174
1	1254	1	1163189253
47	1255	1	1163174031
1	1256	1	1163183057
1	1256	1	1163185328
1	1256	1	1163670133
1	1257	1	1163183352
1	1257	1	1163668140
1	1258	1	1163186926
1	1259	1	1163188190
1	1260	1	1163189253
1	1261	1	1163192520
1	1261	1	1163192649
1	1261	1	1163239359
1	1262	1	1163194229
1	1262	1	1163194345
1	1263	1	1163195337
1	1263	1	1163196969
4	1263	1	1163328859
1	1263	1	1163335933
1	1264	1	1163195890
1	1265	1	1163196770
1	1265	1	1163239344
4	1266	1	1163228408
4	1266	1	1163228488
4	1266	1	1163228676
4	1266	1	1163229459
4	1267	1	1163228676
4	1267	1	1163228754
4	1268	1	1163228754
4	1268	1	1163228886
4	1268	1	1163229454
4	1269	1	1163228886
4	1270	1	1163231235
4	1271	1	1163233044
1	1271	1	1163239247
4	1272	1	1163233692
4	1273	1	1163234238
4	1274	1	1163234700
1	1274	1	1163669225
1	1276	1	1163267038
1	1277	1	1163268106
1	1277	1	1163268528
1	1277	1	1163268559
4	1277	1	1163328567
4	1277	1	1163329585
4	1277	1	1163329869
4	1277	1	1163329941
1	1278	1	1163268559
44	1278	1	1207970998
4	1279	1	1163328567
4	1279	1	1163328600
44	1279	1	1207971096
4	1280	1	1163328600
44	1280	1	1207970979
4	1281	1	1163329452
4	1281	1	1163329754
4	1282	1	1163329869
4	1283	1	1163331902
4	1283	1	1163331929
4	1284	1	1163331929
4	1285	1	1163332668
1	1286	1	1163333996
1	1286	1	1163334121
1	1287	1	1163334659
1	1288	1	1163362202
1	1288	1	1163362416
1	1288	1	1163362591
1	1289	1	1163364018
1	1289	1	1163365031
1	1290	1	1163366382
1	1290	1	1163366393
1	1290	1	1163366576
1	1290	1	1163366722
1	1290	1	1163369708
1	1291	1	1163367538
42	1291	1	1198771808
1	1292	1	1163369272
1	1293	1	1163398046
1	1294	1	1163398046
1	1295	1	1163398897
1	1296	1	1163399248
1	1296	1	1163669201
1	1297	1	1163442403
1	1298	1	1163443008
4	1298	1	1163499634
1	1299	1	1163443778
1	1300	1	1163445026
42	1300	1	1254417542
1	1301	1	1163445885
1	1302	1	1163447171
1	1303	1	1163448675
1	1303	1	1163449624
1	1303	1	1163449639
1	1304	1	1163449509
1	1304	1	1163449549
1	1304	1	1163449679
2	1304	1	1163501927
1	1305	1	1163451044
1	1306	1	1163454591
4	1307	1	1163499037
4	1308	1	1163499634
1	1309	1	1163542983
1	1310	1	1163543301
1	1311	1	1163543670
1	1312	1	1163543952
1	1313	1	1163544167
1	1314	1	1163544416
1	1315	1	1163544811
1	1316	1	1163545905
45	1320	1	1163598626
1	1321	1	1163628671
1	1321	1	1163633311
1	1322	1	1163628872
1	1322	1	1163633152
1	1323	1	1163629121
1	1323	1	1163633183
1	1324	1	1163629297
1	1324	1	1163633190
1	1325	1	1163629539
1	1325	1	1163633237
1	1326	1	1163629659
1	1326	1	1163633236
1	1327	1	1163629810
1	1327	1	1163633266
1	1328	1	1163631376
1	1328	1	1163631485
42	1328	1	1193078709
1	1329	1	1163631994
1	1330	1	1163633083
1	1330	1	1163671255
1	1331	1	1163663420
4	1331	1	1163697836
4	1331	1	1163697968
4	1331	1	1163698035
1	1332	1	1163667638
1	1333	1	1163667646
23	1333	1	1426838877
24	1333	1	1429231052
23	1333	1	1429245709
1	1334	1	1163667741
1	1335	1	1163667743
23	1335	1	1426838879
24	1335	1	1429231052
23	1335	1	1429245709
1	1336	1	1163667750
23	1336	1	1426838879
24	1336	1	1429231052
23	1336	1	1429245710
1	1337	1	1163667952
23	1337	1	1426838890
24	1337	1	1429231052
23	1337	1	1429245714
1	1338	1	1163668107
1	1339	1	1163668118
23	1339	1	1426838891
24	1339	1	1429231054
23	1339	1	1429245715
1	1340	1	1163668162
1	1341	1	1163668166
23	1341	1	1426838892
24	1341	1	1429231054
23	1341	1	1429245715
1	1342	1	1163668202
1	1343	1	1163668388
1	1343	1	1163741225
1	1343	1	1163741278
23	1343	1	1426838896
24	1343	1	1429231054
23	1343	1	1429245716
1	1344	1	1163668410
1	1345	1	1163668414
23	1345	1	1426838896
24	1345	1	1429231054
23	1345	1	1429245716
1	1346	1	1163668430
1	1347	1	1163668431
1	1348	1	1163668449
1	1349	1	1163668452
23	1349	1	1426838898
24	1349	1	1429231054
23	1349	1	1429245717
1	1350	1	1163668453
23	1350	1	1426838899
24	1350	1	1429231057
23	1350	1	1429245717
1	1351	1	1163668624
24	1351	1	1429231057
1	1352	1	1163668633
1	1353	1	1163668650
24	1353	1	1429231057
1	1354	1	1163668653
24	1354	1	1429231057
1	1355	1	1163668655
24	1355	1	1429231057
1	1356	1	1163668658
24	1356	1	1429231057
1	1357	1	1163668662
1	1358	1	1163668674
24	1358	1	1429231057
1	1359	1	1163668693
24	1359	1	1429231057
1	1360	1	1163668703
24	1360	1	1429231057
1	1361	1	1163668713
1	1362	1	1163668952
23	1362	1	1426838911
24	1362	1	1429231057
23	1362	1	1429245730
1	1363	1	1163669110
1	1364	1	1163669116
1	1365	1	1163669130
1	1366	1	1163669144
1	1367	1	1163669152
1	1368	1	1163669249
1	1369	1	1163669406
1	1370	1	1163669411
23	1370	1	1426838926
24	1370	1	1429231064
23	1370	1	1429245739
1	1371	1	1163669419
23	1371	1	1426838926
24	1371	1	1429231065
23	1371	1	1429245739
1	1372	1	1163669432
1	1373	1	1163669437
23	1373	1	1426838923
24	1373	1	1429231061
23	1373	1	1429245737
1	1374	1	1163669446
1	1375	1	1163669447
23	1375	1	1426838923
24	1375	1	1429231061
23	1375	1	1429245737
1	1376	1	1163669511
1	1377	1	1163669543
23	1377	1	1426838923
24	1377	1	1429231061
23	1377	1	1429245737
1	1378	1	1163669601
1	1379	1	1163669607
1	1380	1	1163669612
23	1380	1	1426838921
24	1380	1	1429231060
23	1380	1	1429245735
1	1381	1	1163669617
1	1382	1	1163669647
23	1382	1	1426838921
24	1382	1	1429231060
23	1382	1	1429245735
1	1383	1	1163669977
1	1384	1	1163669984
23	1384	1	1426838927
24	1384	1	1429231064
23	1384	1	1429245746
1	1385	1	1163669987
1	1386	1	1163669999
23	1386	1	1426838927
24	1386	1	1429231065
23	1386	1	1429245743
1	1387	1	1163670011
1	1388	1	1163670017
1	1389	1	1163670024
1	1390	1	1163670070
1	1391	1	1163670077
1	1392	1	1163671141
1	1393	1	1163671255
4	1394	1	1163697490
4	1395	1	1163699738
4	1396	1	1163701037
13	1397	1	1163709920
1	1398	1	1163711550
48	1398	1	1163717949
48	1398	1	1163718030
48	1398	1	1163719462
8	1399	1	1163712341
1	1399	1	1163714656
8	1400	1	1163713430
1	1401	1	1163714656
1	1402	1	1163755575
1	1403	1	1163756430
1	1404	1	1163757355
1	1405	1	1163794601
1	1406	1	1163795301
1	1406	1	1163796290
1	1407	1	1163795410
1	1408	1	1163797765
1	1409	1	1163798978
1	1409	1	1163799021
1	1409	1	1163805404
1	1410	1	1163800517
1	1411	1	1163803236
1	1411	1	1163805389
1	1412	1	1163804515
1	1413	1	1163804842
1	1413	1	1163805213
1	1414	1	1163805389
1	1415	1	1163805404
4	1416	1	1163842224
4	1417	1	1163845105
1	1418	1	1163880921
1	1419	1	1163881550
1	1420	1	1163882173
1	1421	1	1163884267
1	1422	1	1163885782
1	1423	1	1163886530
1	1424	1	1163947851
1	1425	1	1163963688
1	1425	1	1163966116
1	1425	1	1163969638
1	1426	1	1163964320
1	1426	1	1163970907
1	1427	1	1163965383
1	1428	1	1163966727
1	1429	1	1163967461
1	1429	1	1163975727
1	1429	1	1163978224
1	1430	1	1163969136
1	1430	1	1163969461
1	1431	1	1163970538
1	1432	1	1163971843
1	1432	1	1163971982
1	1432	1	1163972216
1	1433	1	1163975475
1	1434	1	1163975727
44	1434	1	1207970861
1	1435	1	1163976788
1	1435	1	1163977606
1	1435	1	1163977836
1	1435	1	1164060015
1	1436	1	1163977606
1	1437	1	1163978224
1	1438	1	1164050015
1	1439	1	1164050034
23	1439	1	1426838922
24	1439	1	1429231061
23	1439	1	1429245736
1	1440	1	1164050102
23	1440	1	1426838890
24	1440	1	1429231052
23	1440	1	1429245714
1	1441	1	1164050115
1	1442	1	1164051287
1	1443	1	1164052930
1	1444	1	1164054545
1	1445	1	1164055039
1	1446	1	1164055870
1	1447	1	1164056510
1	1448	1	1164057440
1	1449	1	1164058711
42	1449	1	1284811471
1	1450	1	1164059904
1	1450	1	1164060109
1	1451	1	1164135575
1	1452	1	1164135624
1	1453	1	1164136168
1	1454	1	1164136202
1	1455	1	1164138211
1	1456	1	1164139998
1	1457	1	1164141184
1	1458	1	1164141820
1	1459	1	1164142869
1	1460	1	1164143513
1	1461	1	1164145764
4	1461	1	1164176269
4	1462	1	1164182365
4	1463	1	1164183487
4	1464	1	1164211568
4	1465	1	1164212316
4	1466	1	1164212490
4	1467	1	1164213108
4	1468	1	1164213580
1	1469	1	1164221996
1	1470	1	1164222709
1	1471	1	1164224023
1	1471	1	1164228073
1	1471	1	1164232247
1	1472	1	1164227433
1	1473	1	1164227978
1	1473	1	1164228064
1	1474	1	1164228064
4	1475	1	1164262823
4	1476	1	1164263248
4	1477	1	1164264812
4	1478	1	1164267618
1	1479	1	1164306398
1	1479	1	1164358269
1	1479	1	1164358440
1	1479	1	1164358845
1	1479	1	1164359086
1	1480	1	1164307611
1	1480	1	1164311056
1	1481	1	1164309021
1	1481	1	1164310988
1	1481	1	1164359382
1	1482	1	1164310801
1	1483	1	1164312050
23	1484	1	1426838897
24	1484	1	1429231054
23	1484	1	1429245716
49	1485	1	1164317401
4	1486	1	1164346841
23	1486	1	1426838882
24	1486	1	1429231052
23	1486	1	1429245714
4	1487	1	1164348514
4	1488	1	1164349433
4	1489	1	1164350409
1	1490	1	1164358440
1	1490	1	1164358508
1	1491	1	1164358508
1	1491	1	1164358567
44	1491	1	1207970873
1	1492	1	1164359979
49	1493	1	1164389586
1	1494	1	1164394059
1	1495	1	1164395025
1	1496	1	1164399435
1	1496	1	1164399937
1	1497	1	1164399659
1	1497	1	1164399888
1	1498	1	1164403035
1	1499	1	1164404964
4	1500	1	1164435055
4	1501	1	1164435575
4	1502	1	1164443212
4	1503	1	1164444106
4	1504	1	1164445832
1	1504	1	1164490791
4	1505	1	1164446132
1	1507	1	1164490576
1	1508	1	1164486590
1	1509	1	1164487319
1	1509	1	1164490729
1	1510	1	1164488037
1	1511	1	1164488813
1	1511	1	1164490875
1	1511	1	1164492259
1	1511	1	1164492294
1	1512	1	1164490036
1	1513	1	1164490791
1	1514	1	1164492294
1	1515	1	1164494032
1	1516	1	1164495600
1	1517	1	1164542553
1	1518	1	1164543653
1	1518	1	1164546665
1	1518	1	1164546755
1	1519	1	1164546311
1	1519	1	1164546469
1	1519	1	1164546539
1	1520	1	1164546665
1	1521	1	1164581283
1	1521	1	1164583384
1	1522	1	1164582116
1	1522	1	1164582372
1	1523	1	1164582372
1	1524	1	1164583006
1	1524	1	1164584133
1	1525	1	1164584063
1	1526	1	1164584098
4	1527	1	1164609904
23	1527	1	1426838882
24	1527	1	1429231052
23	1527	1	1429245713
4	1528	1	1164610659
4	1528	1	1164611395
4	1529	1	1164612681
4	1530	1	1164612681
4	1531	1	1164612738
4	1532	1	1164612787
4	1533	1	1164612830
4	1534	1	1164612847
4	1535	1	1164612896
4	1536	1	1164612917
4	1537	1	1164612958
4	1538	1	1164612979
4	1539	1	1164613011
4	1540	1	1164613037
4	1541	1	1164613063
4	1542	1	1164613104
4	1543	1	1164613126
4	1544	1	1164613147
4	1545	1	1164613180
4	1546	1	1164613197
4	1547	1	1164613228
4	1548	1	1164613300
4	1549	1	1164613303
4	1550	1	1164613370
4	1551	1	1164613458
4	1552	1	1164613481
4	1553	1	1164613545
4	1554	1	1164613583
4	1555	1	1164613606
4	1556	1	1164613648
4	1557	1	1164613682
4	1558	1	1164613739
4	1559	1	1164613754
4	1560	1	1164614928
4	1560	1	1164615125
4	1560	1	1164615291
4	1561	1	1164615291
4	1562	1	1164616015
4	1563	1	1164616059
4	1564	1	1164616099
4	1565	1	1164616130
4	1566	1	1164616149
4	1567	1	1164616176
4	1568	1	1164616207
4	1569	1	1164616234
4	1570	1	1164616280
4	1571	1	1164616289
4	1572	1	1164616327
4	1573	1	1164616359
4	1574	1	1164616366
4	1575	1	1164616389
4	1576	1	1164616412
4	1577	1	1164616448
4	1578	1	1164616473
4	1579	1	1164616501
4	1580	1	1164616531
4	1581	1	1164616554
4	1582	1	1164616578
4	1583	1	1164616604
4	1584	1	1164616629
4	1585	1	1164616675
4	1586	1	1164616698
4	1587	1	1164616726
4	1588	1	1164616756
4	1589	1	1164616823
4	1590	1	1164616833
4	1591	1	1164616859
4	1592	1	1164616891
4	1593	1	1164622894
4	1594	1	1164623510
4	1595	1	1164624174
1	1595	1	1164662892
1	1596	1	1164641520
1	1597	1	1164643168
1	1598	1	1164643599
1	1598	1	1164643666
50	1598	1	1164877163
1	1599	1	1164660133
1	1599	1	1164665177
1	1599	1	1164665330
1	1600	1	1164661513
1	1601	1	1164663051
1	1602	1	1164664920
1	1603	1	1164698166
1	1603	1	1164746837
1	1605	1	1164737824
1	1606	1	1164741124
1	1606	1	1164745903
1	1607	1	1164741791
1	1608	1	1164742795
1	1608	1	1164745864
1	1609	1	1164743573
1	1610	1	1164744610
1	1611	1	1164745784
1	1611	1	1164746049
1	1612	1	1164746049
1	1613	1	1164748987
1	1614	1	1164834413
4	1615	1	1164783575
4	1615	1	1164783741
4	1616	1	1164786255
4	1617	1	1164787077
4	1618	1	1164788692
4	1619	1	1164790124
1	1619	1	1164793127
1	1619	1	1164793422
1	1619	1	1164832068
1	1620	1	1164791138
1	1620	1	1164791341
1	1620	1	1164792709
1	1620	1	1164793003
1	1620	1	1164794545
1	1620	1	1164794690
1	1620	1	1164794914
1	1620	1	1164816797
1	1620	1	1164834183
1	1620	1	1164834246
1	1620	1	1164839284
1	1620	1	1165007206
1	1620	1	1165007395
1	1620	1	1165007515
1	1620	1	1165354395
1	1620	1	1165654195
1	1621	1	1164791941
1	1621	1	1164792082
1	1621	1	1164792370
1	1621	1	1164792500
1	1621	1	1164792628
1	1621	1	1164795677
1	1621	1	1164795766
1	1621	1	1164816521
1	1622	1	1164815674
1	1623	1	1164826487
1	1624	1	1164830899
1	1625	1	1164831653
1	1626	1	1164833590
1	1626	1	1164833700
1	1626	1	1164839151
1	1626	1	1164839193
1	1626	1	1164839299
1	1626	1	1164839767
1	1626	1	1165007608
1	1627	1	1164835655
1	1628	1	1164837342
1	1629	1	1164839193
4	1630	1	1164869816
1	1630	1	1164919697
4	1631	1	1164870926
4	1631	1	1164880261
4	1632	1	1164871980
4	1632	1	1164872991
4	1633	1	1164872991
4	1634	1	1164875827
4	1635	1	1164875876
4	1636	1	1164877518
23	1636	1	1426838916
24	1636	1	1429231061
23	1636	1	1429245731
4	1637	1	1164877546
23	1637	1	1426838891
24	1637	1	1429231054
23	1637	1	1429245714
4	1638	1	1164879671
4	1638	1	1164879839
4	1639	1	1164879839
1	1640	1	1164916336
1	1641	1	1164917430
1	1642	1	1164921690
4	1643	1	1164956973
4	1644	1	1164958632
1	1645	1	1164987297
1	1646	1	1164987839
1	1647	1	1164988543
1	1648	1	1164989624
1	1649	1	1165006980
1	1649	1	1165354589
42	1649	1	1193078712
1	1650	1	1165008747
1	1650	1	1165008792
1	1650	1	1165008833
1	1651	1	1165008833
1	1652	1	1165009637
1	1653	1	1165011056
1	1654	1	1165013533
1	1655	1	1165015423
4	1656	1	1165039918
4	1657	1	1165040595
4	1658	1	1165042727
4	1659	1	1165043766
4	1660	1	1165044747
4	1661	1	1165141422
1	1662	1	1165354250
1	1662	1	1165354573
1	1663	1	1165355488
1	1664	1	1165356114
1	1665	1	1165356716
1	1666	1	1165357717
1	1667	1	1165358245
1	1668	1	1165392686
1	1669	1	1165436606
1	1670	1	1165437575
1	1671	1	1165438643
1	1672	1	1165439242
1	1673	1	1165482702
1	1674	1	1165565171
1	1675	1	1165566637
1	1676	1	1165606905
1	1677	1	1165607495
1	1678	1	1165608130
1	1679	1	1165647966
1	1679	1	1165649158
1	1679	1	1165653999
1	1679	1	1165654052
1	1679	1	1165913486
51	1679	1	1270928901
1	1680	1	1165648423
1	1681	1	1165649070
1	1682	1	1165649158
1	1683	1	1165650613
1	1686	1	1165780771
1	1687	1	1165782137
1	1688	1	1165818641
1	1689	1	1165819136
1	1690	1	1165820630
1	1691	1	1165911754
1	1693	1	1166004157
1	1693	1	1166004224
1	1694	1	1166004224
1	1695	1	1166004791
1	1696	1	1166120565
1	1697	1	1166121032
1	1698	1	1166122664
1	1699	1	1166166915
1	1700	1	1166168833
1	1701	1	1166177166
1	1702	1	1166177859
1	1703	1	1166251007
1	1704	1	1166251482
1	1705	1	1166252585
1	1705	1	1166252666
1	1706	1	1166252666
1	1707	1	1166307329
1	1708	1	1166388876
1	1709	1	1166398043
1	1710	1	1166534470
1	1711	1	1166535002
1	1712	1	1166535928
1	1713	1	1166598536
1	1714	1	1166651463
1	1715	1	1166685950
1	1716	1	1166686600
1	1717	1	1166687411
1	1718	1	1166688412
1	1718	1	1166688569
1	1719	1	1166688569
1	1720	1	1166782177
1	1721	1	1166782535
1	1722	1	1166783019
1	1723	1	1166868725
1	1724	1	1166870752
1	1725	1	1167024109
1	1726	1	1167024687
1	1727	1	1167049423
1	1728	1	1167049467
1	1729	1	1167133182
1	1730	1	1167133808
1	1731	1	1167391608
1	1732	1	1167392181
1	1733	1	1167392828
1	1734	1	1167506543
1	1735	1	1167507171
1	1736	1	1167508343
1	1736	1	1167509121
1	1737	1	1167508354
1	1737	1	1167509148
1	1738	1	1167508385
1	1738	1	1167509205
1	1739	1	1167508410
1	1739	1	1167509234
1	1740	1	1167508423
1	1740	1	1167509267
1	1741	1	1167508442
1	1741	1	1167509302
1	1742	1	1167508475
1	1742	1	1167509327
1	1743	1	1167508495
1	1743	1	1167509351
1	1744	1	1167508507
1	1744	1	1167509378
1	1745	1	1167508533
1	1745	1	1167509411
1	1746	1	1167508550
1	1746	1	1167509433
1	1747	1	1167508572
1	1747	1	1167509472
1	1748	1	1167508585
1	1748	1	1167509501
1	1749	1	1167508614
1	1749	1	1167509538
1	1750	1	1167508632
1	1750	1	1167509614
1	1751	1	1167508662
1	1751	1	1167509655
1	1752	1	1167508692
1	1752	1	1167509692
1	1753	1	1167508698
1	1753	1	1167509722
1	1754	1	1167508720
1	1754	1	1167509754
1	1755	1	1167508755
1	1755	1	1167509828
1	1756	1	1167508769
1	1756	1	1167509784
1	1757	1	1167508794
1	1757	1	1167509887
1	1758	1	1167508812
1	1758	1	1167509920
1	1759	1	1167508836
1	1759	1	1167509947
1	1760	1	1167508854
1	1760	1	1167509978
1	1761	1	1167508874
1	1761	1	1167510003
1	1762	1	1167508888
1	1762	1	1167510032
1	1763	1	1167508966
1	1763	1	1167510080
1	1764	1	1167508984
1	1764	1	1167510164
1	1765	1	1167509012
1	1765	1	1167510203
1	1766	1	1167509031
1	1766	1	1167510228
1	1767	1	1167510896
1	1767	1	1167511804
1	1768	1	1167510937
1	1768	1	1167511825
1	1769	1	1167510953
1	1769	1	1167511846
1	1770	1	1167510989
1	1770	1	1167511865
1	1771	1	1167511027
1	1771	1	1167511887
1	1772	1	1167511051
1	1772	1	1167511908
1	1773	1	1167511080
1	1773	1	1167511928
1	1774	1	1167511119
1	1774	1	1167511946
1	1775	1	1167511165
1	1775	1	1167511970
1	1776	1	1167511188
1	1776	1	1167512018
1	1777	1	1167511224
1	1777	1	1167512041
1	1778	1	1167511245
1	1778	1	1167512080
1	1779	1	1167511275
1	1779	1	1167512121
1	1780	1	1167511303
1	1780	1	1167512179
1	1781	1	1167511321
1	1781	1	1167512216
1	1782	1	1167511362
1	1782	1	1167512237
1	1783	1	1167511385
1	1783	1	1167512262
1	1784	1	1167511404
1	1784	1	1167512297
1	1785	1	1167511443
1	1785	1	1167512321
1	1786	1	1167511459
1	1786	1	1167512348
1	1787	1	1167511489
1	1787	1	1167512380
1	1788	1	1167511514
1	1788	1	1167512405
1	1789	1	1167511532
1	1789	1	1167512433
1	1790	1	1167511573
1	1790	1	1167512456
1	1791	1	1167511588
1	1791	1	1167512480
1	1792	1	1167511647
1	1792	1	1167512502
1	1793	1	1167511665
1	1793	1	1167512531
1	1794	1	1167511697
1	1794	1	1167512561
1	1795	1	1167511722
1	1795	1	1167512589
1	1796	1	1167511743
1	1796	1	1167563080
1	1797	1	1167511759
1	1797	1	1167563135
1	1798	1	1167564527
1	1799	1	1167606598
1	1800	1	1167605341
1	1801	1	1167605674
1	1802	1	1167606020
20	1803	1	1167612115
42	1805	1	1171820247
52	1806	1	1173726148
53	1807	1	1175493220
54	1808	1	1189681852
24	1808	1	1429231061
46	1809	1	1191940669
55	1810	1	1196508469
55	1810	1	1196509537
24	1810	1	1429231054
56	1811	1	1196671255
56	1812	1	1196671276
2	1813	1	1197310816
2	1813	1	1197310921
2	1813	1	1197310955
2	1813	1	1197386397
2	1813	1	1197386511
2	1813	1	1197398079
2	1813	1	1197398484
2	1813	1	1197404670
2	1813	1	1197910935
2	1814	1	1197318550
2	1815	1	1197319448
2	1816	1	1197386448
2	1817	1	1197389213
2	1818	1	1197389352
2	1819	1	1197406964
2	1820	1	1197408533
2	1821	1	1197408780
2	1822	1	1197409131
2	1823	1	1197409578
2	1824	1	1197914241
2	1825	1	1197914287
2	1826	1	1197914332
2	1826	1	1197914391
2	1826	1	1197914838
2	1827	1	1197918449
2	1827	1	1197973544
2	1827	1	1197973577
2	1828	1	1197973815
2	1828	1	1197973874
2	1828	1	1197974768
57	1830	1	1200260923
58	1831	1	1200307332
58	1831	1	1200307406
59	1832	1	1200944510
59	1833	1	1200944514
60	1834	1	1201215077
60	1835	1	1201215084
61	1836	1	1203087797
61	1836	1	1319256565
61	1836	1	1329450955
61	1836	1	1329624712
62	1837	1	1206475717
63	1838	1	1206636912
64	1838	1	1206638370
63	1839	1	1206636952
64	1840	1	1206637610
65	1840	1	1218525876
64	1841	1	1206637623
64	1841	1	1206643185
65	1841	1	1218525875
64	1841	1	1218527992
64	1842	1	1206637639
65	1842	1	1218525876
66	1843	1	1206657032
63	1844	1	1207396805
63	1844	1	1207396854
63	1844	1	1207396895
46	1844	1	1217246934
46	1844	1	1217246953
51	1844	1	1239408582
51	1844	1	1239554893
51	1844	1	1241563296
51	1844	1	1241563354
67	1845	1	1211854766
68	1846	1	1212269588
44	1847	1	1212353281
44	1847	1	1212375450
69	1848	1	1213719130
69	1848	1	1213720330
69	1848	1	1261740460
69	1848	1	1293272185
69	1849	1	1214155034
65	1850	1	1218525875
65	1851	1	1218525876
65	1852	1	1218525876
40	1852	1	1328178583
70	1853	1	1222546228
71	1854	1	1222614965
71	1855	1	1222615000
72	1856	1	1224633475
72	1856	1	1224633666
72	1856	1	1224636414
24	1856	1	1429231064
72	1857	1	1224634202
72	1858	1	1224634614
72	1859	1	1224635007
72	1860	1	1224635147
72	1861	1	1224635345
72	1862	1	1224635503
72	1863	1	1224635816
73	1869	1	1224720740
73	1870	1	1224722418
73	1870	1	1225154766
73	1870	1	1225158602
73	1870	1	1225239756
73	1870	1	1225244691
73	1871	1	1224722981
73	1872	1	1224726050
73	1873	1	1224726453
73	1874	1	1224727039
73	1875	1	1224816223
73	1876	1	1225063670
73	1877	1	1225148748
73	1878	1	1225150165
73	1879	1	1225150272
73	1880	1	1225150410
73	1881	1	1225150499
73	1882	1	1225150673
73	1883	1	1225150841
73	1884	1	1225151013
73	1885	1	1225154596
73	1886	1	1225154962
73	1887	1	1225155071
73	1888	1	1225155317
73	1889	1	1225155713
73	1890	1	1225155939
73	1891	1	1225156126
73	1892	1	1225156275
73	1893	1	1225156386
73	1894	1	1225156634
73	1895	1	1225156806
73	1896	1	1225156958
73	1897	1	1225157162
73	1898	1	1225157291
73	1898	1	1225157447
73	1899	1	1225157598
73	1899	1	1225157703
61	1900	1	1225171445
73	1901	1	1225238956
73	1902	1	1225239064
73	1903	1	1225239554
73	1904	1	1225239945
73	1905	1	1225240636
73	1906	1	1225244820
61	1908	1	1225249593
74	1909	1	1225325530
61	1910	1	1225330182
61	1911	1	1225353078
74	1912	1	1225379888
74	1913	1	1225386712
74	1914	1	1225387792
74	1914	1	1226323068
74	1916	1	1225441383
74	1917	1	1225441398
74	1918	1	1225464105
74	1918	1	1225575688
74	1918	1	1225591905
74	1918	1	1225602798
74	1918	1	1225661199
74	1918	1	1225685321
74	1918	1	1225734961
74	1918	1	1225778956
74	1918	1	1225843535
74	1918	1	1225865781
74	1918	1	1226017640
74	1918	1	1226383816
74	1918	1	1226504116
74	1918	1	1227107936
74	1918	1	1227882022
74	1918	1	1229418036
74	1918	1	1230236288
74	1918	1	1230244074
74	1918	1	1230772579
74	1918	1	1231593163
74	1918	1	1232073091
74	1918	1	1232477589
74	1918	1	1232485902
74	1918	1	1233061411
74	1918	1	1233103378
74	1918	1	1233128180
74	1918	1	1233214586
74	1918	1	1233559465
74	1918	1	1234455828
74	1918	1	1234954985
74	1918	1	1235331118
74	1918	1	1235500169
74	1918	1	1236130980
74	1918	1	1237342668
74	1918	1	1238049570
74	1918	1	1238722254
74	1918	1	1240466208
61	1919	1	1225530590
61	1920	1	1225584620
61	1921	1	1225680083
73	1922	1	1225763745
73	1923	1	1225763910
73	1924	1	1225764028
73	1925	1	1225764837
73	1926	1	1225764967
61	1927	1	1225771593
61	1928	1	1225861063
74	1929	1	1225935969
74	1929	1	1226294351
74	1930	1	1225947240
74	1931	1	1225965451
74	1931	1	1226313993
74	1932	1	1226242436
61	1933	1	1226471902
75	1934	1	1226496899
61	1935	1	1227250352
73	1936	1	1227752652
73	1937	1	1227752841
61	1938	1	1227884451
76	1939	1	1229938424
61	1940	1	1234150024
61	1941	1	1234564535
61	1942	1	1235275984
61	1943	1	1235280172
60	1944	1	1236652121
74	1945	1	1237305867
61	1946	1	1237616864
77	1947	1	1239281868
77	1947	1	1239282850
77	1947	1	1239322933
51	1948	1	1239408447
51	1948	1	1251553084
77	1948	1	1251553306
77	1948	1	1282573919
77	1948	1	1287758349
77	1948	1	1289846909
61	1949	1	1239506429
61	1950	1	1239579599
61	1951	1	1239582976
78	1952	1	1239881775
61	1953	1	1240008152
61	1954	1	1240016070
61	1955	1	1240079444
61	1956	1	1240088587
79	1957	1	1246050888
79	1958	1	1246050884
80	1959	1	1242924058
79	1960	1	1246050877
81	1961	1	1249073562
61	1962	1	1251836494
61	1963	1	1252735617
61	1964	1	1252744491
61	1965	1	1252816109
82	1966	1	1254268940
82	1966	1	1254272645
83	1967	1	1256758142
84	1968	1	1260067972
61	1971	1	1264237385
61	1972	1	1264292220
61	1973	1	1264389450
66	1974	1	1264399941
61	1975	1	1264467526
61	1976	1	1264473452
61	1977	1	1264552181
61	1978	1	1264721420
61	1979	1	1264732270
24	1979	1	1429231060
61	1980	1	1264919221
61	1981	1	1264921681
61	1982	1	1264923365
61	1984	1	1266706645
61	1985	1	1266717533
85	1986	1	1267890333
86	1987	1	1268591103
86	1988	1	1268601841
87	1989	1	1270198326
87	1990	1	1270470248
87	1991	1	1270672558
88	1992	1	1270936394
61	1993	1	1271127059
89	1994	1	1274869375
90	1995	1	1276237610
61	1996	1	1276992477
61	1997	1	1277066210
61	1998	1	1277158988
61	1999	1	1277167945
61	2000	1	1277178876
61	2001	1	1277180444
61	2002	1	1277247318
61	2003	1	1277579017
61	2003	1	1289087154
61	2004	1	1280795723
61	2005	1	1280799770
91	2006	1	1280960023
91	2006	1	1281005770
91	2007	1	1281096804
61	2008	1	1281149154
61	2009	1	1281153151
61	2010	1	1281154846
61	2011	1	1281158262
91	2012	1	1281177974
61	2012	1	1289145123
61	2013	1	1281232650
61	2014	1	1281234444
91	2015	1	1281258298
92	2016	1	1281991973
92	2017	1	1281991985
93	2018	1	1282091588
94	2018	1	1422986673
93	2019	1	1282091599
94	2019	1	1422986673
61	2020	1	1283020761
95	2021	1	1283255655
61	2022	1	1283393176
96	2023	1	1283394799
96	2023	1	1284614761
97	2023	1	1408317612
61	2024	1	1283395909
96	2025	1	1283408923
61	2026	1	1283477132
98	2027	1	1284539670
99	2027	1	1284540237
99	2027	1	1284553681
98	2028	1	1284539787
100	2029	1	1285021865
96	2030	1	1285792423
96	2031	1	1286349385
61	2032	1	1289158266
61	2033	1	1289172849
96	2034	1	1289954013
96	2034	1	1291477552
96	2034	1	1295306399
31	2034	1	1331931229
92	2036	1	1293737927
101	2037	1	1294091724
101	2037	1	1294093293
102	2038	1	1294134661
102	2039	1	1294135033
61	2040	1	1296442471
61	2040	1	1333237467
61	2041	1	1296448599
61	2042	1	1296528689
61	2043	1	1296617019
61	2044	1	1296783803
61	2045	1	1298435591
61	2046	1	1301869761
96	2047	1	1302755315
61	2048	1	1302977931
61	2049	1	1302982450
61	2050	1	1302994310
61	2051	1	1303350883
61	2052	1	1305156945
61	2052	1	1333911106
61	2053	1	1309570127
61	2054	1	1309575821
61	2055	1	1309622992
61	2056	1	1309628466
61	2057	1	1315767684
61	2058	1	1318976948
96	2059	1	1319841159
96	2059	1	1429212167
61	2060	1	1323132987
61	2061	1	1326049139
61	2062	1	1329082635
103	2063	1	1329644491
61	2063	1	1330193116
61	2063	1	1330193350
104	2063	1	1410432993
61	2064	1	1333904927
61	2065	1	1333906970
61	2066	1	1336323309
105	2067	1	1336489598
97	2068	1	1408317612
61	2069	1	1421018695
94	2070	1	1422986673
94	2071	1	1422986673
61	2072	1	1423708738
61	2073	1	1424393592
94	2073	1	1438202327
61	2074	1	1424583373
94	2074	1	1438202271
61	2075	1	1424585477
61	2076	1	1426642602
23	2077	1	1426838898
24	2077	1	1429231054
23	2077	1	1429245716
23	2078	1	1426838900
24	2078	1	1429231057
23	2078	1	1429245721
23	2079	1	1426838900
24	2079	1	1429231057
23	2079	1	1429245721
23	2080	1	1426838906
24	2080	1	1429231057
23	2080	1	1429245721
23	2081	1	1426838906
23	2082	1	1426838908
24	2082	1	1429231057
23	2082	1	1429245725
23	2083	1	1426838909
24	2083	1	1429231057
23	2083	1	1429245728
23	2084	1	1426838910
24	2084	1	1429231057
23	2084	1	1429245728
23	2085	1	1426838916
24	2085	1	1429231060
23	2085	1	1429245731
23	2086	1	1426838916
24	2086	1	1429231060
23	2086	1	1429245731
23	2087	1	1426838921
24	2087	1	1429231061
23	2087	1	1429245735
23	2088	1	1426838924
24	2088	1	1429231065
23	2088	1	1429245737
23	2089	1	1426838927
24	2089	1	1429231065
23	2089	1	1429245743
23	2090	1	1426838927
24	2090	1	1429231064
23	2090	1	1429245746
23	2091	1	1426838927
24	2091	1	1429231065
23	2091	1	1429245746
96	2092	1	1429212168
94	2093	1	1438202272
94	2094	1	1438202327
106	2095	1	1438645063
106	2096	1	1443816648
106	2097	1	1443816648
106	2098	1	1443816649
106	2099	1	1443816649
106	2100	1	1443816649
106	2101	1	1443816649
106	2102	1	1443816649
