% bip positive
1	1	1	1075376496
1	2	1	1075376496
1	3	1	1077420950
1	4	1	1086455715
1	5	1	1086455715
1	6	1	1086455715
1	7	1	1086455715
1	8	1	1086455715
1	9	1	1086455715
1	10	1	1086455715
1	11	1	1086455715
1	12	1	1086455715
1	13	1	1086455715
1	14	1	1086455715
1	15	1	1086455715
1	16	1	1086455715
1	17	1	1086455715
1	18	1	1086455715
1	19	1	1086455715
1	20	1	1086455715
1	21	1	1086455715
1	22	1	1086455715
1	23	1	1086455715
1	24	1	1086455715
1	25	1	1086455715
1	26	1	1086455715
1	27	1	1086455715
1	28	1	1086455715
1	29	1	1086455715
1	30	1	1086455715
1	31	1	1086455715
1	32	1	1086455715
1	33	1	1086455715
1	34	1	1086455715
1	35	1	1086455715
1	36	1	1086455715
1	37	1	1086455715
1	38	1	1086455715
1	39	1	1086455715
1	40	1	1086455715
1	41	1	1086455715
1	42	1	1086455715
1	43	1	1086455715
1	44	1	1086455715
1	45	1	1086455715
1	46	1	1086455715
1	47	1	1086455715
1	48	1	1086455715
1	49	1	1086455715
1	50	1	1086455715
1	51	1	1086455715
1	52	1	1086455715
1	53	1	1086455715
1	54	1	1086455715
1	55	1	1086455715
1	56	1	1086455715
1	57	1	1086455715
1	58	1	1086455715
1	59	1	1086455715
1	60	1	1086455715
1	61	1	1086455715
1	62	1	1086455715
1	63	1	1086455715
1	64	1	1086455715
1	65	1	1086455715
1	66	1	1086455715
1	67	1	1086455715
1	68	1	1086455715
1	69	1	1086455715
1	70	1	1086455715
1	71	1	1086455715
1	72	1	1086455715
1	73	1	1086455715
1	74	1	1086455715
1	75	1	1086455715
1	76	1	1086455715
1	77	1	1086455715
1	78	1	1086455827
2	79	1	1114167619
2	79	1	1114186477
3	79	1	1429226504
4	80	1	1134285061
5	80	1	1135711410
6	80	1	1269499194
7	80	1	1309682353
7	80	1	1319676673
7	80	1	1324472512
7	80	1	1326586291
7	80	1	1329058937
7	80	1	1338598832
7	80	1	1338920365
7	80	1	1339835400
7	80	1	1342728381
7	80	1	1346896630
7	80	1	1347283229
7	80	1	1350356125
7	80	1	1350493254
7	80	1	1351956759
7	80	1	1351958223
7	80	1	1357678508
7	80	1	1358608730
7	80	1	1359577603
7	80	1	1363204053
7	80	1	1365547130
7	80	1	1366778613
7	80	1	1367293179
7	80	1	1367346575
7	80	1	1369082281
7	80	1	1370309702
7	80	1	1371961841
7	80	1	1372940983
8	80	1	1372948314
7	80	1	1374585363
9	80	1	1374597177
7	80	1	1377025687
7	80	1	1379989864
7	80	1	1380911859
7	80	1	1381263076
7	80	1	1383681565
7	80	1	1384817092
10	80	1	1389854824
10	80	1	1392813046
10	80	1	1393020029
10	80	1	1393616678
10	80	1	1394747758
10	80	1	1396307099
11	80	1	1396891525
10	80	1	1400880575
10	80	1	1403214866
10	80	1	1408642534
10	80	1	1408659322
10	80	1	1409676728
10	80	1	1414346647
10	80	1	1415986607
10	80	1	1425249222
10	80	1	1425499299
10	80	1	1426275935
10	80	1	1428682393
10	80	1	1429592905
10	80	1	1430711309
10	80	1	1431883697
10	80	1	1431887414
10	80	1	1433533605
10	80	1	1434751237
10	80	1	1434765022
10	80	1	1437714475
10	80	1	1437721780
10	80	1	1438386174
10	80	1	1438390327
10	80	1	1439939331
12	80	1	1439943650
10	80	1	1441217559
10	80	1	1441399979
10	80	1	1441404124
10	80	1	1442955672
10	80	1	1442961855
10	80	1	1443459379
10	80	1	1443468695
10	80	1	1447106258
10	80	1	1447152484
10	80	1	1447796577
13	80	1	1448313791
10	80	1	1448488129
10	80	1	1448980749
10	80	1	1450472289
10	80	1	1450475889
10	80	1	1451958546
10	80	1	1451962150
10	80	1	1453143977
10	80	1	1459442862
10	80	1	1460930866
14	80	1	1467197531
14	80	1	1467197541
10	80	1	1467205571
10	80	1	1467342342
14	80	1	1468427337
10	80	1	1470765755
10	80	1	1473696516
10	80	1	1473772669
10	80	1	1475266289
10	80	1	1475717690
10	80	1	1479081563
10	80	1	1479082298
10	80	1	1481743914
10	80	1	1487190698
10	80	1	1489088598
10	80	1	1489813746
10	80	1	1491536265
10	80	1	1491932027
10	80	1	1492070519
10	80	1	1493838867
10	80	1	1494254545
10	80	1	1494945846
10	80	1	1494968983
10	80	1	1495573588
10	80	1	1496306321
15	80	1	1496340548
10	80	1	1498033686
10	80	1	1499353382
4	81	1	1134285014
4	82	1	1134285025
16	83	1	1136411949
17	83	1	1140651479
18	83	1	1154207477
18	83	1	1154207546
19	83	1	1156748837
19	83	1	1157435945
19	83	1	1160168590
19	83	1	1167820557
19	83	1	1168349772
19	83	1	1170532607
19	83	1	1173855559
20	83	1	1196101595
21	83	1	1196102272
21	83	1	1196128832
22	83	1	1196150833
23	83	1	1196863845
22	83	1	1197070313
24	83	1	1197126226
24	83	1	1197185296
22	83	1	1201608354
24	83	1	1206444919
24	83	1	1206444929
25	83	1	1216679238
26	83	1	1221567583
27	83	1	1235120027
28	83	1	1307186722
29	83	1	1424689479
16	84	1	1135211086
30	84	1	1442128688
16	85	1	1135211097
16	85	1	1135214723
16	85	1	1135690100
5	86	1	1135711162
5	87	1	1135711211
16	88	1	1137283694
16	89	1	1137283900
16	89	1	1140392765
16	89	1	1141854096
16	89	1	1141858918
31	89	1	1489178471
16	90	1	1137613733
32	90	1	1237689513
22	90	1	1237722556
33	90	1	1238104098
22	90	1	1238223938
22	90	1	1238351630
33	90	1	1242575149
34	90	1	1242591649
35	90	1	1336700999
36	91	1	1137761767
16	92	1	1141854096
16	93	1	1141854124
16	94	1	1145127230
37	95	1	1151849648
38	95	1	1277174222
38	95	1	1277175582
18	96	1	1154207477
39	96	1	1425260929
40	97	1	1156163689
40	97	1	1156168326
26	97	1	1221731470
6	97	1	1267366471
41	97	1	1289912289
28	97	1	1292616332
33	97	1	1297530305
13	97	1	1338444015
13	97	1	1430978809
42	97	1	1486892206
13	97	1	1493229870
40	98	1	1156167217
40	98	1	1156235117
40	98	1	1156235138
40	98	1	1156235220
19	98	1	1156748520
19	98	1	1169445702
25	98	1	1217284411
27	98	1	1235838936
33	98	1	1259459228
27	98	1	1261352022
27	98	1	1270061322
27	98	1	1277985730
28	98	1	1322068814
28	98	1	1328240457
43	98	1	1336889358
44	98	1	1354656424
44	98	1	1354656621
45	98	1	1356565624
45	98	1	1358129647
28	98	1	1388615365
13	98	1	1410723799
29	98	1	1424168750
29	98	1	1424168911
13	98	1	1430978943
45	98	1	1445198867
13	98	1	1445951641
42	98	1	1464958158
42	98	1	1472622268
13	98	1	1493229857
19	100	1	1156748280
27	100	1	1244672472
13	100	1	1493229827
19	101	1	1156748390
19	101	1	1163292996
19	101	1	1169450378
19	101	1	1171904314
19	101	1	1177885059
25	101	1	1217426298
27	101	1	1235218474
27	101	1	1239894385
27	101	1	1272985197
27	101	1	1289086108
28	101	1	1324151855
43	101	1	1335650581
45	101	1	1350938315
45	101	1	1356269567
45	101	1	1361627828
28	101	1	1386627813
46	101	1	1395583370
13	101	1	1430979803
45	101	1	1435193225
42	101	1	1464958400
13	101	1	1493229872
19	102	1	1156748162
19	102	1	1163286816
26	102	1	1221731235
27	102	1	1284789791
13	102	1	1351514261
46	102	1	1356270807
45	102	1	1375976034
13	102	1	1430979745
47	102	1	1447080906
42	102	1	1464958357
42	102	1	1487181258
13	102	1	1493229877
40	103	1	1156179376
19	104	1	1170327973
25	104	1	1217413654
27	104	1	1256232010
26	104	1	1259838479
28	104	1	1330609236
48	104	1	1360056770
13	104	1	1430978799
47	104	1	1448969611
13	104	1	1493229870
40	105	1	1156168804
19	105	1	1165835021
13	105	1	1430978904
13	105	1	1493229860
40	106	1	1156167141
19	106	1	1156748270
40	106	1	1156921980
49	106	1	1205084599
13	106	1	1493229839
40	107	1	1156922338
19	107	1	1160852937
19	107	1	1165216883
27	107	1	1236790710
27	107	1	1279393633
28	107	1	1292616336
28	107	1	1300610132
13	107	1	1338444017
13	107	1	1430979054
13	107	1	1493229847
19	108	1	1156748984
19	108	1	1161244979
19	108	1	1164801022
19	108	1	1167773311
19	108	1	1172534880
19	108	1	1176965061
19	108	1	1178512795
19	108	1	1210935790
25	108	1	1217301575
27	108	1	1244366139
50	108	1	1287131618
50	108	1	1287132055
50	108	1	1287132248
50	108	1	1287132464
50	108	1	1287132490
50	108	1	1287132565
27	108	1	1287259044
28	108	1	1304037224
48	108	1	1322969547
28	108	1	1323098603
28	108	1	1325133719
45	108	1	1351083712
48	108	1	1354960771
45	108	1	1356231368
45	108	1	1357861930
28	108	1	1387749007
13	108	1	1411326987
13	108	1	1430978870
46	108	1	1440206979
13	108	1	1445951680
13	108	1	1493229861
40	109	1	1156163773
40	109	1	1156168377
40	109	1	1156168394
28	109	1	1301828917
51	109	1	1413956854
13	109	1	1430978819
13	109	1	1493229867
40	110	1	1156163827
47	110	1	1449115183
40	111	1	1156164242
19	111	1	1156748550
19	111	1	1163282284
19	111	1	1169391827
19	111	1	1210752268
27	111	1	1281880402
28	111	1	1300800929
28	111	1	1301865099
48	111	1	1324110742
43	111	1	1336075271
28	111	1	1390312128
13	111	1	1410722865
13	111	1	1430979002
45	111	1	1464696936
42	111	1	1484979683
13	111	1	1493229853
40	112	1	1156234420
40	112	1	1156234884
19	112	1	1156748250
40	112	1	1156922095
40	112	1	1156922183
25	112	1	1216566402
28	112	1	1300453727
48	112	1	1323775176
45	112	1	1357809366
46	112	1	1418158088
13	112	1	1445951680
52	112	1	1473041501
13	112	1	1493229841
40	113	1	1156172422
40	113	1	1156175539
40	113	1	1156175575
40	113	1	1156176249
40	113	1	1156176361
40	113	1	1156233824
19	113	1	1157435901
19	113	1	1170139675
19	113	1	1180258841
19	113	1	1212048329
27	113	1	1255963938
50	113	1	1288000481
28	113	1	1302113425
28	113	1	1328071058
43	113	1	1348010027
45	113	1	1426902156
13	113	1	1445951681
47	113	1	1447767407
47	113	1	1447848445
47	113	1	1447848462
52	113	1	1474555266
52	113	1	1475866593
42	113	1	1487591246
13	113	1	1493229828
40	114	1	1156164512
19	114	1	1156748200
19	114	1	1170290512
19	114	1	1210977938
27	114	1	1256030873
28	114	1	1292616335
45	114	1	1345113664
48	114	1	1359879380
13	114	1	1430978908
42	114	1	1475865175
13	114	1	1493229859
40	115	1	1156166498
40	115	1	1156166541
40	115	1	1156166803
40	115	1	1156166918
40	115	1	1156167052
40	115	1	1156168579
40	115	1	1156169295
40	115	1	1156170521
40	115	1	1156172667
40	115	1	1156172779
40	115	1	1156172803
40	115	1	1156179309
40	115	1	1156686257
40	115	1	1156700712
40	115	1	1158407422
40	115	1	1158407435
40	115	1	1158411843
40	115	1	1159038975
40	115	1	1159039110
40	115	1	1159040052
40	116	1	1156163854
40	117	1	1156164035
40	117	1	1156164048
40	117	1	1156164127
19	117	1	1170208769
25	117	1	1216573067
13	117	1	1430979092
47	117	1	1447436076
13	117	1	1493229843
40	118	1	1156164443
19	118	1	1156748480
19	118	1	1160186616
19	118	1	1160852855
19	118	1	1170259518
19	118	1	1176951395
19	118	1	1180428128
19	118	1	1210953439
25	118	1	1217286357
25	118	1	1232682275
27	118	1	1240079948
27	118	1	1249122176
27	118	1	1288385078
27	118	1	1289067427
28	118	1	1296074168
28	118	1	1315682980
28	118	1	1322834056
28	118	1	1330054908
48	118	1	1354846359
45	118	1	1356566745
28	118	1	1388619243
45	118	1	1446800954
45	118	1	1449121210
13	118	1	1493229858
40	119	1	1156164700
40	120	1	1156165024
40	121	1	1156165361
19	121	1	1170369355
25	121	1	1217621843
27	121	1	1256233297
27	121	1	1260564938
27	121	1	1273810993
28	121	1	1319887113
28	121	1	1328247676
45	121	1	1356872761
46	121	1	1428513050
13	121	1	1493229876
40	122	1	1156165650
19	122	1	1170208739
19	122	1	1180363731
25	122	1	1216576127
13	122	1	1430979084
13	122	1	1493229843
40	123	1	1156165800
19	123	1	1170441523
25	123	1	1218140381
27	123	1	1256307900
27	123	1	1259709878
28	123	1	1328074747
45	123	1	1446004746
52	123	1	1473041585
52	123	1	1474107876
13	123	1	1493229892
40	124	1	1156166128
19	124	1	1156748230
19	124	1	1168354462
19	124	1	1170259408
19	124	1	1210954379
25	124	1	1217286227
27	124	1	1235838367
27	124	1	1237680162
27	124	1	1246947307
27	124	1	1249154130
6	124	1	1267366485
27	124	1	1281503933
28	124	1	1293652286
28	124	1	1321642528
45	124	1	1342971760
45	124	1	1350983703
48	124	1	1354845674
45	124	1	1356215284
28	124	1	1388618956
13	124	1	1416844566
13	124	1	1429972129
42	124	1	1472624596
13	124	1	1493229859
40	125	1	1156166331
40	125	1	1156922016
40	126	1	1156166447
19	126	1	1170242406
25	126	1	1217126824
27	126	1	1256029155
27	126	1	1271367694
28	126	1	1328157519
45	126	1	1492550264
13	126	1	1493229852
40	127	1	1156166602
19	127	1	1170241279
25	127	1	1217123518
53	127	1	1291436696
28	127	1	1328157527
13	127	1	1430979034
45	127	1	1445115806
42	127	1	1488186596
13	127	1	1493229852
40	128	1	1156166735
19	128	1	1170254257
25	128	1	1217275546
27	128	1	1241534946
27	128	1	1248749807
27	128	1	1253634166
27	128	1	1267556124
27	128	1	1287300128
28	128	1	1300843110
28	128	1	1326028864
28	128	1	1328236983
46	128	1	1428606135
13	128	1	1446807057
13	128	1	1493229855
40	129	1	1156167577
40	130	1	1156167757
19	130	1	1170365122
25	130	1	1217594306
27	130	1	1256232936
45	130	1	1349569182
13	130	1	1430979759
13	130	1	1493229875
40	131	1	1156167982
19	131	1	1156748179
40	131	1	1157994032
40	131	1	1158126907
6	131	1	1267366443
6	131	1	1267366683
27	131	1	1267846923
28	131	1	1292616333
13	131	1	1430978821
13	131	1	1445951682
13	131	1	1493229866
40	132	1	1156168216
26	132	1	1221731500
28	132	1	1321711703
28	132	1	1325017799
45	132	1	1375992937
13	132	1	1430978827
13	132	1	1493229861
40	133	1	1156168575
40	133	1	1156235605
27	133	1	1233753369
13	133	1	1430979694
13	133	1	1468355573
13	133	1	1493229888
40	134	1	1156168770
40	134	1	1156420083
19	134	1	1156748640
40	134	1	1156921930
19	134	1	1165975445
19	134	1	1170228568
19	134	1	1212678973
27	134	1	1239286863
27	134	1	1264215824
6	134	1	1267366144
6	134	1	1267366389
27	134	1	1289120004
28	134	1	1293530830
28	134	1	1299215437
28	134	1	1325393191
45	134	1	1347999861
45	134	1	1352344825
45	134	1	1353838646
54	134	1	1358505967
28	134	1	1386529401
46	134	1	1395747486
13	134	1	1410475426
13	134	1	1445951683
13	134	1	1493229835
40	135	1	1156168991
19	135	1	1156748864
19	135	1	1161389362
19	135	1	1164663000
19	135	1	1166663318
19	135	1	1178088397
19	135	1	1181118261
19	135	1	1210750672
25	135	1	1216284317
26	135	1	1221732092
26	135	1	1222503870
27	135	1	1241534644
27	135	1	1252331309
27	135	1	1260393100
27	135	1	1281806479
27	135	1	1289116544
28	135	1	1307646557
28	135	1	1316616687
43	135	1	1319731274
45	135	1	1351039382
45	135	1	1376616332
28	135	1	1387301072
13	135	1	1408931835
51	135	1	1414010691
51	135	1	1414010710
13	135	1	1429881296
51	135	1	1438429479
51	135	1	1438432128
13	135	1	1445951684
45	135	1	1449091374
47	135	1	1449265082
42	135	1	1486655398
13	135	1	1493229853
40	136	1	1156169088
44	136	1	1354705728
44	136	1	1354705856
40	137	1	1156169261
40	137	1	1156169781
19	137	1	1156748370
27	137	1	1249401100
27	137	1	1286194355
27	137	1	1288006116
53	137	1	1294219513
28	137	1	1324419557
28	137	1	1325774172
13	137	1	1430979721
13	137	1	1439324458
13	137	1	1493229884
40	138	1	1156169618
19	138	1	1156748773
40	138	1	1156921836
19	138	1	1158598093
19	138	1	1161245191
19	138	1	1166557543
19	138	1	1168337582
19	138	1	1175712900
19	138	1	1176357035
19	138	1	1184431230
19	138	1	1210709472
27	138	1	1235285146
27	138	1	1242680725
27	138	1	1255198047
27	138	1	1270120962
27	138	1	1273740988
27	138	1	1286268946
27	138	1	1288752058
28	138	1	1292616378
28	138	1	1301637306
28	138	1	1304234030
28	138	1	1307805866
48	138	1	1323107135
28	138	1	1331624847
43	138	1	1332175327
13	138	1	1338444034
13	138	1	1340879437
48	138	1	1352161717
44	138	1	1354660106
48	138	1	1358295024
55	138	1	1367261164
43	138	1	1375747608
45	138	1	1435076001
13	138	1	1456961548
42	138	1	1466846135
13	138	1	1467445268
52	138	1	1474378085
45	138	1	1486805829
13	138	1	1493229825
40	139	1	1156169878
19	139	1	1170145818
19	139	1	1212155850
27	139	1	1255964614
46	139	1	1428512650
13	139	1	1445951684
47	139	1	1447042751
13	139	1	1493229832
40	140	1	1156170073
19	140	1	1170241419
19	140	1	1172493648
25	140	1	1217119900
27	140	1	1269989223
28	140	1	1328157529
45	140	1	1348108843
46	140	1	1418174076
45	140	1	1439031226
13	140	1	1493229850
40	141	1	1156170215
40	141	1	1156922229
40	141	1	1156922295
19	141	1	1170441500
25	141	1	1218142221
48	141	1	1362545212
13	141	1	1493229892
40	142	1	1156170423
19	142	1	1156748340
19	142	1	1163823191
56	142	1	1164522685
19	142	1	1165892725
26	142	1	1221731147
27	142	1	1235530347
27	142	1	1236233615
27	142	1	1246896938
57	142	1	1286820205
33	142	1	1297529975
28	142	1	1324495793
13	142	1	1339703085
45	142	1	1369835065
13	142	1	1430979707
47	142	1	1447893993
42	142	1	1487430263
42	142	1	1488596441
13	142	1	1493229887
40	143	1	1156179279
19	143	1	1170294439
25	143	1	1217301144
27	143	1	1270358784
58	143	1	1273584540
27	143	1	1277563191
48	143	1	1324138380
45	143	1	1352659600
45	143	1	1367805346
51	143	1	1413918698
46	143	1	1428512871
13	143	1	1493229862
40	144	1	1158407241
40	144	1	1158407360
19	144	1	1170431506
50	144	1	1215867567
25	144	1	1218105424
27	144	1	1256271403
27	144	1	1273491263
28	144	1	1301149277
28	144	1	1330332016
48	144	1	1360779458
59	144	1	1384518199
46	144	1	1428513211
13	144	1	1445951689
52	144	1	1473041487
13	144	1	1493229885
40	145	1	1158411755
40	145	1	1158411793
19	145	1	1170441540
25	145	1	1218140491
27	145	1	1256305425
13	145	1	1445951690
13	145	1	1493229890
40	146	1	1159039352
13	146	1	1445951685
40	147	1	1159039650
19	147	1	1160227066
19	147	1	1169506769
19	147	1	1181125569
19	147	1	1211060637
26	147	1	1226587443
27	147	1	1258320082
27	147	1	1281998144
27	147	1	1286091278
28	147	1	1335835424
45	147	1	1345122547
44	147	1	1354703352
44	147	1	1354703403
45	147	1	1370056270
45	147	1	1377089573
59	147	1	1383330018
13	147	1	1445951686
42	147	1	1486763595
42	147	1	1488252435
13	147	1	1493229860
40	148	1	1159039979
19	148	1	1170254327
25	148	1	1217275787
27	148	1	1280061886
28	148	1	1306508930
45	148	1	1345099756
59	148	1	1386511620
13	148	1	1430978969
13	148	1	1445951686
52	148	1	1474878443
13	148	1	1493229855
20	149	1	1160827496
38	149	1	1225272355
23	150	1	1160831794
23	151	1	1160831881
20	152	1	1163340035
13	152	1	1345617049
13	152	1	1424808465
19	153	1	1165250591
19	153	1	1167497683
19	153	1	1180313177
25	153	1	1216299867
26	153	1	1221731275
25	153	1	1235268638
27	153	1	1238425312
27	153	1	1259623586
27	153	1	1260212900
27	153	1	1261840234
27	153	1	1270214100
27	153	1	1275390644
27	153	1	1276679255
27	153	1	1282045402
28	153	1	1300029903
28	153	1	1304145519
48	153	1	1324173324
45	153	1	1369933205
45	153	1	1373590935
45	153	1	1376952190
45	153	1	1420589193
45	153	1	1445690399
13	153	1	1493229874
56	154	1	1164523733
27	154	1	1273794649
28	154	1	1308689660
45	154	1	1375635810
59	154	1	1386624610
59	154	1	1386624663
13	154	1	1445951687
42	154	1	1464957817
13	154	1	1493229852
28	155	1	1292616337
13	155	1	1493229828
22	156	1	1188300842
13	156	1	1349091098
13	156	1	1349093354
13	156	1	1349094128
26	156	1	1359122973
13	156	1	1417592881
13	156	1	1418822417
13	156	1	1419609345
29	156	1	1424169606
13	156	1	1424199079
13	156	1	1424268118
13	156	1	1424768952
13	156	1	1425384586
13	156	1	1425670556
13	156	1	1425996351
13	156	1	1426165563
13	156	1	1428417198
13	156	1	1429168338
29	156	1	1431672151
13	156	1	1431700578
13	156	1	1432567038
13	156	1	1433534385
13	156	1	1433538274
13	156	1	1439467037
13	156	1	1442220792
13	156	1	1442567410
13	156	1	1444037242
13	156	1	1446151217
13	156	1	1450211774
13	156	1	1472640828
13	156	1	1481696279
13	156	1	1499070819
22	157	1	1190138723
21	158	1	1191811540
21	159	1	1191811549
21	159	1	1191811664
22	160	1	1191913904
60	161	1	1191986405
60	162	1	1191986411
38	163	1	1192045320
38	163	1	1329612154
61	164	1	1192178199
61	165	1	1192178214
62	166	1	1193700568
62	166	1	1199558598
63	167	1	1196633544
55	167	1	1356415123
24	168	1	1196864727
24	168	1	1206445081
64	169	1	1198581966
65	170	1	1201053312
65	171	1	1201053318
66	172	1	1204890092
66	173	1	1204890098
67	174	1	1206578847
68	175	1	1209654854
65	176	1	1210700786
38	176	1	1225437283
25	177	1	1215450451
26	177	1	1221731682
27	177	1	1236044514
27	177	1	1237254677
27	177	1	1237461560
27	177	1	1241276211
27	177	1	1252209415
27	177	1	1257116340
27	177	1	1257143774
27	177	1	1259604046
27	177	1	1266518013
27	177	1	1272063554
27	177	1	1273099068
28	177	1	1296112401
69	177	1	1297241148
28	177	1	1304015932
48	177	1	1323990234
13	177	1	1343727660
45	177	1	1368436845
45	177	1	1376974079
13	177	1	1387633621
13	177	1	1409024581
13	177	1	1411307151
45	177	1	1420115798
45	177	1	1452479771
13	177	1	1464075847
52	177	1	1489046721
13	177	1	1493229860
26	178	1	1221732165
13	178	1	1430979094
42	178	1	1464957643
13	178	1	1493229829
70	179	1	1212292839
71	180	1	1213747351
71	180	1	1213815128
71	180	1	1261737814
71	180	1	1293369989
71	180	1	1336427373
71	180	1	1372518169
71	181	1	1214149381
24	182	1	1215114254
24	183	1	1215114279
24	184	1	1215114336
24	184	1	1215114349
72	184	1	1292598905
73	184	1	1293746793
73	184	1	1293746810
74	184	1	1295449687
75	184	1	1319723746
76	184	1	1320325050
74	184	1	1371653688
13	184	1	1448309799
77	184	1	1464195036
77	184	1	1464195863
14	184	1	1468426866
14	184	1	1468427421
14	184	1	1468427437
14	184	1	1468427482
13	184	1	1472205400
78	185	1	1217417941
78	185	1	1349140376
78	185	1	1349169339
79	186	1	1219864166
38	186	1	1225532935
50	187	1	1220773717
50	187	1	1220773820
50	187	1	1286523001
26	188	1	1221032620
26	189	1	1221032630
80	190	1	1222967890
81	191	1	1224278847
38	192	1	1225175875
82	193	1	1225313717
82	194	1	1225318768
82	195	1	1225323216
38	196	1	1225347314
82	197	1	1225373851
82	197	1	1226320625
82	198	1	1225386745
82	199	1	1225386835
38	200	1	1225414191
82	201	1	1225456608
82	201	1	1225479932
82	201	1	1225587074
82	201	1	1225600104
82	201	1	1225654676
82	201	1	1225682978
82	201	1	1225728297
82	201	1	1225775117
82	201	1	1225836725
82	201	1	1225861827
82	201	1	1225880173
82	201	1	1226012133
82	201	1	1226379697
82	201	1	1226499931
82	201	1	1227103711
82	201	1	1227877750
82	201	1	1229412645
82	201	1	1230228571
82	201	1	1230240179
82	201	1	1230768374
82	201	1	1231586990
82	201	1	1232069099
82	201	1	1232473036
82	201	1	1232480717
82	201	1	1233057671
82	201	1	1233098627
82	201	1	1233123823
82	201	1	1233210120
82	201	1	1233556814
82	201	1	1234450647
82	201	1	1234950151
82	201	1	1235327930
82	201	1	1235496348
82	201	1	1236128544
82	201	1	1237340081
82	201	1	1238045210
82	201	1	1238075186
82	201	1	1238718225
82	201	1	1240463329
38	202	1	1225587579
38	203	1	1225683667
38	204	1	1225774916
38	205	1	1225864413
82	206	1	1225931827
82	207	1	1225944819
82	208	1	1225960191
82	208	1	1226310286
82	209	1	1226232092
83	210	1	1226492515
83	211	1	1226504566
38	212	1	1226547871
38	213	1	1227255466
38	214	1	1227887386
27	215	1	1233753362
27	215	1	1235120023
27	215	1	1235285142
27	215	1	1249001117
48	215	1	1322962800
38	216	1	1234153176
38	217	1	1234568753
84	218	1	1234656828
38	218	1	1264916776
38	219	1	1235277974
38	220	1	1235281811
82	221	1	1237301600
38	222	1	1237618535
38	223	1	1239508169
38	224	1	1239581141
38	225	1	1239585578
38	226	1	1240010454
38	227	1	1240018147
38	228	1	1240082948
38	229	1	1240090538
33	230	1	1240250996
33	230	1	1256695612
33	231	1	1242092868
85	232	1	1242925412
85	232	1	1291665549
69	232	1	1291926594
86	233	1	1244328413
53	233	1	1244333812
53	233	1	1245310139
87	234	1	1246037181
88	234	1	1274366826
13	234	1	1345407815
13	234	1	1500541166
87	235	1	1246037191
89	235	1	1284202807
87	236	1	1246037258
89	236	1	1284202816
90	237	1	1248105959
38	238	1	1251840947
38	239	1	1252737959
38	240	1	1252746621
38	241	1	1252818166
91	242	1	1256688144
92	243	1	1256842422
93	244	1	1259167531
94	245	1	1259891482
45	246	1	1369803752
13	246	1	1493229839
38	247	1	1264238440
38	248	1	1264292964
67	249	1	1264350173
38	250	1	1264390412
38	251	1	1264468515
38	252	1	1264474243
38	253	1	1264553085
38	254	1	1264722308
38	255	1	1264733225
38	256	1	1264919987
38	257	1	1264922498
38	258	1	1264924137
38	259	1	1266707333
38	259	1	1379474356
38	260	1	1266718341
6	261	1	1267366609
95	262	1	1268601205
96	263	1	1270105660
97	264	1	1270214502
97	264	1	1379166929
97	265	1	1270403278
97	265	1	1379166932
97	266	1	1270562454
97	266	1	1379166936
98	267	1	1270675607
88	268	1	1274367076
88	268	1	1316861789
88	269	1	1274367125
99	270	1	1276236972
100	271	1	1333791936
101	271	1	1344246854
59	271	1	1348987578
51	271	1	1436602589
47	271	1	1447957992
102	271	1	1459518979
38	272	1	1277066967
38	273	1	1277159710
38	274	1	1277168703
38	275	1	1277179630
38	276	1	1277181096
38	277	1	1277248096
38	278	1	1277579707
38	278	1	1289088186
103	278	1	1308759751
103	278	1	1309106318
103	278	1	1322675376
103	278	1	1356643126
103	278	1	1356693936
38	279	1	1280796566
38	280	1	1280800529
104	281	1	1280960744
104	281	1	1281006625
104	282	1	1281097688
38	283	1	1281149959
38	284	1	1281154043
38	285	1	1281155619
38	286	1	1281159013
104	287	1	1281183337
38	287	1	1289146099
103	287	1	1308799060
103	287	1	1309110092
103	287	1	1356643111
38	288	1	1281233401
38	289	1	1281235154
104	290	1	1281258975
105	291	1	1281989839
105	292	1	1281989850
106	293	1	1282089328
107	293	1	1422983240
106	294	1	1282089339
107	294	1	1422983241
108	295	1	1282916470
108	295	1	1282916614
28	295	1	1311484094
13	295	1	1493229826
108	296	1	1282916646
27	296	1	1282972934
26	296	1	1320665794
28	296	1	1323469942
28	296	1	1337196119
13	296	1	1345481725
13	296	1	1430979106
45	296	1	1446193860
42	296	1	1484232505
13	296	1	1493229827
38	297	1	1283021386
109	298	1	1283392423
109	298	1	1284617383
110	298	1	1408317612
38	299	1	1283393997
109	300	1	1283410600
18	301	1	1285023414
18	301	1	1450935349
109	302	1	1285795123
109	303	1	1287790996
38	304	1	1289158999
38	305	1	1289173692
111	306	1	1289942754
28	306	1	1321607388
13	306	1	1338444339
29	306	1	1424689250
13	306	1	1493229896
111	307	1	1289942971
28	307	1	1302646713
28	307	1	1319994651
45	307	1	1350909378
29	307	1	1424689256
13	307	1	1430979665
42	307	1	1464958685
52	307	1	1475543476
52	307	1	1489591676
13	307	1	1493229897
111	308	1	1289943007
111	308	1	1289943034
29	308	1	1424689218
29	308	1	1424689262
13	308	1	1493229896
109	309	1	1289955783
109	309	1	1291480222
109	309	1	1295309069
112	309	1	1326480964
113	309	1	1337665225
113	309	1	1342549153
113	309	1	1349131723
113	309	1	1360201032
114	310	1	1290441334
115	311	1	1290879763
115	311	1	1290881016
115	311	1	1291138830
115	311	1	1296209132
115	311	1	1296212711
115	311	1	1296488051
116	311	1	1296488677
115	311	1	1296488784
28	312	1	1292597079
28	312	1	1293723017
105	313	1	1293736760
117	314	1	1294089816
118	315	1	1296205502
103	315	1	1321985876
103	315	1	1321990038
38	316	1	1296443287
38	316	1	1333238797
74	316	1	1390289886
74	316	1	1390291707
38	317	1	1296617875
119	318	1	1296650338
38	319	1	1296784723
120	320	1	1298104337
120	320	1	1331640994
120	320	1	1401153892
120	320	1	1423122080
38	321	1	1298436253
38	322	1	1301870521
121	323	1	1302109825
13	323	1	1340879696
13	323	1	1430979682
42	323	1	1464958695
13	323	1	1493229897
109	324	1	1302757790
38	325	1	1302978723
105	325	1	1331473511
38	326	1	1302983135
38	327	1	1302994987
38	328	1	1303351778
38	329	1	1305157650
38	329	1	1333912555
122	330	1	1306241105
122	330	1	1314534524
109	331	1	1306449488
109	332	1	1306521668
123	333	1	1307396811
124	333	1	1332352993
103	334	1	1308809129
103	334	1	1308813120
103	335	1	1308812817
125	336	1	1309522753
125	337	1	1309530513
103	338	1	1309539731
103	339	1	1309541876
38	340	1	1309571091
38	341	1	1309579686
38	342	1	1309583704
38	343	1	1309623716
38	344	1	1309632658
13	345	1	1338444013
13	345	1	1430979701
13	345	1	1493229888
126	346	1	1313254349
127	347	1	1313799371
128	348	1	1313853785
38	349	1	1314242642
38	349	1	1422213287
129	350	1	1314251772
130	351	1	1315173408
38	352	1	1315768513
38	353	1	1315773011
38	354	1	1317576651
38	354	1	1338661275
124	355	1	1318458472
38	356	1	1318983537
109	357	1	1319842451
109	357	1	1429211996
131	358	1	1319991397
132	358	1	1497568480
133	359	1	1320843076
133	360	1	1320843202
134	361	1	1321040100
134	362	1	1321204658
134	363	1	1321204659
134	363	1	1321204993
38	364	1	1321748085
38	365	1	1321763683
38	366	1	1321849013
38	367	1	1321920037
38	368	1	1321923673
38	368	1	1322093677
38	369	1	1321927862
38	369	1	1322095344
103	370	1	1321987330
103	371	1	1321993091
13	371	1	1345408033
13	371	1	1500541164
103	372	1	1322030857
38	373	1	1322097368
38	374	1	1322098587
38	375	1	1322099842
135	376	1	1322263497
136	377	1	1322392778
38	377	1	1346640021
137	378	1	1322945838
137	379	1	1322946459
38	380	1	1323016622
38	381	1	1323047030
38	382	1	1323050673
38	383	1	1323133845
124	384	1	1325894551
124	384	1	1325965759
109	385	1	1326329781
55	386	1	1327353117
55	386	1	1327388090
55	386	1	1327500309
55	386	1	1327507921
55	386	1	1328962634
55	386	1	1334075963
55	386	1	1368063317
55	386	1	1368955484
55	387	1	1327353127
55	387	1	1327386799
55	387	1	1327498440
55	387	1	1327505853
55	387	1	1328956864
55	387	1	1334073622
55	387	1	1368061522
55	387	1	1368913395
124	388	1	1328128634
38	389	1	1329081336
105	390	1	1329312373
105	390	1	1329317559
105	391	1	1329728021
124	392	1	1329744226
124	393	1	1329750215
28	393	1	1329751045
112	393	1	1329753126
124	393	1	1329758196
103	394	1	1329831110
103	395	1	1329835447
103	395	1	1356634899
95	396	1	1330559824
105	397	1	1330622715
105	398	1	1330703110
38	399	1	1332040603
38	400	1	1333244675
38	401	1	1333420052
38	402	1	1333500889
38	402	1	1333583038
38	403	1	1333587974
38	404	1	1333905903
38	405	1	1333907968
124	406	1	1334111694
38	407	1	1334510551
38	408	1	1336324137
138	409	1	1336704551
124	410	1	1338319129
139	411	1	1338443723
139	411	1	1342493867
38	412	1	1338650412
38	413	1	1338656580
39	414	1	1338916132
39	414	1	1338917936
39	415	1	1338916134
39	416	1	1338935070
39	416	1	1338936832
39	417	1	1338935072
38	418	1	1339380238
38	419	1	1339993725
74	420	1	1340184661
29	421	1	1340567185
13	421	1	1340608108
13	422	1	1340603177
13	422	1	1340608932
13	422	1	1340708909
13	422	1	1416953870
13	422	1	1416954439
124	423	1	1340665439
38	424	1	1341260026
38	424	1	1344110989
38	424	1	1379299858
140	425	1	1341329791
140	425	1	1341329800
141	426	1	1342029778
38	426	1	1344220105
38	426	1	1344226297
101	427	1	1344081196
38	428	1	1344112462
38	429	1	1344380708
75	430	1	1346362272
75	431	1	1346433683
43	431	1	1347173403
43	432	1	1346447889
38	433	1	1346628546
38	434	1	1346633789
38	435	1	1346638056
142	436	1	1348934051
78	437	1	1351167115
105	438	1	1351191502
105	439	1	1351240152
105	440	1	1351245683
105	441	1	1351245694
7	442	1	1351956757
7	442	1	1351958221
7	443	1	1351956761
7	443	1	1351958225
59	443	1	1383209631
7	444	1	1354613077
7	445	1	1354743552
38	446	1	1355088807
38	447	1	1355092563
38	448	1	1355113626
143	449	1	1355255070
144	450	1	1355725818
15	450	1	1491271949
124	451	1	1359580131
124	452	1	1359580256
143	453	1	1359910440
38	454	1	1360031780
145	454	1	1417131907
145	454	1	1487248679
38	455	1	1360036038
38	456	1	1361150923
38	457	1	1361156334
146	458	1	1363882659
146	459	1	1363882665
124	460	1	1364091889
38	461	1	1364141126
38	462	1	1364143499
38	463	1	1364147443
38	464	1	1364162181
38	465	1	1364173943
38	466	1	1364175731
147	466	1	1451502269
148	467	1	1365253610
149	468	1	1366080227
108	469	1	1366736552
46	469	1	1428512371
13	469	1	1493229864
124	470	1	1367173569
150	471	1	1367353874
147	471	1	1451505796
151	473	1	1369404681
151	473	1	1376572146
38	473	1	1381707502
151	473	1	1384698001
151	473	1	1408419763
38	474	1	1370218651
152	475	1	1370616059
152	475	1	1372022095
153	476	1	1372285785
38	477	1	1372734720
38	478	1	1372821758
154	479	1	1374874170
38	479	1	1381683191
155	480	1	1375527362
156	481	1	1376681887
156	482	1	1377991625
151	483	1	1378046064
151	483	1	1382846936
151	483	1	1382860765
44	484	1	1378970589
13	484	1	1408634507
42	484	1	1468061881
13	484	1	1493229840
97	485	1	1379166187
97	486	1	1379166189
38	487	1	1379283660
38	488	1	1379303397
147	488	1	1451502269
38	489	1	1379464869
38	490	1	1379468438
38	491	1	1379561689
38	492	1	1379563214
38	493	1	1379564543
38	494	1	1379898251
38	495	1	1379899789
38	496	1	1380160508
38	497	1	1380164698
38	498	1	1380396799
38	499	1	1380398158
38	500	1	1380401738
157	500	1	1385795680
157	500	1	1388051643
157	500	1	1391247048
38	500	1	1408628225
158	500	1	1411917924
159	500	1	1411919509
38	500	1	1413774845
38	500	1	1438466643
38	501	1	1380408272
157	501	1	1385473558
157	501	1	1386742317
157	501	1	1391654636
157	501	1	1393934679
158	501	1	1411917925
159	501	1	1411919509
38	501	1	1414902756
38	502	1	1381684782
38	503	1	1381702293
151	503	1	1382877980
151	503	1	1382931900
38	504	1	1381724061
107	504	1	1450286643
160	505	1	1382942113
35	505	1	1383002143
59	506	1	1383329791
59	506	1	1383329879
161	507	1	1383340250
162	508	1	1384698541
35	509	1	1384786044
163	510	1	1385383584
164	511	1	1387293267
38	512	1	1390176003
165	512	1	1487199709
38	513	1	1390254978
166	514	1	1390299739
167	515	1	1392387987
167	516	1	1392391788
38	517	1	1393564542
38	518	1	1393571760
168	519	1	1393635616
169	520	1	1393651284
35	521	1	1394756781
170	522	1	1395184255
170	522	1	1395426410
170	522	1	1396577401
171	523	1	1396562642
172	524	1	1396596691
173	525	1	1396957626
10	526	1	1400531909
174	527	1	1407044074
174	528	1	1407044238
110	529	1	1408317612
38	530	1	1408642337
175	530	1	1461691301
38	531	1	1409110787
38	532	1	1410625961
176	532	1	1447384170
38	533	1	1410711996
38	534	1	1411006419
176	534	1	1447384207
158	535	1	1411917925
39	535	1	1415711182
158	536	1	1411917925
39	536	1	1415711196
159	537	1	1411919509
159	538	1	1411919509
177	539	1	1413455247
177	539	1	1447332408
177	539	1	1447624716
177	540	1	1413455329
51	541	1	1414010218
13	541	1	1430978817
42	541	1	1486587864
13	541	1	1493229869
51	542	1	1414010866
51	542	1	1414010881
51	542	1	1414011436
13	542	1	1430979006
45	542	1	1445182395
13	542	1	1493229853
51	543	1	1414011477
51	544	1	1414011838
13	544	1	1430979735
47	544	1	1446723631
13	544	1	1493229884
38	545	1	1416718141
107	545	1	1472037352
107	545	1	1472126229
38	546	1	1416724655
107	546	1	1472037352
107	546	1	1472126229
145	547	1	1417131906
145	548	1	1417131908
38	549	1	1417326037
38	550	1	1421020363
38	551	1	1421113648
38	552	1	1421117615
38	553	1	1421121553
38	553	1	1423376174
140	553	1	1424432054
107	554	1	1422983240
107	555	1	1422983241
38	556	1	1423371694
38	557	1	1423378355
140	557	1	1424432055
38	558	1	1423709468
38	559	1	1423942244
29	560	1	1424168592
13	560	1	1424332292
13	560	1	1427534959
13	560	1	1430302782
13	560	1	1431702224
45	560	1	1435119808
46	560	1	1439803416
46	560	1	1443911045
13	560	1	1447455626
42	560	1	1488395800
13	560	1	1493229873
29	561	1	1424168657
13	561	1	1426881317
13	561	1	1429713026
45	561	1	1438335171
45	561	1	1448867998
13	561	1	1463656678
52	561	1	1485341001
13	561	1	1493229841
29	562	1	1424168688
13	562	1	1429409295
45	562	1	1438013417
45	562	1	1462235353
45	562	1	1486854049
13	562	1	1493229826
29	563	1	1424168797
13	563	1	1426104569
45	563	1	1438704035
45	563	1	1440540867
13	563	1	1447100312
13	563	1	1463570092
13	563	1	1493229838
29	564	1	1424168831
13	564	1	1424172110
13	564	1	1424282266
13	564	1	1425141263
13	564	1	1425332946
13	564	1	1426167574
13	564	1	1429707220
13	564	1	1438764468
13	564	1	1442496778
13	564	1	1448613929
13	564	1	1468226780
13	564	1	1470050917
13	564	1	1476103435
13	564	1	1499070820
29	565	1	1424168841
13	565	1	1424172158
13	565	1	1424254906
13	565	1	1424282061
13	565	1	1424785421
13	565	1	1425332800
13	565	1	1425582267
13	565	1	1426152887
13	565	1	1427719222
13	565	1	1428396769
13	565	1	1429093603
13	565	1	1432567052
13	565	1	1434969011
13	565	1	1437641910
13	565	1	1439814803
13	565	1	1442496635
13	565	1	1452873077
13	565	1	1466761077
178	565	1	1498444493
29	566	1	1424168874
13	566	1	1424172191
13	566	1	1424283529
13	566	1	1425332592
13	566	1	1426167596
13	566	1	1428007524
13	566	1	1431549986
13	566	1	1432567056
13	566	1	1435348955
13	566	1	1438764455
13	566	1	1442497087
13	566	1	1468228943
13	566	1	1470054728
13	566	1	1476103569
13	566	1	1492601108
13	566	1	1492897194
13	566	1	1499070824
29	567	1	1424168888
13	567	1	1424172286
13	567	1	1424282694
13	567	1	1424785525
13	567	1	1425333168
13	567	1	1426167823
13	567	1	1427891883
13	567	1	1431942249
13	567	1	1438764457
13	567	1	1439903330
13	567	1	1466761091
13	567	1	1476104115
13	567	1	1477042524
13	567	1	1499070830
29	568	1	1424168926
13	568	1	1424171761
13	568	1	1442567128
13	568	1	1466760525
13	568	1	1476102626
13	568	1	1499070820
38	569	1	1424394500
107	569	1	1438202122
140	570	1	1424432055
140	571	1	1424432055
38	572	1	1424584209
107	572	1	1438202028
38	573	1	1424586272
39	573	1	1438436781
29	574	1	1424689287
13	574	1	1424702090
13	574	1	1426167528
13	574	1	1432567046
13	574	1	1438764467
13	574	1	1442497171
13	574	1	1466760890
13	574	1	1476103017
13	574	1	1481616992
13	574	1	1499070829
179	575	1	1425483744
29	576	1	1426156819
13	576	1	1426163828
13	576	1	1426166138
13	576	1	1426511045
13	576	1	1426596078
13	576	1	1426681008
13	576	1	1426865620
13	576	1	1427145267
13	576	1	1427389679
13	576	1	1427795959
13	576	1	1427923529
13	576	1	1428486482
13	576	1	1429008476
13	576	1	1429262009
13	576	1	1430393774
13	576	1	1431684351
13	576	1	1432202427
13	576	1	1432567014
13	576	1	1432932597
13	576	1	1433533816
13	576	1	1434046701
13	576	1	1435308615
13	576	1	1438239443
13	576	1	1438764172
13	576	1	1439973989
13	576	1	1440501266
13	576	1	1442494911
13	576	1	1442567142
13	576	1	1443645933
13	576	1	1446148508
13	576	1	1446155414
13	576	1	1449223495
13	576	1	1450360996
13	576	1	1466761121
13	576	1	1466773283
13	576	1	1467230361
13	576	1	1467356204
13	576	1	1468186686
13	576	1	1468238570
13	576	1	1468571515
13	576	1	1472803926
13	576	1	1473164670
13	576	1	1479885724
13	576	1	1492895759
13	576	1	1499070827
29	577	1	1426156830
13	577	1	1426164855
13	577	1	1426167083
13	577	1	1426508468
13	577	1	1426590402
13	577	1	1426677110
13	577	1	1426677183
13	577	1	1426858650
13	577	1	1427134731
13	577	1	1427288629
13	577	1	1427464708
13	577	1	1427886540
13	577	1	1427991020
13	577	1	1428571159
13	577	1	1429089187
13	577	1	1429733393
13	577	1	1431550904
13	577	1	1431977446
13	577	1	1432567025
13	577	1	1432932352
13	577	1	1433534155
13	577	1	1434441757
13	577	1	1436940765
13	577	1	1438764417
13	577	1	1440162449
13	577	1	1440678415
13	577	1	1442498480
13	577	1	1443646013
13	577	1	1446148210
13	577	1	1449234787
13	577	1	1450361513
13	577	1	1466761154
13	577	1	1479207556
13	577	1	1491915434
13	577	1	1499070822
29	578	1	1426156847
13	578	1	1426165012
13	578	1	1426167324
13	578	1	1426512425
13	578	1	1426595873
13	578	1	1427147357
13	578	1	1427389786
13	578	1	1427795774
13	578	1	1427923579
13	578	1	1428417304
13	578	1	1428921589
13	578	1	1429262641
13	578	1	1430910275
13	578	1	1431948069
13	578	1	1432567057
13	578	1	1432932479
13	578	1	1433533934
13	578	1	1434046825
13	578	1	1435668655
13	578	1	1438592778
13	578	1	1438764183
13	578	1	1440070879
13	578	1	1440678481
13	578	1	1442222406
13	578	1	1442498358
13	578	1	1442567376
13	578	1	1443646087
13	578	1	1446148292
13	578	1	1446155711
13	578	1	1449129592
13	578	1	1450219178
13	578	1	1450635151
13	578	1	1467981746
13	578	1	1468219283
13	578	1	1468321171
13	578	1	1470055651
13	578	1	1470649249
13	578	1	1479211716
13	578	1	1479979383
13	578	1	1499070825
29	579	1	1426156860
13	579	1	1426167814
13	579	1	1426508401
13	579	1	1426596020
13	579	1	1426686038
13	579	1	1427297935
13	579	1	1427718056
13	579	1	1427893685
13	579	1	1427991843
13	579	1	1428505149
13	579	1	1429092469
13	579	1	1429733547
13	579	1	1431638255
13	579	1	1432557902
13	579	1	1433327004
13	579	1	1433941914
13	579	1	1434973825
13	579	1	1438592852
13	579	1	1438764045
13	579	1	1440070967
13	579	1	1440678222
13	579	1	1441698714
13	579	1	1442497633
13	579	1	1442567137
13	579	1	1443646171
13	579	1	1446155526
13	579	1	1450218567
13	579	1	1450634887
13	579	1	1467098403
13	579	1	1468322305
13	579	1	1468585798
13	579	1	1470685771
13	579	1	1474055628
13	579	1	1479211558
13	579	1	1499070828
10	580	1	1426643194
3	580	1	1429226504
10	580	1	1429245584
10	581	1	1426643194
3	581	1	1429226504
10	581	1	1429245584
10	582	1	1426643195
3	582	1	1429226504
10	582	1	1429245584
10	583	1	1426643195
3	583	1	1429226504
10	583	1	1429245585
10	584	1	1426643195
10	585	1	1426643195
3	585	1	1429226505
10	585	1	1429245585
10	586	1	1426643195
10	587	1	1426643195
3	587	1	1429226505
10	587	1	1429245585
10	588	1	1426643195
3	588	1	1429226504
10	588	1	1429245585
10	589	1	1426643195
3	589	1	1429226504
10	589	1	1429245585
10	590	1	1426643206
3	590	1	1429226504
10	590	1	1429245585
10	591	1	1426643206
10	592	1	1426643206
10	593	1	1426643206
3	593	1	1429226508
10	593	1	1429245593
38	594	1	1426643684
109	595	1	1429211997
180	596	1	1433717738
51	597	1	1437398036
51	598	1	1438095814
51	598	1	1438095877
13	598	1	1445951688
52	598	1	1481088005
13	598	1	1493229830
107	599	1	1438202028
107	600	1	1438202122
181	601	1	1438644768
182	602	1	1440409596
182	602	1	1442111280
183	603	1	1441160920
183	603	1	1442241105
30	604	1	1441186183
182	604	1	1442112525
181	605	1	1443816013
181	606	1	1443816013
181	607	1	1443816013
181	608	1	1443816014
181	609	1	1443816014
181	610	1	1443816014
181	611	1	1443816014
47	612	1	1446725120
47	612	1	1446816115
47	612	1	1446817505
47	612	1	1446824960
47	612	1	1446828555
47	612	1	1446988833
45	612	1	1449146843
42	612	1	1464958096
13	612	1	1493229864
47	613	1	1446831236
47	614	1	1446863845
47	614	1	1446864683
47	614	1	1446871778
47	614	1	1446871891
47	614	1	1446906659
47	614	1	1446907093
47	614	1	1447000130
47	614	1	1447001014
47	614	1	1447004953
47	614	1	1447006502
47	614	1	1447041933
47	614	1	1447042436
47	614	1	1447079163
47	614	1	1447093568
47	615	1	1446866094
42	615	1	1464958550
13	615	1	1493229889
47	616	1	1446872730
42	616	1	1464958559
13	616	1	1493229887
47	617	1	1446873751
47	618	1	1446907893
45	618	1	1449409700
52	618	1	1469938736
13	618	1	1493229881
47	619	1	1446917630
45	619	1	1448744216
13	619	1	1493229834
47	620	1	1446948642
47	621	1	1446988526
47	621	1	1447164543
47	621	1	1447375760
47	621	1	1447647799
47	621	1	1447647934
47	622	1	1446989493
47	623	1	1447004556
47	623	1	1447106454
42	623	1	1464958128
13	623	1	1493229859
47	624	1	1447005862
42	624	1	1464958168
13	624	1	1493229856
47	625	1	1447041128
47	625	1	1447167188
47	626	1	1447041296
47	627	1	1447072933
47	627	1	1447079783
42	627	1	1464958367
13	627	1	1493229877
47	628	1	1447073132
47	629	1	1447093546
47	629	1	1447095412
47	629	1	1447095961
47	629	1	1447105088
47	629	1	1447164332
47	629	1	1447202708
47	629	1	1447214091
47	629	1	1447288723
47	629	1	1447290804
47	629	1	1447291070
47	629	1	1447292872
47	629	1	1447295921
47	629	1	1447296030
47	629	1	1447298117
47	629	1	1447329808
47	629	1	1447378941
47	629	1	1447380283
47	629	1	1447382457
47	629	1	1447382733
47	629	1	1447418679
47	629	1	1447434876
47	629	1	1447438851
47	629	1	1447464230
47	629	1	1447510062
47	629	1	1447560558
47	629	1	1447848669
47	629	1	1447849220
47	629	1	1447857111
47	629	1	1447857198
47	629	1	1449104237
47	629	1	1449104328
47	629	1	1449104420
47	629	1	1449262996
47	629	1	1449263452
47	629	1	1449362229
47	629	1	1449362837
47	629	1	1449459764
47	630	1	1447097061
47	631	1	1447105552
47	631	1	1447105633
13	631	1	1493229831
47	632	1	1447159379
45	632	1	1449154562
42	632	1	1464958067
13	632	1	1493229866
47	633	1	1447164494
47	634	1	1447166432
47	635	1	1447203280
47	636	1	1447203587
47	637	1	1447209936
47	638	1	1447210066
47	639	1	1447210881
47	640	1	1447211991
47	640	1	1447212474
45	640	1	1452545856
13	640	1	1493229868
47	641	1	1447214215
47	641	1	1448859054
42	641	1	1464958077
52	641	1	1481011276
13	641	1	1493229865
47	642	1	1447214354
47	643	1	1447245178
45	643	1	1447529504
45	643	1	1459695694
13	643	1	1493229884
47	644	1	1447245282
47	645	1	1447245348
47	646	1	1447250374
47	646	1	1447250647
15	646	1	1467649344
13	646	1	1493229869
47	647	1	1447250506
47	648	1	1447279187
47	648	1	1447288698
13	648	1	1493229863
47	649	1	1447289292
47	649	1	1447289384
13	649	1	1458427319
13	649	1	1464171031
13	649	1	1493229863
47	650	1	1447291091
47	650	1	1448857989
42	650	1	1464957613
13	650	1	1493229833
47	651	1	1447291308
47	652	1	1447292766
42	652	1	1464958591
13	652	1	1493229881
47	653	1	1447292970
47	654	1	1447296266
47	654	1	1447296412
13	654	1	1493229842
47	655	1	1447298084
47	656	1	1447299067
47	656	1	1447375627
52	656	1	1481012040
13	656	1	1493229829
47	657	1	1447330476
47	657	1	1447330700
47	657	1	1447330790
45	657	1	1449655332
184	657	1	1484087199
13	657	1	1493229890
47	658	1	1447331584
47	659	1	1447332102
42	659	1	1464958581
13	659	1	1493229883
47	660	1	1447336215
42	660	1	1464958087
13	660	1	1493229865
47	661	1	1447336310
47	662	1	1447336580
47	663	1	1447375754
47	664	1	1447375838
47	665	1	1447377422
47	665	1	1447377534
47	666	1	1447377644
47	667	1	1447378980
47	667	1	1447379121
13	667	1	1464712567
42	667	1	1485331436
15	667	1	1487464708
13	667	1	1493229874
47	668	1	1447380123
47	668	1	1447380349
52	668	1	1473041492
42	668	1	1483924101
42	668	1	1488589451
52	668	1	1489473474
13	668	1	1493229885
47	669	1	1447380291
47	670	1	1447381119
42	670	1	1464958390
13	670	1	1493229872
47	671	1	1447382772
47	671	1	1447382976
45	671	1	1467615362
13	671	1	1493229888
47	672	1	1447418583
47	673	1	1447435459
42	673	1	1464958611
52	673	1	1486982624
13	673	1	1493229879
47	674	1	1447445846
45	674	1	1449411017
13	674	1	1493229882
47	675	1	1447449182
47	675	1	1447462323
47	675	1	1447462566
52	675	1	1476127987
13	675	1	1493229880
47	676	1	1447449277
47	676	1	1447461970
47	677	1	1447462511
47	678	1	1447463627
45	678	1	1449058617
42	678	1	1468488477
52	678	1	1480899689
45	678	1	1484573961
13	678	1	1493229846
47	679	1	1447464466
42	679	1	1464958571
13	679	1	1493229883
47	680	1	1447464681
47	681	1	1447480954
42	681	1	1464957847
13	681	1	1493229849
47	682	1	1447481087
47	683	1	1447481878
45	683	1	1449077088
13	683	1	1493229851
47	684	1	1447481964
47	685	1	1447482601
47	686	1	1447482711
47	687	1	1447508508
47	687	1	1447850493
42	687	1	1464958745
13	687	1	1493229891
47	688	1	1447508779
47	689	1	1447510542
47	689	1	1447511120
47	689	1	1447547119
42	689	1	1464958725
13	689	1	1493229893
47	690	1	1447546779
47	690	1	1447547057
47	690	1	1447548523
13	690	1	1458929149
13	690	1	1464821792
45	690	1	1467526968
13	690	1	1493229879
47	691	1	1447546984
47	691	1	1447548549
45	691	1	1449395073
52	691	1	1469938739
13	691	1	1493229880
47	692	1	1447547804
47	692	1	1447547965
13	692	1	1453906018
52	692	1	1469938790
13	692	1	1493229893
47	693	1	1447548253
47	693	1	1447548423
13	693	1	1459636565
42	693	1	1487450469
13	693	1	1493229890
47	694	1	1447561801
45	694	1	1449410083
13	694	1	1493229882
47	695	1	1447561938
47	696	1	1447592804
47	696	1	1447592924
47	696	1	1447592945
42	696	1	1464958377
13	696	1	1493229875
47	697	1	1447592998
47	698	1	1447594313
47	699	1	1447594454
47	700	1	1447646436
42	700	1	1464957807
13	700	1	1493229854
47	701	1	1447647555
42	701	1	1464958420
42	701	1	1481488958
13	701	1	1493229869
47	702	1	1447647903
47	703	1	1447649142
42	703	1	1464958735
13	703	1	1493229891
47	704	1	1447649239
47	705	1	1447649477
47	706	1	1447676485
42	706	1	1464958430
13	706	1	1493229868
47	707	1	1447676705
47	708	1	1447677640
45	708	1	1449369134
42	708	1	1464958327
52	708	1	1473041580
52	708	1	1490967368
13	708	1	1493229878
47	709	1	1447677731
47	710	1	1447725025
42	710	1	1464957857
13	710	1	1493229849
47	711	1	1447732524
42	711	1	1464958107
13	711	1	1493229863
47	712	1	1447848954
47	713	1	1447849106
47	714	1	1447849953
47	714	1	1447850018
47	714	1	1447850166
42	714	1	1464957917
13	714	1	1493229845
47	715	1	1447850096
47	716	1	1447857796
42	716	1	1464958410
13	716	1	1493229871
47	717	1	1447894391
47	717	1	1447894557
13	717	1	1493229886
47	718	1	1447896320
47	719	1	1447896417
47	720	1	1447903383
42	720	1	1464958148
13	720	1	1493229857
47	721	1	1447903574
47	722	1	1447904210
47	723	1	1447906291
42	723	1	1464957797
13	723	1	1493229854
47	724	1	1447906412
47	725	1	1447907214
47	726	1	1447907962
47	727	1	1447957239
42	727	1	1464957623
13	727	1	1493229832
47	728	1	1447988984
45	728	1	1449399191
42	728	1	1464958601
13	728	1	1493229880
47	729	1	1447989298
47	730	1	1447990246
42	730	1	1464957553
13	730	1	1493229840
47	731	1	1448022674
42	731	1	1464957603
13	731	1	1493229834
47	732	1	1448079780
47	732	1	1448079859
13	732	1	1493229872
47	733	1	1448080487
47	734	1	1448080987
47	735	1	1448081989
47	736	1	1448082080
47	737	1	1448113855
42	737	1	1464957907
13	737	1	1493229845
47	738	1	1448113941
47	739	1	1448203732
52	739	1	1481005568
13	739	1	1493229831
47	740	1	1448203834
47	741	1	1448204425
45	741	1	1449117933
13	741	1	1464062160
13	741	1	1493229856
47	742	1	1448204591
47	743	1	1448247253
47	743	1	1449118127
45	743	1	1449351429
13	743	1	1464748517
52	743	1	1474252142
45	743	1	1488961226
13	743	1	1493229876
47	744	1	1448247338
42	744	1	1464958337
13	744	1	1493229878
47	745	1	1448251604
47	746	1	1448251737
47	747	1	1448252373
42	747	1	1464958117
13	747	1	1493229862
47	748	1	1448252548
47	749	1	1448255500
42	749	1	1464957937
13	749	1	1493229844
47	750	1	1448255582
47	751	1	1448255959
42	751	1	1464957927
13	751	1	1493229844
47	752	1	1448256568
47	752	1	1448256820
52	752	1	1469938784
13	752	1	1493229895
47	753	1	1448257661
47	753	1	1448258071
42	753	1	1464958347
13	753	1	1493229877
47	754	1	1448257759
47	755	1	1448307648
47	755	1	1449265251
42	755	1	1485204028
13	755	1	1493229873
47	756	1	1448412099
47	756	1	1448412193
47	756	1	1448412205
47	756	1	1448412357
45	756	1	1449076538
42	756	1	1464957837
52	756	1	1469938505
52	756	1	1483486124
13	756	1	1493229849
47	757	1	1448412171
47	758	1	1448415907
47	759	1	1448838681
42	759	1	1464957563
13	759	1	1493229838
47	760	1	1448851137
47	760	1	1448851597
13	760	1	1453785233
42	760	1	1464957583
13	760	1	1493229837
47	761	1	1448851236
45	761	1	1452172707
13	761	1	1493229836
47	762	1	1448851376
42	762	1	1464957573
13	762	1	1493229837
47	763	1	1448852171
47	764	1	1448858623
47	764	1	1448858657
47	765	1	1448887294
42	765	1	1464958138
13	765	1	1493229858
47	766	1	1448887652
47	767	1	1448930955
13	767	1	1457510658
42	767	1	1474416069
13	767	1	1493229834
47	768	1	1448931097
47	769	1	1448934060
45	769	1	1450969885
13	769	1	1464215267
13	769	1	1493229867
47	770	1	1448970283
47	770	1	1448970382
13	770	1	1458736122
13	770	1	1464711478
13	770	1	1493229874
47	771	1	1449059721
47	771	1	1449059736
13	771	1	1464063185
52	771	1	1469938589
52	771	1	1477204060
13	771	1	1493229857
47	772	1	1449059995
42	772	1	1464958715
13	772	1	1493229893
47	773	1	1449111171
52	773	1	1473007876
52	773	1	1490433192
13	773	1	1493229836
47	774	1	1449111325
47	775	1	1449112465
52	775	1	1484733406
13	775	1	1493229867
47	776	1	1449112574
47	777	1	1449114111
47	778	1	1449114208
47	779	1	1449114639
52	779	1	1469938786
13	779	1	1493229894
47	780	1	1449116322
47	781	1	1449116952
47	782	1	1449117665
47	782	1	1449117777
13	782	1	1493229838
47	783	1	1449146624
42	783	1	1464958705
52	783	1	1469938781
13	783	1	1493229895
47	784	1	1449264069
52	784	1	1481006212
13	784	1	1493229889
47	785	1	1449264171
47	786	1	1449343574
42	786	1	1464957887
42	786	1	1486589933
13	786	1	1493229847
47	787	1	1449343903
45	787	1	1450375976
52	787	1	1480155993
13	787	1	1493229830
47	788	1	1449362854
45	788	1	1451568402
13	788	1	1493229886
47	789	1	1449362932
47	790	1	1449363831
42	790	1	1464957867
52	790	1	1469938507
42	790	1	1484879907
13	790	1	1493229848
47	791	1	1449363934
47	792	1	1449458605
42	792	1	1464957897
52	792	1	1469938517
13	792	1	1493229846
47	793	1	1449458696
47	794	1	1449458763
47	795	1	1449458856
47	796	1	1449459796
47	796	1	1449459867
13	796	1	1493229850
47	797	1	1449459981
42	797	1	1464957827
13	797	1	1493229851
47	798	1	1449461255
45	798	1	1450602584
42	798	1	1464957593
13	798	1	1493229835
47	799	1	1449557319
47	800	1	1449557522
13	800	1	1493229894
47	801	1	1449558184
42	801	1	1464957877
52	801	1	1469938509
45	801	1	1492425852
13	801	1	1493229848
47	802	1	1449558394
13	802	1	1493229895
47	803	1	1449717771
47	803	1	1449717848
45	803	1	1467554155
52	803	1	1469938734
13	803	1	1493229883
47	804	1	1450096508
13	804	1	1493229871
47	805	1	1450096609
47	806	1	1450130288
42	806	1	1464957633
52	806	1	1469938428
13	806	1	1493229830
47	807	1	1450130352
47	808	1	1450181813
47	809	1	1450181903
47	810	1	1450181991
107	811	1	1450286618
107	812	1	1450286643
47	813	1	1450666206
52	813	1	1481011687
13	813	1	1493229840
47	814	1	1450666311
147	815	1	1451502269
147	816	1	1451502269
147	817	1	1451505796
185	818	1	1459868073
175	819	1	1461695658
147	820	1	1462390833
14	821	1	1467197513
14	822	1	1468426816
107	823	1	1472126229
107	824	1	1472126229
186	825	1	1486428456
186	826	1	1486826638
165	827	1	1487199709
145	828	1	1487248680
187	829	1	1493840910
132	830	1	1497568480
