% bip positive
1	1	1	1154201971
2	1	1	1193093061
3	2	1	1151852567
4	2	1	1277174040
4	2	1	1277175427
1	3	1	1154201979
5	3	1	1156166432
5	3	1	1156793332
5	3	1	1156793355
6	3	1	1173188528
7	3	1	1263609126
8	3	1	1289110403
9	3	1	1299105133
9	3	1	1299606546
10	3	1	1301145071
11	3	1	1309569063
12	3	1	1357143882
13	3	1	1495440272
6	4	1	1154083704
6	4	1	1154084504
6	4	1	1154444208
5	4	1	1156793648
9	4	1	1314555212
5	6	1	1156166541
14	6	1	1265111798
14	6	1	1265111812
9	6	1	1299884048
10	6	1	1301146032
5	7	1	1156166905
15	7	1	1336987636
5	8	1	1156793546
5	9	1	1156793712
9	9	1	1299606379
16	10	1	1205691093
2	10	1	1205775424
17	10	1	1454059732
18	11	1	1169678161
19	11	1	1270047482
20	11	1	1297784507
9	11	1	1299070624
9	11	1	1299070973
9	11	1	1299605090
18	12	1	1169731198
4	12	1	1225271917
6	13	1	1173188650
6	13	1	1173188750
6	13	1	1173189719
6	13	1	1173189937
6	13	1	1174920154
2	14	1	1186130215
21	15	1	1188299928
9	15	1	1310560376
21	16	1	1188299954
5	17	1	1188725045
5	18	1	1188725207
22	19	1	1190581208
22	19	1	1190581270
22	20	1	1190581324
2	21	1	1191625990
2	21	1	1191626001
23	21	1	1254363312
24	21	1	1271080076
9	21	1	1299611756
25	21	1	1312890366
25	21	1	1314462578
26	21	1	1319669605
25	21	1	1338330722
25	21	1	1338430012
25	21	1	1341181107
25	21	1	1347423173
25	21	1	1360277146
25	21	1	1360449880
25	21	1	1371114545
4	22	1	1191980136
4	22	1	1329596177
27	23	1	1191983781
27	24	1	1191983905
2	25	1	1192915470
2	25	1	1192915594
2	25	1	1193140953
28	25	1	1201675076
29	25	1	1269500406
30	25	1	1309682227
9	25	1	1314976219
30	25	1	1319676356
30	25	1	1324472357
30	25	1	1326586134
30	25	1	1326662214
31	25	1	1329050089
30	25	1	1329058810
10	25	1	1329204485
32	25	1	1329400233
9	25	1	1330382308
30	25	1	1338598646
30	25	1	1338920205
30	25	1	1339835347
30	25	1	1342728230
30	25	1	1346896521
30	25	1	1347283069
30	25	1	1350355986
30	25	1	1350493103
30	25	1	1357678317
30	25	1	1358608543
30	25	1	1359577351
30	25	1	1361322103
30	25	1	1363203070
30	25	1	1366778331
30	25	1	1367024232
33	25	1	1367025951
30	25	1	1367292933
30	25	1	1367346327
30	25	1	1369082011
30	25	1	1370309470
30	25	1	1371961587
30	25	1	1372940767
34	25	1	1372947815
30	25	1	1374585112
35	25	1	1374597007
30	25	1	1377025417
30	25	1	1379989530
30	25	1	1380911544
30	25	1	1381262758
30	25	1	1383681224
30	25	1	1384816866
36	25	1	1388345703
36	25	1	1389733675
36	25	1	1389854832
36	25	1	1390830714
36	25	1	1392813044
36	25	1	1393020003
36	25	1	1393358059
36	25	1	1393616668
36	25	1	1394747765
36	25	1	1396307094
36	25	1	1399964343
36	25	1	1400531916
36	25	1	1400880583
36	25	1	1403214867
36	25	1	1408642533
36	25	1	1408659317
36	25	1	1409676728
36	25	1	1414346692
36	25	1	1415986494
36	25	1	1425249164
36	25	1	1425499302
36	25	1	1426275933
36	25	1	1428682327
36	25	1	1429592830
36	25	1	1430711309
36	25	1	1431530370
36	25	1	1431883696
36	25	1	1431887414
36	25	1	1433167805
36	25	1	1433533550
36	25	1	1433546569
36	25	1	1434751236
36	25	1	1434764064
36	25	1	1437714527
36	25	1	1438386173
36	25	1	1438401925
36	25	1	1439939332
37	25	1	1439942632
36	25	1	1439944206
36	25	1	1441217560
36	25	1	1441399973
36	25	1	1441404070
36	25	1	1442955675
36	25	1	1443459379
36	25	1	1447106258
36	25	1	1447152461
36	25	1	1447796605
36	25	1	1448488129
36	25	1	1448980729
36	25	1	1450472288
36	25	1	1450475889
36	25	1	1451958549
36	25	1	1453143976
36	25	1	1459442846
36	25	1	1460927265
36	25	1	1467732311
36	25	1	1470765785
36	25	1	1473692201
36	25	1	1475717711
36	25	1	1479081615
36	25	1	1479082293
36	25	1	1481743913
36	25	1	1487190642
36	25	1	1489088623
36	25	1	1489813774
36	25	1	1491536229
36	25	1	1491932024
36	25	1	1493838894
36	25	1	1494253760
36	25	1	1494945560
36	25	1	1494968983
36	25	1	1495573574
13	25	1	1496338335
2	26	1	1193093006
2	27	1	1193093473
2	27	1	1194658870
2	27	1	1202999767
38	27	1	1330135844
2	28	1	1193185231
39	28	1	1320522173
40	29	1	1193436808
40	29	1	1199660628
2	30	1	1193521363
2	30	1	1193521395
2	30	1	1193521419
2	30	1	1197400521
41	31	1	1196633085
2	32	1	1196633242
42	33	1	1198311697
43	34	1	1198537808
2	35	1	1199284556
44	36	1	1200982258
44	37	1	1200982261
28	38	1	1201674830
45	39	1	1202057232
2	40	1	1202057243
2	41	1	1202057258
2	42	1	1202989764
17	43	1	1203352876
2	44	1	1203352982
2	45	1	1205517847
16	46	1	1205612273
46	46	1	1205624614
46	46	1	1205976445
24	46	1	1314708483
46	46	1	1338934370
46	46	1	1338935039
24	47	1	1314708483
46	47	1	1338934373
16	48	1	1205619955
46	48	1	1205622913
16	48	1	1205627113
16	48	1	1205631809
46	48	1	1205632172
46	48	1	1206138519
47	48	1	1218627182
46	48	1	1338915407
46	48	1	1338916200
46	49	1	1205623449
47	49	1	1218627183
25	49	1	1316539496
46	49	1	1338915413
2	50	1	1205767906
2	50	1	1205767939
2	50	1	1205768064
2	50	1	1205769830
2	50	1	1205770547
2	50	1	1205770596
2	50	1	1205770607
2	50	1	1205770772
2	50	1	1205770833
2	50	1	1205771277
2	50	1	1205771714
2	50	1	1205771777
2	50	1	1205772058
2	50	1	1205772141
2	50	1	1205774295
2	50	1	1206703487
2	50	1	1206703834
2	50	1	1206786845
4	50	1	1225344620
2	50	1	1226964321
2	50	1	1226964448
2	50	1	1226964508
2	50	1	1226964812
46	51	1	1206074044
47	51	1	1218627183
48	52	1	1206650988
49	53	1	1209453909
50	54	1	1210292128
9	54	1	1299883500
44	55	1	1210647437
4	55	1	1225432747
51	56	1	1211731716
51	57	1	1211731760
52	58	1	1212355833
52	58	1	1212376813
53	59	1	1212388288
53	59	1	1283624475
53	59	1	1319745940
53	59	1	1320315860
53	59	1	1320315933
54	60	1	1213727745
54	60	1	1213729081
54	60	1	1293281667
54	60	1	1310241826
54	60	1	1336424525
54	60	1	1372513771
54	61	1	1214148658
55	62	1	1217414417
55	62	1	1349138389
55	62	1	1349168547
55	62	1	1350434626
47	63	1	1218627182
47	64	1	1218627183
47	65	1	1218627183
46	65	1	1232214203
25	65	1	1316539500
56	66	1	1222972245
4	67	1	1225174866
57	68	1	1225312344
57	69	1	1225317424
57	70	1	1225321612
57	71	1	1225372580
57	71	1	1226320348
57	72	1	1225384820
57	73	1	1225385108
4	74	1	1225408672
2	74	1	1226964357
2	74	1	1226964830
57	75	1	1225455930
57	75	1	1225479106
57	75	1	1225586551
57	75	1	1225599774
57	75	1	1225653809
57	75	1	1225682646
57	75	1	1225727524
57	75	1	1225774834
57	75	1	1225835472
57	75	1	1225861055
57	75	1	1225879639
57	75	1	1226011474
57	75	1	1226379330
57	75	1	1226499446
57	75	1	1227103333
57	75	1	1227877378
57	75	1	1229412036
57	75	1	1230227669
57	75	1	1230239715
57	75	1	1230768070
57	75	1	1231586246
57	75	1	1232068633
57	75	1	1232472283
57	75	1	1232480255
57	75	1	1233057195
57	75	1	1233098135
57	75	1	1233123375
57	75	1	1233209667
57	75	1	1233556515
57	75	1	1234449941
57	75	1	1234949559
57	75	1	1235327445
57	75	1	1235495773
57	75	1	1236128262
57	75	1	1237339756
57	75	1	1238044739
57	75	1	1238717799
57	75	1	1240462989
4	76	1	1225532390
4	77	1	1225587016
4	78	1	1225682838
4	79	1	1225774287
4	80	1	1225863804
57	81	1	1225931286
57	81	1	1226288079
57	82	1	1225944566
57	83	1	1225959719
57	83	1	1226310017
57	84	1	1226228886
58	85	1	1226492234
58	86	1	1226504204
4	87	1	1226547357
4	88	1	1227253939
4	89	1	1227886701
59	90	1	1230029964
60	91	1	1230402549
4	92	1	1234152619
4	93	1	1234567554
4	94	1	1235277607
4	95	1	1235281458
57	96	1	1237301141
4	97	1	1237618170
61	98	1	1238744737
61	99	1	1238744747
4	100	1	1239507789
4	101	1	1239580784
4	102	1	1239584310
4	103	1	1240009948
4	104	1	1240017498
4	105	1	1240082575
4	106	1	1240090186
62	107	1	1246084398
9	107	1	1299883870
63	107	1	1444830537
62	108	1	1246084406
62	109	1	1246084410
64	110	1	1246815513
65	110	1	1429226091
66	111	1	1248106406
10	112	1	1248281140
67	112	1	1338318637
4	113	1	1251839745
68	114	1	1252167256
68	115	1	1252167267
4	116	1	1252737434
4	117	1	1252746175
4	118	1	1252817710
69	119	1	1257178746
70	120	1	1259877208
71	121	1	1260441369
4	122	1	1264238262
4	123	1	1264292814
48	124	1	1264349337
4	125	1	1264390244
4	126	1	1264468287
4	127	1	1264471530
4	128	1	1264474097
4	129	1	1264552885
4	130	1	1264722118
4	131	1	1264733072
4	132	1	1264919836
4	133	1	1264922337
4	134	1	1264923980
14	135	1	1265111870
4	136	1	1266707178
4	136	1	1379474152
4	137	1	1266718181
72	138	1	1268601132
19	139	1	1270047683
73	140	1	1270162512
73	140	1	1379162638
74	141	1	1270417050
73	142	1	1270472412
73	142	1	1379162641
73	143	1	1270662794
73	143	1	1379162645
24	144	1	1271080048
24	144	1	1316859999
24	145	1	1271080061
4	146	1	1271127578
75	147	1	1272536450
76	148	1	1275996323
9	148	1	1299612018
4	149	1	1276992990
4	150	1	1277066811
4	151	1	1277159558
4	152	1	1277168544
4	153	1	1277179505
4	154	1	1277180969
4	155	1	1277247940
4	156	1	1277579566
4	156	1	1289088009
77	156	1	1308759397
77	156	1	1309106227
77	156	1	1322675042
77	156	1	1356642781
77	156	1	1356693587
4	157	1	1280796390
4	158	1	1280800376
78	159	1	1280960588
78	159	1	1281006434
78	160	1	1281097526
4	161	1	1281149787
4	162	1	1281153877
4	163	1	1281155465
4	164	1	1281158859
78	165	1	1281183171
4	165	1	1289145890
77	165	1	1308798897
77	165	1	1309109998
77	165	1	1356642766
4	166	1	1281233245
4	167	1	1281235010
78	168	1	1281258836
73	169	1	1281407129
73	170	1	1281407135
79	171	1	1281614175
80	172	1	1282496741
81	173	1	1283392247
81	173	1	1284616867
17	173	1	1408317600
4	174	1	1283393827
81	175	1	1283410244
1	176	1	1285022742
1	176	1	1355043311
1	176	1	1355127548
81	177	1	1285794589
81	178	1	1287790462
82	179	1	1288440375
82	180	1	1288440398
4	181	1	1289158857
4	182	1	1289173532
81	183	1	1289955543
81	183	1	1291479688
81	183	1	1295308535
38	183	1	1330135845
83	183	1	1337664707
83	183	1	1342549058
83	183	1	1349131668
83	183	1	1360200954
84	184	1	1294088737
4	185	1	1296443130
4	185	1	1333238463
85	185	1	1390289667
85	185	1	1390291504
4	186	1	1296449163
4	187	1	1296529527
4	188	1	1296617713
4	189	1	1296784545
20	190	1	1297784404
4	191	1	1298436118
9	192	1	1299070624
9	193	1	1299528461
9	193	1	1299612122
9	193	1	1299614441
9	193	1	1299672208
9	193	1	1301185477
9	193	1	1309634926
9	193	1	1318443205
9	193	1	1327351278
9	194	1	1299604920
9	195	1	1299605420
9	196	1	1299605444
9	197	1	1299605553
9	198	1	1299605572
9	199	1	1299605658
9	200	1	1299605725
9	201	1	1299605808
9	202	1	1299605860
86	202	1	1323453954
9	203	1	1299605910
9	204	1	1299605968
9	204	1	1299605997
9	205	1	1299609293
9	206	1	1299609320
9	207	1	1299609386
9	208	1	1299609422
9	209	1	1299609520
9	210	1	1299609581
9	211	1	1299609604
9	212	1	1299671500
25	212	1	1318674461
25	212	1	1338199950
25	212	1	1356603971
25	212	1	1363271897
9	213	1	1299671970
9	214	1	1299671989
9	215	1	1299689272
9	216	1	1299691383
9	217	1	1299691846
9	217	1	1314555035
9	217	1	1315571203
9	218	1	1299692633
9	219	1	1299694433
9	220	1	1299694848
9	221	1	1299696937
9	222	1	1299697397
9	223	1	1299697744
9	224	1	1299697760
9	225	1	1299698895
9	226	1	1301097056
9	227	1	1301099423
31	227	1	1347759056
9	228	1	1301099565
25	228	1	1318631677
25	228	1	1318674517
25	228	1	1338113072
25	228	1	1344249310
25	228	1	1356603000
25	228	1	1357380577
25	228	1	1365070170
25	228	1	1378395217
25	228	1	1389032243
9	229	1	1301099829
9	230	1	1301100289
9	230	1	1301100735
9	231	1	1301100530
10	232	1	1301122950
9	232	1	1301139533
10	232	1	1301144781
9	232	1	1301149699
10	232	1	1301160422
10	232	1	1309632436
9	232	1	1309634862
9	233	1	1301140327
9	234	1	1301140352
9	235	1	1301140378
9	236	1	1301142065
9	237	1	1301151242
9	237	1	1301151500
9	237	1	1301151562
9	237	1	1301152757
9	238	1	1301151523
9	239	1	1301153265
9	239	1	1301157157
9	239	1	1301157798
9	240	1	1301157771
9	241	1	1301158377
9	241	1	1301180258
9	242	1	1301159440
10	243	1	1301160252
9	243	1	1315494028
9	244	1	1301166319
9	244	1	1301180165
9	245	1	1301180258
9	246	1	1301181021
9	247	1	1301181689
9	248	1	1301183446
9	249	1	1301185168
9	249	1	1330382771
9	250	1	1301185357
9	250	1	1301505310
9	251	1	1301185378
4	252	1	1301870362
4	253	1	1302978553
87	253	1	1331472795
4	254	1	1302982993
4	255	1	1302994846
4	256	1	1303351548
4	257	1	1305157499
4	257	1	1333912328
81	258	1	1306448960
81	259	1	1306521134
88	260	1	1307361791
88	260	1	1328927283
88	260	1	1328927736
88	260	1	1400722540
88	260	1	1423197933
89	261	1	1307396697
67	261	1	1332352438
77	262	1	1308808998
77	262	1	1308812841
77	263	1	1308812720
90	264	1	1309518952
90	265	1	1309529808
77	266	1	1309539658
77	267	1	1309541806
4	268	1	1309570888
4	269	1	1309579532
4	270	1	1309583551
4	271	1	1309623559
4	272	1	1309632498
91	273	1	1311111597
92	274	1	1313254278
4	275	1	1314242448
4	275	1	1422212788
39	276	1	1314432304
25	276	1	1314432892
25	276	1	1315144821
25	276	1	1315145040
25	276	1	1344723942
25	276	1	1344724153
93	277	1	1314532720
9	278	1	1314554334
9	278	1	1315485484
94	278	1	1484702175
24	279	1	1314708483
24	280	1	1314708483
95	281	1	1315033137
9	282	1	1315484930
9	282	1	1315485040
96	282	1	1321322375
25	282	1	1336559226
25	282	1	1378379134
25	282	1	1389032172
9	283	1	1315485188
9	284	1	1315485307
9	285	1	1315516741
9	285	1	1315519054
9	286	1	1315518840
9	287	1	1315518931
9	287	1	1315519095
9	288	1	1315519121
9	289	1	1315519270
9	290	1	1315519771
9	291	1	1315571276
9	292	1	1315571581
9	292	1	1315571899
9	293	1	1315572003
9	294	1	1315572795
9	295	1	1315573050
87	296	1	1315682437
87	297	1	1315682451
4	298	1	1315763872
4	299	1	1315768337
4	300	1	1315772831
97	301	1	1316123777
4	302	1	1318378902
67	303	1	1318459631
9	304	1	1318713529
4	305	1	1318982636
81	306	1	1319842051
81	306	1	1429211992
98	307	1	1319990730
99	307	1	1497568291
39	308	1	1320423215
39	308	1	1320453217
39	309	1	1320522882
39	310	1	1320527791
25	310	1	1320528401
100	311	1	1320780020
100	312	1	1320780211
101	313	1	1321042175
101	314	1	1321205456
101	314	1	1321205460
101	315	1	1321205459
4	316	1	1321763495
4	317	1	1321848846
4	318	1	1321919866
4	319	1	1321923519
4	319	1	1322093500
4	320	1	1321927718
4	320	1	1322095175
77	321	1	1321985565
77	322	1	1321987011
77	323	1	1322030542
4	324	1	1322097223
4	325	1	1322098441
4	326	1	1322099693
102	327	1	1322263186
103	328	1	1322392265
4	328	1	1346639827
4	329	1	1323016419
4	330	1	1323046861
4	331	1	1323050510
67	332	1	1325894226
67	332	1	1325965433
81	333	1	1326329227
67	334	1	1328128163
4	335	1	1329081164
87	336	1	1329312243
104	337	1	1329429179
105	337	1	1473307429
67	338	1	1329743911
67	339	1	1329749898
38	339	1	1329753306
77	340	1	1329830795
77	341	1	1329835131
77	341	1	1356634537
72	342	1	1330559661
87	343	1	1330622215
87	344	1	1330702966
4	345	1	1332040419
4	346	1	1333244511
4	347	1	1333419874
4	348	1	1333500720
4	348	1	1333582844
4	349	1	1333587798
4	350	1	1333905659
4	351	1	1333907737
67	352	1	1334111365
4	353	1	1334510377
4	354	1	1336323963
106	355	1	1338445148
106	355	1	1342495737
4	356	1	1338650210
4	357	1	1338656396
4	358	1	1338660954
4	359	1	1339380016
4	360	1	1339993555
67	361	1	1340665096
4	362	1	1341259861
4	362	1	1344110786
4	363	1	1344112297
4	364	1	1344219825
107	365	1	1344338331
4	366	1	1344380529
32	367	1	1346361365
32	368	1	1346432800
31	368	1	1347170643
31	369	1	1346447013
4	370	1	1346628351
4	371	1	1346633623
4	372	1	1346637815
108	373	1	1348943130
55	374	1	1350434641
87	375	1	1351191346
87	376	1	1351240037
87	377	1	1351245178
87	378	1	1351245188
109	379	1	1351433179
30	380	1	1354612973
30	381	1	1354743484
4	382	1	1355088607
4	383	1	1355092370
4	384	1	1355113441
110	385	1	1355254911
111	386	1	1355725617
13	386	1	1491339204
67	387	1	1359579757
67	388	1	1359579890
67	389	1	1359904618
67	390	1	1359907660
110	391	1	1359910253
4	392	1	1360031531
112	392	1	1417132141
112	392	1	1487248155
4	393	1	1360035832
4	394	1	1361150502
4	395	1	1361156128
67	396	1	1361232300
113	397	1	1362164402
113	398	1	1362164417
67	399	1	1364091541
4	400	1	1364143278
4	401	1	1364147247
4	402	1	1364173744
4	403	1	1364175533
114	403	1	1451502300
115	404	1	1366079761
67	405	1	1367173198
116	406	1	1367353746
114	406	1	1451505781
117	407	1	1368719559
118	408	1	1369401873
118	408	1	1376486790
4	408	1	1381707312
118	408	1	1384697839
118	408	1	1408419615
4	409	1	1370218404
118	410	1	1370703330
118	410	1	1382846814
118	410	1	1382860648
4	411	1	1372734492
4	412	1	1372821553
119	413	1	1373661622
119	413	1	1388837013
119	413	1	1424686862
120	414	1	1374810681
4	414	1	1381683013
121	415	1	1375897864
122	416	1	1376681561
122	417	1	1377991184
118	418	1	1378219580
118	418	1	1382877881
118	418	1	1382931798
4	419	1	1379282971
4	420	1	1379303211
114	420	1	1451502235
4	421	1	1379464657
4	422	1	1379561503
4	423	1	1379563061
4	424	1	1379564386
4	425	1	1379898036
4	426	1	1379899633
4	427	1	1380160332
4	428	1	1380164533
4	429	1	1380396623
4	430	1	1380397991
4	431	1	1380401579
123	431	1	1385795583
123	431	1	1388051529
123	431	1	1391246884
4	431	1	1408627963
124	431	1	1411917917
125	431	1	1411919410
4	431	1	1413774096
4	431	1	1438466305
4	432	1	1380408119
123	432	1	1385473446
123	432	1	1386742202
123	432	1	1391654500
123	432	1	1393934577
124	432	1	1411917918
125	432	1	1411919411
4	432	1	1414901976
4	433	1	1381684586
4	434	1	1381723902
126	434	1	1450290308
127	435	1	1382941981
128	435	1	1383002069
129	436	1	1383340173
130	437	1	1384683571
130	437	1	1384800401
131	438	1	1384698487
132	439	1	1384748333
128	439	1	1384785402
133	440	1	1385383535
134	441	1	1387293228
4	442	1	1390175779
135	442	1	1487199241
4	443	1	1390254805
4	444	1	1390265954
136	445	1	1390299680
137	446	1	1392384611
137	447	1	1392391710
138	448	1	1392677147
13	448	1	1398583252
4	449	1	1393564356
4	450	1	1393571612
128	451	1	1394756729
139	452	1	1395184112
139	452	1	1395426291
139	452	1	1396577213
140	453	1	1396562594
141	454	1	1396596645
142	455	1	1396957276
36	466	1	1400531916
143	467	1	1406728566
17	468	1	1408317601
4	469	1	1408641898
144	469	1	1461694965
4	470	1	1409110187
4	471	1	1410625308
145	471	1	1447384144
4	472	1	1410711285
4	473	1	1411005741
145	473	1	1447384192
124	474	1	1411917917
46	474	1	1415701579
4	474	1	1420954805
124	475	1	1411917918
46	475	1	1415701593
4	475	1	1420961466
125	476	1	1411919410
125	477	1	1411919411
146	478	1	1413479920
146	478	1	1447349885
146	478	1	1447745264
4	479	1	1416715683
126	479	1	1472036950
126	479	1	1472124953
4	480	1	1416723108
126	480	1	1472036950
126	480	1	1472124953
112	481	1	1417132140
112	482	1	1417132141
4	483	1	1417324336
147	484	1	1418658859
4	485	1	1421019482
4	486	1	1421112972
4	487	1	1421116961
4	488	1	1421120943
4	488	1	1423375765
20	488	1	1424432002
148	489	1	1421140520
4	490	1	1423371312
4	491	1	1423378012
20	491	1	1424432002
4	492	1	1423709091
4	493	1	1423941780
4	494	1	1424394020
126	494	1	1438202360
20	495	1	1424432002
20	496	1	1424432002
4	497	1	1424583766
126	497	1	1438202271
4	498	1	1424585864
46	498	1	1438431842
149	499	1	1425798809
36	500	1	1426642524
65	500	1	1429226091
36	500	1	1429245567
36	501	1	1426642524
65	501	1	1429226091
36	501	1	1429245567
36	502	1	1426642524
65	502	1	1429226091
36	502	1	1429245568
36	503	1	1426642524
36	504	1	1426642524
65	504	1	1429226091
36	504	1	1429245568
36	505	1	1426642524
65	505	1	1429226091
36	505	1	1429245568
4	506	1	1426643138
81	507	1	1429211993
126	508	1	1438202271
126	509	1	1438202361
150	510	1	1438644733
151	511	1	1442687182
63	512	1	1442692662
152	513	1	1442692978
153	514	1	1442693993
150	515	1	1443815934
150	516	1	1443815935
150	517	1	1443815935
150	518	1	1443815935
150	519	1	1443815935
150	520	1	1443815935
150	521	1	1443815935
126	522	1	1450290308
126	523	1	1450290309
114	524	1	1451502235
114	525	1	1451502300
114	526	1	1451505781
144	527	1	1461695626
114	528	1	1462387208
154	529	1	1463820284
126	530	1	1472124953
126	531	1	1472124953
105	532	1	1473307429
155	533	1	1481822409
135	534	1	1487199241
112	535	1	1487248155
99	536	1	1497568291
