% bip positive
1	1	1	1124371520
1	1	1	1124374074
1	1	1	1124374141
1	1	1	1124441403
1	1	1	1124441498
1	1	1	1124441641
1	1	1	1124441683
1	1	1	1124441829
1	1	1	1124454807
1	1	1	1124547006
1	1	1	1124650532
1	1	1	1124654343
1	1	1	1124654811
1	1	1	1124696987
1	1	1	1124707983
1	1	1	1124724789
1	1	1	1124877510
1	1	1	1124962465
2	1	1	1124970350
2	1	1	1124970692
1	1	1	1124971717
1	1	1	1124978552
1	1	1	1124979967
1	1	1	1124982184
1	1	1	1125042816
1	1	1	1125043258
1	1	1	1125300707
1	1	1	1125317348
1	1	1	1125317398
1	1	1	1125384691
1	1	1	1125385063
1	1	1	1125473647
3	1	1	1152876434
4	1	1	1175432422
5	1	1	1179504987
4	1	1	1197676369
5	1	1	1199738086
1	2	1	1124370270
1	2	1	1124370315
1	2	1	1124370365
6	2	1	1429222885
1	3	1	1124377769
1	4	1	1124378325
1	4	1	1124440132
1	4	1	1124697130
1	4	1	1124709563
7	4	1	1124972185
8	4	1	1125337255
1	5	1	1124379588
1	5	1	1124718793
1	6	1	1124441099
1	6	1	1124441544
1	6	1	1124454963
1	6	1	1124454982
1	6	1	1124718676
1	6	1	1124725139
1	6	1	1124972867
1	6	1	1125060721
1	6	1	1125328139
1	7	1	1124441459
1	7	1	1124547344
1	7	1	1124709432
1	7	1	1124724889
1	7	1	1124877915
1	7	1	1124878071
1	7	1	1124963314
1	7	1	1124963447
2	7	1	1124968262
1	7	1	1124968587
1	7	1	1124970314
1	7	1	1124998313
1	7	1	1125046707
1	7	1	1125046762
1	7	1	1125051494
1	7	1	1125052735
1	7	1	1125052796
1	7	1	1125052853
1	7	1	1125052969
1	8	1	1125051885
9	8	1	1134195143
10	8	1	1135310500
10	8	1	1135573407
10	8	1	1138288170
1	9	1	1124547115
1	9	1	1124547142
1	9	1	1124718823
1	9	1	1124724199
1	9	1	1124724221
1	9	1	1125319722
1	10	1	1124697229
1	10	1	1124697279
1	10	1	1124718626
1	11	1	1124708689
1	11	1	1124708811
1	11	1	1124708885
1	11	1	1124717815
1	11	1	1124718561
1	11	1	1125319364
1	12	1	1124709783
1	12	1	1124709834
1	12	1	1124717689
1	12	1	1124718867
1	12	1	1125319780
1	13	1	1124962591
1	13	1	1124993700
1	13	1	1125319639
5	13	1	1179505238
1	14	1	1124963155
1	14	1	1125317166
1	14	1	1125317606
1	15	1	1124963331
1	15	1	1124963349
1	15	1	1125317253
1	15	1	1125317707
1	16	1	1124963931
1	16	1	1124964916
1	16	1	1124967690
2	16	1	1124967802
2	16	1	1124967821
1	16	1	1124968118
1	16	1	1124968142
7	16	1	1124968798
1	16	1	1124969092
1	16	1	1124969131
2	16	1	1124969214
7	16	1	1124969236
1	16	1	1124969309
1	16	1	1124969414
7	16	1	1124970066
1	16	1	1124970200
1	16	1	1124970520
1	16	1	1124970554
1	16	1	1124971758
2	16	1	1124976869
1	16	1	1125059223
1	16	1	1125078822
11	16	1	1256533608
7	17	1	1124971184
1	17	1	1124971334
1	17	1	1124971398
7	17	1	1124971628
7	17	1	1124971747
7	17	1	1124972517
1	17	1	1125319501
2	18	1	1124971802
12	18	1	1426618679
6	18	1	1429222885
12	18	1	1429245500
7	19	1	1124972241
11	19	1	1229649609
13	19	1	1243024281
1	20	1	1124972643
1	20	1	1125042849
5	20	1	1179505037
1	21	1	1124979886
1	21	1	1124982320
1	21	1	1125316872
14	21	1	1154440910
15	21	1	1318939325
1	22	1	1124998420
1	22	1	1125051808
1	22	1	1125317211
1	22	1	1125317743
1	23	1	1125051628
1	23	1	1125317113
1	23	1	1125317581
3	23	1	1215430815
1	24	1	1125052813
1	24	1	1125300048
1	25	1	1125052929
1	25	1	1125063835
2	25	1	1125309682
1	25	1	1125311045
1	26	1	1125063418
1	26	1	1125246830
1	26	1	1125319584
1	27	1	1125063246
1	27	1	1125301296
1	27	1	1125304614
1	27	1	1125305050
1	27	1	1125305470
1	27	1	1125305695
1	27	1	1125306303
1	27	1	1125311482
1	27	1	1125315857
1	27	1	1125315974
1	27	1	1125316082
1	27	1	1125316913
1	27	1	1125317818
1	27	1	1125321612
16	27	1	1152816803
4	27	1	1175430700
4	27	1	1178361960
4	27	1	1189260814
4	27	1	1197675948
11	27	1	1229653578
13	27	1	1243028912
13	27	1	1246987308
13	27	1	1251188458
13	27	1	1255505759
11	27	1	1256474696
11	27	1	1256492566
11	27	1	1262949487
17	27	1	1265167902
11	27	1	1279127723
11	27	1	1280991981
18	27	1	1283111980
1	28	1	1125246755
1	29	1	1125300478
1	29	1	1125317186
1	29	1	1125317781
2	30	1	1125317124
1	31	1	1125317459
1	31	1	1125317492
1	31	1	1125318113
1	31	1	1125318154
17	31	1	1234277793
19	31	1	1239091391
13	31	1	1243066998
2	32	1	1125317814
1	32	1	1125319189
1	32	1	1125319232
1	33	1	1125318357
1	34	1	1125318402
1	35	1	1125324245
1	36	1	1125328734
20	36	1	1135897598
4	36	1	1175432334
4	36	1	1181126252
4	36	1	1189262635
11	36	1	1229635502
13	36	1	1243023031
11	36	1	1254174705
13	36	1	1258539983
21	36	1	1297190746
8	37	1	1125340026
8	37	1	1125340072
20	37	1	1136921397
4	37	1	1175432340
4	37	1	1197726279
11	37	1	1229649767
13	37	1	1253009360
11	37	1	1291574553
20	38	1	1136921481
4	38	1	1175432342
13	38	1	1243025058
22	38	1	1251015523
13	38	1	1251187645
9	39	1	1134195075
9	40	1	1134195085
14	41	1	1154440845
20	42	1	1158697835
10	44	1	1165362949
10	45	1	1165362971
23	46	1	1167692250
23	47	1	1167692274
24	48	1	1174589467
25	48	1	1267914301
24	49	1	1174590024
26	49	1	1225271452
4	50	1	1174769384
5	51	1	1179505374
27	52	1	1186422866
28	53	1	1188292884
28	54	1	1188292906
29	55	1	1190690914
25	55	1	1279546172
29	56	1	1190690979
29	56	1	1190691040
28	57	1	1191098986
26	58	1	1191898762
26	58	1	1329623161
30	59	1	1192746726
30	59	1	1198975057
31	60	1	1195395035
32	61	1	1196573966
5	62	1	1199737965
5	62	1	1199738053
11	62	1	1254184966
11	62	1	1256801340
11	62	1	1260228644
11	62	1	1262688726
33	62	1	1264365646
11	62	1	1265049587
11	62	1	1285329139
34	62	1	1287480993
34	62	1	1288102441
11	62	1	1291614453
11	62	1	1294900304
35	62	1	1305548704
36	63	1	1198370791
37	64	1	1200369235
37	65	1	1200369238
38	66	1	1200601866
3	66	1	1201817993
13	66	1	1255506712
39	67	1	1200941544
39	68	1	1200941551
3	71	1	1201817993
40	72	1	1204896295
41	73	1	1206637549
39	74	1	1208481187
39	74	1	1210092632
26	74	1	1225432244
42	75	1	1209857862
43	76	1	1210925352
43	76	1	1210925523
36	76	1	1210926279
36	77	1	1210926279
44	78	1	1211739648
44	79	1	1211739713
45	80	1	1212089242
26	80	1	1277173888
26	80	1	1277175283
46	81	1	1212304352
46	81	1	1250282819
47	82	1	1212353953
48	83	1	1212726608
48	84	1	1212726746
49	85	1	1212788307
49	85	1	1217148844
50	86	1	1213740370
50	86	1	1213784924
41	86	1	1254902924
50	86	1	1261739522
50	86	1	1264521825
50	86	1	1293285582
50	87	1	1214143127
51	88	1	1219243886
51	88	1	1231415548
52	89	1	1221662978
52	89	1	1221702158
52	90	1	1221662987
52	90	1	1221702392
53	91	1	1222710770
54	92	1	1223549700
26	93	1	1225174380
55	94	1	1225305109
55	95	1	1225309766
55	96	1	1225313629
26	97	1	1225342809
55	98	1	1225361574
55	98	1	1226318916
55	99	1	1225370755
55	100	1	1225375127
26	101	1	1225407897
55	102	1	1225452612
55	102	1	1225475275
55	102	1	1225583553
55	102	1	1225598303
55	102	1	1225650283
55	102	1	1225681049
55	102	1	1225723885
55	102	1	1225773169
55	102	1	1225831782
55	102	1	1225859324
55	102	1	1225876287
55	102	1	1226007612
55	102	1	1226377259
55	102	1	1226403514
55	102	1	1226484325
55	102	1	1226497137
55	102	1	1227101745
55	102	1	1227875777
55	102	1	1229409514
55	102	1	1230223246
55	102	1	1230237521
55	102	1	1230766624
55	102	1	1231583259
55	102	1	1232066313
55	102	1	1232469610
55	102	1	1232478008
55	102	1	1233054986
55	102	1	1233095928
55	102	1	1233121170
55	102	1	1233207518
55	102	1	1233555077
55	102	1	1234446512
55	102	1	1234946603
55	102	1	1235324604
55	102	1	1235493582
55	102	1	1236126925
55	102	1	1237333503
55	102	1	1237338155
55	102	1	1238042398
55	102	1	1238715593
55	102	1	1240461437
26	103	1	1225531904
26	104	1	1225586310
26	105	1	1225682171
26	106	1	1225773647
26	107	1	1225863160
55	108	1	1225927132
55	109	1	1225939680
55	109	1	1225941987
55	110	1	1225956612
55	110	1	1226308773
55	111	1	1226219475
56	112	1	1226491047
56	113	1	1226502503
26	114	1	1226545201
26	115	1	1227251704
26	116	1	1227886164
57	117	1	1229701182
57	118	1	1229701506
58	119	1	1229951085
59	120	1	1232746671
59	120	1	1233698397
26	120	1	1233700735
15	120	1	1318939107
26	121	1	1234152044
26	122	1	1234567102
26	123	1	1235277260
26	124	1	1235281129
55	125	1	1237294527
26	126	1	1237617828
60	127	1	1237740698
61	128	1	1238279482
19	129	1	1238741366
19	130	1	1238741376
26	131	1	1239507434
26	132	1	1239580441
26	133	1	1239583978
26	134	1	1240009460
26	135	1	1240017134
26	136	1	1240080496
26	137	1	1240089857
25	138	1	1240323611
25	139	1	1240323627
62	140	1	1241282268
63	141	1	1241283366
61	142	1	1242169336
64	143	1	1242926132
13	144	1	1243020665
13	144	1	1243021937
13	144	1	1243426838
13	144	1	1291929205
65	145	1	1243474044
65	146	1	1243474048
66	147	1	1244733325
67	148	1	1246046147
67	149	1	1246046155
67	150	1	1246046158
68	151	1	1248103227
26	152	1	1251839019
26	153	1	1252736921
26	154	1	1252745753
26	155	1	1252817309
35	156	1	1257082551
69	157	1	1257288238
70	158	1	1257309720
71	159	1	1259858545
26	160	1	1264238094
41	161	1	1264309284
26	162	1	1264468097
26	163	1	1264473951
26	164	1	1264552696
26	165	1	1264721967
26	166	1	1264732797
26	167	1	1264919686
26	168	1	1264922183
26	169	1	1264923832
26	170	1	1266707031
26	171	1	1266718025
72	172	1	1267923732
73	173	1	1268582741
73	174	1	1268600810
74	175	1	1269710266
75	176	1	1270158662
76	177	1	1270195957
76	178	1	1270470979
76	179	1	1270660153
26	180	1	1271124949
26	181	1	1271127426
26	182	1	1276992868
26	183	1	1277066663
26	184	1	1277159411
26	185	1	1277168398
26	186	1	1277179366
26	187	1	1277180846
26	188	1	1277247788
26	189	1	1277579418
26	189	1	1289087772
25	190	1	1279546172
26	191	1	1280796214
26	192	1	1280800227
77	193	1	1280960438
77	193	1	1281006265
77	194	1	1281097360
26	195	1	1281149624
26	196	1	1281153717
26	197	1	1281155319
26	198	1	1281158712
77	199	1	1281182981
26	199	1	1289145650
26	200	1	1281233096
26	201	1	1281234873
77	202	1	1281258704
78	203	1	1282432727
26	204	1	1283021134
26	205	1	1283393658
79	206	1	1283395600
79	206	1	1284616387
31	206	1	1408317650
26	207	1	1283396370
79	208	1	1283412502
26	209	1	1283477602
80	210	1	1284220846
81	211	1	1285019765
79	212	1	1285794055
79	213	1	1286351017
26	214	1	1289158715
26	215	1	1289173374
79	216	1	1289955333
79	216	1	1291479190
79	216	1	1295308037
82	216	1	1331937435
83	217	1	1291889126
84	218	1	1291890389
85	219	1	1294088209
26	220	1	1296442955
26	221	1	1296449016
26	222	1	1296529187
26	223	1	1296617550
21	224	1	1296648834
26	225	1	1296784376
26	226	1	1298435989
86	227	1	1300989439
26	228	1	1301870217
26	229	1	1302978397
26	230	1	1302982861
26	231	1	1302994716
26	232	1	1303351376
87	233	1	1304091431
88	234	1	1304162793
89	235	1	1304399230
90	236	1	1305092128
90	237	1	1305092183
26	237	1	1318378790
90	238	1	1305092250
89	238	1	1305101011
90	238	1	1305115040
89	238	1	1305121861
90	239	1	1305092253
90	240	1	1305092257
90	241	1	1305092261
90	242	1	1305092265
90	243	1	1305092269
31	243	1	1408317650
90	244	1	1305092273
90	245	1	1305092276
90	246	1	1305092281
90	247	1	1305092312
90	248	1	1305092328
90	249	1	1305092344
90	250	1	1305092432
90	251	1	1305092436
90	252	1	1305092439
90	253	1	1305092444
90	254	1	1305092447
26	254	1	1421018893
90	255	1	1305092451
26	255	1	1424393700
91	255	1	1438202123
90	256	1	1305092458
90	257	1	1305092462
90	258	1	1305092541
90	259	1	1305092564
90	260	1	1305092716
89	260	1	1305101048
89	260	1	1305121857
90	261	1	1305092808
26	262	1	1305157357
92	263	1	1305391137
35	264	1	1305548604
35	264	1	1305548621
93	264	1	1410353390
26	265	1	1309570704
26	266	1	1309576538
26	267	1	1309623401
26	268	1	1309628796
26	269	1	1315763704
15	270	1	1318939325
79	271	1	1319841802
79	271	1	1429212130
31	272	1	1408317650
31	273	1	1408317651
26	274	1	1424583471
91	274	1	1438202123
26	275	1	1424585574
12	276	1	1426618679
6	276	1	1429222885
12	276	1	1429245500
12	277	1	1426618679
6	277	1	1429222885
12	277	1	1429245500
12	278	1	1426618679
6	278	1	1429222885
12	278	1	1429245500
12	279	1	1426618680
6	279	1	1429222885
12	279	1	1429245500
12	280	1	1426618680
6	280	1	1429222885
12	280	1	1429245500
12	281	1	1426618680
6	281	1	1429222885
12	281	1	1429245500
12	282	1	1426618680
12	283	1	1426618684
12	284	1	1426618684
6	284	1	1429222885
12	284	1	1429245500
12	285	1	1426618685
6	285	1	1429222889
12	285	1	1429245500
12	286	1	1426618685
6	286	1	1429222889
12	286	1	1429245500
12	287	1	1426618685
6	287	1	1429222885
12	287	1	1429245500
12	288	1	1426618685
6	288	1	1429222889
12	288	1	1429245500
26	289	1	1426642738
79	290	1	1429212131
91	291	1	1438202123
91	292	1	1438202123
94	293	1	1438644575
94	294	1	1443815587
94	295	1	1443815587
94	296	1	1443815587
94	297	1	1443815587
94	298	1	1443815587
94	299	1	1443815588
94	300	1	1443815588
