% bip positive
1	1	1	1134419997
1	2	1	1134420058
1	2	1	1134420346
1	2	1	1134420860
1	2	1	1134420896
2	2	1	1191507958
3	2	1	1212319626
4	2	1	1250622608
5	2	1	1289661983
6	2	1	1289846770
7	2	1	1294504775
1	3	1	1134420327
1	3	1	1134422685
8	3	1	1134425422
9	3	1	1134470938
8	3	1	1134475934
10	3	1	1134568084
8	3	1	1134577374
1	4	1	1134420395
1	4	1	1134422745
8	4	1	1134425230
9	4	1	1134467747
8	4	1	1134480245
8	4	1	1134481212
8	4	1	1134491817
8	4	1	1134497141
8	4	1	1134579714
8	4	1	1134627984
8	4	1	1134676921
8	4	1	1134755675
10	4	1	1134883938
10	4	1	1134884010
11	4	1	1135064785
11	4	1	1135077844
11	4	1	1135077864
12	4	1	1135341114
12	4	1	1135653330
12	4	1	1136644257
12	4	1	1136644677
12	4	1	1136649727
12	4	1	1137265331
10	4	1	1137301786
10	4	1	1137431374
9	4	1	1137599005
10	4	1	1138899532
9	4	1	1140597019
9	4	1	1140843206
13	4	1	1163342618
14	4	1	1191567375
14	4	1	1192555564
14	4	1	1192561204
14	4	1	1192564977
14	4	1	1192565057
14	4	1	1192565319
14	4	1	1193478592
14	4	1	1193955108
1	5	1	1134420415
8	5	1	1134481663
8	5	1	1134576346
8	5	1	1134576882
8	5	1	1134630139
10	5	1	1134637489
8	5	1	1134677440
8	5	1	1134677455
10	5	1	1134728044
10	5	1	1134728095
10	5	1	1134786924
10	5	1	1134884332
10	5	1	1134987478
11	5	1	1135065030
11	5	1	1135353207
10	5	1	1138899402
10	5	1	1138900107
8	5	1	1140602631
9	5	1	1140607152
9	5	1	1140843486
13	5	1	1163332361
13	5	1	1163344299
14	5	1	1192566395
14	5	1	1192785448
14	5	1	1192862845
14	5	1	1193256210
15	5	1	1209617158
15	5	1	1209617202
15	5	1	1216045181
15	5	1	1216045219
15	5	1	1216045313
15	5	1	1216045414
15	5	1	1216045895
15	5	1	1216047368
13	5	1	1216222826
13	5	1	1216382631
13	5	1	1216382685
13	5	1	1216383455
13	5	1	1216383539
15	5	1	1216445559
13	5	1	1216460346
15	5	1	1216460522
13	5	1	1216805450
13	5	1	1216805615
16	5	1	1242474050
16	5	1	1242474144
1	6	1	1134420429
8	6	1	1134576879
11	6	1	1135065239
11	6	1	1135065929
14	6	1	1192566337
15	6	1	1216045465
15	6	1	1216045540
1	7	1	1134420489
8	7	1	1134424996
8	7	1	1134425063
1	8	1	1134420505
9	8	1	1134443830
1	9	1	1134420545
1	10	1	1134420561
2	10	1	1191508142
1	11	1	1134420577
1	11	1	1134420588
11	11	1	1134563191
8	11	1	1134576833
10	11	1	1134643024
9	11	1	1134656804
8	11	1	1134677895
10	11	1	1134786759
1	11	1	1134787037
10	11	1	1135076640
11	11	1	1135084724
11	11	1	1135353120
11	11	1	1135353134
10	11	1	1135515971
9	11	1	1140607322
13	11	1	1163341363
13	11	1	1163344034
13	11	1	1163344326
17	11	1	1180160314
14	11	1	1192563203
14	11	1	1192563581
14	11	1	1192655132
14	11	1	1192787957
14	11	1	1192862718
14	11	1	1192911373
14	11	1	1192990209
14	11	1	1193089701
14	11	1	1193162025
14	11	1	1193253980
14	11	1	1193340950
14	11	1	1193431383
14	11	1	1193511686
14	11	1	1193593230
14	11	1	1193701941
14	11	1	1193788477
14	11	1	1193871420
14	11	1	1193954984
14	11	1	1194041945
14	11	1	1194126499
14	11	1	1194201546
14	11	1	1194320212
14	11	1	1194399760
1	12	1	1134420605
8	12	1	1134576823
11	12	1	1135065378
11	12	1	1135065938
14	12	1	1192563432
14	12	1	1192563548
14	12	1	1192566093
14	12	1	1192566233
15	12	1	1216045620
15	12	1	1216045631
1	13	1	1134420616
8	13	1	1134576431
8	13	1	1134576827
12	13	1	1134590399
8	13	1	1134628156
8	13	1	1134630150
10	13	1	1134643107
1	13	1	1134787109
10	13	1	1134884335
10	13	1	1134986969
11	13	1	1135353080
9	13	1	1140613732
13	13	1	1163346930
14	13	1	1192564115
14	13	1	1192655049
14	13	1	1192914345
14	13	1	1192915418
14	13	1	1192991444
14	13	1	1193093642
14	13	1	1193516445
14	13	1	1193596589
14	13	1	1194127808
14	13	1	1194202270
14	13	1	1194320317
17	13	1	1194466913
1	14	1	1134420671
1	14	1	1134421116
1	14	1	1134422498
11	14	1	1134481377
1	15	1	1134420689
1	15	1	1134421790
1	15	1	1134422581
1	15	1	1134426664
1	15	1	1134426693
1	16	1	1134420771
8	16	1	1134425478
18	16	1	1134484269
18	16	1	1134484345
11	16	1	1134492874
8	16	1	1134577681
11	16	1	1134894273
11	16	1	1134894327
11	16	1	1134895834
11	16	1	1134895924
14	16	1	1192565519
1	17	1	1134420928
1	17	1	1134426618
11	17	1	1134489503
8	17	1	1134574878
12	17	1	1134590614
12	17	1	1134590756
8	17	1	1134629445
14	17	1	1192565598
1	18	1	1134421144
1	18	1	1134421160
1	18	1	1134422452
8	18	1	1134425821
11	18	1	1134482798
8	18	1	1134498889
1	19	1	1134421195
1	19	1	1134422427
1	20	1	1134421692
1	21	1	1134421814
1	22	1	1134421830
1	23	1	1134421844
1	24	1	1134421854
11	24	1	1134495253
1	25	1	1134421887
1	26	1	1134421898
1	27	1	1134421904
1	28	1	1134421920
1	29	1	1134421924
11	29	1	1134483236
1	30	1	1134421928
1	31	1	1134422000
8	31	1	1134478455
1	32	1	1134422008
1	33	1	1134422026
8	33	1	1134574848
1	34	1	1134422064
8	34	1	1134576598
8	34	1	1134628529
8	34	1	1134628561
1	35	1	1134422150
11	35	1	1134489436
11	35	1	1134492640
11	35	1	1134756772
1	36	1	1134422207
1	36	1	1134422308
1	36	1	1134422332
8	36	1	1134425682
19	36	1	1134625691
1	37	1	1134422220
1	37	1	1134422441
8	37	1	1134498880
1	38	1	1134422290
1	38	1	1134422375
1	39	1	1134422308
1	40	1	1134422361
11	40	1	1134496575
3	40	1	1213278341
20	40	1	1223699893
21	40	1	1239989961
22	40	1	1287660399
7	40	1	1290029022
1	41	1	1134422375
1	42	1	1134422441
1	43	1	1134422452
1	44	1	1134422581
1	45	1	1134422613
11	45	1	1134828793
1	46	1	1134422639
1	47	1	1134423008
1	47	1	1134423291
1	47	1	1134423523
1	47	1	1134425425
1	47	1	1134426320
8	47	1	1134475051
8	47	1	1134476660
8	47	1	1134476772
1	47	1	1134504046
11	47	1	1134565090
1	47	1	1134609942
8	47	1	1134632377
11	47	1	1134654684
11	47	1	1134760072
11	47	1	1134760519
1	47	1	1134785710
1	47	1	1134785763
18	47	1	1134787118
18	47	1	1134787307
1	47	1	1134787764
1	47	1	1134788731
1	47	1	1134789245
11	47	1	1134813568
23	47	1	1137246114
23	47	1	1137246121
23	47	1	1138234522
10	47	1	1138961141
24	47	1	1245051968
1	48	1	1134423188
25	48	1	1134459579
18	48	1	1134482826
25	48	1	1134490314
1	49	1	1134423435
1	49	1	1134426315
8	50	1	1134423613
8	50	1	1134423628
8	50	1	1134589140
26	50	1	1429232807
8	51	1	1134423747
9	51	1	1140602458
8	51	1	1140602731
27	51	1	1426840387
26	51	1	1429232807
27	51	1	1429245779
28	52	1	1134424775
8	53	1	1134425753
11	53	1	1134829027
1	54	1	1134426567
8	54	1	1134498968
29	55	1	1134429391
26	55	1	1429232819
25	56	1	1134459763
1	57	1	1134788632
9	57	1	1137599805
30	57	1	1207396792
31	57	1	1239405519
31	57	1	1239405530
31	57	1	1239495210
31	57	1	1239554682
31	57	1	1239555315
31	57	1	1240317171
31	57	1	1241563281
32	57	1	1278507649
33	57	1	1286139884
34	57	1	1288825486
35	57	1	1297671750
10	58	1	1134472263
8	59	1	1134479045
8	60	1	1134479807
8	60	1	1134481823
8	60	1	1134493121
8	60	1	1134500237
8	61	1	1134480518
8	61	1	1134481184
8	61	1	1134481889
8	61	1	1134491767
18	62	1	1134480541
18	62	1	1134784969
18	62	1	1134786674
18	62	1	1134789259
18	62	1	1134789289
18	62	1	1135129873
26	62	1	1429232805
11	63	1	1134481417
11	63	1	1134481438
11	63	1	1134484219
11	63	1	1134496631
11	63	1	1134496760
8	64	1	1134481806
8	64	1	1134493099
8	64	1	1134574433
11	65	1	1134482343
8	65	1	1134639773
12	65	1	1134704154
12	65	1	1134708059
8	65	1	1134754846
8	65	1	1134755181
11	65	1	1134758958
18	65	1	1134783158
18	65	1	1134783392
18	65	1	1134784103
1	65	1	1134785092
18	65	1	1134785256
18	65	1	1134785324
18	65	1	1134785477
1	65	1	1134785478
1	65	1	1134787787
1	65	1	1134788192
1	65	1	1134788562
18	65	1	1134788875
1	65	1	1134789509
18	65	1	1134789533
36	65	1	1134810655
36	65	1	1134810707
11	65	1	1134815658
12	65	1	1134835381
12	65	1	1134836323
12	65	1	1134836514
12	65	1	1135486106
12	65	1	1135486217
12	65	1	1135486953
18	65	1	1135501000
18	65	1	1135501053
23	65	1	1137245113
23	65	1	1137245137
23	65	1	1137246498
12	65	1	1137264911
23	65	1	1137269508
23	65	1	1137269899
23	65	1	1137346767
23	65	1	1137346825
23	65	1	1137346837
37	65	1	1244481248
38	65	1	1269500605
39	65	1	1287624435
5	65	1	1290613580
11	66	1	1134482448
11	66	1	1134482463
11	67	1	1134483511
11	67	1	1134483898
25	67	1	1134490809
11	67	1	1134562898
8	67	1	1134575958
8	67	1	1134578107
8	67	1	1134628271
8	67	1	1134677540
9	67	1	1137603298
14	67	1	1192565171
18	68	1	1134484724
8	68	1	1134577349
11	69	1	1134490016
11	69	1	1134493688
31	69	1	1241898262
40	69	1	1241898309
4	69	1	1272638663
22	69	1	1287482663
7	69	1	1290824909
7	69	1	1292181635
7	69	1	1300633464
8	70	1	1134491767
8	71	1	1134492067
8	71	1	1134492793
8	71	1	1134628011
8	72	1	1134492204
8	72	1	1134628080
1	72	1	1134786683
8	73	1	1134492237
8	74	1	1134492241
8	75	1	1134492249
8	76	1	1134492256
8	77	1	1134492262
8	78	1	1134492266
8	79	1	1134492291
8	80	1	1134492298
8	81	1	1134492305
8	82	1	1134492315
8	83	1	1134492322
8	84	1	1134492616
8	85	1	1134492638
8	86	1	1134492641
8	87	1	1134492647
8	88	1	1134492651
8	89	1	1134492658
8	90	1	1134492663
8	91	1	1134493579
11	92	1	1134493669
8	93	1	1134493764
8	93	1	1134493828
21	93	1	1239271972
40	93	1	1267478050
8	94	1	1134494040
8	94	1	1134494116
8	94	1	1134495044
8	95	1	1134494643
7	95	1	1290334609
40	95	1	1291485976
7	95	1	1295098637
8	96	1	1134494670
7	96	1	1289478364
7	96	1	1295098530
8	97	1	1134494675
22	97	1	1288029673
7	97	1	1295098548
8	98	1	1134494683
7	98	1	1289478288
7	98	1	1295098605
8	99	1	1134494689
7	99	1	1289478274
7	99	1	1295098575
8	100	1	1134494699
7	100	1	1289478476
7	100	1	1295098561
8	101	1	1134494704
7	101	1	1289478559
8	102	1	1134494712
7	102	1	1289478538
8	103	1	1134494717
7	103	1	1289478512
8	104	1	1134494723
7	104	1	1289478577
7	104	1	1291548998
8	105	1	1134494733
7	105	1	1289478098
8	106	1	1134494739
8	106	1	1134679550
7	106	1	1289478599
7	106	1	1294833492
8	107	1	1134494798
8	108	1	1134494817
8	109	1	1134495001
31	109	1	1290296817
40	109	1	1290296916
11	110	1	1134495158
8	110	1	1134575494
37	110	1	1241121332
11	111	1	1134495188
11	111	1	1134495200
11	112	1	1134495257
11	112	1	1134495305
11	112	1	1134495358
8	112	1	1134575206
11	112	1	1134659054
11	112	1	1134659170
8	113	1	1134495271
11	113	1	1134496527
11	114	1	1134495607
11	115	1	1134495716
11	116	1	1134495860
8	117	1	1134496021
8	118	1	1134496089
8	118	1	1134500789
8	118	1	1134574284
8	118	1	1134574393
8	118	1	1134574485
11	119	1	1134496107
11	120	1	1134496222
11	121	1	1134496260
8	122	1	1134496296
31	122	1	1241897602
40	122	1	1241897630
7	122	1	1291621446
7	122	1	1292421065
7	122	1	1299214822
11	123	1	1134496328
8	124	1	1134496356
8	124	1	1134496419
11	124	1	1134897236
11	124	1	1134897273
31	124	1	1241899189
40	124	1	1241899323
7	124	1	1289824460
7	124	1	1290028912
11	125	1	1134496372
11	126	1	1134496395
8	127	1	1134500112
8	127	1	1134501065
8	128	1	1134500361
8	129	1	1134500698
3	129	1	1215168078
40	129	1	1241898916
7	129	1	1293040842
1	130	1	1134503506
1	131	1	1134503764
1	131	1	1134789099
10	132	1	1134556110
11	132	1	1134562643
10	132	1	1134566245
11	132	1	1134569798
8	132	1	1134577212
11	133	1	1134563471
11	133	1	1134662520
11	133	1	1134733743
11	133	1	1134813660
18	133	1	1134842150
18	133	1	1134842187
18	133	1	1134883666
41	133	1	1135215072
42	133	1	1138191366
15	133	1	1209912611
43	133	1	1211328547
3	133	1	1213277692
20	133	1	1223701611
37	133	1	1239351920
44	133	1	1266410957
40	133	1	1266939845
7	133	1	1291554733
7	133	1	1294315185
40	133	1	1302466411
11	134	1	1134569812
8	134	1	1134576514
11	134	1	1134899108
11	135	1	1134569979
21	135	1	1239274624
40	135	1	1267478038
10	136	1	1134570315
10	136	1	1134570364
8	136	1	1134573542
8	136	1	1134573640
8	136	1	1134574611
9	136	1	1134633029
14	136	1	1192565563
10	137	1	1134570364
11	137	1	1134894066
8	138	1	1134573640
8	139	1	1134573805
11	139	1	1134897195
14	139	1	1192565745
8	140	1	1134574592
21	140	1	1239354664
21	140	1	1240846134
7	140	1	1289660584
7	140	1	1295103340
8	141	1	1134574652
8	142	1	1134577207
11	142	1	1134896981
31	142	1	1241899100
40	142	1	1241899155
22	142	1	1287869773
7	142	1	1290028997
11	143	1	1134760072
11	143	1	1134760519
1	143	1	1134788731
12	144	1	1134590155
12	145	1	1134590291
8	145	1	1134629374
8	145	1	1134629616
8	145	1	1134629636
12	145	1	1134637156
8	145	1	1134639709
8	145	1	1134639808
12	146	1	1134592185
11	146	1	1134897400
12	146	1	1135044644
12	146	1	1137600235
45	147	1	1134599858
10	147	1	1134786351
10	147	1	1134786361
1	147	1	1134788458
11	147	1	1134805726
1	148	1	1134604608
8	148	1	1134628962
8	148	1	1134630098
10	148	1	1134637387
14	148	1	1192565609
46	148	1	1195074072
45	149	1	1134607707
8	150	1	1134628774
21	150	1	1241015320
40	150	1	1267478030
8	151	1	1134628817
11	151	1	1134896959
11	151	1	1134897021
31	151	1	1241897761
40	151	1	1241897807
40	151	1	1284230152
7	151	1	1289649878
7	151	1	1290028931
7	151	1	1295101810
8	152	1	1134628888
8	152	1	1134676966
8	152	1	1134676999
11	152	1	1134897335
8	153	1	1134628938
8	153	1	1134676886
11	153	1	1134897210
31	153	1	1241897878
40	153	1	1241897986
22	153	1	1287663629
7	153	1	1289488322
7	153	1	1295763200
12	154	1	1134638265
12	154	1	1134638308
12	154	1	1134703015
12	154	1	1134703073
12	154	1	1134703187
12	154	1	1134703282
12	154	1	1134711234
12	154	1	1134739878
12	154	1	1134739915
12	154	1	1134740000
12	154	1	1134740071
12	154	1	1134740135
12	154	1	1134740331
26	154	1	1429232805
10	155	1	1134638331
10	155	1	1134638361
10	155	1	1134638430
10	155	1	1134638450
10	156	1	1134639196
10	156	1	1134639253
10	156	1	1134639279
8	156	1	1134640070
9	156	1	1134656598
8	156	1	1134678237
8	156	1	1134678538
14	156	1	1192565578
10	157	1	1134639531
9	157	1	1134704027
12	157	1	1134704741
9	157	1	1137600694
9	157	1	1137602696
23	157	1	1137617966
27	157	1	1426840360
26	157	1	1429232805
27	157	1	1429245768
8	158	1	1134640145
11	158	1	1134896987
11	158	1	1134897036
31	158	1	1241898023
40	158	1	1241898101
40	158	1	1261927221
22	158	1	1288469980
7	158	1	1295101676
9	159	1	1134642164
9	160	1	1134642295
8	160	1	1134676822
11	160	1	1134896113
31	160	1	1241897355
9	161	1	1134642497
8	161	1	1134676817
11	161	1	1134897190
14	161	1	1192561446
31	161	1	1241896927
40	161	1	1241897051
22	161	1	1287953119
40	161	1	1300130912
10	162	1	1134642589
10	162	1	1134642631
10	162	1	1134642804
10	162	1	1134643234
10	162	1	1134728410
9	163	1	1134656332
8	163	1	1134678766
11	164	1	1134656339
11	165	1	1134656390
11	166	1	1134656443
9	167	1	1134656598
11	168	1	1134656914
11	169	1	1134656969
11	170	1	1134657004
11	171	1	1134657346
11	171	1	1134749881
11	171	1	1134750406
47	171	1	1331937045
11	172	1	1134657533
11	173	1	1134658801
11	174	1	1134659248
11	175	1	1134659278
11	176	1	1134659617
11	177	1	1134659652
11	178	1	1134659765
11	179	1	1134659889
11	180	1	1134659903
11	181	1	1134660072
11	181	1	1134752273
11	181	1	1134760455
11	182	1	1134660195
11	183	1	1134660240
48	183	1	1289950384
48	183	1	1291477575
48	183	1	1295306423
47	183	1	1331937130
11	184	1	1134660486
11	185	1	1134660488
11	186	1	1134660499
11	187	1	1134660512
11	188	1	1134660596
11	189	1	1134661683
11	190	1	1134661744
11	191	1	1134661798
11	192	1	1134661822
11	193	1	1134661865
11	194	1	1134661959
11	195	1	1134662034
11	196	1	1134662054
11	197	1	1134662513
8	198	1	1134677638
12	198	1	1137600035
9	198	1	1137600270
12	198	1	1137600757
27	198	1	1426840392
26	198	1	1429232812
27	198	1	1429245784
8	199	1	1134678861
21	199	1	1241021932
40	199	1	1267478019
8	200	1	1134678900
21	200	1	1239271612
40	200	1	1267478010
8	201	1	1134678922
21	201	1	1239271252
40	201	1	1267477999
8	202	1	1134678947
21	202	1	1239270891
40	202	1	1267477989
8	203	1	1134678978
21	203	1	1241025238
40	203	1	1267477979
8	204	1	1134679020
21	204	1	1241037253
40	204	1	1267477969
8	205	1	1134679042
21	205	1	1241036502
40	205	1	1267477960
8	206	1	1134679066
21	206	1	1241035752
40	206	1	1267477951
8	207	1	1134679089
21	207	1	1241033651
40	207	1	1267477941
8	208	1	1134679114
21	208	1	1239270531
40	208	1	1267477931
8	209	1	1134679136
21	209	1	1241439966
40	209	1	1267477922
8	210	1	1134679156
8	210	1	1134679169
21	210	1	1241439216
40	210	1	1267477913
8	211	1	1134679189
21	211	1	1241438166
40	211	1	1267477903
8	212	1	1134679209
21	212	1	1241040259
40	212	1	1267477894
8	213	1	1134679230
21	213	1	1241437566
40	213	1	1267477884
8	214	1	1134679260
21	214	1	1239268424
40	214	1	1267477874
8	215	1	1134679303
21	215	1	1240482397
40	215	1	1267466657
8	216	1	1134679328
21	216	1	1240485846
40	216	1	1267466790
8	217	1	1134679531
8	218	1	1134679616
31	218	1	1290296757
40	218	1	1290296852
10	219	1	1134727291
10	219	1	1134727451
8	219	1	1134755584
1	219	1	1134766931
11	220	1	1134733743
11	221	1	1134733805
11	221	1	1134760094
11	221	1	1134760135
11	221	1	1134760150
11	221	1	1134760210
11	221	1	1134760575
11	221	1	1134764258
11	221	1	1134806537
11	221	1	1134892575
11	221	1	1134892843
49	221	1	1169659357
50	221	1	1314473717
51	221	1	1410433516
11	222	1	1134735646
11	223	1	1134735745
11	224	1	1134735766
11	225	1	1134735826
11	226	1	1134735853
11	227	1	1134735860
11	228	1	1134735867
11	229	1	1134735876
11	230	1	1134735885
11	231	1	1134735983
11	232	1	1134735990
11	233	1	1134735997
11	234	1	1134736003
11	235	1	1134736009
11	236	1	1134736021
11	237	1	1134736032
11	238	1	1134736043
11	239	1	1134736154
11	240	1	1134736162
11	241	1	1134736167
11	242	1	1134736195
11	243	1	1134736212
11	244	1	1134736301
11	245	1	1134736319
11	246	1	1134736327
11	247	1	1134736438
11	248	1	1134736502
11	249	1	1134736575
11	250	1	1134736624
11	251	1	1134736631
11	252	1	1134736652
11	253	1	1134736659
11	254	1	1134736667
11	255	1	1134736713
11	256	1	1134736718
11	257	1	1134736777
11	258	1	1134736818
11	259	1	1134736830
11	260	1	1134736840
11	261	1	1134736895
11	262	1	1134736944
47	262	1	1331936939
11	263	1	1134736999
11	264	1	1134743783
11	265	1	1134743792
11	266	1	1134743882
11	267	1	1134743906
11	268	1	1134743912
11	269	1	1134743925
11	270	1	1134744011
11	271	1	1134744071
11	272	1	1134744079
11	273	1	1134744086
11	274	1	1134744096
11	275	1	1134744103
11	276	1	1134744118
11	277	1	1134744244
11	278	1	1134744253
11	279	1	1134744257
11	280	1	1134744264
11	281	1	1134744270
11	282	1	1134744283
11	283	1	1134744295
11	284	1	1134744364
11	285	1	1134744384
11	286	1	1134744500
11	287	1	1134744537
11	288	1	1134744549
11	289	1	1134744821
11	290	1	1134744842
11	290	1	1134744890
11	291	1	1134744955
11	292	1	1134744959
11	293	1	1134744966
11	294	1	1134744972
11	295	1	1134744982
11	296	1	1134744993
11	297	1	1134744999
11	298	1	1134745006
11	299	1	1134745016
11	300	1	1134745022
11	301	1	1134745149
11	302	1	1134745363
50	302	1	1338121582
47	302	1	1340751245
11	303	1	1134745423
11	304	1	1134745477
11	305	1	1134746510
11	305	1	1134746545
11	305	1	1134747137
11	305	1	1134747792
11	306	1	1134746651
11	307	1	1134746690
11	308	1	1134746696
11	309	1	1134746704
11	310	1	1134746712
11	311	1	1134746724
11	312	1	1134746732
11	313	1	1134746885
11	314	1	1134746902
11	315	1	1134746925
11	316	1	1134747000
11	317	1	1134747002
11	318	1	1134747013
11	319	1	1134747022
11	320	1	1134747035
11	321	1	1134747044
11	322	1	1134747104
11	323	1	1134747271
11	324	1	1134747288
11	325	1	1134747313
11	326	1	1134747319
11	327	1	1134747335
11	328	1	1134747346
11	329	1	1134747356
11	330	1	1134747435
11	331	1	1134747442
11	332	1	1134747518
11	333	1	1134747534
11	334	1	1134747543
11	335	1	1134747551
11	336	1	1134747567
11	337	1	1134747653
11	338	1	1134747653
11	339	1	1134747661
11	340	1	1134747661
11	341	1	1134747684
11	342	1	1134747693
11	343	1	1134747699
11	344	1	1134747709
11	345	1	1134747721
11	346	1	1134747723
11	347	1	1134747742
11	348	1	1134747914
11	349	1	1134747934
11	350	1	1134747976
11	351	1	1134747999
11	352	1	1134748108
11	353	1	1134748126
47	353	1	1331936994
11	354	1	1134748140
11	355	1	1134748150
11	356	1	1134748158
11	357	1	1134748168
11	358	1	1134748176
11	359	1	1134748341
11	360	1	1134748355
11	361	1	1134748362
11	362	1	1134748371
11	363	1	1134748382
11	364	1	1134748436
11	365	1	1134749312
11	365	1	1134749405
11	365	1	1134749452
11	366	1	1134750584
11	367	1	1134750594
11	368	1	1134750602
11	369	1	1134750611
11	370	1	1134750630
11	371	1	1134750690
11	372	1	1134750702
11	373	1	1134750705
11	374	1	1134750711
11	375	1	1134750722
11	376	1	1134750819
11	377	1	1134750830
11	378	1	1134750838
11	379	1	1134750851
11	380	1	1134750863
11	381	1	1134750869
11	382	1	1134750896
11	383	1	1134750909
11	384	1	1134750917
11	385	1	1134750961
11	386	1	1134751097
11	387	1	1134751220
11	388	1	1134751237
11	389	1	1134751294
11	390	1	1134751301
11	391	1	1134751308
11	392	1	1134751354
11	393	1	1134751371
11	394	1	1134751461
11	395	1	1134751467
11	396	1	1134751479
11	397	1	1134751493
11	398	1	1134751555
11	399	1	1134751556
11	400	1	1134751565
11	401	1	1134751571
11	402	1	1134751582
11	403	1	1134751587
11	404	1	1134751600
11	405	1	1134751622
11	406	1	1134751676
11	407	1	1134751682
11	408	1	1134751688
11	409	1	1134751694
11	410	1	1134751700
11	411	1	1134751710
11	412	1	1134751716
11	413	1	1134751724
11	414	1	1134751809
11	415	1	1134751826
11	416	1	1134751832
11	417	1	1134751838
11	418	1	1134751846
11	419	1	1134751856
11	420	1	1134751929
11	421	1	1134751936
11	422	1	1134751942
11	423	1	1134751948
11	424	1	1134751954
11	425	1	1134751960
11	426	1	1134751967
11	427	1	1134752098
11	428	1	1134752156
11	429	1	1134752164
11	430	1	1134752172
11	431	1	1134752178
11	431	1	1134752226
11	431	1	1134752283
11	431	1	1134760472
11	432	1	1134752354
11	433	1	1134752384
11	433	1	1135089621
11	434	1	1134752498
11	435	1	1134752503
11	436	1	1134752512
11	437	1	1134752521
11	438	1	1134752530
11	439	1	1134752540
11	440	1	1134752547
11	441	1	1134752625
11	442	1	1134752633
11	443	1	1134752639
11	444	1	1134752645
11	445	1	1134752650
11	446	1	1134752948
11	446	1	1134753069
11	447	1	1134752980
11	448	1	1134752993
11	449	1	1134753039
11	450	1	1134753052
11	451	1	1134753140
11	452	1	1134753148
11	453	1	1134753162
11	454	1	1134753259
11	455	1	1134753348
11	456	1	1134753397
11	457	1	1134753403
11	458	1	1134753411
11	459	1	1134753522
11	460	1	1134753544
11	461	1	1134753587
11	462	1	1134753596
11	463	1	1134753601
11	464	1	1134753614
11	465	1	1134753622
11	466	1	1134753630
11	467	1	1134753681
11	468	1	1134753688
11	469	1	1134753695
11	470	1	1134753704
11	471	1	1134753711
11	472	1	1134753718
11	473	1	1134753733
11	474	1	1134753745
11	475	1	1134753766
11	476	1	1134753769
11	477	1	1134753829
11	478	1	1134753841
11	479	1	1134753849
11	480	1	1134753899
11	481	1	1134753923
11	481	1	1135089617
11	482	1	1134753938
11	483	1	1134753945
11	484	1	1134753951
11	485	1	1134753957
11	486	1	1134753962
11	487	1	1134753974
11	488	1	1134753990
11	489	1	1134753997
11	490	1	1134754141
11	490	1	1134754373
11	491	1	1134754463
11	492	1	1134754472
11	492	1	1134898749
11	492	1	1134898820
11	493	1	1134754480
11	494	1	1134754487
11	495	1	1134754492
11	496	1	1134754508
11	497	1	1134754518
11	498	1	1134754573
11	499	1	1134754582
11	500	1	1134754594
11	501	1	1134754600
11	502	1	1134754666
11	503	1	1134754909
11	504	1	1134754923
11	505	1	1134754949
11	506	1	1134754955
11	507	1	1134754966
11	508	1	1134754988
11	509	1	1134755039
11	510	1	1134755045
11	511	1	1134755050
11	512	1	1134755056
11	513	1	1134755065
11	514	1	1134755071
11	515	1	1134755077
11	516	1	1134755112
11	517	1	1134755118
11	518	1	1134755124
11	519	1	1134755133
11	520	1	1134755140
11	521	1	1134755148
11	522	1	1134755185
11	523	1	1134755211
11	524	1	1134755216
11	525	1	1134755223
11	526	1	1134755228
11	527	1	1134755234
11	528	1	1134755314
11	529	1	1134755319
11	530	1	1134755322
11	531	1	1134755324
11	532	1	1134755355
11	533	1	1134755361
11	534	1	1134755367
11	535	1	1134755433
11	536	1	1134755439
11	537	1	1134755446
11	538	1	1134755482
11	539	1	1134755490
11	540	1	1134755496
11	541	1	1134755501
11	542	1	1134755508
11	543	1	1134755513
11	544	1	1134755521
11	544	1	1134755562
11	545	1	1134755527
11	546	1	1134755531
11	547	1	1134755537
11	548	1	1134755546
11	549	1	1134755627
11	550	1	1134755633
11	551	1	1134755636
11	552	1	1134755642
11	552	1	1134755686
11	553	1	1134755649
11	553	1	1134755716
11	554	1	1134755778
11	555	1	1134755784
11	556	1	1134755789
11	557	1	1134755799
11	558	1	1134755806
11	559	1	1134755811
11	560	1	1134755819
11	561	1	1134755920
11	562	1	1134755931
11	563	1	1134756583
11	563	1	1134756745
11	564	1	1134756855
11	565	1	1134756865
11	566	1	1134756892
11	567	1	1134756899
11	568	1	1134756933
11	569	1	1134756967
11	570	1	1134757012
11	571	1	1134757026
11	572	1	1134757045
11	573	1	1134757961
47	573	1	1331937069
11	574	1	1134758041
11	575	1	1134758085
11	576	1	1134758104
11	577	1	1134758112
11	578	1	1134758124
11	578	1	1134758253
11	579	1	1134758134
11	580	1	1134758352
11	581	1	1134758359
11	582	1	1134758364
11	583	1	1134758372
11	584	1	1134758382
11	585	1	1134758389
11	586	1	1134758409
11	587	1	1134758460
11	588	1	1134758469
11	589	1	1134758480
11	590	1	1134758486
11	591	1	1134758492
11	592	1	1134758499
11	593	1	1134758505
11	594	1	1134758512
11	595	1	1134758563
11	596	1	1134758580
11	597	1	1134758588
11	598	1	1134758595
11	599	1	1134758602
11	600	1	1134760519
52	600	1	1230776111
11	601	1	1134761034
11	602	1	1134761070
11	603	1	1134761081
11	604	1	1134761090
11	605	1	1134761105
11	606	1	1134761118
11	607	1	1134761125
11	608	1	1134761167
11	609	1	1134761172
11	610	1	1134761177
11	611	1	1134761185
11	612	1	1134761192
11	613	1	1134761200
11	614	1	1134761208
11	615	1	1134761217
11	616	1	1134761240
11	617	1	1134761270
11	618	1	1134761303
11	619	1	1134761310
11	620	1	1134761316
11	621	1	1134761326
11	622	1	1134761345
11	623	1	1134761381
11	624	1	1134761404
47	624	1	1331937090
11	625	1	1134761412
11	626	1	1134761419
11	627	1	1134761431
11	628	1	1134761453
11	629	1	1134761460
11	630	1	1134761467
11	631	1	1134761480
11	632	1	1134761495
11	633	1	1134761533
11	634	1	1134761539
11	635	1	1134761546
11	636	1	1134761553
11	637	1	1134761568
11	638	1	1134761574
11	639	1	1134761591
11	640	1	1134761612
11	641	1	1134761657
11	642	1	1134761664
11	643	1	1134761670
11	644	1	1134761683
11	645	1	1134761689
11	646	1	1134761695
11	647	1	1134761728
11	648	1	1134761737
11	648	1	1134761754
11	649	1	1134761758
11	650	1	1134761768
11	651	1	1134761773
11	652	1	1134761813
11	653	1	1134761825
11	654	1	1134761842
11	655	1	1134761850
11	656	1	1134761890
11	657	1	1134761924
11	658	1	1134761931
11	659	1	1134761939
11	660	1	1134761946
11	661	1	1134761953
11	661	1	1134762074
11	662	1	1134761959
11	662	1	1134762085
11	663	1	1134761965
11	663	1	1134762094
11	664	1	1134761973
11	664	1	1134762101
11	665	1	1134761985
11	665	1	1134762119
11	666	1	1134762139
11	667	1	1134762147
11	668	1	1134762198
11	669	1	1134762204
11	670	1	1134762218
11	671	1	1134762229
11	672	1	1134762513
11	672	1	1134762548
47	672	1	1331937110
11	673	1	1134762646
11	674	1	1134762653
11	675	1	1134762664
11	676	1	1134762670
11	677	1	1134762676
11	678	1	1134762683
11	679	1	1134762692
11	680	1	1134762700
11	681	1	1134762832
11	682	1	1134762843
11	683	1	1134762863
11	684	1	1134762960
11	685	1	1134762974
11	686	1	1134762982
11	687	1	1134762990
11	688	1	1134763009
11	689	1	1134763014
11	690	1	1134763021
11	691	1	1134763029
11	692	1	1134763038
11	693	1	1134763064
11	694	1	1134763072
11	695	1	1134763079
11	696	1	1134763087
11	697	1	1134763097
11	698	1	1134763108
11	699	1	1134763116
11	700	1	1134763122
11	701	1	1134763129
11	702	1	1134763137
11	703	1	1134763144
11	704	1	1134763152
11	704	1	1134763166
11	705	1	1134763184
11	706	1	1134763207
11	707	1	1134763220
11	708	1	1134763226
11	709	1	1134763232
11	710	1	1134763983
11	711	1	1134764030
11	712	1	1134764072
11	713	1	1134764125
11	714	1	1134764150
10	715	1	1134786247
10	715	1	1134825559
10	716	1	1134786616
10	716	1	1134825523
1	717	1	1134786695
1	718	1	1134788731
18	719	1	1134788953
27	719	1	1426840361
26	719	1	1429232805
27	719	1	1429245770
36	720	1	1134810924
11	721	1	1134823229
11	722	1	1134823235
11	723	1	1134823252
11	723	1	1134824204
11	724	1	1134824093
11	725	1	1134824245
11	726	1	1134824251
11	727	1	1134824259
11	728	1	1134824267
11	729	1	1134824278
11	730	1	1134824294
11	731	1	1134824323
11	732	1	1134824330
11	733	1	1134824336
11	734	1	1134824393
11	735	1	1134824401
11	736	1	1134824408
11	737	1	1134824415
11	738	1	1134824424
11	739	1	1134824429
11	740	1	1134824479
11	741	1	1134824703
11	741	1	1134824793
11	742	1	1134824831
11	743	1	1134824848
11	744	1	1134824874
11	745	1	1134824931
11	746	1	1134824941
11	747	1	1134824949
11	748	1	1134824962
11	749	1	1134824983
11	749	1	1134825087
11	750	1	1134824990
11	751	1	1134825057
11	752	1	1134825179
11	753	1	1134825308
11	754	1	1134825342
11	755	1	1134825361
11	756	1	1134825376
11	757	1	1134825433
11	758	1	1134825457
11	759	1	1134825465
11	760	1	1134825474
11	761	1	1134825479
11	762	1	1134825489
11	763	1	1134825494
11	764	1	1134825661
11	765	1	1134825746
11	766	1	1134825752
11	767	1	1134825758
11	768	1	1134825765
11	769	1	1134825775
11	770	1	1134825800
11	771	1	1134825811
11	772	1	1134825866
11	773	1	1134825935
11	774	1	1134825942
11	775	1	1134825954
11	776	1	1134825955
11	777	1	1134825968
11	778	1	1134825973
11	779	1	1134825987
11	780	1	1134826051
11	781	1	1134826057
11	782	1	1134826067
11	783	1	1134826073
11	784	1	1134826099
11	785	1	1134826107
11	786	1	1134826126
11	787	1	1134826190
11	788	1	1134826373
11	789	1	1134826380
11	790	1	1134826397
11	791	1	1134826412
11	792	1	1134826422
11	793	1	1134826440
11	794	1	1134826446
11	795	1	1134826498
11	796	1	1134826510
11	797	1	1134826531
11	798	1	1134826537
11	799	1	1134826606
11	800	1	1134826619
11	801	1	1134826632
11	802	1	1134826739
11	803	1	1134826748
11	804	1	1134826759
11	805	1	1134826765
11	806	1	1134826773
11	807	1	1134826782
11	808	1	1134826790
11	809	1	1134826800
11	810	1	1134826801
11	811	1	1134826810
11	812	1	1134826825
11	813	1	1134826825
11	814	1	1134826833
11	815	1	1134826886
11	816	1	1134826892
11	817	1	1134826908
11	818	1	1134826916
11	819	1	1134826924
11	820	1	1134826933
11	821	1	1134826994
11	822	1	1134827009
11	823	1	1134827029
11	824	1	1134827040
11	825	1	1134827050
11	826	1	1134827062
11	827	1	1134827103
11	828	1	1134827112
11	829	1	1134827122
11	830	1	1134827175
11	831	1	1134827180
11	832	1	1134827212
11	833	1	1134827324
53	834	1	1134831935
12	835	1	1134834613
12	835	1	1134834881
12	835	1	1134834945
12	835	1	1134835090
12	835	1	1134835135
18	835	1	1134841694
11	835	1	1134893961
12	836	1	1134835223
18	836	1	1134841869
1	836	1	1134846816
10	837	1	1134884225
11	837	1	1134894216
11	837	1	1134895486
10	837	1	1134987209
11	838	1	1134895047
11	838	1	1134895120
11	838	1	1134897004
31	838	1	1241898750
40	838	1	1241898822
40	838	1	1284231102
7	838	1	1289563580
7	838	1	1299077493
11	839	1	1134895257
31	839	1	1241898610
40	839	1	1241898719
40	839	1	1284230349
22	839	1	1287663639
7	839	1	1294722993
7	839	1	1299221754
40	839	1	1300129056
11	840	1	1134895419
11	841	1	1134896059
11	842	1	1134897108
11	843	1	1134899209
11	844	1	1134899243
31	844	1	1241897503
10	845	1	1134987009
10	846	1	1134987160
10	846	1	1134987258
10	846	1	1134987337
10	846	1	1134987367
12	847	1	1135011112
12	847	1	1135011230
12	847	1	1135011354
12	847	1	1135011537
25	847	1	1135238101
12	848	1	1135062878
12	848	1	1135062926
11	848	1	1135065803
1	848	1	1135128655
12	849	1	1135063308
12	849	1	1135063431
11	849	1	1135064615
11	849	1	1135064744
1	849	1	1135128702
12	849	1	1135250489
10	850	1	1135076468
10	850	1	1135076514
10	850	1	1135076540
41	851	1	1135103253
41	852	1	1135103276
54	853	1	1135321408
26	853	1	1429232807
12	854	1	1135337616
12	854	1	1135337659
12	854	1	1135337722
11	854	1	1135611419
11	854	1	1135611478
9	854	1	1135956901
12	855	1	1135337982
12	856	1	1135339554
12	856	1	1135339635
9	857	1	1140613995
31	857	1	1241898494
31	857	1	1241898509
40	857	1	1241898581
21	857	1	1246877275
22	857	1	1287660675
12	858	1	1135653145
12	858	1	1135653291
12	858	1	1135653633
12	859	1	1135653542
55	860	1	1135760236
55	861	1	1135760324
55	861	1	1136825290
12	862	1	1136644037
12	863	1	1136645069
9	864	1	1136687962
9	865	1	1136688118
9	866	1	1136688414
10	866	1	1138899726
13	866	1	1163341653
9	867	1	1136688502
9	867	1	1137599374
9	867	1	1137601436
9	868	1	1136688628
9	868	1	1137601002
21	868	1	1240554466
40	868	1	1267466760
23	869	1	1137245073
12	870	1	1137265184
12	870	1	1137265258
12	870	1	1137265636
23	870	1	1137269622
23	870	1	1138234448
12	871	1	1137340527
9	871	1	1137602564
23	871	1	1138237327
23	872	1	1137347193
12	872	1	1137376840
56	873	1	1137397271
56	874	1	1137397277
9	875	1	1137598847
9	876	1	1137599034
9	877	1	1137600982
21	877	1	1240602586
40	877	1	1267466735
9	878	1	1137601561
9	879	1	1137601583
9	880	1	1137601596
9	881	1	1137601621
9	882	1	1137601643
9	883	1	1137601774
9	884	1	1137601794
9	885	1	1137602093
9	886	1	1137602110
9	887	1	1137602130
57	888	1	1137992333
57	888	1	1137992587
9	889	1	1138262236
9	890	1	1138414157
9	891	1	1138414161
10	893	1	1138896662
10	893	1	1138896783
10	893	1	1138897051
10	893	1	1138897114
10	893	1	1138897375
10	893	1	1138897643
10	893	1	1138897800
10	893	1	1138897893
10	893	1	1138898390
10	893	1	1138898442
10	893	1	1138898521
10	893	1	1138898678
10	893	1	1138898821
10	893	1	1138898843
10	893	1	1138899196
10	893	1	1138899275
10	893	1	1138899950
10	893	1	1138900055
10	893	1	1138900173
8	893	1	1138987002
8	893	1	1140602880
10	894	1	1138899455
10	894	1	1138899572
8	894	1	1140602053
10	895	1	1138899771
9	895	1	1140590843
10	896	1	1138899913
8	896	1	1138987063
8	896	1	1138987096
8	897	1	1138987055
21	897	1	1240484496
40	897	1	1267466470
26	899	1	1429232812
9	901	1	1140590940
8	901	1	1140602042
9	902	1	1140595699
9	902	1	1140611884
9	903	1	1140595909
9	903	1	1140595946
21	903	1	1240664292
40	903	1	1267466485
9	904	1	1140596078
9	905	1	1140606888
1	905	1	1144291950
9	906	1	1140613517
9	907	1	1140842819
9	907	1	1140843017
9	907	1	1140843761
13	907	1	1163343178
9	908	1	1140843112
21	908	1	1240679317
40	908	1	1267466478
9	909	1	1140843252
58	910	1	1145302282
58	911	1	1145302395
14	912	1	1191558717
59	912	1	1242019251
1	913	1	1151801052
60	914	1	1152298433
61	914	1	1277173116
61	914	1	1277174800
62	915	1	1159334375
62	915	1	1159334468
62	915	1	1159334597
62	916	1	1159334679
62	916	1	1159334739
62	917	1	1159336702
37	917	1	1241085807
62	918	1	1159336783
13	920	1	1163280888
13	920	1	1163281116
13	920	1	1163281141
13	921	1	1163331554
13	921	1	1163342128
13	921	1	1163344178
17	921	1	1174514999
13	922	1	1163341125
13	922	1	1163342263
13	922	1	1163343896
17	922	1	1180160310
13	923	1	1163341972
13	924	1	1163342039
13	925	1	1163342480
21	925	1	1241095353
40	925	1	1267457021
13	926	1	1163342596
13	927	1	1163349964
13	927	1	1163350073
31	928	1	1241898141
40	928	1	1300130493
63	931	1	1169605623
49	932	1	1169659394
49	933	1	1169659412
64	934	1	1169698192
64	935	1	1169698236
65	936	1	1171126078
65	937	1	1171126122
17	938	1	1174514997
63	939	1	1175477870
17	939	1	1209818796
15	939	1	1209912300
66	939	1	1264880488
67	940	1	1177575303
67	940	1	1177575334
2	940	1	1191507886
2	940	1	1208355075
68	941	1	1179763590
69	942	1	1185340247
69	942	1	1185340367
69	942	1	1185341553
69	942	1	1185341629
70	943	1	1187539744
71	944	1	1189930211
72	945	1	1190999510
73	945	1	1280768334
72	946	1	1190999572
72	946	1	1190999583
72	946	1	1192401533
72	947	1	1190999604
72	948	1	1190999689
72	948	1	1190999814
73	948	1	1280768334
72	949	1	1190999790
72	949	1	1191000088
2	950	1	1191507886
26	950	1	1429232813
14	951	1	1191553207
14	952	1	1191567585
14	952	1	1192564367
14	953	1	1191567748
14	954	1	1191567840
14	954	1	1191567859
14	954	1	1192564441
14	955	1	1191569104
14	955	1	1192646419
21	955	1	1242329651
40	955	1	1267393920
14	956	1	1191569124
14	956	1	1191570818
14	956	1	1191750337
14	956	1	1191750391
14	957	1	1191569426
14	958	1	1191569543
31	958	1	1290296603
31	958	1	1290296681
40	958	1	1290296766
14	959	1	1192458054
14	959	1	1192530572
14	960	1	1192529427
14	960	1	1192646402
21	960	1	1242329057
40	960	1	1267393911
14	961	1	1192529485
14	961	1	1192646383
21	961	1	1242328468
40	961	1	1267393830
14	962	1	1192529539
14	962	1	1192646359
21	962	1	1242328007
40	962	1	1267393746
14	963	1	1192529572
14	963	1	1192646333
21	963	1	1242327551
40	963	1	1267393991
14	964	1	1192529607
14	964	1	1192646304
21	964	1	1241070957
40	964	1	1267393821
40	964	1	1290187264
14	965	1	1192529641
14	965	1	1192646285
21	965	1	1241080052
21	965	1	1246399659
40	965	1	1267393900
40	965	1	1290187542
14	966	1	1192529675
14	966	1	1192646254
21	966	1	1241101353
21	966	1	1246400527
40	966	1	1267393738
40	966	1	1290187754
14	967	1	1192529710
14	967	1	1192646873
21	967	1	1241114861
40	967	1	1267393730
40	967	1	1290187988
14	968	1	1192529739
14	968	1	1192560989
21	968	1	1241125661
40	968	1	1267393722
40	968	1	1290188151
14	969	1	1192529774
14	969	1	1192560953
21	969	1	1241166022
40	969	1	1267393891
40	969	1	1290188349
14	970	1	1192529812
14	970	1	1192560891
21	970	1	1241191070
40	970	1	1267393812
40	970	1	1290188614
14	971	1	1192529841
14	971	1	1192646180
14	971	1	1192646802
21	971	1	1241200128
40	971	1	1267393803
40	971	1	1290188810
14	972	1	1192556663
14	973	1	1192556848
14	974	1	1192557036
14	975	1	1192557272
14	976	1	1192558050
14	977	1	1192559203
14	978	1	1192559471
14	979	1	1192560590
14	980	1	1192561432
31	980	1	1241897162
40	980	1	1241897235
7	980	1	1289487416
14	981	1	1192561974
14	982	1	1192562258
14	983	1	1192564473
14	984	1	1192564506
14	985	1	1192564536
14	986	1	1192564568
14	987	1	1192592649
14	988	1	1192592668
14	989	1	1192592686
14	990	1	1192592709
14	991	1	1192592727
14	992	1	1192592743
14	993	1	1192592776
14	994	1	1192592792
14	995	1	1192592808
14	996	1	1192592828
14	997	1	1192592847
14	998	1	1192592870
14	999	1	1192592890
14	1000	1	1192592913
14	1001	1	1192592933
14	1002	1	1192593028
14	1003	1	1192593080
14	1004	1	1192593107
14	1005	1	1192593126
14	1006	1	1192593146
14	1007	1	1192593176
14	1008	1	1192593199
14	1009	1	1192593218
14	1010	1	1192593236
14	1011	1	1192593253
14	1012	1	1192593270
14	1013	1	1192594339
14	1014	1	1192645201
14	1015	1	1192645280
14	1015	1	1192646137
14	1015	1	1192646197
14	1015	1	1192646805
21	1015	1	1241217564
21	1015	1	1246886834
40	1015	1	1267393882
40	1015	1	1290189218
14	1016	1	1192645318
14	1016	1	1192646122
14	1016	1	1192646780
21	1016	1	1241258574
40	1016	1	1267393714
40	1016	1	1290189460
14	1017	1	1192645361
14	1017	1	1192646093
14	1017	1	1192646775
21	1017	1	1241289143
21	1017	1	1246886764
40	1017	1	1267393872
40	1017	1	1290190436
14	1018	1	1192645397
14	1018	1	1192646076
14	1018	1	1192646750
21	1018	1	1241294876
21	1018	1	1246447784
40	1018	1	1267393794
40	1018	1	1290190613
14	1019	1	1192645436
14	1019	1	1192646053
14	1019	1	1192646742
21	1019	1	1242323506
21	1019	1	1246391495
40	1019	1	1267393862
40	1019	1	1290190790
14	1020	1	1192645482
14	1020	1	1192645971
14	1020	1	1192646737
21	1020	1	1242322901
21	1020	1	1246391385
40	1020	1	1267393852
40	1020	1	1290190949
14	1021	1	1192645578
14	1021	1	1192646726
21	1021	1	1242322312
21	1021	1	1246393144
40	1021	1	1267393784
40	1021	1	1290191072
14	1022	1	1192645620
14	1022	1	1192646721
21	1022	1	1242321863
40	1022	1	1267393775
40	1022	1	1290191263
14	1023	1	1192645664
14	1023	1	1192646713
21	1023	1	1240297310
40	1023	1	1267393980
40	1023	1	1290191471
14	1024	1	1192645704
14	1024	1	1192646685
21	1024	1	1242333851
40	1024	1	1267393704
40	1024	1	1290191577
14	1025	1	1192645747
14	1025	1	1192646677
21	1025	1	1242333401
40	1025	1	1267393766
40	1025	1	1290191836
14	1026	1	1192645808
14	1026	1	1192646666
21	1026	1	1242332958
40	1026	1	1267393842
40	1026	1	1290192003
14	1027	1	1192645856
14	1027	1	1192646657
21	1027	1	1242331752
40	1027	1	1267393969
14	1028	1	1192645912
14	1028	1	1192646649
21	1028	1	1242331309
40	1028	1	1267393757
14	1029	1	1192646462
21	1029	1	1242330251
40	1029	1	1267393929
14	1030	1	1192646503
21	1030	1	1242330851
40	1030	1	1267393938
14	1031	1	1192646551
21	1031	1	1242332352
40	1031	1	1267393949
14	1032	1	1192646598
21	1032	1	1241277539
21	1032	1	1246447853
40	1032	1	1267393959
40	1032	1	1290189713
14	1033	1	1192647720
14	1034	1	1192648133
14	1035	1	1192648855
14	1036	1	1192649427
14	1037	1	1192654837
14	1038	1	1192694014
14	1039	1	1192694578
14	1039	1	1192695040
14	1040	1	1192695428
14	1041	1	1192699790
14	1042	1	1192721407
14	1043	1	1192785167
14	1043	1	1192785991
14	1044	1	1192786946
14	1044	1	1192787082
14	1045	1	1192787082
14	1046	1	1192787642
14	1047	1	1192859152
14	1048	1	1192859936
14	1049	1	1192860308
14	1050	1	1192861117
14	1051	1	1192861511
14	1052	1	1192862481
14	1053	1	1192911248
14	1054	1	1192911685
14	1055	1	1192914171
14	1055	1	1193093538
14	1055	1	1193516205
14	1056	1	1192990149
14	1056	1	1193089597
14	1057	1	1192991270
14	1057	1	1193093522
14	1057	1	1193516268
14	1058	1	1193089573
14	1059	1	1193090465
14	1060	1	1193091369
14	1061	1	1193092166
14	1062	1	1193092482
14	1063	1	1193093554
14	1063	1	1193516276
14	1064	1	1193161965
14	1065	1	1193162943
14	1066	1	1193253860
14	1067	1	1193254850
14	1068	1	1193255193
14	1069	1	1193255548
14	1070	1	1193256081
14	1071	1	1193256751
14	1072	1	1193257157
58	1073	1	1193265923
14	1073	1	1193345183
14	1074	1	1193340695
14	1075	1	1193340733
14	1076	1	1193341155
14	1077	1	1193341614
14	1078	1	1193341885
14	1079	1	1193342416
14	1080	1	1193342968
14	1081	1	1193430913
14	1082	1	1193431234
14	1083	1	1193432260
14	1084	1	1193432769
14	1085	1	1193433213
14	1086	1	1193434395
14	1087	1	1193435582
14	1088	1	1193478722
14	1089	1	1193478778
14	1090	1	1193478860
14	1091	1	1193478905
14	1092	1	1193478943
14	1093	1	1193478959
14	1094	1	1193478974
14	1095	1	1193478991
14	1096	1	1193479006
14	1097	1	1193479022
14	1098	1	1193479038
14	1099	1	1193479081
14	1100	1	1193479099
14	1101	1	1193479126
14	1102	1	1193479141
14	1103	1	1193479157
14	1104	1	1193479174
14	1105	1	1193479193
14	1106	1	1193479208
14	1107	1	1193479228
14	1108	1	1193479246
14	1109	1	1193479291
14	1110	1	1193479304
14	1111	1	1193479319
14	1112	1	1193479334
14	1113	1	1193479350
14	1114	1	1193479367
14	1115	1	1193479386
14	1116	1	1193479399
14	1117	1	1193479413
14	1118	1	1193479428
14	1119	1	1193479446
14	1120	1	1193479553
14	1121	1	1193479568
14	1122	1	1193479583
14	1123	1	1193479600
14	1124	1	1193479615
14	1125	1	1193479631
14	1126	1	1193479649
14	1127	1	1193479663
14	1128	1	1193479679
14	1129	1	1193479720
14	1130	1	1193479737
14	1131	1	1193479752
14	1132	1	1193479764
14	1133	1	1193479778
14	1134	1	1193479792
14	1135	1	1193479806
14	1136	1	1193479823
14	1137	1	1193479859
14	1138	1	1193479873
14	1139	1	1193479920
14	1140	1	1193479934
14	1141	1	1193479948
14	1142	1	1193479959
14	1143	1	1193479972
14	1144	1	1193479989
14	1145	1	1193480005
14	1146	1	1193480019
14	1147	1	1193480036
14	1148	1	1193480051
14	1149	1	1193480066
14	1150	1	1193480081
14	1151	1	1193480268
21	1151	1	1239996728
40	1151	1	1267392875
40	1151	1	1290189723
14	1152	1	1193480311
21	1152	1	1242323956
40	1152	1	1267392851
14	1153	1	1193480387
21	1153	1	1242365464
40	1153	1	1267392843
14	1154	1	1193480446
14	1154	1	1193480465
21	1154	1	1242364865
40	1154	1	1267392833
14	1155	1	1193480490
21	1155	1	1242369064
40	1155	1	1267392918
14	1156	1	1193480517
21	1156	1	1242368314
40	1156	1	1267392863
7	1156	1	1292420544
14	1157	1	1193480548
21	1157	1	1242367594
40	1157	1	1267392907
14	1158	1	1193480585
21	1158	1	1242366964
40	1158	1	1267392898
14	1159	1	1193480614
21	1159	1	1242366214
40	1159	1	1267392887
14	1160	1	1193480648
21	1160	1	1241071406
40	1160	1	1267393021
14	1161	1	1193480674
21	1161	1	1241081252
40	1161	1	1267393011
14	1162	1	1193480697
21	1162	1	1241102253
40	1162	1	1267393000
40	1162	1	1290187730
14	1163	1	1193480723
21	1163	1	1241115461
40	1163	1	1267392988
14	1164	1	1193480756
21	1164	1	1241126411
40	1164	1	1267392977
14	1165	1	1193480783
21	1165	1	1240238673
40	1165	1	1267393056
14	1166	1	1193480803
21	1166	1	1241179052
40	1166	1	1267392967
40	1166	1	1290188618
14	1167	1	1193480828
21	1167	1	1241201029
40	1167	1	1267392953
14	1168	1	1193480850
21	1168	1	1241251671
40	1168	1	1267392942
14	1169	1	1193480875
21	1169	1	1240061937
40	1169	1	1267393045
7	1169	1	1295098700
14	1170	1	1193480907
21	1170	1	1240268362
40	1170	1	1267393033
40	1170	1	1290190407
7	1170	1	1295098678
14	1171	1	1193480933
74	1171	1	1233832533
40	1171	1	1267393070
7	1171	1	1295098667
14	1172	1	1193480953
21	1172	1	1242326663
40	1172	1	1267392931
7	1172	1	1295098654
14	1173	1	1193480977
21	1173	1	1240153088
40	1173	1	1267393129
14	1174	1	1193481002
21	1174	1	1242325607
40	1174	1	1267393118
14	1175	1	1193481024
21	1175	1	1242324557
40	1175	1	1267393107
14	1176	1	1193481046
21	1176	1	1241378570
40	1176	1	1267393097
14	1177	1	1193481069
21	1177	1	1242363222
40	1177	1	1267393161
14	1178	1	1193481092
21	1178	1	1242336267
40	1178	1	1267393148
14	1179	1	1193481120
21	1179	1	1239272404
40	1179	1	1267393173
14	1180	1	1193481153
21	1180	1	1242334453
40	1180	1	1267393084
14	1181	1	1193481226
14	1181	1	1193481292
21	1181	1	1241007486
40	1181	1	1267392238
40	1181	1	1290189465
14	1182	1	1193481271
21	1182	1	1241030195
40	1182	1	1267392249
40	1182	1	1290192028
14	1183	1	1193481319
40	1183	1	1267392230
7	1183	1	1294500143
14	1184	1	1193481346
21	1184	1	1240095971
40	1184	1	1267392288
7	1184	1	1294500146
14	1185	1	1193481371
21	1185	1	1240092372
40	1185	1	1267392314
7	1185	1	1294500150
14	1186	1	1193481398
21	1186	1	1240089521
40	1186	1	1267392275
7	1186	1	1294500155
14	1187	1	1193481423
21	1187	1	1242369814
40	1187	1	1267392301
7	1187	1	1294500159
14	1188	1	1193481450
21	1188	1	1240166663
40	1188	1	1267392265
7	1188	1	1294500162
14	1189	1	1193481478
40	1189	1	1267392219
7	1189	1	1294500165
14	1190	1	1193481505
21	1190	1	1241013209
40	1190	1	1267392515
14	1191	1	1193481528
21	1191	1	1240003028
40	1191	1	1267392505
14	1192	1	1193481554
21	1192	1	1241012154
40	1192	1	1267392493
14	1193	1	1193481597
40	1193	1	1290187814
14	1194	1	1193481622
21	1194	1	1240001378
40	1194	1	1267392484
14	1195	1	1193481645
21	1195	1	1241023135
40	1195	1	1267392474
14	1196	1	1193481763
21	1196	1	1241021027
40	1196	1	1267392465
14	1197	1	1193481791
21	1197	1	1241019375
40	1197	1	1267392454
14	1198	1	1193481821
21	1198	1	1241016369
40	1198	1	1267392444
14	1199	1	1193481846
21	1199	1	1241027041
40	1199	1	1267392434
14	1200	1	1193481872
21	1200	1	1241029294
40	1200	1	1267392424
14	1201	1	1193481894
21	1201	1	1240246008
40	1201	1	1267392414
14	1202	1	1193481916
21	1202	1	1240243608
40	1202	1	1267392404
14	1203	1	1193481939
21	1203	1	1241034851
40	1203	1	1267392393
14	1204	1	1193481959
21	1204	1	1241032296
40	1204	1	1267392380
40	1204	1	1290190972
14	1205	1	1193481982
21	1205	1	1241030945
40	1205	1	1267392371
14	1206	1	1193482004
40	1206	1	1267392361
40	1206	1	1290191322
14	1207	1	1193482035
21	1207	1	1246449525
40	1207	1	1267392347
40	1207	1	1290191485
14	1208	1	1193482069
40	1208	1	1267392580
14	1209	1	1193482093
40	1209	1	1267392336
14	1210	1	1193482159
40	1210	1	1267392327
14	1211	1	1193482197
75	1211	1	1212047853
40	1211	1	1267392527
7	1211	1	1294500117
14	1212	1	1193482276
14	1213	1	1193482314
14	1214	1	1193511042
14	1215	1	1193511510
14	1216	1	1193513103
14	1217	1	1193514147
14	1218	1	1193514633
14	1219	1	1193516223
14	1220	1	1193592981
14	1220	1	1193701566
14	1221	1	1193593118
14	1221	1	1193701451
14	1222	1	1193593918
14	1223	1	1193596457
14	1224	1	1193701477
14	1225	1	1193701790
14	1226	1	1193702727
14	1227	1	1193703275
14	1228	1	1193704190
14	1229	1	1193759239
14	1230	1	1193759370
14	1231	1	1193759786
14	1232	1	1193761134
14	1232	1	1193761170
14	1233	1	1193786456
14	1234	1	1193787065
14	1235	1	1193787818
14	1236	1	1193837538
14	1237	1	1193871017
14	1238	1	1193871137
14	1239	1	1193872112
14	1240	1	1193872767
14	1241	1	1193875081
14	1242	1	1193876291
14	1243	1	1193951381
14	1244	1	1193951596
14	1245	1	1193952473
14	1246	1	1193953310
14	1247	1	1193953821
14	1248	1	1193954052
14	1249	1	1193954267
14	1250	1	1193954849
14	1251	1	1194041675
14	1252	1	1194041782
14	1253	1	1194042952
14	1254	1	1194043614
14	1255	1	1194043983
14	1256	1	1194044627
14	1257	1	1194123515
14	1258	1	1194123647
14	1259	1	1194124199
14	1260	1	1194124620
14	1261	1	1194125680
14	1262	1	1194126311
14	1263	1	1194127525
14	1264	1	1194201052
14	1265	1	1194201220
14	1266	1	1194202109
14	1267	1	1194319010
14	1268	1	1194319323
14	1269	1	1194320114
14	1270	1	1194399086
14	1271	1	1194399312
14	1272	1	1194399605
46	1273	1	1195073980
46	1274	1	1195074009
76	1275	1	1195123414
76	1275	1	1195123466
44	1276	1	1196508612
44	1276	1	1196509573
26	1276	1	1429232805
77	1277	1	1197289428
77	1278	1	1197290240
78	1280	1	1198608670
79	1281	1	1198877458
21	1282	1	1284551136
80	1283	1	1200957680
81	1284	1	1203870204
82	1285	1	1204378653
83	1286	1	1204916427
83	1287	1	1204916432
31	1288	1	1241898353
40	1288	1	1241898460
7	1288	1	1288842797
84	1289	1	1206476055
30	1290	1	1206546533
30	1291	1	1206547463
85	1291	1	1206582937
85	1291	1	1206638441
85	1292	1	1206572207
86	1292	1	1218526088
85	1293	1	1206572213
85	1293	1	1206574889
85	1293	1	1206639824
85	1293	1	1206643269
86	1293	1	1218526088
85	1293	1	1218528664
85	1294	1	1206572215
86	1294	1	1218526088
87	1295	1	1206657448
88	1296	1	1207800306
88	1296	1	1207800372
26	1296	1	1429232803
15	1297	1	1209617255
15	1298	1	1209912447
15	1299	1	1209912471
89	1300	1	1210377818
43	1302	1	1211330995
43	1302	1	1211825777
90	1302	1	1213599790
43	1303	1	1211331003
90	1303	1	1213599859
91	1304	1	1212217242
3	1305	1	1212317365
3	1305	1	1212317642
3	1305	1	1212318228
3	1305	1	1212320086
3	1306	1	1212317379
92	1307	1	1212352958
92	1307	1	1212375498
90	1308	1	1213599823
90	1308	1	1213599839
90	1308	1	1213706119
90	1309	1	1213599847
93	1310	1	1213719170
93	1310	1	1213720381
93	1310	1	1261740490
93	1310	1	1293272215
94	1311	1	1213799202
80	1311	1	1213952239
80	1312	1	1213952239
95	1313	1	1214029313
93	1314	1	1214157889
15	1316	1	1216047177
15	1316	1	1216047287
15	1316	1	1216047419
15	1316	1	1216047638
13	1316	1	1216222474
13	1316	1	1216222608
15	1317	1	1216047502
31	1317	1	1290296516
40	1317	1	1290296612
15	1318	1	1216047558
31	1318	1	1290295364
40	1318	1	1290295432
15	1319	1	1216047578
15	1320	1	1216374427
13	1320	1	1216381952
15	1320	1	1216445512
15	1320	1	1216445829
13	1320	1	1216459405
33	1320	1	1218268769
13	1321	1	1216805079
13	1321	1	1216805933
33	1322	1	1218267774
33	1322	1	1286139903
86	1323	1	1218526088
86	1324	1	1218526088
86	1325	1	1218526088
52	1325	1	1230776062
96	1327	1	1222546274
61	1329	1	1225171488
61	1330	1	1225249626
61	1331	1	1225330265
61	1332	1	1225353102
97	1333	1	1225380682
97	1334	1	1225383496
97	1335	1	1225390846
97	1336	1	1225391333
97	1336	1	1226323753
97	1337	1	1225444290
97	1338	1	1225444491
97	1339	1	1225465998
97	1339	1	1225577530
97	1339	1	1225593060
97	1339	1	1225603690
97	1339	1	1225662946
97	1339	1	1225686182
97	1339	1	1225736644
97	1339	1	1225779918
97	1339	1	1225844910
97	1339	1	1225866739
97	1339	1	1226019021
97	1339	1	1226384661
97	1339	1	1226505236
97	1339	1	1227109523
97	1339	1	1227883296
97	1339	1	1229419571
97	1339	1	1230238407
97	1339	1	1230245078
97	1339	1	1230773656
97	1339	1	1231594918
97	1339	1	1232074361
97	1339	1	1232479182
97	1339	1	1232486699
97	1339	1	1233062224
97	1339	1	1233104442
97	1339	1	1233129451
97	1339	1	1233215996
97	1339	1	1233560327
97	1339	1	1234456940
97	1339	1	1234956286
97	1339	1	1235331898
97	1339	1	1235500871
97	1339	1	1236131638
97	1339	1	1237343340
97	1339	1	1238050736
97	1339	1	1238723424
97	1339	1	1240467041
61	1340	1	1225530610
17	1340	1	1234466121
61	1341	1	1225584645
61	1342	1	1225680115
61	1343	1	1225771630
61	1344	1	1225861086
97	1345	1	1225936773
97	1345	1	1226295158
97	1346	1	1225947830
97	1347	1	1225966688
97	1347	1	1226314672
97	1348	1	1226243992
61	1349	1	1226471925
98	1350	1	1226497550
61	1352	1	1227250377
33	1353	1	1227594199
33	1353	1	1227594244
33	1354	1	1227594373
99	1354	1	1296472212
61	1355	1	1227884532
100	1356	1	1229938940
52	1357	1	1230776138
52	1357	1	1230776167
101	1358	1	1231033857
102	1359	1	1231411211
102	1359	1	1231467453
102	1360	1	1231469749
61	1361	1	1234150043
61	1362	1	1234564552
61	1363	1	1235276000
61	1364	1	1235280187
97	1365	1	1237307048
103	1366	1	1237471780
103	1366	1	1237555421
61	1367	1	1237616880
21	1368	1	1239261117
21	1369	1	1239261127
40	1370	1	1239281943
40	1370	1	1239282880
40	1370	1	1239322963
40	1370	1	1302344574
40	1370	1	1302467321
37	1371	1	1239308472
37	1371	1	1246165430
31	1372	1	1239405554
31	1372	1	1251552726
40	1372	1	1251553322
40	1372	1	1282573923
40	1372	1	1287758352
40	1372	1	1289846912
40	1372	1	1302344143
61	1373	1	1239506448
61	1374	1	1239579615
32	1375	1	1239582480
32	1375	1	1239582507
32	1375	1	1239582741
32	1375	1	1239582933
104	1375	1	1239623501
32	1375	1	1239628364
37	1375	1	1239791845
61	1376	1	1239582992
32	1377	1	1239598705
37	1378	1	1239792007
61	1379	1	1240008170
61	1380	1	1240016087
61	1381	1	1240079461
61	1382	1	1240088601
105	1383	1	1240567818
37	1384	1	1240594721
37	1384	1	1240594752
37	1384	1	1240594835
37	1385	1	1240595117
37	1385	1	1240595151
37	1386	1	1240595190
31	1387	1	1241899675
40	1387	1	1241899802
40	1387	1	1250863824
40	1387	1	1250865104
31	1387	1	1267380411
40	1387	1	1267380455
22	1387	1	1287953389
40	1387	1	1290295142
31	1387	1	1290296076
40	1387	1	1290296178
37	1388	1	1242037749
106	1388	1	1273754498
16	1389	1	1242472835
16	1389	1	1242472860
16	1389	1	1242473061
16	1389	1	1242473105
16	1389	1	1242473220
16	1389	1	1242496106
16	1389	1	1242496599
107	1390	1	1242923797
108	1391	1	1243502935
109	1392	1	1244561267
37	1392	1	1244652380
16	1393	1	1244792681
37	1394	1	1244817821
37	1394	1	1244817837
37	1395	1	1244817837
37	1396	1	1245343571
24	1397	1	1245052715
24	1397	1	1245053117
24	1397	1	1245053204
24	1397	1	1245053268
110	1398	1	1246050960
110	1399	1	1246050968
110	1400	1	1246050972
111	1401	1	1248116055
37	1403	1	1251817429
61	1404	1	1251836525
61	1405	1	1252735639
61	1406	1	1252744510
61	1407	1	1252816128
112	1408	1	1253006066
113	1409	1	1254268908
113	1409	1	1254273260
37	1410	1	1254903896
37	1410	1	1254903997
114	1412	1	1256758404
115	1413	1	1257387054
116	1414	1	1260073233
61	1415	1	1264237391
61	1416	1	1264292227
61	1417	1	1264389457
87	1418	1	1264402938
61	1419	1	1264467534
61	1420	1	1264473458
61	1421	1	1264552189
61	1422	1	1264721427
61	1423	1	1264732276
26	1423	1	1429232812
61	1424	1	1264919228
61	1425	1	1264921688
61	1426	1	1264923372
61	1427	1	1266706653
61	1428	1	1266717541
117	1429	1	1267888645
118	1431	1	1268591288
118	1432	1	1268602005
119	1433	1	1269470845
120	1434	1	1269894530
120	1434	1	1269894831
90	1435	1	1270198340
90	1436	1	1270470223
121	1437	1	1270532125
90	1438	1	1270672576
61	1439	1	1270948956
61	1440	1	1271127066
61	1441	1	1271129762
122	1442	1	1273739916
123	1443	1	1274201126
124	1444	1	1274869449
125	1445	1	1276237622
61	1446	1	1276992483
61	1447	1	1277066217
61	1448	1	1277158995
61	1449	1	1277160836
61	1449	1	1280795732
61	1450	1	1277163076
61	1451	1	1277167952
61	1452	1	1277178882
61	1453	1	1277180450
61	1454	1	1277247327
126	1455	1	1277386161
126	1456	1	1277386239
61	1457	1	1277579024
61	1457	1	1289087168
73	1458	1	1280768334
73	1459	1	1280768334
61	1460	1	1280799777
52	1461	1	1280960030
52	1461	1	1281005778
52	1462	1	1281096813
61	1463	1	1281149162
61	1464	1	1281153158
61	1465	1	1281154853
61	1466	1	1281158268
52	1467	1	1281177981
61	1467	1	1289145132
61	1468	1	1281232658
61	1469	1	1281234451
52	1470	1	1281258305
106	1471	1	1281992020
106	1472	1	1281992031
127	1473	1	1282091634
128	1473	1	1422983242
127	1474	1	1282091645
128	1474	1	1422983243
129	1475	1	1283255722
48	1476	1	1283391571
48	1476	1	1284614785
130	1476	1	1408317638
61	1477	1	1283393183
61	1478	1	1283395916
48	1479	1	1283411929
61	1480	1	1283477141
131	1481	1	1284109560
132	1481	1	1284417815
132	1481	1	1284417875
132	1481	1	1284417909
132	1482	1	1284417331
133	1482	1	1284417694
132	1483	1	1284552719
133	1483	1	1284553702
134	1484	1	1285022288
48	1485	1	1285792447
33	1486	1	1286140154
48	1487	1	1286349409
61	1488	1	1287259686
61	1489	1	1289158273
61	1490	1	1289172857
31	1491	1	1290296055
40	1491	1	1290296403
106	1492	1	1293737951
135	1493	1	1294092582
136	1494	1	1294134727
136	1495	1	1294135062
137	1497	1	1294440457
137	1498	1	1294440564
61	1499	1	1296442476
61	1500	1	1296448605
61	1501	1	1296528697
138	1502	1	1296561003
61	1503	1	1296617028
61	1504	1	1296783810
51	1505	1	1297861896
61	1507	1	1298435597
139	1508	1	1300261755
139	1508	1	1300261811
139	1508	1	1300262138
139	1508	1	1300287071
139	1508	1	1300288284
139	1508	1	1300288653
139	1508	1	1300289111
139	1508	1	1300289447
139	1508	1	1300289851
139	1509	1	1300290772
40	1509	1	1300426653
40	1509	1	1302639129
40	1509	1	1302965154
5	1510	1	1300393243
140	1511	1	1301852363
61	1512	1	1301869768
48	1513	1	1302755339
61	1514	1	1302977939
61	1515	1	1302982457
61	1516	1	1302994317
61	1517	1	1303350895
141	1518	1	1303413896
61	1519	1	1305156953
61	1520	1	1309570138
61	1521	1	1309575831
61	1522	1	1309623001
61	1523	1	1309628472
61	1524	1	1318378097
48	1525	1	1319841171
48	1525	1	1429211994
61	1526	1	1329624727
130	1527	1	1408317639
61	1528	1	1421018718
128	1529	1	1422983242
128	1530	1	1422983243
61	1531	1	1423708749
61	1532	1	1424393606
128	1532	1	1438202117
61	1533	1	1424583386
128	1533	1	1438202027
61	1534	1	1424585488
61	1535	1	1426642619
27	1536	1	1426840339
26	1536	1	1429232803
27	1536	1	1429245746
27	1537	1	1426840339
26	1537	1	1429232803
27	1537	1	1429245747
27	1538	1	1426840340
26	1538	1	1429232803
27	1538	1	1429245746
27	1539	1	1426840340
26	1539	1	1429232803
27	1539	1	1429245747
27	1540	1	1426840340
26	1540	1	1429232803
27	1540	1	1429245747
27	1541	1	1426840355
26	1541	1	1429232803
27	1541	1	1429245747
27	1542	1	1426840355
26	1542	1	1429232803
27	1542	1	1429245759
27	1543	1	1426840355
26	1543	1	1429232803
27	1543	1	1429245761
27	1544	1	1426840355
26	1544	1	1429232803
27	1544	1	1429245762
27	1545	1	1426840359
26	1545	1	1429232803
27	1545	1	1429245762
27	1546	1	1426840359
26	1546	1	1429232805
27	1546	1	1429245767
27	1547	1	1426840359
26	1547	1	1429232805
27	1547	1	1429245768
27	1548	1	1426840359
26	1548	1	1429232805
27	1548	1	1429245768
27	1549	1	1426840360
26	1549	1	1429232805
27	1549	1	1429245768
27	1550	1	1426840360
26	1550	1	1429232805
27	1550	1	1429245769
27	1551	1	1426840360
26	1551	1	1429232805
27	1551	1	1429245769
27	1552	1	1426840360
26	1552	1	1429232805
27	1552	1	1429245769
27	1553	1	1426840361
26	1553	1	1429232805
27	1553	1	1429245770
27	1554	1	1426840371
26	1554	1	1429232807
27	1554	1	1429245773
27	1555	1	1426840371
26	1555	1	1429232807
27	1555	1	1429245773
27	1556	1	1426840371
27	1557	1	1426840372
27	1558	1	1426840373
26	1558	1	1429232807
27	1558	1	1429245776
27	1559	1	1426840373
26	1559	1	1429232807
27	1559	1	1429245778
27	1560	1	1426840373
26	1560	1	1429232807
27	1560	1	1429245778
27	1561	1	1426840374
26	1561	1	1429232807
27	1561	1	1429245778
27	1562	1	1426840380
26	1562	1	1429232807
27	1562	1	1429245778
27	1563	1	1426840386
26	1563	1	1429232807
27	1563	1	1429245778
27	1564	1	1426840387
26	1564	1	1429232813
27	1564	1	1429245783
27	1565	1	1426840388
26	1565	1	1429232812
27	1565	1	1429245783
27	1566	1	1426840391
26	1566	1	1429232812
27	1566	1	1429245783
27	1567	1	1426840392
26	1567	1	1429232813
27	1567	1	1429245784
27	1568	1	1426840392
26	1568	1	1429232812
27	1568	1	1429245786
27	1569	1	1426840393
26	1569	1	1429232812
27	1569	1	1429245786
27	1570	1	1426840403
26	1570	1	1429232813
27	1570	1	1429245787
27	1571	1	1426840403
26	1571	1	1429232812
27	1571	1	1429245789
27	1572	1	1426840404
26	1572	1	1429232813
27	1572	1	1429245790
27	1573	1	1426840405
26	1573	1	1429232815
27	1573	1	1429245791
27	1574	1	1426840405
26	1574	1	1429232815
27	1574	1	1429245791
27	1575	1	1426840416
26	1575	1	1429232816
27	1575	1	1429245791
27	1576	1	1426840417
26	1576	1	1429232815
27	1576	1	1429245791
27	1577	1	1426840417
26	1577	1	1429232816
27	1577	1	1429245791
27	1578	1	1426840417
26	1578	1	1429232816
27	1578	1	1429245795
27	1579	1	1426840417
26	1579	1	1429232815
27	1579	1	1429245795
27	1580	1	1426840421
26	1580	1	1429232816
27	1580	1	1429245795
27	1581	1	1426840421
26	1581	1	1429232816
27	1581	1	1429245796
27	1582	1	1426840421
26	1582	1	1429232816
27	1582	1	1429245796
27	1583	1	1426840423
26	1583	1	1429232819
27	1583	1	1429245796
27	1584	1	1426840423
26	1584	1	1429232819
27	1584	1	1429245798
48	1585	1	1429211995
128	1586	1	1438202027
128	1587	1	1438202117
142	1588	1	1438645137
142	1589	1	1443816807
142	1590	1	1443816808
142	1591	1	1443816808
142	1592	1	1443816808
142	1593	1	1443816808
142	1594	1	1443816808
142	1595	1	1443816809
