% bip positive
1	1	1	1070606500
1	1	1	1086449247
1	1	1	1103619668
1	1	1	1103620113
1	1	1	1119696847
2	1	1	1137198219
2	1	1	1176480521
2	1	1	1176480602
2	1	1	1176480637
1	2	1	1070606500
1	2	1	1086449217
1	3	1	1070606500
1	3	1	1086449239
1	3	1	1103619661
1	3	1	1103620106
1	3	1	1119696847
2	3	1	1137198815
1	4	1	1070606500
1	5	1	1070606500
1	5	1	1086449238
1	6	1	1070606500
1	6	1	1086449285
1	6	1	1103619691
1	6	1	1103620146
1	6	1	1119696850
2	6	1	1137200385
1	7	1	1070606500
1	7	1	1086449256
1	7	1	1103619675
1	7	1	1103620122
1	7	1	1119696848
2	7	1	1137200908
1	8	1	1070606500
1	9	1	1070606500
1	9	1	1086449266
1	10	1	1070606500
1	10	1	1086449225
1	11	1	1070606500
1	11	1	1086449265
1	12	1	1070606500
1	12	1	1086449265
1	13	1	1070606500
1	13	1	1086449280
1	13	1	1103619688
1	13	1	1103620140
1	13	1	1119696850
2	13	1	1137200508
1	14	1	1070606500
1	14	1	1086449260
1	14	1	1103619679
1	14	1	1103620126
1	14	1	1119696849
2	14	1	1137198377
1	15	1	1070606500
1	15	1	1086449269
1	15	1	1103619684
1	15	1	1103620134
1	15	1	1119696849
2	15	1	1137200610
1	16	1	1070606500
1	16	1	1086449272
1	17	1	1070606500
1	17	1	1086449229
1	18	1	1077420150
1	19	1	1075371891
1	20	1	1086449216
1	21	1	1086449216
1	22	1	1086449216
1	23	1	1086449216
1	24	1	1086449216
1	25	1	1086449216
1	26	1	1086449216
1	27	1	1086449216
1	28	1	1086449216
1	29	1	1086449216
1	30	1	1086449216
1	31	1	1086449216
1	32	1	1086449216
1	33	1	1086449216
1	34	1	1086449216
1	35	1	1086449216
1	36	1	1086449216
1	37	1	1086449216
1	38	1	1086449216
1	39	1	1086449216
1	40	1	1086449216
1	41	1	1086449216
1	42	1	1086449216
1	43	1	1086449216
1	44	1	1086449216
1	45	1	1086449216
1	46	1	1086449216
1	47	1	1086449216
1	48	1	1086449216
1	49	1	1086449216
1	50	1	1086449216
1	51	1	1086449216
1	52	1	1086449216
1	53	1	1086449216
1	54	1	1086449216
1	55	1	1086449216
1	55	1	1103619686
1	55	1	1103620137
1	55	1	1119696850
2	55	1	1137200568
1	56	1	1086449216
1	57	1	1086449216
1	58	1	1086449216
1	59	1	1086449216
1	60	1	1086449216
1	61	1	1086449216
1	62	1	1086449216
1	63	1	1086449216
1	64	1	1086449216
1	65	1	1086449216
1	66	1	1086449216
1	67	1	1086449216
1	68	1	1086449216
1	69	1	1086449216
1	70	1	1086449216
1	71	1	1086449216
1	72	1	1086449216
1	73	1	1086449216
1	74	1	1086449216
1	75	1	1086449216
1	76	1	1086449216
1	77	1	1086449216
1	78	1	1086449216
1	79	1	1086449216
1	80	1	1086449216
1	81	1	1086449216
1	82	1	1086449216
1	83	1	1086449216
1	84	1	1086449216
1	85	1	1086449216
1	86	1	1086449216
1	87	1	1086449216
1	88	1	1086449216
1	89	1	1086449216
1	90	1	1086449216
1	91	1	1086449216
1	92	1	1086449216
1	93	1	1086449216
1	94	1	1086449216
1	95	1	1086449288
3	96	1	1087190064
3	97	1	1087190067
3	98	1	1087190067
3	99	1	1087190067
3	100	1	1087190067
3	101	1	1087190055
3	102	1	1087190056
3	103	1	1087190057
3	104	1	1087190057
3	105	1	1087190057
3	106	1	1087190057
3	107	1	1087190057
3	108	1	1087190057
3	109	1	1087190058
3	110	1	1087190058
3	111	1	1087190058
3	112	1	1087190058
3	113	1	1087190058
3	114	1	1087190058
3	115	1	1087190058
3	116	1	1087190058
3	117	1	1087190058
3	118	1	1087190059
3	119	1	1087190059
3	120	1	1087190059
3	121	1	1087190059
3	122	1	1087190059
3	123	1	1087190059
3	124	1	1087190059
3	125	1	1087190060
3	126	1	1087190060
3	127	1	1087190060
3	128	1	1087190060
3	129	1	1087190060
3	130	1	1087190060
3	131	1	1087190062
3	132	1	1087190063
3	133	1	1087190063
3	134	1	1087190067
3	135	1	1087190068
3	136	1	1087190068
3	137	1	1087190068
3	138	1	1087190068
3	139	1	1087190068
3	140	1	1087190068
3	141	1	1087190068
3	142	1	1087190068
3	143	1	1087190068
3	144	1	1087190069
3	145	1	1087190069
3	146	1	1087190069
3	147	1	1087190069
3	148	1	1087190069
3	149	1	1087190069
3	150	1	1087190069
3	151	1	1087190069
3	152	1	1087190069
3	153	1	1087190069
3	154	1	1087190070
3	155	1	1087190070
3	156	1	1087190070
3	157	1	1087190070
3	158	1	1087190070
3	159	1	1087190070
3	160	1	1087190070
3	161	1	1087190071
3	162	1	1087190071
3	163	1	1087190071
3	164	1	1087190071
3	165	1	1087190071
3	166	1	1087190071
3	167	1	1087190071
3	168	1	1087190072
3	169	1	1087190072
3	170	1	1087190072
2	171	1	1096170829
4	171	1	1145521999
5	171	1	1193353682
2	171	1	1193823467
2	171	1	1193823579
1	172	1	1103619649
1	173	1	1103619649
1	174	1	1103619649
1	175	1	1103619649
1	176	1	1103619649
1	177	1	1103619649
1	178	1	1103619649
1	179	1	1103619649
1	180	1	1103619649
1	181	1	1103619649
1	182	1	1103619649
1	183	1	1103619649
1	184	1	1103619649
1	185	1	1103619649
1	186	1	1103619649
1	187	1	1103619649
1	188	1	1103619649
1	189	1	1103619649
1	190	1	1103619649
1	191	1	1103619649
1	192	1	1103619649
1	193	1	1103619649
1	194	1	1103619649
1	195	1	1103619649
1	196	1	1103619649
1	197	1	1103619649
1	198	1	1103619649
1	199	1	1103619649
1	200	1	1103619649
1	201	1	1103619649
1	202	1	1103619649
1	203	1	1103619649
1	204	1	1103619649
1	205	1	1103619649
1	206	1	1103619649
1	207	1	1103619649
1	208	1	1103619649
1	209	1	1103619649
1	210	1	1103619649
1	211	1	1103619649
1	212	1	1103619649
1	213	1	1103619649
1	214	1	1103619649
1	215	1	1103619649
1	216	1	1103619649
1	217	1	1103619649
1	218	1	1103619649
1	219	1	1103619649
1	220	1	1103619649
1	221	1	1103619649
1	222	1	1103619649
1	223	1	1103619649
1	224	1	1103619649
1	225	1	1103619649
1	226	1	1103619649
1	227	1	1103619649
1	228	1	1103619649
1	229	1	1103619649
1	230	1	1103619649
1	231	1	1103619649
1	232	1	1103619649
1	233	1	1103619649
1	234	1	1103619649
1	235	1	1103619649
1	236	1	1103619649
1	237	1	1103619649
1	238	1	1103619649
1	239	1	1103619649
1	240	1	1103619649
1	241	1	1103619649
1	242	1	1103619649
1	243	1	1103619649
1	244	1	1103619649
1	245	1	1103619649
1	246	1	1103619649
1	247	1	1103619649
1	248	1	1103619649
1	249	1	1103619649
1	250	1	1103619649
1	251	1	1103619649
1	252	1	1103619649
1	253	1	1103619649
1	254	1	1103619649
1	255	1	1103619649
1	256	1	1103619649
1	257	1	1103619649
1	258	1	1103619649
1	259	1	1103619649
1	260	1	1103619649
1	261	1	1103619649
1	262	1	1103619649
1	263	1	1103619649
1	264	1	1103619649
1	265	1	1103619649
1	266	1	1103619649
1	267	1	1103619649
1	268	1	1103619649
1	269	1	1103619649
1	270	1	1103619649
1	271	1	1103619649
1	272	1	1103619649
1	273	1	1103619649
1	274	1	1103619649
1	275	1	1103619649
1	276	1	1103619649
1	277	1	1103619649
1	278	1	1103619649
1	278	1	1103620099
1	278	1	1119696846
1	278	1	1122632347
1	278	1	1124492242
2	278	1	1137200474
1	279	1	1103619649
1	280	1	1103619649
1	281	1	1103619649
1	282	1	1103619649
1	283	1	1103619649
1	284	1	1103619649
1	285	1	1103619649
1	286	1	1103619649
1	287	1	1103619649
1	288	1	1103619649
1	289	1	1103619649
1	290	1	1103619649
1	291	1	1103619649
1	292	1	1103619649
1	293	1	1103619649
1	294	1	1103619649
1	295	1	1103619649
1	296	1	1103619649
1	297	1	1103619649
1	298	1	1103619649
1	299	1	1103619649
1	300	1	1103619649
1	301	1	1103619649
1	302	1	1103619649
1	303	1	1103619649
1	304	1	1103619649
1	305	1	1103619649
1	306	1	1103619649
1	307	1	1103619649
1	308	1	1103619649
1	309	1	1103619649
1	310	1	1103619649
1	311	1	1103619649
1	312	1	1103619649
1	313	1	1103619649
1	314	1	1103619649
1	315	1	1103619649
1	316	1	1103619649
1	317	1	1103619649
1	318	1	1103619649
1	319	1	1103619649
1	320	1	1103619649
1	321	1	1103619649
1	322	1	1103619649
1	323	1	1103619649
1	324	1	1103619649
1	325	1	1103619649
1	326	1	1103619649
1	327	1	1103619649
1	328	1	1103619649
1	329	1	1103619649
1	330	1	1103619649
1	331	1	1103619649
1	332	1	1103619649
1	333	1	1103619649
1	334	1	1103619649
1	335	1	1103619649
1	336	1	1103619649
1	337	1	1103619649
1	338	1	1103619649
1	339	1	1103619649
1	340	1	1103619649
1	341	1	1103619649
1	342	1	1103619649
1	343	1	1103619649
1	344	1	1103619649
1	345	1	1103619649
1	346	1	1103619649
1	347	1	1103619649
1	348	1	1103619649
1	349	1	1103619649
1	350	1	1103619649
1	351	1	1103619649
1	352	1	1103619649
1	353	1	1103619649
1	354	1	1103619649
1	355	1	1103619649
1	356	1	1103619649
1	357	1	1103619649
1	358	1	1103619649
1	359	1	1103619649
1	360	1	1103619649
1	361	1	1103619649
1	362	1	1103619649
1	363	1	1103619649
1	364	1	1103619649
1	365	1	1103619649
1	366	1	1103619649
1	367	1	1103619649
1	368	1	1103619649
1	369	1	1103619649
1	370	1	1103619649
1	371	1	1103619649
1	372	1	1103619649
1	373	1	1103619649
1	374	1	1103619649
1	375	1	1103619649
1	376	1	1103619649
1	377	1	1103619649
1	378	1	1103619649
1	379	1	1103619649
1	380	1	1103619649
1	381	1	1103619649
1	382	1	1103619649
1	383	1	1103619649
1	384	1	1103619649
1	385	1	1103619649
1	386	1	1103619649
1	387	1	1103619649
1	388	1	1103619649
1	389	1	1103619649
1	390	1	1103619649
1	391	1	1103619649
1	392	1	1103619649
1	393	1	1103619649
1	394	1	1103619649
1	395	1	1103619649
1	396	1	1103619649
1	397	1	1103619649
1	398	1	1103619649
1	399	1	1103619649
1	400	1	1103619649
1	401	1	1103619649
1	402	1	1103619649
1	403	1	1103619649
1	404	1	1103619649
1	405	1	1103619649
1	406	1	1103619649
1	407	1	1103619649
1	408	1	1103619649
1	409	1	1103619649
1	410	1	1103619649
1	411	1	1103619649
1	412	1	1103619649
1	413	1	1103619649
1	414	1	1103619649
1	415	1	1103619649
1	416	1	1103619649
1	417	1	1103619649
1	418	1	1103619649
1	419	1	1103619649
1	420	1	1103619649
1	421	1	1103619649
1	422	1	1103619649
1	423	1	1103619649
1	424	1	1103619649
1	425	1	1103619649
1	426	1	1103619649
1	427	1	1103619649
1	428	1	1103619649
1	429	1	1103619649
1	430	1	1103619649
1	431	1	1103619649
1	432	1	1103619649
1	433	1	1103619649
1	434	1	1103619649
1	435	1	1103619649
1	436	1	1103619649
1	437	1	1103619649
1	438	1	1103619649
1	439	1	1103619649
1	440	1	1103619649
1	441	1	1103619649
1	442	1	1103619649
1	443	1	1103619649
1	444	1	1103619649
1	445	1	1103619649
1	446	1	1103619649
1	447	1	1103619649
1	448	1	1103619649
1	449	1	1103619649
1	450	1	1103619649
1	451	1	1103619649
1	452	1	1103619649
1	453	1	1103619649
1	454	1	1103619649
1	455	1	1103619649
1	456	1	1103619649
1	457	1	1103619649
1	458	1	1103619649
1	459	1	1103619649
1	460	1	1103619649
1	461	1	1103619649
1	462	1	1103619649
1	463	1	1103619649
1	464	1	1103619649
1	465	1	1103619649
1	466	1	1103619649
1	467	1	1103619649
1	468	1	1103619649
1	469	1	1103619649
1	470	1	1103619649
1	471	1	1103619649
1	472	1	1103619649
1	473	1	1103619649
1	474	1	1103619649
1	475	1	1103619649
1	476	1	1103619649
1	477	1	1103619649
1	478	1	1103619649
1	479	1	1103619649
1	480	1	1103619649
1	481	1	1103619649
1	482	1	1103619649
1	483	1	1103619649
1	484	1	1103619649
1	485	1	1103619649
1	486	1	1103619649
1	487	1	1103619649
1	488	1	1103619649
1	489	1	1103619649
1	490	1	1103619649
1	491	1	1103619649
1	492	1	1103619649
1	493	1	1103619649
1	494	1	1103619649
1	495	1	1103619649
1	496	1	1103619649
1	497	1	1103619649
1	498	1	1103619649
1	499	1	1103619649
1	500	1	1103619649
1	501	1	1103619649
1	502	1	1103619649
1	503	1	1103619649
1	504	1	1103619649
1	505	1	1103619649
1	506	1	1103619649
1	507	1	1103619649
1	508	1	1103619649
1	509	1	1103619649
1	510	1	1103619649
1	511	1	1103619649
1	512	1	1103619649
1	513	1	1103619649
1	514	1	1103619649
1	515	1	1103619649
1	516	1	1103619649
1	517	1	1103619649
1	518	1	1103619649
1	519	1	1103619649
1	520	1	1103619649
1	521	1	1103619649
1	522	1	1103619649
1	523	1	1103619649
1	524	1	1103619649
1	525	1	1103619649
1	526	1	1103619649
1	527	1	1103619649
1	528	1	1103619649
1	529	1	1103619649
1	530	1	1103619649
1	531	1	1103619649
1	532	1	1103619649
1	533	1	1103619649
1	534	1	1103619649
1	535	1	1103619649
1	536	1	1103619649
1	537	1	1103619649
1	538	1	1103619649
1	539	1	1103619649
1	540	1	1103619649
1	541	1	1103619649
1	542	1	1103619649
1	543	1	1103619649
1	544	1	1103619649
1	545	1	1103619649
1	546	1	1103619649
1	547	1	1103619649
1	548	1	1103619649
1	549	1	1103619649
1	550	1	1103619649
1	551	1	1103619649
1	552	1	1103619649
1	553	1	1103619649
1	554	1	1103619649
1	555	1	1103619649
1	556	1	1103619649
1	557	1	1103619649
1	558	1	1103619649
1	559	1	1103619649
1	560	1	1103619649
1	561	1	1103619649
1	562	1	1103619649
1	563	1	1103619649
1	564	1	1103619649
1	565	1	1103619649
1	566	1	1103619649
1	567	1	1103619649
1	568	1	1103619649
1	569	1	1103619649
1	570	1	1103619649
1	571	1	1103619649
1	572	1	1103619649
1	573	1	1103619649
1	574	1	1103619649
1	575	1	1103619649
1	576	1	1103619649
1	577	1	1103619649
1	578	1	1103619649
1	579	1	1103619649
1	580	1	1103619649
1	581	1	1103619649
1	582	1	1103619649
1	583	1	1103619649
1	584	1	1103619649
1	585	1	1103619649
1	586	1	1103619649
1	587	1	1103619649
1	588	1	1103619649
1	589	1	1103619649
1	590	1	1103619649
1	591	1	1103619649
1	592	1	1103619649
1	593	1	1103619649
1	594	1	1103619649
1	595	1	1103619649
1	596	1	1103619649
1	597	1	1103619649
1	598	1	1103619649
1	599	1	1103619649
1	600	1	1103619649
1	601	1	1103619649
1	602	1	1103619649
1	603	1	1103619649
1	604	1	1103619649
1	605	1	1103619649
1	606	1	1103619649
1	607	1	1103619649
1	608	1	1103619649
1	609	1	1103619649
1	610	1	1103619649
1	611	1	1103619649
1	612	1	1103619649
1	613	1	1103619649
1	614	1	1103619649
1	615	1	1103619649
1	616	1	1103619649
1	617	1	1103619649
1	618	1	1103619649
1	619	1	1103619649
1	620	1	1103619649
1	621	1	1103619649
1	622	1	1103619649
1	623	1	1103619649
1	624	1	1103619649
1	625	1	1103619649
1	626	1	1103619649
1	627	1	1103619649
1	628	1	1103619649
1	629	1	1103619649
1	630	1	1103619649
1	631	1	1103619649
1	632	1	1103619649
1	633	1	1103619649
1	634	1	1103619649
1	635	1	1103619649
1	636	1	1103619649
1	637	1	1103619649
1	638	1	1103619649
1	639	1	1103619649
1	640	1	1103619649
1	641	1	1103619649
1	642	1	1103619649
1	643	1	1103619649
1	644	1	1103619649
1	645	1	1103619649
1	646	1	1103619649
1	647	1	1103619649
1	648	1	1103619649
1	649	1	1103619649
1	650	1	1103619649
1	651	1	1103619649
1	652	1	1103619649
1	653	1	1103619649
1	654	1	1103619649
1	655	1	1103619649
1	656	1	1103619649
1	657	1	1103619649
1	658	1	1103619649
1	659	1	1103619649
1	660	1	1103619649
1	661	1	1103619649
1	662	1	1103619649
1	663	1	1103619649
1	664	1	1103619649
1	665	1	1103619649
1	666	1	1103619649
1	667	1	1103619649
1	668	1	1103619649
1	669	1	1103619649
1	670	1	1103619649
1	671	1	1103619649
1	672	1	1103619649
1	673	1	1103619649
1	674	1	1103619649
1	675	1	1103619649
1	676	1	1103619649
1	677	1	1103619649
1	678	1	1103619649
1	679	1	1103619649
1	680	1	1103619649
1	681	1	1103619649
1	682	1	1103619649
1	683	1	1103619649
1	684	1	1103619649
1	685	1	1103619649
1	686	1	1103619649
1	687	1	1103619649
1	688	1	1103619649
1	689	1	1103619649
1	690	1	1103619649
1	691	1	1103619649
1	692	1	1103619649
1	693	1	1103619649
1	694	1	1103619649
1	695	1	1103619649
1	696	1	1103619649
1	697	1	1103619649
1	698	1	1103619649
1	699	1	1103619649
1	700	1	1103619649
1	701	1	1103619649
1	702	1	1103619649
1	703	1	1103619649
1	704	1	1103619649
1	705	1	1103619649
1	706	1	1103619649
1	707	1	1103619649
1	708	1	1103619649
1	709	1	1103619649
1	710	1	1103619649
1	711	1	1103619649
1	712	1	1103619649
1	713	1	1103619649
1	714	1	1103619649
1	715	1	1103619649
1	716	1	1103619649
1	717	1	1103619649
1	718	1	1103619649
1	719	1	1103619649
1	720	1	1103619649
1	721	1	1103619649
1	722	1	1103619649
1	723	1	1103619649
1	724	1	1103619649
1	725	1	1103619649
1	726	1	1103619649
1	727	1	1103619649
1	728	1	1103619649
1	729	1	1103619649
1	730	1	1103619649
1	731	1	1103619649
1	732	1	1103619649
1	733	1	1103619649
1	734	1	1103619649
1	735	1	1103619649
1	736	1	1103619649
1	737	1	1103619649
1	738	1	1103619649
1	739	1	1103619649
1	740	1	1103619649
1	741	1	1103619649
1	742	1	1103619649
1	743	1	1103619649
1	744	1	1103619649
1	745	1	1103619649
1	746	1	1103619649
1	747	1	1103619649
1	748	1	1103619649
1	749	1	1103619649
1	750	1	1103619649
1	751	1	1103619649
1	752	1	1103619649
1	753	1	1103619649
1	754	1	1103619649
1	755	1	1103619649
1	756	1	1103619649
1	757	1	1103619649
1	758	1	1103619649
1	759	1	1103619649
1	760	1	1103619649
1	761	1	1103619649
1	762	1	1103619649
1	763	1	1103619649
1	764	1	1103619649
1	765	1	1103619649
1	766	1	1103619649
1	767	1	1103619649
1	768	1	1103619649
1	769	1	1103619649
1	770	1	1103619649
1	771	1	1103619649
1	772	1	1103619649
1	773	1	1103619649
1	774	1	1103619649
1	775	1	1103619649
1	776	1	1103619649
1	777	1	1103619649
1	778	1	1103619649
1	779	1	1103619649
1	780	1	1103619649
1	781	1	1103619649
1	782	1	1103619649
1	783	1	1103619649
1	784	1	1103619649
1	785	1	1103619649
1	786	1	1103619649
1	787	1	1103619649
1	788	1	1103619649
1	789	1	1103619649
1	790	1	1103619649
1	791	1	1103619649
1	792	1	1103619649
1	793	1	1103619649
1	794	1	1103619649
1	795	1	1103619649
1	796	1	1103619649
1	797	1	1103619649
1	798	1	1103619649
1	799	1	1103619649
1	800	1	1103619649
1	801	1	1103619649
1	802	1	1103619649
1	803	1	1103619649
1	804	1	1103619649
1	805	1	1103619649
1	806	1	1103619649
1	807	1	1103619649
1	808	1	1103619649
1	809	1	1103619649
1	810	1	1103619649
1	811	1	1103619649
1	812	1	1103619649
1	813	1	1103619649
1	814	1	1103619649
1	815	1	1103619649
1	816	1	1103619649
1	817	1	1103619649
1	818	1	1103619649
1	819	1	1103619649
1	820	1	1103619649
1	821	1	1103619649
1	822	1	1103619649
1	823	1	1103619649
1	824	1	1103619649
1	825	1	1103619649
1	826	1	1103619649
1	827	1	1103619649
1	828	1	1103619649
1	829	1	1103619649
1	830	1	1103619649
1	831	1	1103619649
1	832	1	1103619649
1	833	1	1103619649
1	834	1	1103619649
1	835	1	1103619649
1	836	1	1103619649
1	837	1	1103619649
1	838	1	1103619649
1	839	1	1103619649
1	840	1	1103619649
1	841	1	1103619649
1	842	1	1103619649
1	843	1	1103619649
1	844	1	1103619649
1	845	1	1103619649
1	846	1	1103619649
1	847	1	1103619649
1	848	1	1103619649
1	849	1	1103619649
1	850	1	1103619649
1	851	1	1103619649
1	852	1	1103619649
1	853	1	1103619649
1	854	1	1103619649
1	855	1	1103619649
1	856	1	1103619649
1	857	1	1103619649
1	858	1	1103619649
1	859	1	1103619649
1	860	1	1103619649
1	861	1	1103619649
1	862	1	1103619649
1	862	1	1103620133
1	862	1	1119696849
2	862	1	1137198939
1	863	1	1103619649
1	864	1	1103619649
1	865	1	1103619649
1	866	1	1103619649
1	867	1	1103619649
1	868	1	1103619649
1	869	1	1103619649
1	870	1	1103619649
1	871	1	1103619649
1	872	1	1103619649
1	873	1	1103619649
1	874	1	1103619649
1	875	1	1103619649
1	876	1	1103619649
1	877	1	1103619649
1	878	1	1103619649
1	879	1	1103619649
1	880	1	1103619649
1	881	1	1103619649
1	882	1	1103619649
1	883	1	1103619649
1	884	1	1103619649
1	885	1	1103619649
1	886	1	1103619649
1	887	1	1103619649
1	888	1	1103619649
1	889	1	1103619649
1	890	1	1103619649
1	891	1	1103619649
1	892	1	1103619649
1	893	1	1103619649
1	894	1	1103619649
1	895	1	1103619649
1	896	1	1103619649
1	897	1	1103619649
1	898	1	1103619649
1	899	1	1103619649
1	900	1	1103619649
1	901	1	1103619649
1	902	1	1103619649
1	903	1	1103619649
1	904	1	1103619649
1	905	1	1103619649
1	906	1	1103619649
1	907	1	1103619649
1	908	1	1103619649
1	909	1	1103619649
1	910	1	1103619649
1	911	1	1103619649
1	912	1	1103619649
1	913	1	1103619649
1	914	1	1103619649
1	915	1	1103619649
1	916	1	1103619649
1	917	1	1103619649
1	918	1	1103619649
1	919	1	1103619649
1	920	1	1103619649
1	921	1	1103619649
1	922	1	1103619649
1	923	1	1103619649
1	924	1	1103619649
1	925	1	1103619649
1	926	1	1103619649
1	927	1	1103619649
1	928	1	1103619649
1	929	1	1103619649
1	930	1	1103619649
1	931	1	1103619649
1	932	1	1103619649
1	933	1	1103619649
1	934	1	1103619649
1	935	1	1103619649
1	936	1	1103619649
1	937	1	1103619649
1	938	1	1103619649
1	939	1	1103619649
1	940	1	1103619649
1	941	1	1103619649
1	942	1	1103619649
1	943	1	1103619649
1	944	1	1103619649
1	945	1	1103619649
1	946	1	1103619649
1	947	1	1103619649
1	948	1	1103619649
1	949	1	1103619649
1	950	1	1103619649
1	951	1	1103619649
1	952	1	1103619649
1	953	1	1103619649
1	954	1	1103619649
1	955	1	1103619649
1	956	1	1103619649
1	957	1	1103619649
1	958	1	1103619649
1	959	1	1103619649
1	960	1	1103619649
1	961	1	1103619649
1	962	1	1103619649
1	963	1	1103619649
1	964	1	1103619649
1	965	1	1103619649
1	966	1	1103619649
1	967	1	1103619649
1	968	1	1103619649
1	969	1	1103619649
1	970	1	1103619649
1	971	1	1103619649
1	972	1	1103619649
1	973	1	1103619649
1	974	1	1103619649
1	975	1	1103619649
1	976	1	1103619649
1	977	1	1103619649
1	978	1	1103619649
1	979	1	1103619649
1	980	1	1103619649
1	981	1	1103619649
1	982	1	1103619649
1	983	1	1103619649
1	984	1	1103619649
1	985	1	1103619649
1	986	1	1103619649
1	987	1	1103619649
1	988	1	1103619649
1	989	1	1103619649
1	990	1	1103619649
1	991	1	1103619649
1	992	1	1103619649
1	993	1	1103619649
1	994	1	1103619649
1	995	1	1103619649
1	996	1	1103619649
1	997	1	1103619649
1	998	1	1103619649
1	999	1	1103619649
1	1000	1	1103619649
1	1001	1	1103619649
1	1002	1	1103619649
1	1003	1	1103619649
1	1004	1	1103619649
1	1005	1	1103619649
1	1006	1	1103619649
1	1007	1	1103619649
1	1008	1	1103619649
1	1009	1	1103619649
1	1010	1	1103619649
1	1011	1	1103619649
1	1012	1	1103619649
1	1013	1	1103619649
1	1014	1	1103619649
1	1015	1	1103619649
1	1016	1	1103619649
1	1017	1	1103619649
1	1018	1	1103619649
1	1019	1	1103619649
1	1020	1	1103619649
1	1021	1	1103619649
1	1022	1	1103619649
1	1023	1	1103619649
1	1024	1	1103619649
1	1025	1	1103619649
1	1026	1	1103619649
1	1027	1	1103619649
1	1028	1	1103619649
1	1029	1	1103619649
1	1030	1	1103619649
1	1031	1	1103619649
1	1032	1	1103619649
1	1033	1	1103619649
1	1034	1	1103619649
1	1035	1	1103619649
1	1036	1	1103619649
1	1037	1	1103619649
1	1038	1	1103619649
1	1039	1	1103619649
1	1040	1	1103619649
1	1041	1	1103619649
1	1042	1	1103619649
1	1043	1	1103619649
1	1044	1	1103619649
1	1045	1	1103619649
1	1046	1	1103619649
1	1047	1	1103619649
1	1048	1	1103619649
1	1049	1	1103619649
1	1050	1	1103619649
1	1051	1	1103619649
1	1052	1	1103619649
1	1053	1	1103619649
1	1054	1	1103619649
1	1055	1	1103619649
1	1056	1	1103619649
1	1057	1	1103619649
1	1058	1	1103619649
1	1059	1	1103619649
1	1060	1	1103619649
1	1061	1	1103619649
1	1062	1	1103619649
1	1063	1	1103619649
1	1064	1	1103619649
1	1065	1	1103619649
1	1066	1	1103619649
1	1067	1	1103619649
1	1068	1	1103619649
1	1069	1	1103619649
1	1070	1	1103619649
1	1071	1	1103619649
1	1072	1	1103619649
1	1073	1	1103619649
1	1074	1	1103619649
1	1075	1	1103619649
1	1076	1	1103619649
1	1077	1	1103619649
1	1078	1	1103619649
1	1079	1	1103619649
1	1080	1	1103619649
1	1081	1	1103619649
1	1082	1	1103619649
1	1083	1	1103619649
1	1084	1	1103619649
1	1085	1	1103619649
1	1086	1	1103619649
1	1087	1	1103619649
1	1088	1	1103619649
3	1089	1	1103619997
3	1090	1	1103620004
3	1091	1	1103620054
3	1092	1	1103620054
3	1093	1	1103620055
3	1094	1	1103620066
3	1095	1	1103619975
3	1096	1	1103619989
6	1097	1	1114164039
6	1097	1	1114165105
6	1097	1	1114185018
6	1097	1	1114185739
7	1097	1	1429212708
8	1098	1	1132917148
8	1098	1	1136981879
8	1098	1	1231414200
9	1099	1	1133592450
10	1100	1	1134190847
10	1101	1	1134190861
11	1102	1	1135396572
11	1103	1	1135640980
9	1104	1	1135919959
5	1105	1	1136362588
5	1106	1	1136362680
2	1107	1	1137197976
2	1108	1	1137198008
2	1108	1	1176480652
2	1108	1	1176480965
2	1108	1	1204680415
2	1108	1	1204680439
2	1108	1	1204680495
2	1108	1	1204680525
2	1109	1	1137198432
2	1110	1	1137198465
2	1111	1	1137198507
2	1112	1	1137198588
2	1113	1	1137198616
2	1113	1	1137198640
2	1114	1	1137198759
2	1115	1	1137198865
2	1116	1	1137198889
12	1117	1	1137355480
12	1117	1	1137355534
2	1117	1	1137360394
7	1117	1	1429212712
13	1118	1	1137745775
14	1119	1	1138203684
4	1120	1	1138969924
4	1120	1	1138971847
4	1120	1	1138971863
4	1120	1	1142504500
4	1120	1	1142504731
4	1120	1	1142504781
4	1120	1	1142504972
4	1120	1	1142505034
4	1120	1	1142505066
2	1120	1	1144060564
4	1120	1	1145522117
7	1120	1	1429212708
15	1121	1	1140690337
15	1121	1	1140690367
7	1121	1	1429212708
2	1122	1	1144060321
2	1122	1	1144060426
2	1122	1	1146106186
2	1122	1	1146106234
2	1122	1	1146106312
16	1122	1	1426616301
7	1122	1	1429212708
16	1122	1	1429212936
17	1123	1	1150575887
17	1124	1	1150575907
18	1125	1	1151848923
19	1126	1	1157734332
20	1126	1	1225272165
21	1127	1	1160224440
1	1128	1	1161794933
2	1128	1	1163359991
2	1128	1	1163361560
22	1129	1	1166479451
22	1130	1	1166479476
20	1131	1	1182665893
20	1131	1	1329623253
2	1132	1	1185219836
2	1133	1	1185317519
23	1134	1	1185854136
23	1135	1	1185854326
24	1136	1	1186421032
25	1137	1	1188420363
25	1138	1	1188420910
25	1139	1	1188420958
26	1140	1	1190313141
25	1141	1	1191097839
27	1142	1	1191513382
28	1143	1	1192528890
28	1143	1	1198974352
29	1144	1	1196573460
30	1145	1	1197973794
31	1146	1	1200367139
31	1147	1	1200367142
32	1148	1	1200940290
32	1149	1	1200940297
33	1150	1	1203207294
34	1151	1	1204496531
34	1151	1	1223507051
35	1152	1	1206566328
2	1153	1	1208629655
2	1153	1	1208629686
2	1153	1	1208635277
2	1153	1	1208635465
2	1153	1	1208653146
2	1153	1	1209084251
2	1153	1	1209084270
20	1153	1	1264131621
2	1154	1	1208630866
2	1155	1	1208629589
2	1155	1	1208635393
2	1155	1	1208635409
2	1155	1	1208635620
2	1155	1	1209084187
2	1155	1	1215031983
20	1155	1	1264131658
20	1155	1	1329621948
27	1155	1	1371095298
36	1155	1	1410352760
2	1156	1	1208633839
2	1157	1	1208634788
2	1158	1	1208634851
2	1158	1	1208634908
2	1158	1	1208635336
2	1158	1	1209084155
2	1159	1	1208635364
2	1159	1	1209084108
2	1159	1	1211929951
2	1159	1	1211930155
2	1160	1	1208635715
37	1160	1	1216670925
20	1161	1	1225175459
20	1162	1	1225345423
20	1163	1	1225411043
20	1164	1	1225437034
32	1164	1	1236650704
20	1165	1	1225532702
20	1166	1	1225587335
20	1167	1	1225683327
20	1168	1	1225774584
20	1169	1	1225864138
20	1170	1	1226547635
20	1171	1	1227254204
20	1172	1	1227887061
20	1173	1	1234152921
20	1174	1	1234568536
20	1175	1	1235212179
20	1176	1	1235277809
20	1177	1	1235281654
20	1178	1	1237618369
20	1179	1	1239507992
20	1180	1	1239580979
20	1181	1	1239584504
20	1182	1	1240010221
20	1183	1	1240017973
20	1184	1	1240082776
20	1185	1	1240090377
38	1186	1	1240692822
39	1187	1	1243470013
39	1188	1	1243470041
39	1188	1	1243470050
20	1189	1	1251840147
20	1190	1	1252737727
20	1191	1	1252746417
20	1192	1	1252817974
35	1193	1	1264308819
40	1194	1	1269501314
41	1194	1	1309675847
41	1194	1	1324471539
42	1195	1	1293735436
43	1196	1	1313488949
20	1197	1	1421020140
20	1198	1	1424394379
44	1198	1	1438202021
20	1199	1	1424584093
44	1199	1	1438202021
20	1200	1	1424586167
16	1201	1	1426616287
7	1201	1	1429212707
16	1201	1	1429212936
16	1202	1	1426616287
7	1202	1	1429212708
16	1202	1	1429212936
16	1203	1	1426616288
7	1203	1	1429212709
16	1203	1	1429212936
16	1204	1	1426616288
7	1204	1	1429212707
16	1204	1	1429212936
16	1205	1	1426616300
16	1206	1	1426616300
16	1207	1	1426616301
7	1207	1	1429212708
16	1207	1	1429212936
16	1208	1	1426616301
7	1208	1	1429212708
16	1208	1	1429212936
16	1209	1	1426616301
7	1209	1	1429212708
16	1209	1	1429212936
16	1210	1	1426616301
7	1210	1	1429212708
16	1210	1	1429212936
16	1211	1	1426616301
7	1211	1	1429212712
16	1211	1	1429212936
16	1212	1	1426616301
7	1212	1	1429212712
16	1212	1	1429212936
16	1213	1	1426616301
7	1213	1	1429212712
16	1213	1	1429212936
16	1214	1	1426616301
7	1214	1	1429212712
16	1214	1	1429212936
16	1215	1	1426616301
7	1215	1	1429212712
16	1215	1	1429212936
20	1216	1	1426643546
44	1217	1	1438202023
44	1218	1	1438202023
45	1219	1	1438644556
45	1220	1	1443815545
45	1221	1	1443815545
45	1222	1	1443815546
45	1223	1	1443815546
45	1224	1	1443815546
45	1225	1	1443815546
45	1226	1	1443815546
