% bip positive
1	1	1	1123527403
2	1	1	1143799058
3	1	1	1352587519
1	2	1	1123527555
2	2	1	1143801917
3	2	1	1357933031
1	3	1	1123528063
2	3	1	1143801618
3	3	1	1362153311
3	3	1	1362483097
1	4	1	1123528348
2	4	1	1143801742
3	4	1	1362563786
1	5	1	1123529763
2	5	1	1143801734
4	5	1	1297204660
1	6	1	1123530086
2	6	1	1143801354
3	6	1	1376296895
5	6	1	1389642865
1	7	1	1123858033
2	7	1	1143800558
3	7	1	1377726425
1	8	1	1123858713
2	8	1	1143801066
3	8	1	1471899693
1	9	1	1123859339
2	9	1	1143801074
2	9	1	1143801156
3	9	1	1380149497
3	9	1	1460197348
1	10	1	1123860198
2	10	1	1132080290
2	10	1	1143800846
3	10	1	1357658190
1	11	1	1123860348
6	11	1	1132050195
6	11	1	1132052083
2	11	1	1132080127
2	11	1	1143800858
3	11	1	1361340287
1	12	1	1123868093
6	12	1	1132050198
6	12	1	1132052092
2	12	1	1132080121
2	12	1	1143800873
2	12	1	1208853578
2	12	1	1210283676
2	12	1	1210686672
2	12	1	1210686688
7	12	1	1338055497
3	12	1	1361695705
1	13	1	1123868301
6	13	1	1132050202
6	13	1	1132052099
2	13	1	1132080109
2	13	1	1143800801
8	13	1	1238768336
9	13	1	1318688961
3	13	1	1363611216
3	13	1	1443825226
10	13	1	1467037088
1	14	1	1123870442
2	14	1	1132148199
2	14	1	1143852431
2	14	1	1191395118
3	14	1	1359086740
1	15	1	1123870640
2	15	1	1132148188
2	15	1	1143799124
3	15	1	1359182752
1	16	1	1123870712
2	16	1	1132148179
2	16	1	1143799147
3	16	1	1360907300
1	17	1	1123870791
2	17	1	1132148286
2	17	1	1143852438
3	17	1	1361284848
1	18	1	1123870901
2	18	1	1132147937
2	18	1	1132148288
2	18	1	1143852449
11	18	1	1229643805
12	18	1	1267824043
3	18	1	1362483158
1	19	1	1123871270
2	19	1	1132148293
2	19	1	1143852460
3	19	1	1377885410
1	20	1	1123871467
2	20	1	1132148448
2	20	1	1143852471
3	20	1	1362918409
1	21	1	1123871758
2	21	1	1132148456
2	21	1	1143852482
3	21	1	1365527683
1	22	1	1123871861
2	22	1	1132148463
2	22	1	1143852490
3	22	1	1363166015
1	23	1	1123872050
2	23	1	1132148474
2	23	1	1143852498
3	23	1	1363008673
1	24	1	1123872539
2	24	1	1132148510
2	24	1	1143852552
3	24	1	1365023981
6	25	1	1131982342
6	25	1	1131982752
2	25	1	1132150483
2	25	1	1159876125
11	25	1	1216598776
13	25	1	1321020179
3	25	1	1351788840
14	25	1	1381779785
3	25	1	1447473302
6	26	1	1131981715
6	26	1	1131982965
3	26	1	1424142602
6	27	1	1131982199
6	27	1	1131982932
3	27	1	1424049873
6	28	1	1131982310
6	28	1	1131983209
3	28	1	1424233031
6	29	1	1131981740
6	29	1	1131982995
3	29	1	1424322871
6	30	1	1131981757
6	30	1	1131983017
11	30	1	1235905599
3	30	1	1424405843
3	31	1	1456877369
3	32	1	1456971414
3	33	1	1457057271
3	34	1	1457140495
3	35	1	1457238879
3	36	1	1457320931
6	37	1	1131983181
3	37	1	1424482615
6	38	1	1132049962
6	38	1	1132066234
2	38	1	1143800823
2	38	1	1144159396
2	38	1	1201787996
11	38	1	1216598917
15	38	1	1389033184
3	38	1	1441764417
3	38	1	1453619660
2	39	1	1132063574
6	39	1	1132063737
2	39	1	1132151255
2	39	1	1132564375
2	39	1	1143802753
2	39	1	1143804957
2	39	1	1160216585
2	39	1	1161155132
16	39	1	1163083308
2	39	1	1163162756
2	39	1	1170856734
17	39	1	1217523802
2	39	1	1217533222
18	39	1	1217709093
2	39	1	1217713574
2	39	1	1218011173
19	39	1	1243267921
11	39	1	1243279930
3	39	1	1256395927
20	39	1	1287637640
20	39	1	1326645226
20	39	1	1326662338
20	39	1	1329059902
21	39	1	1329409469
22	39	1	1333450885
20	39	1	1338600165
20	39	1	1338921543
20	39	1	1339835717
20	39	1	1342729467
20	39	1	1346897526
20	39	1	1347284249
20	39	1	1350357156
20	39	1	1350494300
3	39	1	1352032197
20	39	1	1357679816
20	39	1	1358610077
20	39	1	1359579077
20	39	1	1361322257
23	39	1	1361474646
3	39	1	1361789811
24	39	1	1361824228
23	39	1	1362344256
23	39	1	1362392894
23	39	1	1362736583
20	39	1	1363206095
20	39	1	1366780720
20	39	1	1367024427
25	39	1	1367027049
20	39	1	1367294902
20	39	1	1367348270
20	39	1	1369084258
20	39	1	1370311401
20	39	1	1371963585
20	39	1	1372942559
26	39	1	1372951439
20	39	1	1374587161
27	39	1	1374598541
20	39	1	1377027610
3	39	1	1377125341
20	39	1	1379992217
3	39	1	1380382053
3	39	1	1380735563
20	39	1	1380913983
20	39	1	1381265436
20	39	1	1383683843
20	39	1	1384818611
28	39	1	1389733675
28	39	1	1389854821
28	39	1	1390830714
2	39	1	1392677422
28	39	1	1392813027
28	39	1	1393020024
28	39	1	1393358058
28	39	1	1393616659
28	39	1	1394747758
28	39	1	1396307088
28	39	1	1399964344
28	39	1	1400880580
28	39	1	1403214876
28	39	1	1408642515
28	39	1	1408659314
28	39	1	1409676741
28	39	1	1410279778
29	39	1	1410282792
28	39	1	1414346693
28	39	1	1415986491
28	39	1	1425249221
28	39	1	1425499299
3	39	1	1426078963
28	39	1	1426276002
28	39	1	1428682330
28	39	1	1429592830
28	39	1	1430711363
28	39	1	1431530370
28	39	1	1431883750
28	39	1	1433167805
28	39	1	1433533602
28	39	1	1433546568
28	39	1	1434751252
28	39	1	1437714474
3	39	1	1437973754
28	39	1	1438386172
28	39	1	1438391744
3	39	1	1438409334
3	39	1	1438959926
28	39	1	1439939332
28	39	1	1439950116
3	39	1	1440893920
28	39	1	1441217560
28	39	1	1441399974
3	39	1	1441414223
28	39	1	1442955723
28	39	1	1443459379
28	39	1	1443470419
3	39	1	1443552751
28	39	1	1447106281
28	39	1	1447152481
23	39	1	1447791027
23	39	1	1447791099
23	39	1	1447791556
28	39	1	1447796608
28	39	1	1448488070
28	39	1	1448980693
30	39	1	1449238323
3	39	1	1449630681
30	39	1	1449660833
28	39	1	1450472289
28	39	1	1450475891
3	39	1	1451266955
28	39	1	1451958546
28	39	1	1453143996
3	39	1	1454979034
28	39	1	1460927292
31	39	1	1465230516
28	39	1	1470765784
32	39	1	1471444503
28	39	1	1473692902
28	39	1	1475266287
28	39	1	1475717735
28	39	1	1479081564
28	39	1	1479082293
28	39	1	1481743917
33	39	1	1486916384
28	39	1	1487190683
28	39	1	1489088625
28	39	1	1489813749
28	39	1	1491536189
28	39	1	1491932025
28	39	1	1493838897
28	39	1	1494254474
28	39	1	1494945883
28	39	1	1494968958
28	39	1	1495573540
34	39	1	1496338380
2	40	1	1132134082
2	40	1	1143800773
3	40	1	1376674491
3	40	1	1378447715
2	41	1	1132134104
2	41	1	1143804384
35	41	1	1199868007
2	41	1	1201788467
2	42	1	1132565128
2	42	1	1143804155
2	42	1	1144158811
11	42	1	1216632519
3	42	1	1447642659
36	43	1	1135881573
36	43	1	1135886425
2	43	1	1143324144
2	43	1	1143324190
2	43	1	1143324987
2	43	1	1143327501
2	43	1	1143803925
37	43	1	1165879456
2	43	1	1165908797
36	44	1	1135891906
2	44	1	1143324759
2	44	1	1143325023
2	44	1	1143327678
2	44	1	1143803823
36	45	1	1135894449
2	45	1	1143325257
2	45	1	1143325288
2	45	1	1143327468
2	45	1	1143803430
2	45	1	1159874366
36	46	1	1135898835
2	46	1	1143804116
2	46	1	1144159107
11	46	1	1216632628
38	46	1	1359071802
3	46	1	1447727190
36	47	1	1135899403
2	47	1	1143804323
2	47	1	1144159097
2	47	1	1170855848
2	47	1	1170855867
11	47	1	1216632746
39	47	1	1388325128
39	47	1	1394379960
3	47	1	1448669196
40	47	1	1480714263
36	48	1	1135903097
2	48	1	1143803815
36	49	1	1135903903
2	49	1	1143803425
36	50	1	1135904720
2	50	1	1143803818
36	51	1	1135905223
2	51	1	1143803428
41	53	1	1143666683
41	53	1	1151780896
2	53	1	1166773177
3	53	1	1349293584
41	54	1	1143666698
42	54	1	1150873255
43	54	1	1167421238
2	55	1	1143716785
2	55	1	1143738065
2	55	1	1143739027
2	55	1	1143802392
2	55	1	1143803570
2	55	1	1143804425
2	55	1	1143806643
2	55	1	1143854353
2	55	1	1145973931
2	55	1	1216598521
44	56	1	1143717980
44	56	1	1442549672
45	57	1	1143718621
45	57	1	1143719187
2	57	1	1143738807
45	57	1	1143787289
45	57	1	1143802052
45	57	1	1143802190
45	57	1	1143802387
45	57	1	1143802477
45	57	1	1143802501
45	57	1	1143802530
45	57	1	1143802564
45	57	1	1143802842
45	57	1	1143802920
2	57	1	1143802930
45	57	1	1143803548
2	57	1	1143805473
45	57	1	1143806425
45	57	1	1143806471
45	57	1	1143806558
45	57	1	1143806639
45	57	1	1143808317
45	57	1	1143808571
45	57	1	1143808715
45	57	1	1143809070
45	57	1	1143809103
45	57	1	1143809188
45	57	1	1143809260
45	57	1	1143814956
45	57	1	1143815966
45	57	1	1143816077
45	57	1	1143816246
45	57	1	1143818079
45	57	1	1144088932
45	57	1	1144603611
45	57	1	1169641990
45	57	1	1169643982
45	57	1	1169817840
45	57	1	1169818165
45	57	1	1170003605
45	57	1	1170003887
45	57	1	1170168513
45	57	1	1170168637
45	57	1	1170280779
45	57	1	1170319166
45	57	1	1170319452
45	57	1	1170325153
45	57	1	1170503616
46	57	1	1320515555
3	57	1	1348442353
3	57	1	1348442421
3	57	1	1348683297
3	57	1	1349430483
3	57	1	1349469566
3	57	1	1349478533
3	57	1	1349784462
45	57	1	1355397111
3	57	1	1355398050
47	57	1	1357144811
3	57	1	1423620119
45	57	1	1432733464
3	57	1	1452906530
45	58	1	1143718712
45	58	1	1170169416
45	58	1	1170409922
3	58	1	1455514727
45	59	1	1143718722
45	59	1	1144154236
2	59	1	1144154818
45	59	1	1144572727
2	59	1	1196088897
45	59	1	1197584439
2	60	1	1143739712
48	60	1	1143757984
45	60	1	1143796872
2	60	1	1143798453
49	60	1	1144203534
2	60	1	1159876706
2	60	1	1218011837
2	60	1	1218012304
11	60	1	1218036687
18	60	1	1218095483
18	60	1	1218113678
50	60	1	1218638220
51	60	1	1220702298
2	60	1	1232749012
3	60	1	1344118424
52	60	1	1344157966
50	60	1	1344367176
50	60	1	1344367208
7	60	1	1344371188
53	60	1	1344627661
18	60	1	1346580159
54	60	1	1348429981
3	60	1	1427149082
3	60	1	1456704811
2	60	1	1456851842
2	60	1	1476793008
3	60	1	1489595479
48	61	1	1143757768
3	61	1	1354841646
2	62	1	1143798814
2	62	1	1143853098
11	62	1	1216598968
15	62	1	1389032806
3	62	1	1441589589
3	62	1	1453713197
2	63	1	1143798945
2	63	1	1170412368
55	63	1	1393830489
3	63	1	1425377117
3	63	1	1474837130
2	64	1	1143799083
2	64	1	1144159390
2	64	1	1161155269
11	64	1	1216598711
15	64	1	1389032804
3	64	1	1442386605
3	64	1	1453801544
2	65	1	1143799628
2	65	1	1159875670
2	65	1	1165217101
2	65	1	1182323417
45	65	1	1198002797
3	65	1	1380879408
56	65	1	1444976590
3	65	1	1476013189
2	66	1	1143799898
2	66	1	1159869213
2	66	1	1161068802
2	66	1	1172824109
2	66	1	1172824467
2	66	1	1172824899
2	66	1	1172825111
39	66	1	1172825509
2	66	1	1172829546
2	66	1	1172878371
2	66	1	1181727029
2	66	1	1181727334
57	66	1	1181752027
2	66	1	1181807219
2	66	1	1182323505
2	66	1	1182323767
2	66	1	1182323935
2	66	1	1182324172
2	66	1	1182325898
2	66	1	1182325950
57	66	1	1182360669
2	66	1	1182409313
2	66	1	1186581269
2	66	1	1187771279
2	66	1	1197885325
45	66	1	1197897402
2	66	1	1197975252
45	66	1	1197975875
45	66	1	1197977339
58	66	1	1233127213
2	66	1	1233346187
59	66	1	1235667131
2	66	1	1267221761
2	66	1	1312897602
2	66	1	1312898039
60	66	1	1313500686
61	66	1	1320654553
3	66	1	1349098067
62	66	1	1437495896
62	66	1	1437495945
3	66	1	1437718336
62	66	1	1438009159
30	66	1	1447787738
2	67	1	1143800226
2	67	1	1159875766
2	67	1	1160557537
2	67	1	1182323559
3	67	1	1349098024
3	67	1	1349098195
3	67	1	1458953689
2	68	1	1143800404
3	68	1	1428005211
2	69	1	1143800645
2	69	1	1144159423
11	69	1	1216632785
3	69	1	1453896028
2	70	1	1143801113
2	70	1	1144159428
11	70	1	1216632827
8	70	1	1238138119
63	70	1	1239732761
15	70	1	1389032805
3	70	1	1442750991
64	70	1	1475309663
3	70	1	1479825141
2	71	1	1143802164
45	72	1	1143802589
2	72	1	1143805325
2	72	1	1144084833
2	72	1	1144086173
65	72	1	1158823417
65	72	1	1158823433
65	72	1	1158839755
65	72	1	1158839787
65	72	1	1158839810
65	72	1	1158839822
65	72	1	1158841295
2	72	1	1159869340
3	72	1	1348745362
66	72	1	1399353649
3	72	1	1471375739
2	73	1	1143803047
11	73	1	1216634841
3	73	1	1459298250
2	74	1	1143803084
2	74	1	1170412371
55	74	1	1393830482
3	74	1	1428870366
3	74	1	1475179382
2	75	1	1143803139
2	76	1	1143803189
67	76	1	1392227192
2	76	1	1392677042
2	77	1	1143803302
2	77	1	1144159438
11	77	1	1216599001
3	77	1	1453988268
2	78	1	1143803846
2	78	1	1144159415
11	78	1	1216632861
3	78	1	1454072549
3	78	1	1457679652
2	79	1	1143803960
2	79	1	1144159443
11	79	1	1216599080
3	79	1	1480244282
2	80	1	1143805311
2	80	1	1159875483
3	80	1	1348745303
3	80	1	1348745570
3	80	1	1489835231
45	81	1	1143808375
45	81	1	1143808523
45	81	1	1143810697
45	81	1	1144057442
45	81	1	1144058231
45	81	1	1144058255
45	81	1	1144058484
45	81	1	1144600780
45	81	1	1144607261
2	81	1	1159876448
45	81	1	1169818465
45	81	1	1169818586
45	81	1	1169818870
45	81	1	1170003860
45	81	1	1170492120
68	81	1	1192807830
35	81	1	1194868215
69	81	1	1195041070
35	81	1	1195045497
18	81	1	1195067746
18	81	1	1195069571
70	81	1	1195070428
45	81	1	1195125500
3	81	1	1349478461
45	81	1	1355397366
3	81	1	1355398124
3	81	1	1380963898
3	81	1	1435882528
45	82	1	1143809078
45	82	1	1143810352
45	82	1	1143811287
45	82	1	1143813305
45	82	1	1144057513
45	82	1	1144057604
45	82	1	1144058418
45	82	1	1144059664
45	82	1	1144059774
45	82	1	1144607292
2	82	1	1159876579
45	82	1	1170320318
45	82	1	1170458664
45	82	1	1170459786
45	82	1	1170503709
45	82	1	1195125463
45	82	1	1318336344
3	82	1	1344992517
3	82	1	1349478250
45	82	1	1355397215
45	82	1	1355397443
3	82	1	1355398214
71	82	1	1421956508
3	82	1	1435792361
10	82	1	1458758632
71	82	1	1482750432
2	83	1	1143853809
72	83	1	1215198458
18	83	1	1215335463
2	84	1	1143853861
2	84	1	1144159434
11	84	1	1216599138
3	84	1	1454154215
2	85	1	1144158776
2	85	1	1144158935
2	85	1	1159876564
3	85	1	1348863929
23	85	1	1359409017
56	85	1	1444978750
3	85	1	1446342875
3	85	1	1446772657
49	86	1	1144203349
73	87	1	1144268743
73	87	1	1211734483
73	88	1	1144269058
73	88	1	1211734548
45	89	1	1144360513
2	89	1	1159875324
2	89	1	1161155508
45	89	1	1170281191
45	89	1	1170457894
45	89	1	1170458867
2	89	1	1170856623
3	89	1	1423790109
3	89	1	1425548790
3	89	1	1455062741
6	90	1	1144581311
2	91	1	1144792009
2	91	1	1144792077
2	91	1	1144792146
11	91	1	1216632888
15	91	1	1344750145
3	91	1	1441333165
3	91	1	1444469770
3	91	1	1448842681
2	92	1	1144792197
2	92	1	1144844663
11	92	1	1216633190
63	92	1	1239733961
11	92	1	1240099734
2	93	1	1144792344
2	93	1	1181632737
11	93	1	1216633228
15	93	1	1344750123
15	93	1	1361942604
3	93	1	1441153493
3	93	1	1444345720
3	93	1	1448941053
2	94	1	1144792461
74	94	1	1177604248
2	94	1	1181633681
2	94	1	1181806494
11	94	1	1216633258
11	94	1	1232396190
18	94	1	1273915157
18	94	1	1289666605
15	94	1	1344739713
15	94	1	1347418070
15	94	1	1347425590
75	94	1	1394021760
3	94	1	1449192626
2	95	1	1144792776
2	95	1	1181634093
2	95	1	1181634122
2	95	1	1208183609
11	95	1	1216599034
11	95	1	1233346538
15	95	1	1344737849
3	95	1	1440807175
3	95	1	1479501814
76	96	1	1144842030
2	96	1	1144911927
2	96	1	1181633800
2	96	1	1181806555
77	96	1	1196315587
11	96	1	1216633283
11	96	1	1240099801
78	96	1	1254363423
79	96	1	1271081345
80	96	1	1319670428
81	96	1	1329045127
15	96	1	1344722250
15	96	1	1347423190
15	96	1	1360277181
15	96	1	1360449896
15	96	1	1371114558
3	96	1	1441072854
3	96	1	1451531117
82	96	1	1464259169
76	97	1	1145014988
76	97	1	1145035617
11	97	1	1237393596
3	97	1	1345075496
76	98	1	1145015076
76	98	1	1145052576
11	98	1	1216633337
3	98	1	1479648818
16	99	1	1145264780
83	99	1	1429231409
84	100	1	1183157758
2	100	1	1201787759
11	100	1	1216598447
18	100	1	1224869076
11	100	1	1256898183
85	100	1	1260179731
2	100	1	1260206027
86	100	1	1260620640
18	100	1	1295475835
3	100	1	1348137157
3	100	1	1351098432
80	100	1	1375789738
14	100	1	1381781316
40	100	1	1418843356
3	100	1	1440980590
3	100	1	1451878488
80	100	1	1454362299
13	100	1	1455396655
3	100	1	1459853820
3	100	1	1461068799
2	101	1	1145973329
3	101	1	1361445668
2	102	1	1145973559
11	102	1	1216633373
47	102	1	1254123438
87	102	1	1258445095
47	102	1	1264592927
88	102	1	1265544982
11	102	1	1265580138
62	102	1	1437492715
3	102	1	1441239800
3	102	1	1444571404
3	102	1	1452652454
2	103	1	1145973638
2	103	1	1161155023
47	103	1	1254127469
3	103	1	1348398401
23	103	1	1389735670
89	104	1	1151852902
90	104	1	1277174092
90	104	1	1277175473
3	104	1	1355011743
2	105	1	1159873952
2	105	1	1159875734
3	105	1	1380584522
71	105	1	1418818943
71	105	1	1418818965
56	105	1	1444976571
3	105	1	1455175944
3	105	1	1469129683
3	105	1	1476210211
2	106	1	1159874015
3	106	1	1428276666
2	107	1	1159874122
2	107	1	1165217211
2	107	1	1165304113
2	108	1	1159875346
3	108	1	1427686715
2	109	1	1159875508
56	109	1	1444977159
2	110	1	1159875527
3	110	1	1428361400
56	110	1	1452680590
2	111	1	1159875759
56	111	1	1444976801
56	111	1	1444977003
2	112	1	1159876245
2	112	1	1189162003
3	112	1	1351788392
3	112	1	1351788735
3	112	1	1441501540
2	113	1	1159880135
2	113	1	1159880225
2	113	1	1160557475
91	113	1	1247605057
92	113	1	1332166707
40	113	1	1416952943
3	113	1	1428677739
3	113	1	1443657559
3	113	1	1455255145
2	114	1	1159880175
2	114	1	1159880197
3	114	1	1427573650
2	115	1	1159881596
2	115	1	1159881966
3	115	1	1348052150
3	115	1	1351788867
2	116	1	1159881677
62	116	1	1437492582
2	117	1	1159881691
2	118	1	1159882029
2	119	1	1161068790
2	120	1	1163162740
18	120	1	1175620202
2	120	1	1202682958
2	121	1	1163667137
3	121	1	1351788914
57	122	1	1181666837
2	122	1	1181726913
11	122	1	1216598633
64	122	1	1475311817
3	122	1	1478191228
3	122	1	1488584896
93	123	1	1163940668
3	124	1	1349430679
37	125	1	1165852710
37	125	1	1165934764
37	125	1	1165935365
37	126	1	1165853217
2	126	1	1165921073
16	127	1	1165868104
3	127	1	1348697076
3	127	1	1348697167
3	127	1	1440546432
56	127	1	1444978738
3	127	1	1446427299
3	127	1	1446860047
37	128	1	1165919581
37	128	1	1165923154
37	128	1	1165923169
37	128	1	1165924180
37	128	1	1165925439
2	128	1	1165929233
37	128	1	1165935529
16	128	1	1166178885
2	128	1	1166304872
35	128	1	1194868609
18	128	1	1217759567
51	128	1	1218458620
2	128	1	1218461652
50	128	1	1218637385
2	128	1	1218637898
2	128	1	1218709239
94	128	1	1219184305
18	128	1	1219216970
2	128	1	1219220187
18	128	1	1219232796
51	128	1	1219397820
2	128	1	1219410345
77	128	1	1252803832
2	128	1	1252916608
20	128	1	1367600981
20	128	1	1367600982
2	128	1	1392676854
28	128	1	1408991056
51	129	1	1205691203
95	129	1	1223389288
3	129	1	1349430484
96	129	1	1424810098
97	129	1	1429440712
96	129	1	1457901403
96	129	1	1490119837
45	130	1	1170070585
3	130	1	1389532447
45	131	1	1170164519
3	131	1	1349097734
3	131	1	1390048335
3	131	1	1455608158
3	131	1	1458302891
3	131	1	1458303053
45	132	1	1170164636
98	132	1	1459313619
45	133	1	1170164931
83	133	1	1430429000
98	133	1	1459316018
45	134	1	1170164944
28	134	1	1426839231
83	134	1	1429231409
28	134	1	1429245735
98	134	1	1459316019
45	135	1	1170164954
98	135	1	1459316019
45	136	1	1170164967
28	136	1	1426839215
83	136	1	1429231405
28	136	1	1429245726
98	136	1	1459316020
45	137	1	1170164977
98	137	1	1459316020
45	138	1	1170164986
98	138	1	1459316020
45	139	1	1170164996
28	139	1	1426839257
83	139	1	1429231413
28	139	1	1429245740
98	139	1	1459316021
45	140	1	1170165007
98	140	1	1459316021
45	141	1	1170165018
98	141	1	1459316021
45	142	1	1170165030
98	142	1	1459316022
45	143	1	1170165039
28	143	1	1426839222
83	143	1	1429231405
28	143	1	1429245730
98	143	1	1459316038
45	144	1	1170165050
98	144	1	1459316038
45	145	1	1170165061
98	145	1	1459316039
45	146	1	1170165076
28	146	1	1426839201
83	146	1	1429231402
28	146	1	1429245721
98	146	1	1459316039
45	147	1	1170165088
98	147	1	1459316039
45	148	1	1170165098
28	148	1	1426839223
83	148	1	1429231408
28	148	1	1429245731
98	148	1	1459316040
45	149	1	1170165108
98	149	1	1459316040
45	150	1	1170165116
28	150	1	1426839257
83	150	1	1429231413
28	150	1	1429245740
98	150	1	1459316041
45	151	1	1170165125
28	151	1	1426839212
83	151	1	1429231403
28	151	1	1429245722
98	151	1	1459316041
45	152	1	1170165133
28	152	1	1426839227
83	152	1	1429231409
28	152	1	1429245734
98	152	1	1459316041
45	153	1	1170165150
98	153	1	1459316064
45	154	1	1170165178
98	154	1	1459316064
45	155	1	1170165191
73	155	1	1211734447
98	155	1	1459316064
45	156	1	1170165203
98	156	1	1459316065
45	157	1	1170165219
28	157	1	1426839226
83	157	1	1429231408
28	157	1	1429245731
98	157	1	1459316065
45	158	1	1170165232
98	158	1	1459316066
45	159	1	1170165245
98	159	1	1459316066
45	160	1	1170165264
98	160	1	1459316067
45	161	1	1170165278
28	161	1	1426839201
83	161	1	1429231402
28	161	1	1429245717
98	161	1	1459316067
45	162	1	1170165287
28	162	1	1426839226
83	162	1	1429231408
28	162	1	1429245731
98	162	1	1459316067
45	163	1	1170169440
55	163	1	1393830435
45	164	1	1170319227
45	164	1	1170319546
45	164	1	1170325105
45	164	1	1170490460
45	164	1	1170491758
45	164	1	1195125478
2	164	1	1218637695
3	164	1	1349478289
45	164	1	1355262523
3	164	1	1382188587
3	164	1	1437623222
45	165	1	1170319351
45	165	1	1170319520
45	165	1	1170319536
45	165	1	1170447579
45	165	1	1195125491
45	165	1	1318336307
3	165	1	1349478315
3	165	1	1423752071
3	165	1	1436742282
45	166	1	1170355473
45	166	1	1170371253
2	166	1	1170411034
2	166	1	1170411504
2	166	1	1170411870
3	166	1	1348052712
45	167	1	1170370113
2	167	1	1170412579
2	167	1	1170412843
45	167	1	1170445576
11	167	1	1271090429
11	167	1	1271090514
14	167	1	1409801007
3	167	1	1452832290
45	168	1	1170370277
45	168	1	1170370337
3	168	1	1461630645
2	169	1	1170411967
2	170	1	1170412038
2	171	1	1170412117
2	171	1	1170856474
2	172	1	1170412144
2	172	1	1195547978
55	172	1	1393830494
3	172	1	1425318172
3	172	1	1475842551
2	173	1	1170412921
11	173	1	1216633448
3	173	1	1480729787
2	174	1	1170412982
2	175	1	1170413062
45	176	1	1170414600
98	176	1	1459316084
45	177	1	1170414823
45	177	1	1170415296
2	177	1	1170855493
45	178	1	1170415280
2	178	1	1170855494
45	179	1	1170415296
45	180	1	1170415403
2	180	1	1170855396
2	180	1	1170855632
2	180	1	1225656194
45	181	1	1170415478
2	181	1	1170855395
45	182	1	1170415568
2	182	1	1170855392
2	182	1	1225656087
45	183	1	1170426825
45	184	1	1170444204
45	184	1	1170444543
45	185	1	1170444510
45	185	1	1170444523
71	185	1	1418820697
45	186	1	1170444615
45	187	1	1170444709
45	188	1	1170444855
45	189	1	1170445131
45	189	1	1170445208
45	190	1	1170445431
3	190	1	1434528782
45	191	1	1170445503
2	191	1	1170856382
11	191	1	1259599566
45	192	1	1170445700
45	192	1	1170445819
45	193	1	1170445789
45	194	1	1170446193
2	194	1	1170853126
2	194	1	1170853780
45	195	1	1170446423
2	195	1	1190207062
2	195	1	1190300325
11	195	1	1216633477
14	195	1	1409846408
3	195	1	1453179789
45	196	1	1170446574
11	196	1	1218055228
45	197	1	1170446733
45	197	1	1170446750
45	198	1	1170446913
11	198	1	1218055093
2	198	1	1218056915
3	198	1	1453257841
45	199	1	1170447401
99	199	1	1217092069
11	199	1	1217364455
3	199	1	1453368714
3	199	1	1481408269
45	200	1	1170447508
45	201	1	1170447799
45	201	1	1170447824
11	201	1	1272149791
15	201	1	1344739074
3	201	1	1440638289
45	202	1	1170447824
45	203	1	1170447929
45	204	1	1170448068
45	205	1	1170448446
2	205	1	1270845325
45	206	1	1170448530
2	206	1	1170852175
2	206	1	1170852437
3	206	1	1348052599
45	207	1	1170448649
2	207	1	1170851778
39	207	1	1184950822
39	207	1	1188575505
11	207	1	1216633507
71	207	1	1421713982
71	207	1	1421714347
71	207	1	1421714579
3	207	1	1452476742
45	208	1	1170448722
2	208	1	1170851006
39	208	1	1184441805
45	209	1	1170457150
45	209	1	1170457169
45	210	1	1170458624
2	210	1	1170852809
11	210	1	1216633544
8	210	1	1238138060
63	210	1	1239733061
15	210	1	1389033183
100	210	1	1389810524
3	210	1	1481299041
45	211	1	1170459754
36	212	1	1170534945
45	212	1	1170579062
2	212	1	1171018076
45	212	1	1171102936
2	212	1	1171285928
36	212	1	1171297472
2	212	1	1171351770
36	212	1	1171354153
2	212	1	1171437282
36	212	1	1171440984
2	212	1	1171462030
45	212	1	1171463811
36	212	1	1171476640
2	212	1	1172822038
36	212	1	1172872956
2	212	1	1172878083
36	212	1	1172908828
36	212	1	1175032695
45	212	1	1176547547
2	212	1	1183443616
36	212	1	1183444964
2	212	1	1183530567
36	212	1	1183542021
2	212	1	1183661535
36	212	1	1183893412
2	212	1	1192716800
2	212	1	1196160239
2	213	1	1170851144
2	213	1	1170851168
11	213	1	1216633591
3	213	1	1454247774
2	214	1	1170851216
2	214	1	1170851851
2	215	1	1170851236
2	216	1	1170851835
2	217	1	1170852106
2	218	1	1170852175
2	219	1	1170852479
2	220	1	1170853888
2	221	1	1170853914
2	222	1	1170855453
2	223	1	1170855522
2	224	1	1170856425
36	225	1	1170970246
36	226	1	1171057050
45	226	1	1171102710
2	226	1	1171286346
2	226	1	1171286403
36	227	1	1171058226
45	227	1	1171102671
36	228	1	1171058449
45	228	1	1171102625
36	229	1	1171061340
45	229	1	1171102572
3	229	1	1455345814
98	230	1	1459316084
36	231	1	1171745242
36	232	1	1171745824
36	232	1	1171965623
3	232	1	1378547061
36	233	1	1171749326
3	233	1	1381100246
36	234	1	1171965624
3	234	1	1378547098
45	235	1	1172244514
36	235	1	1172337213
39	235	1	1172354379
2	235	1	1172824387
39	235	1	1172824799
2	235	1	1172825416
2	235	1	1172825480
98	235	1	1459316085
39	236	1	1172262733
3	236	1	1455419943
39	237	1	1172333370
2	237	1	1172824309
39	237	1	1172826337
2	237	1	1172829283
2	237	1	1172829492
39	237	1	1177166854
39	237	1	1184438303
39	237	1	1188575807
11	237	1	1216633664
11	237	1	1220011391
101	237	1	1268558387
39	237	1	1271711576
3	237	1	1444132969
3	237	1	1452396352
39	237	1	1479497138
36	238	1	1172358525
45	238	1	1176020820
36	239	1	1172393863
45	239	1	1176020812
36	240	1	1172398572
45	240	1	1176020804
2	240	1	1192717031
3	240	1	1349026229
36	241	1	1172399223
45	241	1	1176020795
2	242	1	1172829366
11	242	1	1216633738
3	242	1	1480136882
36	243	1	1172933760
45	243	1	1176020765
36	244	1	1172962797
45	244	1	1176020757
36	245	1	1172963335
45	245	1	1176020750
3	245	1	1463392004
36	246	1	1172964467
45	246	1	1176020742
36	247	1	1172965119
45	247	1	1176020734
3	247	1	1462557958
36	248	1	1172965539
45	248	1	1176020727
71	248	1	1418626748
71	248	1	1418819668
3	248	1	1463474155
36	249	1	1173036188
3	249	1	1467799840
3	249	1	1500037425
36	250	1	1173131577
3	250	1	1497951778
36	251	1	1173132297
3	251	1	1464088330
3	251	1	1499204919
34	252	1	1173367919
36	253	1	1173570346
3	253	1	1497610536
36	254	1	1173571200
3	254	1	1463942211
3	254	1	1497791796
36	255	1	1173572942
2	255	1	1182515622
3	255	1	1462756714
3	255	1	1499501153
3	255	1	1499687123
36	256	1	1173612231
36	257	1	1173612658
3	257	1	1498817624
3	257	1	1498913049
36	258	1	1173615897
3	258	1	1496438708
36	259	1	1173616700
3	259	1	1461505705
36	260	1	1173617218
3	260	1	1497451137
36	261	1	1173618379
3	261	1	1493387230
36	262	1	1173727498
3	262	1	1499353749
36	263	1	1173727850
36	263	1	1173732605
45	263	1	1176020694
102	263	1	1216371665
71	263	1	1418626614
71	263	1	1418662915
36	264	1	1173730647
36	265	1	1173732463
45	265	1	1176020705
36	266	1	1173734497
45	266	1	1176020686
36	267	1	1173818508
45	267	1	1176020660
39	267	1	1221602577
71	267	1	1418626694
2	268	1	1173962810
2	268	1	1173962920
2	268	1	1173963110
2	268	1	1173963542
2	268	1	1173963571
11	268	1	1216633787
3	268	1	1351788944
3	268	1	1452227574
2	269	1	1173963158
2	269	1	1183797699
11	269	1	1216633835
3	269	1	1460018798
2	270	1	1173963188
36	271	1	1174249026
45	271	1	1176020647
36	272	1	1174506007
45	272	1	1176020638
36	273	1	1174578682
36	273	1	1174936778
45	273	1	1176020597
36	274	1	1175030894
36	274	1	1175031030
45	274	1	1176020521
36	275	1	1175031030
36	276	1	1175072565
45	276	1	1176020498
36	277	1	1175072900
45	277	1	1176020490
36	278	1	1175073386
45	278	1	1176020482
36	279	1	1175073875
45	279	1	1176020471
36	280	1	1175074228
45	280	1	1176020462
36	281	1	1175077431
45	281	1	1176020455
36	282	1	1175083142
45	282	1	1176020447
36	283	1	1175085324
45	283	1	1176020439
36	284	1	1175086469
45	284	1	1176020427
36	285	1	1175087212
45	285	1	1176020418
3	285	1	1462963549
36	286	1	1175112353
45	286	1	1176020410
36	287	1	1175112985
45	287	1	1176020402
36	288	1	1175114333
36	288	1	1175114515
45	288	1	1176020376
36	289	1	1175114516
36	290	1	1175116603
45	290	1	1176020357
36	291	1	1175117367
45	291	1	1176020348
3	291	1	1464378638
36	292	1	1175118046
45	292	1	1176020338
36	293	1	1175167604
36	293	1	1175167894
45	293	1	1176020322
2	293	1	1182324238
2	293	1	1182324416
3	293	1	1385766933
45	294	1	1175344905
23	294	1	1354032338
98	294	1	1459316086
103	294	1	1489669136
104	295	1	1175620342
18	295	1	1175620423
18	296	1	1181578339
2	296	1	1217713552
18	296	1	1225437553
18	296	1	1226094407
18	296	1	1244654875
18	296	1	1277763987
18	296	1	1292327713
18	296	1	1299665244
3	296	1	1403853100
18	296	1	1430780773
98	297	1	1459316087
36	298	1	1175716758
45	298	1	1176020276
36	299	1	1176234906
45	299	1	1176547463
36	300	1	1177618730
2	300	1	1182325613
2	300	1	1182325673
39	300	1	1184441694
36	301	1	1177792870
36	301	1	1177792944
3	301	1	1470536483
45	302	1	1177854851
98	302	1	1459316087
36	303	1	1178371908
2	303	1	1182324786
36	304	1	1178400422
3	304	1	1463690845
36	305	1	1178401021
36	306	1	1178401448
36	306	1	1178653255
3	306	1	1462626451
36	307	1	1178401846
3	307	1	1464934338
36	308	1	1178447033
36	308	1	1178653165
36	309	1	1178447377
2	309	1	1182325039
36	310	1	1178447760
36	311	1	1178448128
3	311	1	1463573430
36	312	1	1178449470
36	313	1	1178449638
36	314	1	1178450717
36	315	1	1178451198
36	316	1	1178451902
36	317	1	1178479424
36	318	1	1178479952
3	318	1	1464524409
36	319	1	1178480432
3	319	1	1461589689
36	320	1	1178653255
98	322	1	1459316088
45	323	1	1179748170
3	323	1	1423964492
36	324	1	1179865110
39	324	1	1221602529
2	325	1	1179996982
2	325	1	1179997000
3	325	1	1363371153
3	325	1	1443952548
63	326	1	1239180404
98	326	1	1412146109
2	327	1	1179996937
3	327	1	1381836447
3	328	1	1361167371
3	328	1	1443142541
2	329	1	1179997157
11	329	1	1216633938
3	329	1	1381582794
3	329	1	1456099729
3	330	1	1463822402
2	331	1	1180098774
2	331	1	1180103367
11	331	1	1216633984
15	331	1	1344746154
3	331	1	1348052472
105	331	1	1397476381
71	331	1	1418656633
71	331	1	1418657404
71	331	1	1418657422
71	331	1	1418657911
71	331	1	1418658385
71	331	1	1418658440
3	331	1	1479299754
2	332	1	1180098861
11	332	1	1216634020
3	332	1	1456228822
2	333	1	1180098862
11	333	1	1216634088
3	333	1	1489083098
2	334	1	1180098904
36	335	1	1180638789
36	335	1	1180639834
36	336	1	1180639905
36	337	1	1181074710
2	337	1	1192716899
106	337	1	1397917982
54	338	1	1354317020
3	338	1	1400706346
3	338	1	1404665754
28	338	1	1430057168
10	338	1	1458816396
3	338	1	1458861645
10	338	1	1458903946
98	338	1	1459316089
10	338	1	1487695303
10	338	1	1487696320
3	338	1	1488221593
10	338	1	1489239752
10	338	1	1489239806
2	339	1	1181633503
57	340	1	1181666467
57	340	1	1181666933
57	340	1	1181666980
57	340	1	1181667178
57	340	1	1181667263
2	340	1	1181726983
2	340	1	1187771264
3	340	1	1351788980
2	341	1	1181727318
2	341	1	1187771272
45	342	1	1181741116
28	342	1	1426839212
83	342	1	1429231404
28	342	1	1429245723
98	342	1	1459316089
2	343	1	1182324482
2	344	1	1182324839
11	344	1	1216634119
3	344	1	1481457117
2	345	1	1182324854
2	346	1	1182325081
2	347	1	1182325097
39	348	1	1184438054
39	348	1	1184438217
39	348	1	1184440467
39	348	1	1188575823
39	348	1	1210156158
2	348	1	1210283997
11	348	1	1216634193
11	348	1	1219971599
15	348	1	1344755839
3	348	1	1445034883
3	348	1	1452766970
39	348	1	1479500632
39	348	1	1484124637
39	348	1	1484825973
39	349	1	1184441764
98	350	1	1459316090
107	351	1	1185471759
107	352	1	1185472752
2	353	1	1186581423
39	354	1	1188575682
63	354	1	1239733361
15	354	1	1344771808
108	354	1	1389775999
2	355	1	1189150791
3	355	1	1351789009
109	355	1	1388603033
71	355	1	1418819109
71	355	1	1418819186
71	355	1	1418819203
71	355	1	1418819319
3	355	1	1445745307
2	356	1	1189150827
2	357	1	1190207079
110	358	1	1191094977
18	359	1	1192054476
2	359	1	1192085668
111	359	1	1192368417
3	359	1	1440721661
18	360	1	1192054572
2	361	1	1192085739
111	362	1	1192374494
112	363	1	1192903434
112	364	1	1192903448
18	365	1	1192915098
4	365	1	1192915828
4	365	1	1192916413
4	366	1	1192916607
4	366	1	1212792697
113	366	1	1297430627
45	367	1	1192977358
114	367	1	1420502652
28	367	1	1426839212
83	367	1	1429231402
28	367	1	1429245721
45	368	1	1192977387
3	368	1	1350408821
3	368	1	1425456743
45	369	1	1192977473
28	369	1	1426839227
83	369	1	1429231409
28	369	1	1429245735
98	369	1	1459316090
45	370	1	1192977487
98	370	1	1459316091
45	371	1	1192977500
98	371	1	1459316092
45	372	1	1192977516
98	372	1	1459316092
45	373	1	1192977530
98	373	1	1459316093
45	374	1	1192977542
110	374	1	1196672665
98	374	1	1459316093
45	375	1	1192977557
98	375	1	1459316094
35	376	1	1193007839
114	377	1	1194866707
114	377	1	1217590901
2	378	1	1194871870
2	378	1	1195129715
2	378	1	1195203477
2	378	1	1195203531
2	378	1	1195460799
2	378	1	1198053832
115	379	1	1194871906
115	379	1	1194871968
45	380	1	1195125551
98	380	1	1459316094
45	381	1	1195125566
28	381	1	1426839227
83	381	1	1429231409
28	381	1	1429245734
98	381	1	1459316095
45	382	1	1195125574
114	382	1	1196021126
98	382	1	1459316096
45	383	1	1195125589
28	383	1	1426839236
83	383	1	1429231409
28	383	1	1429245736
45	384	1	1195125597
28	384	1	1426839243
83	384	1	1429231413
28	384	1	1429245737
2	385	1	1195547548
2	385	1	1195547573
2	385	1	1195547781
2	385	1	1195548838
2	385	1	1195548856
2	386	1	1195547573
2	387	1	1195547691
11	387	1	1216634230
11	387	1	1240063280
3	387	1	1481568257
2	388	1	1195547749
35	389	1	1196025630
45	390	1	1196074499
98	390	1	1459316097
45	391	1	1196074599
77	392	1	1196315643
2	392	1	1252916495
3	392	1	1354960553
116	393	1	1197419763
98	394	1	1459316098
2	395	1	1252916495
2	395	1	1252916586
98	395	1	1459316098
117	396	1	1198371631
117	397	1	1198371638
45	398	1	1198404010
118	398	1	1198489608
118	398	1	1214084025
45	399	1	1199286616
98	399	1	1459316099
45	400	1	1199286623
98	400	1	1459316100
119	401	1	1200261693
2	402	1	1201788253
2	402	1	1201788402
120	403	1	1201036233
120	404	1	1201036237
6	405	1	1201193342
6	406	1	1201193509
6	407	1	1201193608
6	408	1	1201193769
121	409	1	1201683093
2	410	1	1201788328
2	411	1	1201788509
2	412	1	1201788593
90	413	1	1203088534
90	413	1	1329607927
98	414	1	1459316100
28	415	1	1426839246
83	415	1	1429231413
28	415	1	1429245740
98	415	1	1459316101
98	416	1	1459316101
98	417	1	1459316102
98	418	1	1459316102
98	419	1	1459316103
98	420	1	1459316104
28	421	1	1426839236
83	421	1	1429231413
28	421	1	1429245736
98	421	1	1459316104
51	422	1	1205615047
122	422	1	1320605174
123	422	1	1338934584
123	422	1	1338935054
51	423	1	1205616864
2	423	1	1218638389
122	423	1	1320605174
123	423	1	1338934588
3	423	1	1387977606
2	423	1	1392676958
51	424	1	1205619965
123	424	1	1205622962
123	424	1	1205632210
123	424	1	1206138556
96	424	1	1221558970
123	424	1	1338915844
123	424	1	1338916218
3	424	1	1350149097
123	425	1	1205623008
96	425	1	1221558970
123	425	1	1321426445
123	425	1	1338915848
123	426	1	1206064051
96	426	1	1221558970
124	427	1	1206653696
125	428	1	1210297793
126	429	1	1211442195
127	430	1	1211457107
127	430	1	1211457196
2	430	1	1211540922
2	430	1	1211541668
15	430	1	1344752460
3	430	1	1444051739
40	430	1	1480606177
2	431	1	1211541652
2	432	1	1211541676
128	433	1	1211911839
128	433	1	1211911873
129	434	1	1212221468
3	434	1	1355485511
130	435	1	1212356217
130	435	1	1212376894
131	436	1	1212388159
131	436	1	1283624955
131	436	1	1320316655
132	437	1	1212428712
133	438	1	1213728165
133	438	1	1213729174
133	438	1	1293281763
133	438	1	1310241928
133	438	1	1336424625
3	438	1	1350148989
133	438	1	1372513872
3	438	1	1492465147
133	439	1	1214155178
102	440	1	1216371698
71	440	1	1418626615
71	440	1	1418662916
2	441	1	1216596181
2	441	1	1216597083
2	441	1	1216598074
3	441	1	1344992377
3	441	1	1447033199
2	442	1	1216596440
2	442	1	1216597992
3	442	1	1447222622
2	443	1	1216596483
3	443	1	1447292517
2	444	1	1216596576
3	444	1	1447382405
2	445	1	1216599046
11	446	1	1218036857
2	447	1	1218056959
18	448	1	1218096294
94	448	1	1218096422
18	448	1	1225437697
18	449	1	1218096300
18	449	1	1218097065
18	449	1	1225437744
2	450	1	1218461314
2	451	1	1218461622
18	451	1	1218471540
2	451	1	1218528406
18	451	1	1218537625
18	451	1	1218537695
2	451	1	1218637808
3	451	1	1426560477
3	451	1	1489742903
2	452	1	1218637683
45	452	1	1355262557
3	452	1	1382272259
3	452	1	1426391759
3	452	1	1456795456
2	453	1	1218637885
3	453	1	1426471778
3	453	1	1489667005
2	454	1	1218638251
28	454	1	1426839212
83	454	1	1429231402
28	454	1	1429245722
2	455	1	1219007359
2	455	1	1219007378
2	455	1	1219007412
2	455	1	1219007676
3	455	1	1453453445
2	456	1	1219007378
2	457	1	1219007466
2	458	1	1219007486
2	459	1	1219007944
3	459	1	1425636744
2	460	1	1219765356
134	460	1	1330197456
3	460	1	1341201848
3	460	1	1349779604
3	460	1	1349781455
3	460	1	1349896080
3	460	1	1446598426
3	460	1	1458861440
3	460	1	1470701279
3	460	1	1471090207
3	460	1	1471443454
3	460	1	1473646472
3	460	1	1476645937
135	460	1	1479522396
2	461	1	1219765387
134	461	1	1330197534
134	461	1	1346028434
3	461	1	1349631502
3	461	1	1349631512
3	461	1	1349631965
3	461	1	1434148690
3	461	1	1434927066
3	461	1	1440461332
3	461	1	1454375690
3	461	1	1461245547
3	461	1	1462195257
3	461	1	1471547671
2	462	1	1219765413
46	462	1	1320430435
46	462	1	1320453888
134	462	1	1321657192
134	462	1	1321657527
134	462	1	1330197529
136	462	1	1344426851
136	462	1	1344427008
136	462	1	1344427112
136	462	1	1344427158
3	462	1	1349292024
3	462	1	1352336953
3	462	1	1353202236
3	462	1	1353608228
3	462	1	1356740576
3	462	1	1435708414
3	462	1	1440245082
3	462	1	1458348679
3	462	1	1461326297
3	462	1	1465479467
3	462	1	1465561988
3	462	1	1466201815
135	462	1	1469400630
135	462	1	1469400660
135	462	1	1469400674
3	462	1	1478381029
2	463	1	1219765434
134	463	1	1330197533
136	463	1	1344426757
3	463	1	1349633431
135	463	1	1469400553
2	464	1	1219765553
3	464	1	1381435886
2	465	1	1219765592
2	465	1	1219765634
3	465	1	1434670350
137	466	1	1221373763
96	467	1	1221558970
96	468	1	1221558970
96	469	1	1221558970
123	469	1	1313704998
123	469	1	1321426450
39	470	1	1221602910
138	471	1	1222971431
139	472	1	1223408365
139	473	1	1223408522
90	474	1	1225175000
90	475	1	1225272046
140	476	1	1225325937
3	476	1	1491785530
90	477	1	1225344899
140	478	1	1225380669
140	479	1	1225387730
140	480	1	1225388669
140	480	1	1226323225
90	481	1	1225410778
90	482	1	1225436894
140	483	1	1225441999
140	484	1	1225442021
140	485	1	1225464569
140	485	1	1225576102
140	485	1	1225592149
140	485	1	1225602966
140	485	1	1225661562
140	485	1	1225685470
140	485	1	1225735329
140	485	1	1225779143
140	485	1	1225843868
140	485	1	1225865999
140	485	1	1226017946
140	485	1	1226384005
140	485	1	1226504355
140	485	1	1227108560
140	485	1	1227882298
140	485	1	1229418413
140	485	1	1230236769
140	485	1	1230244297
140	485	1	1230772831
140	485	1	1231593535
140	485	1	1232073331
140	485	1	1232477928
140	485	1	1232486083
140	485	1	1233061619
140	485	1	1233103657
140	485	1	1233128460
140	485	1	1233214902
140	485	1	1233559635
140	485	1	1234456079
140	485	1	1234955308
140	485	1	1235331295
140	485	1	1235500323
140	485	1	1236131126
140	485	1	1237342830
140	485	1	1238049824
140	485	1	1238722500
140	485	1	1240466399
3	485	1	1472301816
90	486	1	1225532554
3	486	1	1472480943
90	487	1	1225587158
90	488	1	1225683070
90	489	1	1225774419
90	490	1	1225863971
121	490	1	1385508297
121	490	1	1459363171
140	491	1	1225936136
140	492	1	1225947370
140	493	1	1225965723
140	493	1	1226314149
140	494	1	1226242717
141	495	1	1226497044
90	496	1	1226547497
90	497	1	1227254052
3	497	1	1354770688
90	498	1	1227886871
8	499	1	1228053097
8	500	1	1228057533
8	500	1	1228057564
8	500	1	1243636640
8	501	1	1228057887
8	501	1	1243636615
8	502	1	1228057997
3	502	1	1456275689
8	503	1	1228058326
3	504	1	1456450394
8	505	1	1228064742
8	505	1	1228064779
47	505	1	1247579867
3	505	1	1443738426
2	506	1	1228252618
142	507	1	1230031137
143	508	1	1232723137
3	508	1	1355674237
90	509	1	1234152793
90	510	1	1234567837
90	511	1	1235277709
90	512	1	1235281558
59	513	1	1235667170
90	513	1	1379890090
59	514	1	1235667190
90	514	1	1379891149
140	515	1	1237306144
90	516	1	1237618272
8	517	1	1238402094
63	517	1	1239732911
15	517	1	1389032807
3	517	1	1441858308
3	517	1	1480390629
8	518	1	1238402398
8	518	1	1238403025
3	518	1	1361614898
8	519	1	1238402824
8	519	1	1238402969
3	519	1	1357960644
3	519	1	1439729464
8	520	1	1238402932
3	520	1	1361789603
4	521	1	1238742523
63	522	1	1238745563
3	522	1	1350149052
3	522	1	1468052987
63	523	1	1238745572
8	524	1	1238766858
3	524	1	1357787496
8	525	1	1238766997
63	525	1	1239732611
15	525	1	1389032803
3	525	1	1442877458
3	525	1	1481639441
90	526	1	1239507894
90	527	1	1239580886
90	528	1	1239584409
8	529	1	1239859733
11	529	1	1239874400
144	529	1	1343588877
3	529	1	1442969614
3	529	1	1480011570
8	530	1	1239859987
3	530	1	1360999912
8	531	1	1239860097
3	531	1	1361089090
8	532	1	1239860148
3	532	1	1362743004
90	533	1	1240010091
90	534	1	1240017873
90	535	1	1240082681
90	536	1	1240090285
145	537	1	1242924092
145	537	1	1291197041
8	538	1	1243633917
3	538	1	1381943995
8	539	1	1243635574
145	539	1	1322427799
145	539	1	1322427817
3	539	1	1348659887
3	539	1	1359729382
4	539	1	1453031125
40	539	1	1480713233
3	539	1	1481232305
3	539	1	1496353837
8	540	1	1243635645
3	540	1	1362085594
8	541	1	1243635722
3	541	1	1363479467
8	542	1	1243635802
3	542	1	1358076523
8	543	1	1243635860
3	543	1	1374240476
8	544	1	1243635929
3	544	1	1357498367
8	545	1	1243636031
3	545	1	1360473738
8	546	1	1243636113
3	546	1	1361979333
8	547	1	1243636187
3	547	1	1358297325
8	548	1	1243636284
3	548	1	1367055736
8	549	1	1243636336
3	549	1	1364123902
8	550	1	1243636410
3	550	1	1360742992
8	551	1	1243636478
3	551	1	1367662915
8	552	1	1243636526
3	552	1	1369223262
106	553	1	1245675931
2	553	1	1246354249
71	553	1	1418820055
3	553	1	1454548690
146	553	1	1480525058
147	554	1	1246085101
2	554	1	1246353142
2	554	1	1246353916
79	554	1	1280993530
3	554	1	1350303244
3	554	1	1350304024
147	555	1	1246085109
147	556	1	1246085114
2	557	1	1246354185
2	557	1	1246550347
3	557	1	1380835740
56	557	1	1444976611
3	557	1	1454461572
3	557	1	1454548601
2	558	1	1246354343
148	559	1	1246745243
83	559	1	1429231408
47	560	1	1247649307
3	560	1	1354724272
47	561	1	1247649562
149	562	1	1248114955
3	562	1	1434406815
90	563	1	1251839954
90	564	1	1252737598
90	565	1	1252746301
90	566	1	1252817855
2	567	1	1252916495
2	568	1	1252916495
150	569	1	1260068896
90	570	1	1264238308
90	571	1	1264292855
90	572	1	1264390286
124	573	1	1264400920
90	574	1	1264468335
90	575	1	1264474133
90	576	1	1264552933
90	577	1	1264722166
90	578	1	1264733110
90	579	1	1264919877
90	580	1	1264922381
90	581	1	1264924023
90	582	1	1266707217
90	582	1	1379474203
90	583	1	1266718225
62	584	1	1437486699
3	584	1	1471959931
12	585	1	1268241729
151	586	1	1268601877
152	587	1	1269202830
3	587	1	1355273382
3	587	1	1423894596
153	588	1	1270163108
153	588	1	1379261819
154	589	1	1270419401
154	589	1	1270419425
11	589	1	1270579727
3	589	1	1461153416
153	590	1	1270472887
153	590	1	1379261821
153	591	1	1270663247
153	591	1	1379261831
79	592	1	1271081323
79	592	1	1316650985
79	593	1	1271081332
90	594	1	1271127649
155	595	1	1273595680
156	596	1	1274180433
157	597	1	1274869083
158	598	1	1276237788
90	599	1	1276993026
90	600	1	1277066853
90	601	1	1277159601
90	602	1	1277168590
90	603	1	1277179543
90	604	1	1277181003
90	605	1	1277247985
90	606	1	1277579608
90	606	1	1289088061
159	606	1	1308763084
159	606	1	1309107109
159	606	1	1322678090
159	606	1	1356645852
159	606	1	1356696714
160	607	1	1279021870
90	608	1	1280796439
90	609	1	1280800418
161	610	1	1280960631
161	610	1	1281006487
161	611	1	1281097570
90	612	1	1281149835
90	613	1	1281153923
90	614	1	1281155508
90	615	1	1281158902
161	616	1	1281183219
90	616	1	1289145947
159	616	1	1308800282
159	616	1	1309110869
159	616	1	1356645852
90	617	1	1281233288
90	618	1	1281235051
161	619	1	1281258874
153	620	1	1281407566
153	621	1	1281407572
162	622	1	1281812260
2	622	1	1283378795
122	623	1	1281992495
122	624	1	1281992506
163	625	1	1282092181
103	625	1	1422986834
163	626	1	1282092192
103	626	1	1422986835
164	627	1	1282496951
3	627	1	1350148934
90	628	1	1283021293
90	629	1	1283393875
165	630	1	1283394124
165	630	1	1284617011
121	630	1	1408317612
165	631	1	1283412763
166	632	1	1285021891
166	632	1	1355043745
166	632	1	1355127816
165	633	1	1285794733
1	634	1	1123872397
2	634	1	1132148500
79	634	1	1287325086
79	634	1	1287325210
18	634	1	1287397298
18	634	1	1287397317
167	634	1	1287421345
167	634	1	1287421404
3	634	1	1363717480
79	635	1	1287385665
3	635	1	1349976914
165	636	1	1287790606
165	637	1	1287863592
106	638	1	1288457403
106	638	1	1288457550
40	638	1	1416954326
71	638	1	1418627076
71	638	1	1418627109
71	638	1	1418667152
90	639	1	1289158895
90	640	1	1289173576
165	641	1	1289951068
165	641	1	1291479832
165	641	1	1295308679
134	641	1	1330197539
168	641	1	1337664964
168	641	1	1342549276
168	641	1	1349131876
168	641	1	1360201135
122	642	1	1293738234
169	643	1	1294091627
90	644	1	1296443175
90	644	1	1333238565
170	644	1	1390293560
90	645	1	1296784593
171	646	1	1297780173
172	647	1	1298413625
3	647	1	1355361726
90	648	1	1298436153
90	649	1	1301870406
165	650	1	1302757369
90	651	1	1302978599
122	651	1	1331479043
90	652	1	1302983032
90	653	1	1302994886
90	654	1	1303351601
90	655	1	1305157541
90	655	1	1333912399
165	656	1	1306449104
173	657	1	1306477802
173	657	1	1314546575
174	658	1	1307361851
174	658	1	1328928843
174	658	1	1400723486
174	658	1	1423198773
175	659	1	1307397828
176	659	1	1332357731
159	660	1	1308810173
159	660	1	1308814385
159	661	1	1308814340
177	662	1	1309521559
177	663	1	1309530000
159	664	1	1309540373
159	665	1	1309542478
90	666	1	1309570946
90	667	1	1309579575
90	668	1	1309583596
90	669	1	1309623607
90	670	1	1309632547
61	671	1	1310482518
61	671	1	1310482611
61	671	1	1310736813
61	671	1	1310737304
61	671	1	1310737356
178	671	1	1310842649
178	671	1	1310844430
178	671	1	1310845886
178	671	1	1310845946
2	671	1	1312897533
61	671	1	1315214919
61	671	1	1318557254
61	671	1	1320570241
61	671	1	1323593883
179	672	1	1311112151
60	673	1	1312187631
60	673	1	1312188045
2	673	1	1312897807
60	673	1	1313501395
60	673	1	1313503382
3	673	1	1348051641
2	674	1	1312897982
2	674	1	1312898020
3	674	1	1382119761
2	675	1	1312898033
180	676	1	1313254780
181	677	1	1313322545
181	677	1	1316078447
181	678	1	1313322566
181	678	1	1316078426
60	679	1	1313501261
3	679	1	1456405033
182	680	1	1313793934
54	681	1	1313856690
90	682	1	1314242504
90	682	1	1422212878
183	683	1	1314250249
183	683	1	1388777409
90	684	1	1315763922
90	685	1	1315768391
90	686	1	1315772882
90	687	1	1318378950
176	688	1	1318458318
90	689	1	1318982885
165	690	1	1319842124
165	690	1	1429211996
184	691	1	1319996617
185	691	1	1497570112
46	692	1	1320523071
46	693	1	1320527843
15	693	1	1320528431
3	693	1	1424577844
122	694	1	1320605174
122	695	1	1320605174
186	696	1	1320781200
186	697	1	1320781274
187	698	1	1321042228
187	699	1	1321205503
187	699	1	1321205519
3	699	1	1352490254
187	700	1	1321205518
188	701	1	1321616550
188	701	1	1349212359
188	701	1	1355902801
90	702	1	1321763548
90	703	1	1321848894
90	704	1	1321919917
90	705	1	1321923566
90	705	1	1322093551
90	706	1	1321927759
90	706	1	1322095224
159	707	1	1322000478
3	707	1	1349905763
3	707	1	1354040532
3	707	1	1425211195
3	707	1	1473814922
90	708	1	1322097268
90	709	1	1322098481
90	710	1	1322099736
189	711	1	1322658347
90	711	1	1346639883
90	712	1	1323016478
90	713	1	1323046909
90	714	1	1323050558
176	715	1	1325968358
3	715	1	1352490328
90	716	1	1326049770
165	717	1	1326329376
176	718	1	1328131528
90	719	1	1329081215
90	720	1	1329096292
176	721	1	1329746792
176	722	1	1329760776
9	723	1	1329776536
190	723	1	1473313123
159	724	1	1329833649
122	725	1	1330637188
122	726	1	1330705105
90	727	1	1332040472
90	728	1	1333244561
90	729	1	1333419927
90	730	1	1333500770
90	730	1	1333582905
90	731	1	1333587853
90	732	1	1333905736
90	733	1	1333907793
176	734	1	1334114319
90	735	1	1334510429
151	736	1	1335651865
90	737	1	1336324018
7	738	1	1338057260
3	738	1	1390674892
7	739	1	1338057555
7	740	1	1338058037
176	741	1	1338322169
191	742	1	1338444604
191	742	1	1342495050
90	743	1	1338650265
90	744	1	1338656450
90	745	1	1338661047
90	746	1	1339380081
90	747	1	1339993606
176	748	1	1340668148
3	749	1	1341179034
90	750	1	1341259909
90	750	1	1344110847
90	751	1	1344112347
90	752	1	1344219886
192	753	1	1344338295
3	753	1	1355534907
90	754	1	1344380583
53	755	1	1344608192
21	756	1	1346361671
21	757	1	1346433087
81	757	1	1347170743
3	757	1	1350148883
3	757	1	1492175962
81	758	1	1346447297
90	759	1	1346628408
90	760	1	1346633673
90	761	1	1346637888
193	762	1	1348943941
3	762	1	1352490376
3	763	1	1349430484
3	764	1	1349430560
3	764	1	1477054079
3	765	1	1349478289
3	766	1	1349781880
3	767	1	1349897751
3	767	1	1349905725
56	767	1	1444976214
3	767	1	1445202830
3	768	1	1349905619
3	768	1	1349905640
3	769	1	1349976782
3	769	1	1455696512
3	770	1	1349976863
3	771	1	1350303244
122	772	1	1351192801
122	773	1	1351241101
122	774	1	1351249869
122	775	1	1351249879
3	775	1	1352490414
194	776	1	1352229563
39	776	1	1365372176
195	777	1	1253698076
195	777	1	1253698622
195	777	1	1254307256
196	777	1	1266661518
195	777	1	1269429261
113	777	1	1332362095
98	777	1	1348342637
197	777	1	1350244264
3	777	1	1353514810
3	777	1	1353514906
3	777	1	1385854789
3	777	1	1435274043
3	777	1	1439943614
23	778	1	1354032237
23	779	1	1354032337
23	780	1	1354032338
123	780	1	1490083971
20	781	1	1354613782
20	782	1	1354743882
90	783	1	1355092428
90	784	1	1355113502
198	785	1	1355256488
199	786	1	1355727465
34	786	1	1491293458
188	787	1	1355902878
3	788	1	1356461034
3	789	1	1357398571
176	790	1	1359582977
176	791	1	1359583064
200	792	1	1359668157
200	793	1	1359668284
198	794	1	1359912138
90	795	1	1360031602
201	795	1	1417131911
201	795	1	1487252565
90	796	1	1360035887
90	797	1	1361150560
90	798	1	1361156182
176	799	1	1361235539
3	799	1	1468597487
3	800	1	1362153388
3	800	1	1461962535
202	801	1	1362239253
202	802	1	1362239273
176	803	1	1364094623
90	804	1	1364143340
90	805	1	1364147300
90	806	1	1364173796
90	807	1	1364175587
203	807	1	1451502361
204	808	1	1366089864
176	809	1	1367176483
205	810	1	1367356869
203	810	1	1451502330
206	811	1	1369583198
206	811	1	1380429427
90	811	1	1381707363
206	811	1	1384699114
206	811	1	1408421074
90	812	1	1370218471
90	813	1	1372734551
90	814	1	1372821607
207	815	1	1375727183
3	816	1	1376422450
3	816	1	1376422524
208	817	1	1376684627
208	818	1	1377992159
3	819	1	1489413252
90	820	1	1379283025
90	821	1	1379303258
203	821	1	1451502361
90	822	1	1379464708
90	823	1	1379561549
90	824	1	1379563101
90	825	1	1379564424
90	826	1	1379898088
90	827	1	1379899671
90	828	1	1380160377
90	829	1	1380164575
90	830	1	1380396667
90	831	1	1380398033
90	832	1	1380401618
209	832	1	1385796484
209	832	1	1388052583
209	832	1	1391248495
90	832	1	1408628079
210	832	1	1411917898
211	832	1	1411919482
90	832	1	1413774220
90	832	1	1438466359
90	833	1	1380408159
209	833	1	1385474496
209	833	1	1386743121
209	833	1	1391655814
209	833	1	1393935566
210	833	1	1411917899
211	833	1	1411919482
90	833	1	1414902108
90	834	1	1381684637
90	835	1	1381702187
206	835	1	1382878978
206	835	1	1382932749
212	836	1	1382365147
212	837	1	1382365614
212	838	1	1382365707
212	839	1	1382365750
212	839	1	1382365855
212	839	1	1382367076
171	839	1	1439567312
212	840	1	1382366925
3	840	1	1433673432
212	841	1	1382367007
3	841	1	1435362367
212	842	1	1382367111
212	842	1	1382367259
212	842	1	1382367416
171	842	1	1439567322
212	843	1	1382367472
212	843	1	1382367799
171	843	1	1439567332
80	843	1	1454360479
212	844	1	1382367756
212	844	1	1382367935
212	844	1	1382367971
171	844	1	1439567342
212	845	1	1382374065
212	845	1	1382374706
212	845	1	1382374921
3	845	1	1435537187
212	846	1	1382375111
212	846	1	1382376081
171	846	1	1439567363
212	847	1	1382376144
212	847	1	1382377010
212	847	1	1382377320
212	848	1	1382376960
212	848	1	1382377303
212	848	1	1382377491
171	848	1	1439567382
212	849	1	1382378204
212	849	1	1382379442
212	849	1	1382379526
212	849	1	1382379576
212	850	1	1382380153
212	850	1	1382380182
212	850	1	1382380413
212	850	1	1382381507
171	850	1	1439567403
212	851	1	1382380644
212	851	1	1382382858
212	851	1	1382383342
212	851	1	1382383953
212	851	1	1382386454
171	851	1	1439567413
212	852	1	1382782739
212	852	1	1382782956
171	852	1	1439567423
206	853	1	1382861812
213	854	1	1382905702
214	855	1	1383039060
215	856	1	1384687259
215	856	1	1384800491
216	857	1	1384699091
217	858	1	1384786452
218	859	1	1385383977
20	860	1	1386838973
98	860	1	1472057963
219	861	1	1387293562
109	862	1	1388590189
109	862	1	1388590372
71	862	1	1432226142
71	862	1	1432758573
3	862	1	1457915998
109	863	1	1388590305
220	864	1	1388838777
220	864	1	1424689529
8	865	1	1241344092
3	865	1	1444782835
3	866	1	1390048370
3	866	1	1459169158
172	867	1	1390066006
90	868	1	1390175840
221	868	1	1487203027
90	869	1	1390254849
90	870	1	1390265999
222	871	1	1390300220
223	872	1	1392392488
2	873	1	1392677398
3	873	1	1440893855
34	873	1	1486920225
224	874	1	1392677807
3	874	1	1472636837
90	875	1	1393564402
90	876	1	1393571649
225	877	1	1393651847
55	878	1	1393829291
55	879	1	1393829307
55	880	1	1393830057
55	881	1	1393830193
55	882	1	1393830383
56	882	1	1444977420
3	882	1	1445203203
55	883	1	1393830572
98	883	1	1393830943
71	883	1	1418649515
71	883	1	1418649557
3	883	1	1489235256
55	884	1	1393830578
98	884	1	1393830941
3	884	1	1457754737
55	885	1	1393830583
98	885	1	1393830939
55	886	1	1393830586
98	886	1	1393830937
3	886	1	1458032450
55	887	1	1393830591
98	887	1	1393830935
55	888	1	1393830597
98	888	1	1393830933
55	889	1	1393830602
98	889	1	1393830903
3	889	1	1458129948
55	890	1	1393830608
98	890	1	1393830901
3	890	1	1458211200
55	891	1	1393830685
55	892	1	1393830698
55	893	1	1393831107
55	894	1	1393831154
55	895	1	1393831163
55	896	1	1393831182
55	897	1	1393831233
55	898	1	1393831239
55	899	1	1393831291
56	899	1	1444977219
3	899	1	1445203101
55	900	1	1393831295
56	900	1	1444977234
3	900	1	1445203127
55	901	1	1393831299
56	901	1	1444977343
3	901	1	1445203166
55	902	1	1393831303
56	902	1	1444977296
3	902	1	1445203148
55	903	1	1393831307
56	903	1	1444976402
56	903	1	1444977037
3	903	1	1445202893
217	904	1	1394757206
226	905	1	1395185518
226	905	1	1395427714
226	905	1	1396578811
227	906	1	1396563052
228	907	1	1396597133
28	908	1	1397123142
28	909	1	1397123142
106	910	1	1397917505
106	910	1	1397917812
162	911	1	1398086665
229	912	1	1402922718
71	912	1	1418818802
229	913	1	1402922920
3	913	1	1486929707
230	914	1	1406812695
121	915	1	1408317613
90	916	1	1408642020
231	916	1	1461691418
90	917	1	1409110330
90	918	1	1410625423
232	918	1	1447384170
90	919	1	1410711410
90	920	1	1411005859
232	920	1	1447384171
210	921	1	1411917899
123	921	1	1415704670
90	921	1	1420954938
210	922	1	1411917899
123	922	1	1415704685
90	922	1	1420961589
211	923	1	1411919482
211	924	1	1411919483
233	925	1	1413448438
233	925	1	1447362077
233	925	1	1447795855
234	926	1	1415149176
90	930	1	1416717137
103	930	1	1472040046
103	930	1	1472136424
90	931	1	1416723238
103	931	1	1472040047
103	931	1	1472136425
40	932	1	1416954326
123	932	1	1420291348
201	933	1	1417131910
201	934	1	1417131911
90	935	1	1417324588
235	936	1	1418029344
71	937	1	1418642178
71	937	1	1418662629
71	937	1	1418818592
71	937	1	1421715606
71	937	1	1422798354
3	937	1	1453087163
71	938	1	1418642280
71	938	1	1418649583
3	938	1	1482198435
71	939	1	1418643443
71	939	1	1418655204
71	939	1	1418656053
71	939	1	1418656292
71	939	1	1418658579
71	939	1	1418667191
71	939	1	1418819440
71	940	1	1418643497
3	940	1	1483072830
71	941	1	1418647387
71	941	1	1418655045
71	941	1	1418819406
3	941	1	1453035574
236	942	1	1418647402
71	943	1	1418649209
71	944	1	1418649268
71	945	1	1418649295
71	946	1	1418649328
71	947	1	1418649382
71	948	1	1418656032
71	948	1	1418656281
71	948	1	1418667164
71	948	1	1418820346
71	949	1	1418657422
71	950	1	1418660209
71	950	1	1418820231
3	950	1	1479567582
71	951	1	1418660291
3	951	1	1482704089
71	952	1	1418662915
71	953	1	1418662916
71	954	1	1418667042
71	954	1	1418820214
71	955	1	1418667102
3	955	1	1481988847
71	956	1	1418818666
71	956	1	1418819885
71	957	1	1418818680
71	958	1	1418818817
71	959	1	1418818860
56	959	1	1444976453
3	959	1	1445202944
3	959	1	1454800587
71	960	1	1418819132
71	960	1	1418819909
71	961	1	1418819339
71	961	1	1418819944
71	962	1	1418819354
71	963	1	1418819454
71	963	1	1418819757
71	964	1	1418819682
71	965	1	1418819701
71	966	1	1418819804
71	967	1	1418819817
71	968	1	1418820158
3	968	1	1459936499
71	969	1	1418820253
71	970	1	1418820265
71	971	1	1418820716
71	972	1	1418820730
71	973	1	1418820747
71	974	1	1418820759
40	975	1	1418844006
40	975	1	1418844052
71	976	1	1420127687
90	977	1	1421019631
90	978	1	1421113088
90	979	1	1421117072
90	980	1	1421121048
90	980	1	1423375835
171	980	1	1424432058
71	981	1	1421714064
3	981	1	1456011649
71	982	1	1421714112
3	982	1	1456590768
71	983	1	1421714168
71	984	1	1421714235
3	984	1	1481826133
71	985	1	1421714312
3	985	1	1481889297
71	986	1	1421714409
3	986	1	1480316958
71	987	1	1421714455
71	988	1	1421715526
71	988	1	1482276472
71	988	1	1484844715
71	989	1	1421743385
71	990	1	1421780100
56	990	1	1444976474
3	990	1	1445202971
3	990	1	1454890378
71	991	1	1421852595
3	991	1	1444958399
3	991	1	1446292443
71	992	1	1421854619
3	992	1	1445654161
3	992	1	1446030174
11	993	1	1422757306
71	993	1	1422798293
103	994	1	1422986835
103	995	1	1422986835
90	996	1	1423371382
90	997	1	1423378071
171	997	1	1424432058
90	998	1	1423709153
90	999	1	1423941863
90	1000	1	1424394099
103	1000	1	1438202324
171	1001	1	1424432058
171	1002	1	1424432058
90	1003	1	1424583842
103	1003	1	1438202210
90	1004	1	1424585928
123	1004	1	1438214046
3	1005	1	1424672013
3	1006	1	1424747948
3	1007	1	1424826854
3	1008	1	1424939050
3	1009	1	1425030596
3	1010	1	1425114573
237	1011	1	1425800861
3	1012	1	1425853748
90	1013	1	1426643232
28	1014	1	1426839192
83	1014	1	1429231402
28	1014	1	1429245717
28	1015	1	1426839201
83	1015	1	1429231402
28	1015	1	1429245717
28	1016	1	1426839201
83	1016	1	1429231402
28	1016	1	1429245717
28	1017	1	1426839212
83	1017	1	1429231402
28	1017	1	1429245723
28	1018	1	1426839212
83	1018	1	1429231404
28	1018	1	1429245723
28	1019	1	1426839212
83	1019	1	1429231402
28	1019	1	1429245722
28	1020	1	1426839215
83	1020	1	1429231405
28	1020	1	1429245726
28	1021	1	1426839215
83	1021	1	1429231405
28	1021	1	1429245727
28	1022	1	1426839215
83	1022	1	1429231405
28	1022	1	1429245727
28	1023	1	1426839215
83	1023	1	1429231404
28	1023	1	1429245728
28	1024	1	1426839222
83	1024	1	1429231404
28	1024	1	1429245729
28	1025	1	1426839223
83	1025	1	1429231405
28	1025	1	1429245730
28	1026	1	1426839223
28	1027	1	1426839231
83	1027	1	1429231409
28	1027	1	1429245735
28	1028	1	1426839235
83	1028	1	1429231408
28	1028	1	1429245735
28	1029	1	1426839236
83	1029	1	1429231413
28	1029	1	1429245736
28	1030	1	1426839236
83	1030	1	1429231413
28	1030	1	1429245736
28	1031	1	1426839236
83	1031	1	1429231413
28	1031	1	1429245737
28	1032	1	1426839243
83	1032	1	1429231413
28	1032	1	1429245739
28	1033	1	1426839243
83	1033	1	1429231413
28	1033	1	1429245740
28	1034	1	1426839257
83	1034	1	1429231417
28	1034	1	1429245740
28	1035	1	1427211824
238	1036	1	1428698668
165	1037	1	1429211997
28	1038	1	1430057169
3	1038	1	1432828217
71	1038	1	1432829077
3	1038	1	1432832260
71	1038	1	1432835970
3	1038	1	1432837062
71	1039	1	1430365383
71	1039	1	1430365625
71	1039	1	1430366796
71	1039	1	1482749629
3	1039	1	1492960726
71	1040	1	1430365423
3	1040	1	1431042774
71	1041	1	1430366796
3	1041	1	1431042813
71	1042	1	1430366835
3	1042	1	1444698265
71	1042	1	1482750268
239	1043	1	1432411898
239	1044	1	1432412009
3	1045	1	1434062851
3	1046	1	1434062873
62	1047	1	1437469364
62	1047	1	1437477230
62	1048	1	1437477070
3	1048	1	1455823073
62	1049	1	1437485106
62	1050	1	1437486908
62	1051	1	1437487797
62	1051	1	1437489159
62	1052	1	1437491643
3	1052	1	1455874274
62	1053	1	1437492036
3	1053	1	1461415580
62	1054	1	1437492527
62	1055	1	1437492554
62	1056	1	1437492992
62	1057	1	1437493711
62	1058	1	1437494171
3	1058	1	1444261696
62	1059	1	1437495592
62	1060	1	1437497059
3	1060	1	1474594405
62	1061	1	1437497303
62	1061	1	1437497985
3	1061	1	1456620607
3	1061	1	1457507197
62	1062	1	1437497896
3	1062	1	1471736996
62	1063	1	1437647241
3	1063	1	1454633318
62	1064	1	1438010080
62	1064	1	1438010113
30	1064	1	1447787676
3	1065	1	1438043576
3	1066	1	1438136418
103	1067	1	1438202210
103	1068	1	1438202324
240	1069	1	1438645079
241	1070	1	1442377223
242	1071	1	1442378936
242	1071	1	1442804668
243	1072	1	1442379118
243	1072	1	1442413145
243	1072	1	1442413822
3	1072	1	1453549056
3	1072	1	1459039658
240	1073	1	1443816681
240	1074	1	1443816681
30	1075	1	1449094067
30	1076	1	1449096200
30	1076	1	1449096211
30	1077	1	1449096464
30	1078	1	1449096538
30	1078	1	1449096556
203	1079	1	1451502330
203	1080	1	1451502361
203	1081	1	1451502361
244	1082	1	1180467804
2	1082	1	1181284799
45	1082	1	1369142882
3	1082	1	1452652292
3	1082	1	1454295274
4	1083	1	1453030551
4	1084	1	1453034305
3	1085	1	1454716838
3	1086	1	1455964783
3	1087	1	1457421210
10	1088	1	1457806150
3	1088	1	1457853406
3	1089	1	1458302892
3	1090	1	1458448206
10	1091	1	1458489628
10	1092	1	1458501578
3	1093	1	1458520063
10	1094	1	1458573983
10	1095	1	1458574223
3	1095	1	1462104476
10	1096	1	1458574762
10	1097	1	1458574795
3	1098	1	1458638369
3	1099	1	1458730950
3	1100	1	1458777651
10	1101	1	1458993332
10	1102	1	1458998233
10	1102	1	1459008102
10	1102	1	1459008177
3	1103	1	1460099304
3	1104	1	1460266553
3	1105	1	1460335544
3	1106	1	1460462689
3	1107	1	1460549707
3	1108	1	1460667985
3	1109	1	1460718933
3	1110	1	1460925765
3	1111	1	1460972328
231	1112	1	1461695526
3	1113	1	1461870238
203	1114	1	1462383668
245	1115	1	1463823483
10	1116	1	1466525188
3	1116	1	1467664428
10	1117	1	1467036556
10	1117	1	1467036692
3	1118	1	1470010346
103	1119	1	1472136424
103	1120	1	1472136425
3	1121	1	1473013261
190	1122	1	1473313123
10	1123	1	1474981782
3	1123	1	1475063086
10	1124	1	1475417521
10	1124	1	1475417638
10	1125	1	1475417707
246	1126	1	1476744444
246	1126	1	1476868926
3	1126	1	1476974497
3	1126	1	1498133889
3	1127	1	1476868626
246	1127	1	1476868945
247	1128	1	1161872159
45	1128	1	1161872320
248	1128	1	1176261031
248	1128	1	1177304703
248	1128	1	1178316119
115	1128	1	1195209345
11	1128	1	1202946113
249	1128	1	1212818649
250	1128	1	1214574360
11	1128	1	1214574488
115	1128	1	1214575665
98	1128	1	1260874255
251	1128	1	1266431132
252	1128	1	1283891108
253	1128	1	1286187012
254	1128	1	1289058189
253	1128	1	1289213151
255	1128	1	1290552942
253	1128	1	1293621317
253	1128	1	1303640276
256	1128	1	1314351149
58	1128	1	1314966562
257	1128	1	1346081056
258	1128	1	1358170758
98	1128	1	1362039007
259	1128	1	1365980605
259	1128	1	1368734390
55	1128	1	1373057856
55	1128	1	1373057961
258	1128	1	1373104378
260	1128	1	1374259616
98	1128	1	1376848746
258	1128	1	1381855631
258	1128	1	1381856687
55	1128	1	1400828603
258	1128	1	1400856405
56	1128	1	1465546447
56	1128	1	1465547065
3	1128	1	1478829339
3	1128	1	1478829408
3	1128	1	1491479809
39	1129	1	1479499619
39	1129	1	1485204935
3	1130	1	1479735840
40	1131	1	1480605061
40	1131	1	1480605113
40	1131	1	1480605583
3	1131	1	1491398462
40	1132	1	1480605131
71	1133	1	1482749648
71	1133	1	1482750588
71	1134	1	1482750315
71	1135	1	1482750427
71	1136	1	1482750614
71	1137	1	1482753442
221	1138	1	1487203027
201	1139	1	1487252565
103	1140	1	1489669136
3	1141	1	1491659558
3	1142	1	1497267469
185	1143	1	1497570112
